5208.093302
5206.653917
5206.722871
5203.704842
5207.863068
5205.338788
5208.789736
5209.744664
5208.232846
5210.449142
5210.527162
5212.137967
5207.030308
5205.796563
5209.365385
5205.898899
5210.934172
5207.378517
5207.810758
5208.009977
5205.574424
5207.631499
5208.586351
5209.250380
5209.115933
5207.226187
5206.663445
5208.389396
5208.068748
5207.217799
5206.168230
5206.391717
5207.450525
5210.030153
5208.920426
5205.200072
5206.160060
5206.767380
5207.821578
5286.572694
5222.216485
5222.756918
5239.558962
5222.968872
5214.105366
5216.963221
5225.667936
5223.211322
5230.416396
5221.460675
5225.033117
5221.692393
5219.254110
5218.269709
5213.831858
5224.808138
5210.298404
5224.165321
5224.606620
5230.737056
5213.482367
5221.161087
5221.970551
5224.527135
5229.940156
5221.730541
5211.963586
5255.469694
5235.969203
5217.405898
5222.346561
5223.772151
5228.486629
5221.325618
5219.983141
5223.119558
5218.789035
5203.276671
5225.723916
5218.600070
5214.389537
5227.233581
5220.048890
5220.419871
5225.735767
5227.724786
5452.411044
5387.958698
5249.045788
5214.419194
5220.300902
5234.805650
5221.303772
5216.624852
5228.264801
5215.867712
5219.393832
5218.666449
5222.942378
5216.160668
5221.800482
5216.468650
5220.665353
5226.772388
5220.321021
5222.133375
5220.498790
5223.814202
5220.233981
5215.253715
5224.846329
5218.046004
5201.390648
5205.002450
5220.288138
5231.343353
5220.347931
5214.188707
5202.062302
5211.653879
5237.061692
5220.362515
5227.252782
5222.983516
5205.220216
5228.527732
5226.900178
5223.218108
5223.168961
5213.277711
5221.208780
5229.919775
5223.987678
5224.709610
5225.014042
5224.176346
5231.775770
5217.174860
5229.343241
5234.791930
5222.083490
5224.772688
5219.932043
5229.944225
5219.885880
5222.852531
5238.569764
5217.648875
5220.757335
5217.350398
5231.074735
5223.534604
5223.483388
5204.569073
5219.376714
5234.730210
5220.204048
5223.809599
5223.672243
5220.385808
5224.579763
5230.276946
5220.047256
5235.670803
5220.641602
5224.091342
5229.898720
5228.663912
5225.449165
5220.366723
5222.023802
5219.097557
5234.168644
5224.153051
5220.314786
5227.671373
5228.190408
5226.027081
5221.836963
5202.629415
5227.666076
5225.850656
5229.188203
5223.691704
5212.607917
5215.261474
5216.710330
5228.003667
5219.251799
5229.729032
5220.919461
5219.298490
5225.513331
5224.266367
5225.293463
5207.239629
5219.484160
5220.383604
5230.734922
5231.359718
