1465.308961
198.792353
192.417418
192.939050
192.332039
194.825499
192.242424
192.555649
192.106373
200.455006
199.852066
195.101554
193.675547
191.625672
189.921029
191.784514
192.021106
191.473205
200.531101
192.033129
191.311188
191.207757
192.386514
191.693309
194.539846
193.313887
204.101784
192.518538
193.794636
191.386495
193.073428
192.687647
192.036859
191.321272
196.753250
193.824400
193.173703
192.504985
192.415284
192.742569
192.253596
193.251423
195.713129
192.788626
192.528846
192.081016
191.884934
192.948109
192.786904
193.526927
192.170445
192.686060
193.130815
192.747077
193.289456
192.847821
193.960563
195.973287
193.551460
192.873458
192.142743
193.457867
191.429215
191.341119
192.881187
192.591689
191.688204
192.933812
192.723416
195.573940
199.588078
196.256407
194.989235
193.210356
208.187591
194.079862
191.832967
189.835417
192.700801
192.008800
190.794561
191.398777
192.070100
197.062430
195.807830
192.265964
192.278011
194.822893
192.178940
193.076458
196.626918
193.163151
193.299952
194.096244
196.953186
196.542869
216.363074
196.115803
192.067136
192.294087
191.994538
193.328023
195.126578
194.418755
194.497833
195.042920
194.582965
194.653688
192.315909
192.301233
193.874838
196.045303
191.688419
192.379437
192.921398
192.596389
214.468251
194.160837
194.855158
194.994995
194.272012
192.955288
193.931531
194.886406
192.625261
195.997580
194.993489
195.344364
196.758305
208.649506
195.785763
192.933474
192.062497
193.037226
194.580448
198.985727
193.158514
200.891471
197.369111
195.694788
191.564462
195.480712
191.635909
192.723323
192.800567
193.588606
192.354538
194.925931
195.806518
196.500110
221.046933
196.357512
195.756809
200.726525
192.148635
226.975680
194.137066
193.725293
192.158606
204.174035
198.083173
194.796296
191.086918
200.158257
191.597314
234.692375
198.219690
197.176767
191.440625
191.759569
191.590593
191.494455
190.447907
195.317505
196.553345
197.960121
223.456829
217.905070
191.138748
192.481811
191.269581
201.835130
195.204618
192.845251
198.624026
191.620482
192.882148
218.881203
191.499277
194.702974
191.003569
218.159504
194.255014
193.326920
193.188051
191.695178
194.280870
191.695784
192.890511
192.616577
