196606.789800
195142.274236
195996.317188
195441.993108
195251.908536
194997.468257
195262.435585
195057.151383
195232.126388
195111.653536
195287.339002
195195.919542
195282.740866
196481.520312
195229.240964
196144.105212
195252.473471
195474.715596
195170.629394
196217.638035
195525.282301
196311.774016
196493.207632
195292.318288
195291.496677
195187.281300
195356.068861
195028.899375
195370.147917
195067.347157
195376.293072
195182.749884
195986.863340
195595.837857
195269.288503
195187.551385
195519.752766
195060.582858
196749.062136
196281.932336
195529.232492
195040.545556
195346.380240
195058.835567
195476.400866
195061.090038
195313.152816
195058.300503
195220.091367
195102.856350
195281.430138
195137.526525
195947.129150
196159.337580
195462.613577
195116.920689
195386.707176
195109.762527
195299.759982
195229.050604
195718.991317
195645.554826
195758.657672
195765.036748
196700.883778
196324.418481
195690.637359
196294.023533
195560.308276
195405.508546
195349.745243
196434.826103
195462.372384
195255.172645
196252.169027
195186.339460
196425.525243
195209.175404
195529.069803
196046.356067
196399.731049
196245.027484
195502.811841
196311.801674
196555.645185
196731.274721
195649.403550
196243.404843
195576.352734
196320.855501
196470.867575
195209.878889
196669.223034
195245.727960
195552.105798
195201.670556
195544.714193
195181.464439
195570.546689
195255.338397
195403.047475
195212.581128
195559.698090
195282.528504
195740.061368
195554.247763
195769.203649
195889.082903
195895.476972
195274.280797
196634.088112
195281.411060
195890.388161
195273.629324
195413.790350
195198.996322
195439.694108
195321.003271
196355.983412
195401.370539
196257.688512
195286.431749
196468.248310
196226.904606
195632.845728
196112.257685
196456.905583
195306.013007
196673.518525
195431.624480
196921.729917
195390.623185
195465.352932
196164.855715
195465.346782
195978.608118
195368.608596
195269.940566
195366.709083
195320.859320
195451.872142
195188.534594
195458.045043
195195.873491
196714.849193
195272.018464
195812.488286
195286.087527
195499.144137
195275.702322
195597.609127
195213.532252
195847.444697
195533.421546
195385.003316
196637.764334
195425.747950
196770.734937
195451.648924
195273.892098
195531.808567
195255.133706
195393.880859
195376.085868
195452.443070
196470.177164
195489.959803
196516.462804
195402.270528
196077.665338
195514.437386
195448.826224
195382.777476
195500.902109
195501.554378
195675.804524
195599.968102
195455.091758
196888.379747
195631.034877
195950.768136
195945.640962
196135.816836
195468.197739
196020.799923
195347.732652
196713.254232
195407.300436
196545.653272
195305.037283
196643.766633
195325.798709
196881.909351
195324.006264
196088.696907
195351.202887
197192.019982
195373.136151
196402.485208
195298.259284
