173616.632283
173337.324922
173471.768230
174517.772253
173570.323664
174845.760424
173647.504040
173516.336202
173486.840388
173366.466059
173531.355657
174493.798401
173602.036879
174584.064387
173445.996795
173400.611517
173458.129693
174325.341078
173605.062226
173555.095739
173626.183544
174125.667007
173473.625061
174030.521077
173822.593617
173543.149188
173613.569616
173829.550212
173679.930971
173522.440029
173782.920047
173416.269907
173628.805297
173370.756661
173722.516816
173358.629156
173554.770464
173449.090891
173643.951722
173359.750452
173792.286575
173605.378875
173637.317073
174358.148747
173859.459891
173359.496942
173619.120808
173477.158955
173663.381865
173439.116714
173542.510066
173764.823367
173565.597083
173604.160546
173588.579492
173582.459188
174021.036014
173354.198086
173462.676568
173430.853707
173429.515094
173322.187398
173730.570935
174293.225450
173636.148417
173754.555628
173580.559642
173546.410057
173599.941289
174556.166211
173613.388504
173417.463081
173535.438986
173568.280626
173472.819988
173632.739745
173509.178338
173486.263250
173430.627355
173844.666983
173559.062624
173836.369056
173516.954286
174198.280094
173710.018528
174404.415360
174356.705237
174401.700509
173896.287195
173483.452951
173522.720459
173366.012824
173460.089786
173402.289164
173475.846458
173331.136159
173527.740469
173453.406650
174495.519416
173363.668796
173853.772587
173387.352521
173534.108637
173438.344317
173508.243920
174525.073453
173541.317208
173472.889322
173598.678935
174474.196499
173541.756213
173903.804574
173726.155388
173638.484811
173573.450922
173433.447437
173661.609049
174124.178850
173492.300511
173480.743278
173540.178266
173378.784121
173561.093205
173426.882812
173485.571112
173447.688555
173612.850792
173389.830827
173531.945835
173396.116581
173570.983299
173379.067077
173589.388709
173396.934006
174368.742261
173449.304723
173511.956321
173391.840997
174445.655539
173387.986702
174481.245889
173466.443588
173624.895043
173515.584077
173509.873094
173414.906123
173805.138174
173390.625002
173627.984416
173523.301252
173596.917345
173477.995091
173647.184445
173566.598632
173561.527522
173888.043233
173643.706690
174263.444924
173654.723299
174726.084259
173667.393295
173616.780387
173628.266130
173773.123277
173592.729261
173885.820172
173635.445139
174289.046088
173652.197084
175003.029003
173708.695097
173524.580798
173704.981104
173661.561310
173550.800443
174352.714042
173592.579822
174529.313597
173566.321328
173669.811481
173552.066274
173530.299206
173584.078142
173522.098334
173589.904834
173890.285453
173627.852074
173464.516334
173611.902040
173482.219200
173599.201669
173435.982553
173603.407845
173386.007016
173609.306683
173447.963088
173627.277898
173453.499082
173636.352533
173626.813540
