15770.562446
14427.257411
14434.355708
14438.079560
14430.076025
14440.964923
14430.738888
14450.060446
14429.016651
14431.027871
14429.656711
14458.787454
14431.281532
14426.321698
14436.970590
14438.794263
14431.788627
14433.122404
14428.738982
14442.781331
14434.387312
14520.080072
14432.214492
14460.136467
14432.530172
14437.019231
14432.507896
14449.240046
14431.926396
14423.522478
14428.454636
14416.546514
14431.377719
14436.939594
14428.385917
14482.028585
14434.677869
14449.681192
14432.453952
14439.350090
14436.196435
14450.055028
14434.755914
14449.320471
14434.817739
14458.451060
14429.038277
14494.400034
14430.270099
14451.826392
14434.394815
14449.134075
14430.833710
14438.044116
14432.520077
14450.710610
14426.126701
14441.927732
14427.954279
14450.475079
14433.010172
14443.836854
14431.729165
14433.340166
14430.673291
14443.227871
14433.524559
14446.643134
14425.727627
14447.178990
14429.879950
14445.404193
14436.063418
14443.624931
14435.489746
14439.979766
14440.759497
14483.996264
14426.470364
14440.825913
14425.075010
14428.820250
14434.780787
14445.299227
14436.674800
14441.417682
14430.067429
14448.234189
14425.203106
14436.406551
14432.252993
14466.707235
14429.919991
14449.867514
14436.429309
14414.177622
14430.507563
14439.263654
14430.759968
14442.012844
14425.857303
14512.899347
14428.336487
14447.964365
14426.644154
14449.187276
14430.142340
14414.534230
14429.192336
14445.644096
14433.899589
14447.827506
14424.458431
14445.541690
14429.172044
14471.012667
14432.905087
14535.376514
14428.915192
14425.410958
14433.944031
14448.980752
14427.589342
14428.540351
14429.826287
14442.053488
14428.687677
14437.936769
14429.286660
14439.993554
14429.354282
14438.327072
14425.091652
14439.246545
14426.139896
14445.254627
14432.337451
14448.875085
14429.382536
14451.850799
14424.107993
14441.333946
14427.491101
14416.342319
14429.335268
14440.614160
14434.353363
14445.259811
14427.382043
14488.262958
14429.552342
14478.209881
14438.956217
14555.721409
14427.024518
14772.125770
14429.699995
14418.935975
14428.520059
14419.437754
14435.642982
14417.583928
14430.082996
14411.143334
14426.964248
14411.595655
14431.583124
14416.088627
14425.731355
14424.514988
14422.021903
14416.660803
14425.641104
14410.779943
14429.697816
14420.343545
14428.001774
14418.596401
14423.649978
14417.476642
14428.512841
14413.490889
14432.819725
14407.331525
14421.176724
14418.287531
14437.364173
14416.497327
14431.085941
14414.427208
14421.283911
14415.737314
14435.317414
14419.666077
14424.333865
14416.375923
14426.482832
14419.261420
14424.446161
14411.585740
