1798.912210
477.880683
476.947367
478.654981
477.977873
477.746919
477.306790
476.831402
476.387989
476.588800
476.727938
477.028092
476.415082
476.979316
477.379703
476.566322
476.864694
476.828009
476.331146
475.779317
476.354739
477.260088
475.571150
476.089104
475.705762
476.471559
475.633951
476.056470
475.627182
476.513348
475.533537
476.150232
476.068823
476.671369
475.503542
476.644649
475.273275
476.463686
475.877660
476.360992
475.976389
476.615172
475.924411
476.389347
475.997709
476.772755
476.551983
475.964821
475.600757
475.697933
476.194597
476.365307
475.642993
476.169213
476.453002
475.928974
476.421639
476.383301
475.995567
476.458412
475.900598
475.843597
476.312101
476.536758
475.970012
476.356892
476.211232
476.060810
475.684404
475.977937
474.725611
476.320773
475.511627
475.510663
475.955079
476.056896
475.639662
476.243158
475.772430
476.872394
475.357405
476.255598
476.172223
476.377230
476.013104
476.059421
475.862366
476.439581
476.129950
476.339996
476.498442
475.632573
477.140376
476.198065
476.416090
476.074232
475.962310
476.121142
475.688537
475.676872
475.799753
475.818482
475.018225
475.872554
477.270440
475.709670
476.307958
475.992940
476.648511
476.521462
476.012423
476.167431
475.831892
475.708116
475.186795
476.682807
475.251546
475.908825
479.607856
476.208016
475.019493
477.257737
475.749078
476.561520
475.160066
475.877215
475.544844
476.129044
475.890511
476.016306
475.951882
475.876504
475.361182
476.721319
474.996622
476.066881
475.618195
476.216775
475.967860
476.044224
476.024444
475.284052
476.059400
476.725445
475.570134
476.257756
476.159839
475.625417
475.284457
476.058826
476.054108
476.308870
475.825371
475.894312
475.663488
475.913546
475.873255
475.827096
475.326738
474.731884
475.352131
475.814580
476.112352
475.858445
475.762232
476.018212
475.751979
474.845110
475.362967
475.635788
475.357514
475.926829
475.621313
476.243915
476.099327
476.228342
475.693309
475.838831
475.839241
476.550229
475.913309
475.578298
476.820277
475.087377
475.607618
475.625246
475.489545
476.245302
476.076098
476.143511
476.024842
475.769737
475.502979
475.681267
475.510702
475.960631
476.298345
476.157561
474.933695
475.927660
