35303.154890
33923.418526
33918.350884
33920.146618
33923.456897
33915.898530
33934.411620
33917.095880
33925.653815
33916.031273
33925.683499
33903.258478
33930.855228
33914.114493
33930.417187
33904.961666
33944.828362
33913.985651
33928.286965
33911.762007
33925.940324
33912.475839
33922.651623
33908.801976
33925.946691
33922.347520
33920.728171
33910.522648
33942.122315
33921.495960
33928.146448
33919.716948
33919.584484
33921.298384
33941.405994
33909.838654
33939.230090
33909.704958
33943.645188
33920.945837
33947.047694
33911.754540
33942.593611
33907.368947
33940.770616
33915.091723
33938.976429
33911.491755
33932.635002
33923.172865
33920.409681
33921.156276
33931.608238
33923.565756
33924.552292
33988.367804
33954.025007
33912.609102
33930.539607
33907.832713
33934.315988
33903.689860
33943.735292
33905.067031
33938.496407
33933.058462
33941.497812
33914.169827
33954.490211
33917.811894
33947.497726
33901.658467
33938.097378
33926.201424
33932.869203
33913.410203
33931.590216
33919.976678
33935.537352
33912.776855
33936.124283
33907.481809
33916.717916
33905.587105
33931.662433
33911.292052
33945.878889
33907.269536
33935.705996
33913.221420
33932.171881
33923.402742
34277.754227
33912.190169
34127.160451
33917.265370
33944.028212
33911.998904
33956.455063
33918.011390
33949.947302
33933.349502
33952.098357
33905.867642
33977.440052
33916.524830
33970.209352
33922.512275
33980.693057
33902.071147
34102.503517
33915.122138
34190.822849
33915.953847
34212.269795
33909.304292
34004.186302
33904.627636
33986.743441
33926.195198
33970.748352
33912.926563
33981.149178
33915.432066
33992.647165
33923.744677
33952.764921
33919.996653
33957.909187
33916.849368
33950.750265
33918.275073
33963.876860
33918.909218
33973.797847
33916.118702
33988.245912
33909.668455
33934.385868
33919.341197
34122.814203
33914.570443
33950.867680
33897.833102
33947.684485
33923.027356
33928.681957
33906.266535
33935.504919
33924.949697
33923.556342
33915.752166
33928.018461
33924.365351
33943.527065
33919.352150
33928.089520
33917.017886
33931.195656
33930.928977
33955.250930
33920.750590
33927.055763
33922.335123
33939.824723
33915.638043
33921.311729
33907.902670
33932.710579
33910.358599
33925.266353
33903.771904
33927.803073
33920.677183
33930.847086
33923.631314
33926.229972
33924.044162
33930.042971
33902.487823
33938.292807
33909.466341
33931.254558
33916.448088
33926.438449
33887.943193
33933.205070
33894.630618
33935.701029
33911.878830
33936.298352
33900.162470
33948.645914
33898.443123
33941.047338
33909.630993
33947.723464
33919.784944
33933.598409
33909.192397
