6681.039095
5359.834587
5370.338967
5349.768104
5365.027378
5346.449563
5365.698332
5351.938197
5364.735200
5352.639023
5368.299629
5350.566990
5366.258458
5351.759837
5369.412727
5353.454466
5364.586448
5348.847165
5370.076698
5345.902245
5367.548427
5352.982128
5365.404657
5351.229501
5365.610153
5353.728770
5369.976898
5351.493753
5361.411776
5352.345156
5365.973745
5349.644878
5369.421074
5353.210559
5365.149773
5349.374151
5362.939091
5361.772822
5364.607788
5354.272831
5368.267150
5353.166862
5361.318584
5350.324189
5359.303473
5353.314272
5366.873782
5353.965723
5370.952650
5361.950009
5365.252821
5350.058887
5359.101856
5349.218623
5366.374608
5350.917910
5365.181626
5351.494709
5360.685495
5354.788009
5364.231192
5358.187693
5367.002634
5338.206665
5367.846606
5353.240235
5363.775605
5350.736963
5359.904110
5352.573079
5367.616411
5354.915141
5369.468463
5358.204328
5362.449989
5351.553507
5365.524115
5350.496137
5361.375692
5354.950259
5359.841431
5349.836557
5363.279424
5350.928210
5367.335431
5352.352859
5363.702138
5350.922657
5361.795068
5352.963171
5364.469596
5349.795522
5361.789653
5352.835596
5365.664131
5353.272447
5372.414303
5347.561283
5355.987029
5349.745330
5366.580174
5346.680467
5366.462125
5352.456928
5367.686736
5352.465411
5365.245387
5350.236599
5370.248315
5354.360452
5364.721097
5347.540461
5368.053210
5348.765502
5362.719836
5354.911908
5365.336375
5356.310213
5364.625820
5357.551367
5366.413689
5351.357250
5362.261117
5353.944507
5362.799469
5354.197361
5366.298061
5348.113956
5370.966081
5353.880912
5364.221339
5360.670487
5366.576811
5354.343312
5365.334042
5348.985303
5367.309318
5352.151277
5369.846118
5352.225592
5365.648501
5351.732700
5364.723985
5350.578659
5366.151439
5352.616580
5368.646458
5350.687398
5361.799944
5352.118157
5365.957382
5351.911435
5365.311162
5352.848843
5360.959771
5354.054476
5360.983165
5352.460474
5368.907074
5348.659798
5364.955966
5351.963819
5362.676565
5351.349605
5367.737884
5353.429876
5368.552448
5349.411583
5367.168535
5345.836768
5364.994965
5352.681580
5360.822597
5351.633704
5365.061649
5347.296091
5368.001639
5352.464173
5364.220190
5352.181055
5359.969102
5352.315394
5370.165492
5353.917916
5365.013824
5352.195291
5364.176711
5349.924965
5366.585411
5351.957460
5363.281869
5351.585758
5358.755134
5350.311751
5355.997888
5353.166064
5364.540154
5356.308132
5366.782227
5352.245474
