4146.343329
2834.258246
2830.646382
2832.149267
2830.508094
2833.831938
2830.593267
2836.245300
2831.196591
2833.155858
2830.271752
2832.699378
2831.227128
2833.936278
2833.574608
2830.593819
2829.625568
2833.343691
2834.439196
2832.980387
2828.820018
2832.305443
2833.256270
2831.193558
2831.973879
2833.124088
2831.806027
2833.076341
2829.847464
2835.298061
2832.363008
2833.047122
2831.471928
2832.873234
2831.871521
2832.369791
2833.875719
2830.959905
2829.957270
2832.953809
2830.051415
2832.010406
2830.645918
2833.619095
2829.404914
2833.170458
2831.033983
2830.754138
2830.976703
2833.823519
2832.139396
2833.704134
2832.437917
2841.088063
2829.484522
2834.548275
2832.632469
2833.206223
2829.932394
2833.608489
2832.301342
2831.793423
2831.420893
2833.797099
2831.314601
2833.843858
2831.124146
2832.173708
2829.066618
2834.670924
2834.823343
2834.759503
2832.176326
2832.750169
2833.932554
2832.251197
2833.136798
2831.623561
2832.538706
2832.963390
2833.275548
2834.170272
2832.128591
2833.784822
2830.041532
2832.598465
2831.531848
2834.226452
2830.432257
2832.916465
2830.445646
2836.379530
2832.225328
2832.480593
2831.135190
2832.040707
2831.198692
2833.229020
2832.368415
2832.325528
2829.517919
2830.988640
2830.243679
2834.145538
2829.393198
2833.090451
2830.937064
2829.423506
2831.991255
2833.520600
2832.533399
2832.869260
2831.910827
2832.843753
2832.433447
2832.329343
2833.552782
2829.491890
2833.182275
2832.294353
2830.941648
2832.318076
2831.293755
2836.034557
2833.739498
2832.111905
2831.274339
2833.430940
2831.780461
2834.462361
2829.733509
2832.192284
2830.654772
2832.776405
2831.760038
2832.664974
2830.862312
2831.033996
2832.403392
2835.606857
2831.750193
2832.207325
2830.086709
2832.901521
2830.333740
2834.862094
2831.201146
2833.343322
2831.847844
2834.063165
2828.164463
2832.869418
2832.049574
2832.680195
2832.055968
2833.589871
2832.673579
2830.217812
2830.265881
2831.698774
2834.131765
2832.771774
2831.643905
2833.336699
2832.482418
2834.518770
2834.763495
2831.419099
2830.667866
2833.116496
2830.103167
2832.054083
2830.575343
2833.166899
2830.417934
2826.837529
2827.596554
2832.619729
2830.071654
2833.300981
2831.509911
2829.867762
2831.785343
2834.293475
2831.202150
2832.594621
2832.711399
2832.460259
2831.983269
2833.183729
2831.585872
2833.909133
2831.817605
2831.933158
2832.406127
2830.579054
2829.493901
2833.791411
2829.943047
2833.792294
