435.425231
434.921721
434.961934
434.321327
435.241852
434.922187
435.302684
434.472524
434.700648
435.306026
434.784484
434.966207
434.717400
435.021922
435.139333
434.890160
434.218469
434.574093
435.067349
435.184381
435.079921
434.608370
434.642618
434.786327
434.497736
435.198224
434.614768
434.461182
435.073819
435.065269
434.830678
434.583560
434.727332
434.891246
435.632187
433.172917
435.130592
434.435826
435.152334
434.903151
435.088344
434.876554
434.979083
435.018442
434.354584
433.545008
434.452972
434.784204
434.634045
433.498841
434.616314
434.577177
433.839387
434.884306
434.586533
434.429947
434.570078
434.147235
434.163078
452.384409
434.581864
434.512658
433.553209
434.766703
435.654523
434.425493
434.628968
434.179876
432.400968
434.504898
437.351697
434.743132
435.224390
434.658929
435.356903
434.689127
434.609589
435.113826
434.626666
434.942251
434.844346
434.691462
436.038281
435.391585
434.896093
435.396211
435.360890
434.535777
434.769386
434.530252
434.840079
434.779564
434.563797
435.336951
434.464487
434.961734
434.840653
434.693363
434.956123
434.630698
434.924169
434.739555
434.866378
434.914050
434.879004
435.144762
434.626468
434.360686
434.774506
434.987744
434.229382
434.921689
435.154336
435.133822
434.714652
435.178879
435.795755
434.692241
435.098654
434.722463
434.643296
434.714503
434.930921
434.736115
434.867849
434.845934
434.972631
434.782607
435.071728
434.442251
435.065586
435.043290
434.447838
434.901670
433.888849
435.292430
435.348473
434.477034
434.337143
434.648908
435.332093
435.059750
434.956908
434.643181
434.766272
435.545024
434.541601
434.601435
434.887955
435.109924
435.280251
434.704154
434.763466
433.989668
435.399622
435.058769
434.887946
434.209093
434.251810
434.372147
434.742865
434.194938
434.156975
434.172083
435.422259
435.282334
434.627876
434.601921
434.758102
435.150833
434.687797
435.386148
434.544676
435.144792
434.508462
434.566140
434.146404
435.095732
435.370131
434.276943
434.788595
434.854844
434.731013
435.271028
434.526824
435.419146
435.010316
434.781081
435.169506
434.259278
435.044836
435.162945
435.428631
435.063655
434.685334
434.925488
435.001590
434.873831
434.965783
435.018421
