17546.665849
16245.691263
16214.853717
16244.055385
16216.868322
16246.654992
16214.009591
16234.462411
16210.697552
16242.118642
16215.209239
16248.409427
16214.658487
16244.559289
16209.920469
16243.753305
16207.156039
16243.395269
16215.425825
16242.548436
16215.114684
16249.289443
16213.862962
16244.215191
16216.158922
16250.301282
16216.606975
16244.285771
16217.529083
16249.403538
16213.644386
16246.871145
16206.272132
16246.708070
16210.982337
16254.569733
16222.191148
16244.627814
16221.805435
16250.414654
16208.902029
16255.422751
16204.244900
16243.108446
16214.826914
16247.533375
16214.265106
16243.823725
16208.183707
16255.553055
16215.445058
16243.303244
16213.407826
16239.848566
16215.837877
16239.722627
16217.106650
16233.441542
16211.781535
16247.896251
16219.014865
16244.274330
16216.295619
16248.722647
16215.069742
16246.640189
16219.193355
16238.132593
16224.124114
16249.439055
16219.091420
16234.718472
16220.807425
16244.880913
16214.745282
16243.187122
16222.784936
16249.750374
16213.442929
16249.516274
16221.091253
16253.616894
16203.555376
16246.679276
16217.300465
16250.946414
16214.641237
16252.715264
16216.290404
16237.677044
16215.954016
16258.983941
16217.378413
16244.945116
16217.165677
16247.947043
16213.536287
16241.591576
16208.770856
16257.303422
16211.247453
16238.359706
16212.317135
16255.963268
16210.247722
16235.097440
16212.896993
16260.119653
16205.016788
16245.135000
16212.485707
16242.646399
16214.927139
16247.791244
16209.184318
16239.247416
16210.826839
16241.286403
16216.295993
16239.564661
16208.946924
16243.886093
16216.989226
16241.175499
16209.176712
16240.221049
16220.253868
16234.894381
16215.779555
16250.308336
16217.245681
16242.816386
16206.824453
16245.915163
16212.850507
16250.641667
16213.525527
16239.063077
16207.996724
16247.429177
16213.780642
16243.167196
16211.498225
16242.926493
16212.609390
16249.929141
16217.588308
16244.054421
16213.312224
16247.005527
16216.335980
16251.358827
16217.581081
16244.337719
16208.816730
16244.160540
16214.205898
16248.867530
16211.946039
16239.592098
16210.167311
16247.881980
16207.759668
16249.455742
16209.397476
16249.577459
16210.538468
16235.267705
16210.694728
16247.596320
16215.933724
16241.907758
16218.734685
16246.545619
16208.555233
16239.955303
16215.536174
16242.057862
16210.202990
16243.128485
16211.063915
16248.865480
16214.783122
16237.945559
16222.547693
16236.983330
16217.282818
16238.778728
16218.304924
16242.292869
16215.654385
16239.175467
16213.401469
16240.398735
16213.083198
16243.498200
16211.388851
16249.978385
16212.020939
16248.278014
