1857.048023
536.469071
537.120662
535.097160
535.783452
535.670425
536.403232
535.623957
535.563123
535.602046
536.325477
535.249416
535.008441
535.343822
535.548616
535.026498
535.879443
535.321505
535.770508
534.419742
535.818515
534.239310
535.857133
535.061059
535.073974
534.894230
535.617840
534.396940
535.233814
534.433087
536.762196
536.039669
535.911879
535.682171
534.655791
535.328898
535.038124
535.136926
535.774002
536.212531
535.612871
535.000411
535.965673
534.675005
535.737982
535.508205
534.965235
535.249622
535.485092
533.834762
535.548152
534.819515
536.082804
534.373151
535.325281
534.615572
535.509562
534.213128
535.451986
535.467291
534.812779
535.477706
535.298387
535.298584
534.849990
535.045635
535.324937
535.106321
535.951573
534.765868
535.397902
534.559707
535.406310
534.422931
535.807406
534.472376
535.883275
535.021615
535.392467
534.939641
535.358912
535.199735
535.637270
534.928711
535.007154
535.289326
535.740038
534.956641
535.787523
535.844357
535.776087
535.181375
535.424275
535.309343
535.341104
535.198882
536.193650
535.050657
535.134233
535.032835
535.672054
535.018599
535.461904
537.856705
535.967152
534.433531
535.128563
534.745633
534.739042
535.172177
535.607045
534.314366
534.989251
535.502194
535.905093
535.325261
535.695848
535.127020
535.482534
534.739239
535.334974
535.166635
535.476375
535.103197
535.282362
535.176727
536.266329
534.976106
536.150806
534.638165
535.830307
534.158985
535.593235
535.140157
535.691086
534.928438
535.433052
534.369892
535.405778
535.283215
535.681682
535.526810
534.718715
535.305113
536.298350
534.613797
535.507604
536.957811
535.770288
534.846679
535.540180
535.971123
535.824512
534.528387
536.029292
534.320830
536.025907
535.164937
535.347378
534.800798
536.080364
534.830514
535.345290
534.956690
535.239069
534.841171
535.079914
534.732785
535.348470
534.644890
535.309189
535.094067
535.159076
534.919636
535.735060
534.383970
535.924189
534.594767
535.779188
534.897256
534.671813
535.228759
536.126889
534.404503
535.349732
534.978549
535.648701
534.833689
535.413945
534.854977
535.502024
535.050378
535.152934
535.170759
535.273955
534.662915
535.525097
534.778545
534.726973
535.041632
