67377.771856
65989.527419
66067.668145
65973.945692
66328.222686
66178.911665
66050.185267
65986.590566
66048.648487
65958.800532
66069.540369
65999.208517
66040.678648
66004.452505
66066.136569
66011.678308
66071.451145
66011.972211
66027.770193
66017.575306
66053.061621
66001.152826
66046.812262
65991.865019
66048.453572
65998.097081
66024.667690
66000.170696
66059.036336
66002.013653
66051.574435
65988.496940
66047.542894
65985.974108
66031.918362
65980.371328
66043.838835
65986.786812
66050.933526
65976.570783
66035.306752
66008.973593
66045.827375
65991.867288
66043.960209
65997.650579
66046.639519
65976.090727
66055.064482
66009.844174
66052.901276
65994.664036
66071.919661
66007.530873
66045.924827
66007.999389
66056.099676
65995.182191
66054.645902
65977.003033
66053.350870
66014.948524
66043.715089
65984.724191
66039.502740
65979.269147
66060.898572
65964.275716
66048.313926
66016.734197
66025.325916
65994.708488
66057.666567
66020.247338
66068.890582
66013.295784
66049.305786
65994.675652
66058.855530
65987.536419
66028.295278
65988.725309
66034.095559
66010.357547
66307.051576
66004.119446
66146.285742
65992.753713
66078.194761
65982.875423
66074.086319
65991.743083
66311.136877
65990.779991
66108.627956
65994.706946
66090.014174
66005.909314
66089.716874
65979.256332
66088.953288
65985.491127
66065.262933
66008.752446
66244.789182
66010.442258
66077.455049
65990.747301
66269.328967
66016.626998
66091.998621
66004.324957
66071.696688
65998.229609
66075.752381
65974.712152
66069.698822
65992.698528
66083.754865
65979.719155
66052.697430
65964.663941
66056.786501
65957.452053
66125.701860
66002.606655
66063.908665
66012.041485
66073.496760
65992.748599
66061.874254
66000.674943
66055.148549
66001.220155
66061.735913
66009.899696
66052.056994
65995.963065
66068.390974
65991.776421
66069.974341
66000.871444
66120.430409
65973.350236
66043.232375
65989.653226
66071.013814
65991.236800
66095.587876
65960.657721
66055.737266
66003.674166
66076.992537
66006.634324
66056.806616
65986.936918
66049.978081
65983.305918
66067.951677
65986.700267
66060.313936
65979.844270
66079.399395
65961.560338
66071.460001
65968.587490
66045.836575
65959.900579
66057.642555
65967.751088
66065.524993
66004.326811
66074.073867
66011.705358
66057.912645
65987.908345
66134.832703
65978.402664
66058.456200
66003.573186
66074.254634
65970.263556
66032.568552
65980.005555
66065.502768
65980.411370
66047.745033
65999.400703
66033.112369
65997.185596
66045.745968
66007.271130
66075.927001
65989.713581
66074.392641
65980.019136
66077.711946
65978.260195
66606.150717
65977.108313
