12172.939856
10852.319971
10829.737815
10852.198956
10820.080348
10850.159075
10820.437358
10840.765766
10817.367562
10843.877946
10819.117094
10826.502410
10821.001512
10848.341082
10821.532074
10850.317612
10820.937238
10821.501177
10823.318749
10843.116162
10817.713189
10850.164780
10817.039106
10853.470612
10820.609868
10844.135342
10818.649652
10844.415901
10815.337421
10843.124935
10822.499499
10847.289539
10814.521885
10851.947359
10821.517132
10848.590596
10819.278343
10845.325329
10820.086255
10849.596391
10819.601639
10857.645959
10826.310330
10835.689940
10821.200504
10849.382649
10825.240637
10854.576387
10818.950558
10847.680603
10821.464584
10892.432319
10822.782103
10854.389830
10815.100755
10842.130663
10821.380955
10847.567319
10826.457012
10839.982197
10818.776332
10844.713128
10813.176507
10836.138743
10821.126281
10850.097445
10813.635887
10848.559840
10812.796935
10850.190787
10810.963880
10845.222384
10818.770779
10847.102795
10815.687123
10849.482567
10817.223258
10846.874513
10816.967695
10844.798425
10815.323292
10848.111527
10816.212017
10842.090349
10816.688948
10852.886329
10822.095773
10854.168606
10818.547963
10842.813712
10827.490828
10849.151374
10817.072022
10854.137666
10812.819774
10957.459216
10813.704710
10976.469652
10820.959665
10819.062784
10817.839871
11076.126523
10818.618145
10977.215591
10815.787437
10823.524615
10813.280192
10817.943154
10819.897466
10820.656283
10818.624111
10819.391875
10812.036172
10819.796291
10820.100009
10820.938229
10820.010788
10815.836066
10821.212489
10819.390403
10817.978927
10820.125989
10814.483075
10819.133498
10818.104465
10817.155888
10815.879449
10812.354039
10819.181155
10818.464936
10819.889570
10818.506224
10823.880492
10825.324112
10837.566245
10820.033250
10823.030132
10820.239876
10815.239357
10827.153944
10820.965212
10820.118753
10816.902896
10819.586019
10814.685731
10822.520532
10827.033418
10821.588300
10820.443967
10815.102825
10821.014727
10825.383555
10825.706826
10823.662715
10821.379968
10817.330572
10818.555989
10858.485810
10827.227975
10823.738909
10814.912642
10821.693694
10819.298665
10840.569311
10815.231352
10820.383468
10817.830262
10814.294205
10815.938646
10817.993919
10818.237721
10823.787593
10811.863556
10816.639155
10822.520012
10827.467159
10812.206632
10813.591636
10816.008069
10822.149397
10819.320840
10822.534799
10820.255239
10819.790297
10809.524126
10818.314362
10825.420473
10819.608468
10818.073811
10827.918996
10818.970999
10831.015402
10818.187596
10818.025130
10815.983914
10818.992647
10815.221532
10817.889248
10813.753974
10815.103680
