1345.078914
96.955615
95.662082
95.269143
94.737364
95.178225
94.968339
94.844961
95.442354
95.075928
95.906008
94.122094
97.177738
96.495299
94.909368
95.475796
94.370774
95.005383
94.331951
95.105763
95.795769
94.993998
96.737373
95.145787
94.763549
94.913613
94.776111
94.690508
94.348945
95.454313
95.070678
94.403606
94.202771
95.653326
95.297373
95.374373
94.269336
94.678643
94.046285
93.932372
95.231228
95.652095
95.468303
95.303959
96.062994
95.397865
94.976205
96.684030
94.915125
94.035733
94.304585
94.196130
94.225528
94.825513
94.807043
95.245422
94.036735
94.545784
94.318275
94.464572
95.790243
96.594353
95.428004
95.279876
94.544185
94.401162
94.197688
94.702286
94.289963
95.158038
94.439611
94.453432
94.433563
94.798676
94.420805
94.727713
96.631032
97.181789
95.124793
94.646832
93.993603
96.465153
94.984979
94.554506
95.287468
95.596592
121.614018
94.267126
93.949156
94.722631
95.976474
96.221952
95.207669
95.943175
95.223837
93.764594
94.993894
98.515664
95.420327
94.736714
94.405032
95.287298
94.599641
95.063558
94.968391
95.661197
95.302239
96.149726
95.840333
95.457701
95.728198
94.122004
95.596874
95.056415
94.876129
94.245296
96.072666
94.985158
95.681028
95.014983
95.601506
94.770014
94.554989
96.130562
98.176851
96.485008
95.293052
94.940562
93.837879
94.279928
93.706070
95.489395
95.266389
93.704198
94.327602
94.500235
94.994116
95.823149
94.905278
97.707381
95.622811
95.329616
94.272215
95.581273
94.729769
94.559071
94.196887
95.687027
114.327652
95.515278
93.798246
95.827699
94.701903
95.465667
95.882732
94.707643
94.211864
93.805785
95.349390
94.589373
95.064162
119.164221
94.643119
95.310370
94.244814
94.883042
94.767948
95.343431
94.181378
95.219752
95.197524
115.612219
94.503506
94.399407
94.477782
94.516880
95.365782
94.462650
95.494077
94.306667
94.022172
95.088884
94.943022
95.048440
94.937510
98.323433
95.570351
95.076778
95.187725
94.789328
95.343740
94.154603
94.628905
95.409029
94.598111
94.770355
94.026528
94.564811
94.787708
94.772221
