55440.163536
54070.809919
54127.802720
54078.017024
54137.732049
54097.143338
54127.327446
54071.754498
54134.300287
54076.452240
54139.258340
54081.426437
54144.599269
54090.303799
54120.566109
54075.324756
54130.463133
54091.908593
54167.027522
54074.893533
54127.875638
54073.803344
54109.019570
54090.471600
54119.241065
54095.179097
54250.907635
54099.516391
54149.568650
54076.514416
54177.115196
54081.946816
54140.053732
54089.342480
54160.011770
54087.977392
54168.170805
54077.368686
54163.180469
54089.397637
54158.310108
54081.177646
54163.637685
54087.771361
54172.481084
54071.881398
54159.075428
54080.533386
54150.548532
54096.975014
54219.437920
54258.959562
54180.087444
54117.125914
54718.509373
54100.359114
54144.115534
54101.190216
54142.012882
54112.367859
54126.706515
54086.457706
54124.420744
54078.351132
54163.683432
54118.232880
54153.195102
54103.017188
54157.937391
54106.400755
54144.972410
54090.272726
54163.804949
54084.755136
54209.789559
54091.022297
54162.253693
54087.437238
54127.794140
54108.701184
54161.373452
54091.401546
54158.488736
54131.076399
54299.374449
54121.111561
54129.154086
54093.372894
54136.792913
54110.394380
54156.143188
54111.605804
54175.768921
54103.393184
54165.414522
54103.932904
54137.865635
54113.834262
54154.293584
54124.305370
54168.763853
54122.888462
54166.042722
54085.404798
54145.600479
54119.507280
54137.570993
54095.738590
54164.638033
54095.317905
54162.005890
54120.866079
54161.172463
54091.939331
54164.414512
54093.102997
54162.612141
54135.441491
54132.762721
54109.907906
54164.533517
54102.845043
54173.736132
54141.336572
54172.748208
54108.812408
54151.953264
54113.270766
54161.291003
54165.122455
54165.854709
54083.536700
54164.523360
54109.539137
54130.814627
54102.926610
54157.950916
54071.789170
54154.264312
54102.658082
54133.088183
54215.206278
54199.704948
54046.599238
54382.437537
54092.665834
54116.442309
54097.880285
54177.458022
54123.741485
54170.884988
54111.782524
54132.940743
54113.962657
54109.879517
54104.858509
54202.447077
54086.079135
54157.723211
54107.644869
54252.055948
54065.375748
54133.819957
54066.556466
54138.066844
54073.389332
54284.894335
54089.310127
54176.088463
54068.715055
54157.238657
54091.788720
54156.286083
54091.762933
54163.579996
54070.935866
54150.643310
54054.933974
54157.924721
54052.894563
54172.610891
54070.672997
54152.539338
54092.382330
54159.148022
54065.090540
54146.147331
54068.283788
54162.545245
54061.884003
54151.622330
54067.084688
54155.705347
54057.954312
54180.618940
54097.780333
54178.798062
54073.050309
54159.413723
54091.574605
