49.577861
44.847076
45.015787
44.537861
44.566758
44.637658
45.099550
45.176223
44.345245
44.303847
44.453286
44.680301
45.367057
45.936727
45.649726
44.202341
44.022845
44.057609
44.549419
44.607713
45.289315
45.802792
45.632257
44.481162
44.490140
44.250359
79.509929
44.504094
44.729748
45.440557
45.192803
44.652506
44.694966
44.581180
44.530037
45.248438
45.996583
44.927984
73.038100
46.129657
44.177465
44.577774
44.445688
44.311163
50.561232
44.507420
44.265837
44.178453
44.210772
44.157868
44.340052
44.803945
44.307636
44.270047
44.263741
44.337667
44.394058
60.790719
44.581038
44.243047
44.175624
44.170492
44.218132
44.286623
44.185809
44.442400
44.644471
44.684335
44.701783
44.640538
44.464690
44.421408
44.673197
44.583907
44.505644
44.482673
44.796665
44.616834
44.476770
44.710715
44.565888
44.619958
44.643596
44.618661
44.514477
44.475340
44.466193
44.471160
44.460406
44.552448
44.796142
44.542594
44.655163
44.944691
44.548491
59.958578
44.457429
44.773791
44.678775
60.200192
44.616589
44.746285
44.702643
44.702309
44.869963
45.095401
44.486745
44.708456
44.628356
44.603895
44.769630
44.514422
44.433318
44.419445
44.413869
45.553095
46.140561
44.509558
44.444441
49.114052
44.824789
45.514351
44.992783
45.077904
44.672672
44.729871
44.508895
44.708042
44.553652
44.394915
44.647896
44.398202
44.818646
45.897129
44.488599
44.608551
44.559933
44.649940
44.443549
45.437206
44.642319
44.394049
44.506625
80.681855
44.348550
44.480650
44.326776
44.782693
44.423847
44.578582
44.522005
44.311260
44.523965
44.499095
44.689402
44.562882
44.445024
44.504901
44.615033
44.507649
44.488099
44.442632
44.608417
44.543151
44.665875
44.607977
44.581607
44.611614
44.903382
45.891236
45.454467
44.513813
44.511719
44.477880
75.219105
44.627439
44.889404
45.026069
82.253271
44.587711
44.794565
44.404531
44.524807
44.415649
81.564002
44.542687
44.450269
44.776020
44.833214
44.401652
44.462310
44.462345
44.499295
44.792417
44.653464
44.675504
44.696169
44.509517
44.427343
44.836007
