3103.997622
1786.310508
1784.855275
1784.747045
1783.225624
1784.217455
1782.053722
1785.004770
1780.199271
1783.269913
1781.934260
1784.830760
1782.195525
1785.077742
1781.129396
1785.502906
1783.370411
1785.516996
1784.890051
1783.722973
1784.097294
1785.346189
1783.823261
1783.771828
1779.672540
1784.242680
1781.258368
1784.459461
1783.759420
1786.095088
1784.504926
1783.779789
1782.032941
1784.010082
1782.333177
1785.815272
1783.592377
1783.626839
1782.107889
1785.903868
1783.259874
1786.046440
1783.513969
1784.143618
1783.066677
1784.642301
1780.790100
1783.609294
1782.423904
1783.785948
1784.861179
1787.665500
1783.068437
1786.144377
1782.760504
1784.822583
1782.648332
1785.065226
1782.398797
1784.286447
1781.588062
1784.285481
1785.444471
1784.084115
1778.116876
1782.025742
1782.585792
1784.431043
1782.881803
1785.576363
1779.292416
1784.740233
1782.931430
1784.074626
1780.644059
1783.747810
1783.016604
1783.755815
1782.450874
1783.777966
1783.306805
1785.145042
1783.721230
1785.025395
1783.208103
1784.772020
1783.157253
1783.598920
1785.791039
1783.946077
1779.935465
1783.915682
1780.559931
1784.354299
1782.429336
1783.087172
1782.197835
1784.614525
1781.106465
1784.793333
1785.433094
1783.475738
1782.955430
1780.199895
1782.911278
1785.424395
1783.431497
1784.398108
1781.927484
1783.956960
1782.586754
1783.887974
1784.039549
1781.851066
1783.131998
1783.850024
1783.625411
1779.469132
1784.997956
1783.222686
1784.248411
1782.860321
1783.098981
1784.501128
1783.689260
1785.639496
1784.515501
1784.424860
1777.433518
1784.376723
1781.825097
1783.218209
1782.743194
1785.090760
1783.665770
1783.429455
1783.289756
1784.795148
1785.307843
1784.485373
1782.831793
1782.693481
1784.153420
1785.503881
1781.655531
1784.972152
1786.714326
1785.711490
1782.201081
1784.366398
1783.187325
1783.629971
1781.315195
1783.456047
1783.284231
1785.372730
1784.141073
1786.120444
1782.715894
1786.876719
1783.918649
1783.827542
1782.896303
1785.021679
1782.637521
1784.510236
1782.064827
1784.558709
1782.629873
1785.432455
1782.493776
1784.429872
1784.339250
1783.917699
1783.732894
1784.232768
1788.005979
1784.289612
1782.593634
1781.075974
1785.060137
1783.946935
1785.536096
1784.566602
1782.856162
1785.355325
1783.302215
1785.774221
1782.857944
1784.162582
1784.777285
1785.491215
1783.938292
1783.839363
1784.454181
1783.874471
1784.363013
1783.347659
1782.780286
1782.627254
