50
46.432114
43.522115
40.515737
40.038883
44.087603
44.336230
41.624876
43.354934
42.231539
42.400876
41.167441
36.932840
42.265333
46.843852
44.148772
44.430429
45.304395
48.357995
44.538089
40.656752
38.656672
42.957798
41.616769
40.531894
44.012112
43.691779
41.220771
39.004775
40.577045
39.667485
46.568756
46.567665
45.565238
45.565651
46.291998
49.006683
43.388135
45.178605
43.605123
46.227880
44.338789
44.437790
43.195326
44.418225
44.798728
44.521729
44.482482
43.805982
43.364958
44.183616
45.926519
45.748630
44.973047
44.844109
46.165733
43.716272
46.683070
45.426364
44.493419
46.183162
46.566671
46.613615
46.784623
47.175686
43.479980
45.749004
50.279165
46.404985
45.052658
47.310298
44.417383
45.439104
50.746431
48.519702
45.874974
44.761485
43.252097
44.355597
47.246104
43.742806
43.539614
46.072894
45.450433
44.414277
44.669208
47.084560
47.680538
45.359445
45.575224
44.401921
47.248936
43.875541
47.785354
46.173128
43.931102
45.172643
47.118519
50.112475
45.194720
45.474320
48.333911
43.674207
45.997871
45.725160
45.580688
43.187805
41.402435
42.936461
46.021805
45.185204
46.403104
45.666954
47.234131
44.964148
47.866736
45.989889
46.751944
45.345744
47.328619
44.966719
48.305672
44.753074
48.356278
47.396018
45.370386
43.576233
47.986015
46.357633
42.975593
44.657199
45.888715
50.625856
48.762654
51.234041
48.661165
45.160938
46.262967
45.490053
46.969431
44.278394
42.265236
42.203660
43.807835
44.594738
42.082491
43.039250
43.137620
45.290676
39.534744
44.877206
44.440784
43.355338
43.347046
43.401926
43.596610
44.057525
44.913193
45.628903
44.401571
42.595219
43.426874
44.994734
42.100805
45.998632
46.365468
46.197078
42.432767
42.109369
41.251718
44.584183
43.741711
48.553881
46.303052
45.675134
43.500092
45.539738
46.393289
41.458910
39.693730
45.704596
45.565309
47.280249
46.116422
44.058196
46.467945
41.636639
38.193136
42.028797
47.366498
45.706682
46.202821
42.320702
45.217054
45.258146
47.717006
44.405386
46.371823
46.900658
43.727892
47.728411
47.088662
46.551414
45.256398
42.556655
43.712269
42.692373
43.892586
42.604566
46.725038
44.684315
43.973387
44.535033
47.079720
46.127484
44.200403
44.686673
41.767266
44.104376
43.982949
46.024690
46.272365
40.663109
47.187097
43.888238
48.817496
47.309776
48.836380
44.907530
42.876516
44.581479
46.345105
48.086336
44.613718
45.133752
45.453297
44.725929
46.180087
43.823449
46.074444
46.683596
46.893545
48.876215
46.363310
45.287839
46.420564
47.456030
49.267655
44.428514
46.441092
46.223744
47.902596
49.955828
45.841790
46.305003
44.437078
43.654103
49.290590
43.330578
43.532413
44.971883
47.192443
46.030988
49.553464
46.978606
50.959066
50.299486
48.897376
44.575357
48.852957
43.455044
46.326134
45.496136
43.634856
46.195775
47.032336
45.997722
44.355204
47.975724
50.423354
44.098616
45.225128
47.640850
46.655520
47.866564
49.082573
45.497190
44.618993
43.615906
42.660310
45.360824
47.036195
43.606267
41.837050
42.675195
40.892618
45.286015
42.689143
45.663420
45.949711
46.000207
44.173352
46.752620
47.479485
46.781084
44.767143
44.055866
45.070619
45.757840
46.073671
44.420851
47.213211
46.249242
46.061068
42.738793
45.253282
46.320409
43.111304
45.855717
46.739692
42.639643
42.579329
45.270232
41.450139
46.520562
44.886481
46.489095
43.481260
43.641973
43.939877
48.380084
47.615103
47.504610
45.547591
47.397169
43.266130
45.520643
43.249230
44.224794
46.017991
45.030912
44.078145
44.607861
42.995355
46.297230
42.740456
43.672179
44.176927
45.294237
45.721948
45.195612
44.463401
42.427677
44.580622
44.372162
44.322462
42.965690
44.503403
45.588851
48.447610
44.013247
46.098684
47.560589
44.976853
48.973674
47.910140
45.859924
47.759957
47.096329
46.600411
47.328169
48.857546
46.579170
45.688288
47.076104
47.238391
43.609320
43.702520
45.010932
44.139397
45.850439
42.182161
45.102616
43.296597
45.911141
46.483511
47.372867
48.509022
43.621687
44.651824
46.876593
44.613115
44.917881
45.367216
44.943015
44.387707
43.817522
44.511154
43.729420
43.857583
43.429130
42.986540
41.265575
43.231787
44.231411
44.857938
45.130184
47.173800
45.467081
43.723786
43.767286
42.031206
41.761440
44.676859
43.598979
43.379444
43.024460
43.931864
45.099921
43.127918
43.743847
42.563515
45.524389
44.003932
46.381855
44.752585
47.329257
46.168838
45.182585
47.497820
46.225590
47.693072
43.549191
46.792253
44.863241
45.721940
46.947636
43.373520
45.688858
43.663091
47.153502
47.713953
45.027883
47.773047
46.771785
43.830510
44.583868
44.242957
45.657273
43.693148
45.044661
44.751569
45.971702
46.424538
42.398508
43.923058
44.833606
44.688010
43.190469
40.818818
42.689407
44.749693
44.911901
42.867168
42.190551
43.454868
46.729350
47.207442
49.791712
43.677201
43.888125
46.197487
43.894870
45.360139
44.549271
41.711629
46.926775
43.752554
45.312715
49.354536
46.142061
43.664847
43.436413
46.904715
47.331901
43.088098
50.195005
45.869486
43.648522
44.337323
41.774442
42.273742
37.971537
41.839466
42.656002
40.989500
41.647148
46.252996
44.810342
42.672192
45.205658
43.724227
43.505616
47.961481
45.361772
46.858161
49.162114
42.594940
45.081685
47.950942
48.930078
47.135351
47.315009
48.680444
47.170737
44.971060
45.148092
47.144209
47.950357
43.832673
46.732203
43.580619
46.365157
44.643968
42.745765
43.905580
44.132489
45.553713
47.185229
46.974293
45.277624
40.684862
40.658659
43.404542
45.984480
45.898276
44.757794
44.525639
44.808072
41.603945
42.996856
41.263003
39.176430
46.715833
44.557830
45.268676
43.635523
44.464966
43.071619
46.950627
46.016803
43.395032
45.892863
42.095105
42.240834
50.367570
47.148171
49.886697
47.267119
45.411548
45.190539
45.403879
43.392356
46.524316
49.379564
48.609676
46.833476
41.422598
46.017999
46.947195
46.088522
44.869221
43.864837
44.276805
47.268824
46.419908
44.591078
46.199137
45.147887
43.966597
46.574190
45.074882
45.863875
48.004662
42.064992
43.367577
44.229862
44.326961
46.311437
42.769381
46.292137
44.170037
48.182011
42.957499
44.105233
43.943085
44.765866
44.338286
45.564896
43.991672
43.044833
46.304227
42.655120
44.656359
49.045178
43.709403
45.203790
43.574889
45.312716
44.558480
44.079756
43.491155
49.015603
47.393301
48.118915
49.028194
49.326927
47.927051
46.537173
47.272508
49.030354
48.515029
40.177111
43.929331
39.546008
39.567501
36.892677
43.542602
44.188089
48.476180
46.130738
40.876227
42.725901
43.848833
47.940678
41.673921
43.641905
42.464813
44.276146
43.934684
47.093136
45.284503
48.748964
43.717349
46.520680
41.252075
45.564006
44.035840
47.550733
47.746874
43.897406
46.264777
46.713928
45.428658
45.162877
45.384915
43.608578
47.606170
46.861678
44.063255
45.707407
44.532473
46.637691
46.597091
42.287746
39.943926
43.347921
45.154836
45.625194
44.263374
43.216027
44.932874
44.995611
44.542634
45.504092
44.838203
46.576585
42.670659
44.429630
42.839679
41.165758
42.896483
47.849809
46.338147
44.316992
46.893076
47.503388
43.936437
47.386667
48.587971
46.180760
44.158588
42.158347
45.243290
44.410174
44.485385
40.319253
42.899691
44.488621
45.040998
47.713841
44.551767
46.283734
44.763545
42.233426
41.911064
45.770747
44.662840
46.119893
43.160248
45.793502
40.965325
45.653435
44.394130
43.896188
45.063688
45.533916
44.968010
44.051827
44.347975
43.315792
44.828904
43.970384
45.347701
45.405329
47.762146
47.904383
45.370133
46.989087
44.719127
47.289087
43.011193
47.536458
45.449054
43.316321
44.496264
46.340745
44.589056
47.143276
42.901133
47.038895
47.661916
48.245771
46.716560
47.747566
46.236700
47.155867
43.089899
46.327829
46.044950
45.712538
44.526142
46.161214
45.863501
46.614324
47.107551
46.176313
47.220362
45.529757
45.575613
44.908156
43.939575
47.253003
43.603085
39.268215
41.118466
46.796248
42.902899
44.851695
43.436493
46.060634
41.300508
44.471117
42.929871
42.056833
43.070134
43.518990
47.936265
43.323637
44.605488
47.845877
51.578835
50.153055
51.791522
54.133204
50.817667
48.267281
48.022013
50.343748
52.113086
68.071451
142.834028
862.787033
42.832454
44.938791
41.570463
43.895631
42.419912
42.442106
43.229890
45.234503
45.415115
43.826501
43.442424
43.378523
46.190552
47.622668
46.124959
44.929984
46.591522
43.911526
45.938593
42.347293
42.981265
42.361970
43.519905
41.217265
39.105302
37.714413
39.348129
38.316264
38.141412
37.466250
39.940962
43.392943
43.242182
45.260114
43.575178
43.469316
40.735290
43.266349
44.530627
45.469193
45.392441
45.043616
45.743669
42.412499
49.859815
45.677381
45.087486
45.163607
42.289091
47.099182
44.455589
47.787097
48.271547
49.377341
47.841873
49.532709
46.984776
46.614767
47.802456
46.224614
48.891021
49.343894
47.970948
47.374838
47.158563
46.593717
45.372633
46.211601
43.566494
44.790915
46.554680
45.405713
41.731916
45.676158
41.536031
44.138009
47.415600
39.687543
39.210881
41.929625
39.107826
42.016606
39.928857
45.193649
43.374858
40.714311
40.989378
43.862156
45.636902
43.815596
42.827313
44.329541
45.575577
44.791648
41.378551
42.851471
44.312214
43.321449
47.604985
42.700682
45.708879
42.403429
45.763735
45.559108
44.776607
44.383282
47.158232
46.183791
43.557332
46.180986
45.554253
48.300572
44.287571
46.092035
42.134498
44.081594
43.407604
43.889857
46.009399
41.823036
43.417530
43.969069
45.681820
45.444727
45.398770
43.681604
45.022008
45.234007
46.048191
46.233689
47.281521
47.311908
44.303387
49.053416
48.551101
47.025687
48.510164
49.545711
48.626466
45.640952
45.090324
44.908438
43.701234
50.014449
47.547427
48.642026
46.675791
45.511028
45.791829
46.823199
42.735089
41.660213
40.772677
41.129917
41.590477
41.489201
41.246020
43.926887
42.676764
45.164797
44.401074
39.971138
44.071362
42.695291
43.377362
40.079674
41.954666
40.814323
45.185655
44.715698
45.881781
44.653721
47.512461
46.734967
50.479028
46.025742
46.678136
46.248604
46.889232
44.218281
45.595914
45.348820
42.877769
44.500897
46.796101
50.717957
45.861700
46.873144
46.459988
45.351533
45.272127
44.649142
43.437201
45.139224
43.882270
49.841487
44.131497
44.717309
44.305303
44.612504
45.402639
42.937889
39.106541
42.728740
39.817259
44.663399
41.776697
41.445045
39.968202
39.135562
44.530373
41.972225
41.924264
42.865239
42.217905
44.082607
43.624867
44.331941
45.177582
44.161353
44.231498
43.393603
41.590096
44.582030
45.030172
46.561921
47.236305
47.074904
47.866514
47.921499
46.859797
47.100051
45.371898
48.630672
48.270262
45.925231
46.786260
45.515523
47.603069
45.690587
44.523469
46.002100
46.433568
48.534807
46.622705
51.059990
46.275282
45.255226
45.856069
42.553243
49.604331
44.925142
47.903266
46.386583
48.113633
45.418542
46.754095
47.323133
44.802801
45.484415
47.014387
45.849993
46.857921
47.218785
47.019490
46.361258
44.660416
46.382936
46.114046
43.938725
47.150158
43.703578
45.785894
43.343500
43.187575
44.483209
44.636270
44.372192
41.810080
43.603656
43.746369
44.603469
45.563743
42.613907
42.482455
42.886528
42.381642
45.521344
45.093876
44.516668
47.097000
44.329261
43.293419
43.740967
44.053760
46.782306
44.547875
42.751737
43.816670
44.204111
43.929216
39.844572
44.412317
43.990212
46.205361
48.157826
47.460184
45.853976
45.594783
44.505448
46.017385
47.764207
47.294020
47.152813
46.025932
44.753130
44.101631
43.171566
41.137187
44.133415
44.431488
41.657898
44.677700
45.897037
43.767616
45.374622
46.819490
47.715774
45.337681
48.567577
46.804020
45.667483
46.033451
45.457922
42.572224
43.948719
43.515526
44.597719
43.655829
43.681529
46.033186
44.859986
42.211616
47.172019
46.153480
50.067958
47.669161
43.581099
43.517056
41.622367
42.068456
39.779676
38.936872
42.654122
42.503065
41.234044
38.610225
43.050682
43.520107
38.419863
37.766445
42.958738
42.888997
42.966188
44.667705
39.339031
41.468631
40.320036
45.909407
43.156193
45.278830
44.583455
42.968543
46.958616
47.157930
49.270906
47.085530
47.958529
41.525881
40.194217
43.155932
43.441215
47.042381
43.924041
44.469526
45.459440
45.076304
44.238102
44.173319
45.696833
46.854743
43.777628
44.449409
45.463479
46.508983
42.302203
42.990749
43.951661
46.374548
46.375693
47.922793
42.566031
43.892268
45.381642
45.798735
46.678632
47.049889
42.338801
42.735964
43.440931
43.557339
45.834677
46.287597
44.563853
43.096666
41.089120
47.331566
43.625241
44.394076
48.270720
43.574949
47.023802
45.575318
46.010876
48.023367
46.039957
44.942269
48.932662
49.876975
45.651077
46.887376
44.127885
40.713665
43.612926
47.330883
50.657212
46.249633
44.520945
46.073788
43.567364
44.231504
46.654472
43.695190
44.406623
45.836155
37.525969
45.154084
46.941214
44.526506
46.139975
45.452103
43.577688
44.689976
47.891940
48.289548
42.781098
44.385132
44.401224
44.571822
44.354848
41.903012
45.783866
43.778144
41.895239
43.363258
44.266421
46.850750
44.504393
42.318518
42.426513
44.395891
44.190183
43.426319
43.568691
43.490665
39.202890
43.171308
43.713332
41.498270
43.448249
44.894662
43.099128
50.031528
49.796434
46.436525
46.474584
49.162613
49.237695
47.447979
45.783097
44.765808
47.440135
47.416152
47.778954
50.749004
47.108824
49.887861
49.798344
51.297807
48.058485
45.173986
43.077269
44.436117
46.193629
47.367702
47.909323
47.789065
45.919849
46.234896
47.355798
46.903043
45.139460
42.046847
46.948969
44.415265
42.544053
45.523045
45.448139
45.890020
44.817278
44.585041
46.133709
45.509753
41.891077
42.548861
40.613782
44.051056
42.284012
39.567511
43.166348
45.128128
45.443565
46.613298
45.103845
47.116261
45.164518
47.641374
43.655041
49.622429
44.891195
42.193635
44.399133
50.862444
52.890308
51.303882
49.540156
52.115177
51.316399
43.736500
46.987816
52.043775
43.319757
48.761883
47.411195
47.988471
47.201157
45.368358
43.583255
44.669205
47.428529
45.218581
42.454667
43.152649
40.222766
45.365462
44.455971
51.497824
51.400173
52.855768
46.822444
45.323258
49.986799
51.241914
44.097721
42.464100
42.312689
47.108289
50.372519
47.148405
44.578123
44.761204
45.563234
45.202100
44.229249
46.871214
45.607890
43.399870
45.265453
48.264504
44.708711
45.753443
44.538277
47.819443
46.649739
45.848266
44.128344
40.932358
41.344681
45.397018
43.761106
43.658374
41.313786
42.852272
45.143235
46.458686
45.278236
44.124925
44.905768
48.339771
49.385898
46.625751
46.658585
36.767285
41.339987
39.360775
41.392852
40.998877
44.752742
41.439899
36.047364
36.925678
43.101166
40.124174
41.666669
42.281997
39.658969
41.027253
45.050500
45.768548
44.716152
44.786829
46.536450
45.659209
46.400861
49.423901
43.689321
44.318713
44.818943
42.503208
42.369153
41.216780
43.981155
41.183348
43.433193
43.851728
45.417700
45.916190
44.082960
44.045114
39.161836
42.356882
42.484931
47.462772
47.459854
48.938366
47.246836
48.059644
46.214312
47.401240
44.584914
45.817024
47.392908
47.463378
44.398575
41.573758
47.512940
45.365267
44.682976
46.357786
45.129784
48.123306
42.347434
47.312270
46.875010
49.477702
46.432551
46.133886
46.252196
45.913249
46.930058
46.551226
46.520105
44.332731
46.030159
46.331049
48.862622
46.145782
44.724415
43.447198
45.005224
43.074362
45.132400
40.650540
43.820589
43.133965
46.779466
43.450956
47.792471
46.418726
47.272224
42.610531
48.709166
43.207661
42.920354
46.855410
43.685037
43.621895
43.374777
43.899064
44.930135
40.888190
41.136824
42.614980
44.821606
43.030527
44.454539
43.475415
43.624415
43.669378
39.853965
43.704213
44.474591
43.720007
42.563847
44.144795
45.863572
45.728286
49.233052
45.206244
47.281353
48.361575
48.609329
45.687183
42.709778
44.584683
44.781480
45.988594
44.529789
45.449986
45.546801
50.657686
49.851793
41.306896
43.569560
43.869072
43.749983
41.786269
43.949815
46.927887
44.350186
45.794173
44.293062
41.697727
45.179156
44.005344
45.019847
44.647529
42.112514
40.723458
42.274832
43.733841
42.055528
42.018489
41.813849
41.325402
42.166671
45.022960
51.695979
50.166222
46.178469
46.166586
47.488720
43.671338
42.800209
44.121638
42.740055
47.168107
43.305479
41.087703
47.545451
44.244205
40.523379
46.245512
43.404305
43.048904
44.250680
44.032011
43.566215
42.743327
40.689122
40.821839
42.076641
45.854051
48.721778
50.706346
52.911155
85.535889
270.327933
43.272427
41.524557
44.389729
41.717775
43.308604
41.758499
45.214461
42.931098
42.519414
38.129675
41.725206
45.230601
48.362108
44.966170
45.831458
41.016083
45.172281
44.601417
45.833626
43.691437
40.268148
37.869495
36.677340
38.884402
40.268668
43.848858
43.359271
41.627694
44.013656
43.867115
46.244378
44.658196
46.104862
46.256642
41.826706
40.968630
45.242845
42.352700
42.783891
39.471795
42.423567
44.148187
47.819220
46.127497
47.445019
44.539765
44.512316
43.741299
40.329230
51.207596
43.941038
41.050406
43.308498
46.390348
43.579977
42.643386
40.035262
41.589280
38.621701
44.497501
43.406811
47.648315
43.322668
41.373840
42.812857
43.451866
42.878436
49.754325
47.996855
49.616900
46.220173
48.122220
42.756056
44.341696
41.930340
42.620081
44.310664
43.703395
44.512652
44.890090
43.903247
40.535224
43.956934
45.871421
45.573792
43.734956
46.128224
42.908424
44.284726
45.373017
45.653207
44.162499
44.153980
41.765807
40.934411
43.867708
41.349890
42.828202
43.247152
43.163074
43.137119
41.485532
42.251714
41.025356
42.471589
43.648449
42.062839
42.913270
45.642378
42.630756
46.570090
48.083895
45.986322
45.068153
40.642099
44.515791
42.604546
46.670617
44.629683
43.168877
43.290809
47.747034
49.428077
45.694095
47.566848
48.417320
51.372610
49.730684
46.282344
44.087318
45.195431
45.329607
45.823132
49.794339
46.354484
45.976875
47.822072
43.996147
49.072580
45.658315
48.479529
47.990506
48.117754
43.993896
45.338247
44.869047
42.989087
44.781520
49.430579
46.756581
44.513048
45.468399
42.028550
42.561717
40.261487
45.755661
48.926636
44.963449
46.671568
46.906175
46.549478
44.193210
44.183284
45.465796
46.787816
49.889207
48.033115
46.511733
45.166987
45.735356
43.628056
43.471724
39.883600
41.863205
42.668310
41.821722
43.777973
47.125581
45.012977
44.704883
45.603704
44.414113
44.678509
44.433315
47.452539
46.728790
43.796459
44.713946
46.208080
45.574332
44.425149
43.962531
44.048089
41.399324
44.740707
44.122003
43.351962
45.140460
44.807459
40.068063
39.687375
42.104180
43.345155
46.113597
46.316579
44.708427
43.548737
44.141411
43.984345
44.712516
48.577409
49.342890
44.009537
42.904014
45.611625
45.684313
48.479823
49.710462
47.260930
45.909884
43.120479
44.004072
51.690641
49.553722
52.088589
48.670394
48.021043
43.109720
42.707183
42.499661
42.385429
39.661126
45.265268
53.069535
54.550608
46.700431
42.730173
42.719119
42.905851
42.789243
44.966710
45.608172
46.012700
46.330775
48.790529
44.233347
47.816663
45.996465
46.497294
44.235147
42.808869
45.664843
46.851502
48.153582
48.902755
43.666813
43.704686
44.374779
43.810147
44.744539
45.582483
45.386425
46.709397
47.665156
44.763175
47.101862
43.052105
42.756696
42.421037
44.506696
43.047000
44.909273
44.944345
44.070386
46.943564
46.433875
45.525156
45.844249
47.106517
43.587487
44.696791
44.845005
44.595678
45.038148
43.500876
43.277429
45.459288
44.616211
47.555304
47.607281
48.956797
47.093303
43.375134
45.172819
44.934989
44.845974
45.381252
47.080142
47.213952
46.883871
48.115440
44.646055
43.979544
45.813958
47.121899
47.908439
49.004209
48.499540
48.002742
50.538449
47.199948
49.762603
51.463382
49.066239
48.079309
45.922221
44.597145
49.088222
49.779787
48.392507
47.239495
44.140291
44.581874
47.084462
45.110769
47.154218
47.089222
45.181905
48.212281
47.678345
46.013483
45.573561
42.237506
40.183362
42.303936
41.591660
42.462589
41.132108
40.763361
48.363678
50.726244
49.734685
49.334036
46.479833
47.895774
46.160793
51.046088
46.088187
47.684413
48.441286
47.383752
46.124272
46.204939
45.737862
46.063766
46.160287
46.004864
43.755342
47.820829
44.284626
44.048171
46.027940
46.235324
46.101710
46.308185
45.271441
44.640218
45.462807
45.762034
44.113843
42.851880
43.833187
49.715524
47.842510
46.187318
41.616174
44.952256
46.368557
46.102248
46.523214
44.787715
42.306464
43.715450
40.933975
43.335128
43.492708
45.457654
45.259008
47.292846
47.388562
45.292297
42.789823
44.960184
44.475195
43.465981
43.949337
45.972317
50.165234
48.004106
44.396731
44.092030
47.683529
43.113371
45.447822
44.532447
45.683657
43.891892
42.807820
43.890619
44.515747
43.610240
48.966998
47.535233
47.992693
45.169117
44.041020
45.532289
42.813165
44.220054
42.210132
42.157272
41.881036
44.038678
42.724244
44.134697
46.460118
44.993949
45.416358
44.574595
47.185802
48.139949
47.481557
51.229640
47.964096
47.922392
46.126164
43.790309
46.739574
42.704829
48.706709
47.167986
47.605732
43.531154
46.564509
46.058852
41.912708
50.114034
50.116190
50.674168
48.068305
45.595271
46.020667
46.124125
46.047189
48.890655
38.541649
44.130919
44.071729
44.002216
45.044388
42.814131
43.559270
43.078551
43.876150
43.062203
43.818226
44.480023
43.749555
43.962429
46.360704
48.708355
46.869487
43.073486
44.658144
47.404580
47.095104
50.405355
47.145925
47.968625
46.025078
46.452189
45.744576
43.966143
40.994145
43.513269
42.192584
40.031778
42.891256
45.125136
47.279587
43.521265
43.394368
42.884066
45.203421
42.927262
40.462196
43.311191
42.775744
45.474329
47.115204
44.471560
46.995182
43.591119
41.269526
42.556897
43.505517
45.536794
44.481915
43.047511
49.808686
43.879899
43.669716
43.332405
44.508460
46.499178
46.825547
44.799085
43.817666
43.754116
40.815904
43.896910
42.510709
39.501838
41.677398
39.100423
39.227365
39.138334
40.212446
41.986310
42.537308
45.604145
45.571646
42.980051
43.568463
44.547574
45.061584
45.210333
44.897963
45.882391
46.556501
47.609085
44.694712
43.026372
44.746478
45.409851
44.020012
45.429638
47.227097
44.381888
45.393754
45.605240
44.471544
43.797821
46.754050
46.719356
45.388319
45.869128
47.132552
42.378688
47.398058
45.724704
46.275403
46.165596
46.133342
44.575125
41.698185
43.707480
42.918150
43.239128
41.259265
45.245032
45.690823
42.180963
42.647926
41.800083
46.995760
44.881939
44.765524
45.364715
45.988267
45.553150
45.148792
45.699028
44.594772
44.403604
44.414308
44.588882
45.433764
46.323624
44.382400
44.045654
43.176870
45.351279
47.002104
47.481391
47.258383
45.575596
46.195285
43.976326
44.045223
42.980489
43.727238
43.694316
42.529621
42.494611
43.959839
45.692514
45.851013
44.832189
44.439688
46.926168
44.416486
44.186862
49.483789
45.319140
43.337950
40.932567
42.485556
44.541880
46.779598
45.417898
46.010383
47.021709
46.105197
42.436865
45.428814
46.238254
43.758524
46.399966
45.132349
38.696900
42.193232
42.846745
42.595692
41.571866
43.863516
42.136296
42.922048
42.338661
43.051963
43.481178
42.762352
48.050720
46.384341
48.187620
45.096968
45.353965
50.503032
46.819657
49.177314
45.002297
45.412717
43.969224
45.172801
43.073884
47.227561
46.069200
43.232807
42.159591
43.297068
47.756480
47.196637
43.859216
43.858219
43.141544
43.291273
43.143866
44.296852
44.833485
43.357637
44.205489
44.197007
40.257652
40.162835
41.390680
40.604975
43.209786
41.918211
43.103426
43.849735
43.175463
41.355809
43.974728
42.369811
45.475439
42.491797
45.322345
43.377475
41.274233
43.006999
44.359604
43.475659
43.999454
44.554276
46.613532
44.069710
44.133062
43.022139
39.241128
45.048172
43.885158
40.451538
46.370644
44.091049
42.941006
38.958371
40.053654
48.252450
47.335860
57.178188
57.856162
49.483136
51.282923
46.789905
46.383641
48.178944
45.210799
50.009635
44.639678
43.892321
43.038227
46.266343
45.340972
44.430834
43.500880
41.755117
42.230273
43.223524
42.166954
46.200527
45.770902
46.271484
43.594122
46.291457
45.781797
42.157947
46.351919
46.078372
44.000345
46.976332
44.458872
45.419998
43.610836
43.052532
44.147641
48.131578
43.536852
43.560316
43.962680
46.033984
45.639801
47.917258
49.882255
43.312826
46.767752
45.405202
42.635483
47.581197
43.990169
44.636997
45.377074
45.997167
45.026241
43.900939
44.764298
38.234217
42.475690
43.268358
41.627050
47.114474
45.281517
42.431394
43.351579
42.935857
42.481325
43.636075
43.569257
43.631173
44.127468
41.328743
44.175739
43.870453
43.421742
46.844332
47.565669
48.733236
49.917238
47.926755
45.109692
46.966369
45.087503
45.891140
46.076958
77.924489
252.898651
41.521709
43.130028
43.697661
46.201527
42.206222
43.933461
42.070266
43.843440
42.337514
40.645906
41.354191
43.033534
42.307649
42.257968
44.012200
41.990419
40.638100
39.856794
42.772088
43.845345
42.979682
44.396816
45.022974
43.214273
40.721573
43.249947
39.613978
42.625525
41.587941
42.984105
45.073229
44.874452
46.743658
46.417412
48.591432
43.823192
46.271370
48.858421
46.766359
49.985707
46.372457
47.967854
47.681749
48.784636
48.104778
48.164840
49.169413
49.631611
47.221161
45.586935
47.260544
45.545512
44.554186
46.449099
46.298940
42.505270
45.578080
40.462856
42.129732
40.981359
39.866359
43.865709
42.147431
45.972202
44.842618
46.140449
47.993485
43.519604
43.866023
47.435152
45.878696
49.506370
50.554546
47.626552
48.205327
48.111964
45.010954
44.092905
44.538104
42.743066
42.747051
44.242433
50.173367
45.512949
46.281635
42.973258
41.732614
45.918030
43.161293
44.769431
46.916868
44.792525
45.032509
45.134128
47.145718
47.850573
48.446324
45.410254
44.861997
44.378468
47.301926
48.724338
46.262147
38.055115
40.032374
40.091064
39.945170
45.598020
45.909925
42.652881
43.321378
40.644224
43.690419
45.255072
44.184925
43.801189
41.645233
44.340359
47.300484
45.450693
45.643971
43.374170
45.010791
43.998081
45.970474
45.422979
45.679395
45.242164
46.999655
45.328397
46.057974
44.581070
47.352969
44.099650
40.478173
38.829112
41.443349
44.185347
44.565945
43.834567
42.945160
44.398808
48.250337
53.446081
44.899014
46.691345
47.318970
46.292260
44.734977
44.685422
43.167235
45.992444
45.374670
46.023809
44.440153
44.217289
42.555089
50.295657
44.306368
44.176733
43.041394
48.030712
47.104646
43.946316
44.815310
43.509894
44.261581
41.836021
44.477956
45.486336
44.396845
44.617209
46.304518
44.183496
44.512337
44.595625
45.215363
44.586102
47.291828
44.389293
43.424748
44.386759
45.407666
43.558634
45.732342
46.573982
45.478421
45.531445
41.953925
44.112005
44.514680
44.499911
42.034926
42.814131
43.678305
46.100189
50.378954
52.684948
49.225130
47.209737
53.881517
52.308842
50.518347
49.923376
53.025728
51.946096
43.519137
41.525480
46.743617
43.634457
44.834334
46.495470
46.035485
46.175870
44.897347
46.213698
43.735727
42.056688
49.141374
43.803515
47.117352
48.080651
46.323941
42.737057
42.678536
46.269132
44.640252
44.455373
42.143995
47.087589
45.579283
44.294527
46.061290
48.450411
48.906096
46.194854
44.118114
48.583110
45.132783
43.635884
45.580507
48.509132
45.536799
44.483422
46.223408
41.571853
43.146461
47.756997
43.931003
44.474584
42.317645
44.709975
46.328072
44.568310
43.655950
41.119625
40.856093
44.458354
46.572985
44.785081
39.907699
37.930576
38.712121
40.336320
43.900024
43.512822
46.027390
47.329672
44.344466
41.946757
44.736471
42.867873
42.669258
41.325473
45.366547
46.954168
45.822199
44.765269
43.687512
46.077929
43.817500
45.738424
43.736715
44.371450
45.441615
46.549615
45.765985
44.185812
44.086611
45.450882
43.474705
46.976589
43.668789
46.391761
46.075742
45.355006
45.410837
44.422250
43.194378
47.328751
44.954919
46.769058
48.816609
44.146289
41.904859
42.202928
44.872233
47.052437
47.263351
50.902364
46.566986
48.196688
49.703309
47.810075
46.520442
48.902506
44.053268
43.933691
44.514447
45.266304
44.507178
43.112723
41.960979
43.546406
44.150903
43.035323
43.138399
44.139675
44.702187
47.099855
45.716769
44.996349
44.504140
43.388767
42.766031
45.183067
47.253181
49.237304
45.750203
48.002211
53.396539
46.740199
49.032557
45.016873
42.134632
43.944416
44.218987
44.600313
45.241509
46.780724
47.265211
44.445246
45.256938
43.359226
42.747290
43.914391
45.385091
43.622126
43.696945
42.376528
45.429754
41.101579
42.913019
49.034497
50.649951
46.685339
43.749396
43.034814
44.233408
42.357333
46.508376
46.740002
45.845069
47.393327
47.434957
48.732235
46.194296
49.241824
44.527988
45.073102
44.751011
44.758919
48.839648
46.182883
42.069169
45.137229
47.622994
44.630095
45.463640
41.391360
46.863956
43.148382
43.941315
43.121177
43.575399
46.286254
45.369432
44.579728
45.814376
45.704427
43.142907
44.778736
43.498574
45.443182
45.314000
46.765268
45.928730
43.092400
41.464988
43.546217
44.691105
44.239816
46.471158
46.439928
45.230940
43.390565
46.594755
42.390178
46.244064
44.391827
45.975756
43.999893
43.500887
43.930155
45.338884
46.625930
44.319019
43.469460
41.762354
43.771715
42.515660
40.343564
43.414696
44.673436
43.482747
43.869145
45.076648
43.339497
44.522742
44.985158
45.009818
43.692502
44.303267
43.675928
45.304385
42.647229
42.914884
43.840317
45.106452
44.767524
41.907947
45.215376
44.693141
46.538462
46.854657
45.205781
48.669835
52.624793
45.074888
47.404574
47.616204
46.574519
45.479015
44.496643
47.334491
48.092144
47.358032
47.249185
46.879123
43.516072
43.747307
42.924607
42.046438
41.278198
42.985749
44.489384
41.770844
44.478115
46.116979
45.281427
45.632771
45.034692
46.473384
44.727029
41.525443
42.105711
44.590620
47.200066
45.288219
45.367199
43.548619
45.201568
44.565768
47.341307
49.450752
44.569685
41.963816
41.642820
41.565473
42.048163
42.171795
41.947999
46.743456
42.499278
46.425289
44.450310
43.329664
42.322078
42.461447
43.264084
45.882396
42.965371
41.656790
43.716908
42.661325
43.475382
43.509311
44.523485
45.195027
43.169861
42.918504
43.653068
46.286321
46.052325
46.374716
48.679848
44.407506
43.664949
47.967793
49.238420
50.051677
44.406446
46.000598
47.412070
45.428603
45.146952
45.337051
44.167861
44.038941
42.633774
44.224337
45.567469
45.944152
47.079679
45.214299
45.277789
42.527284
43.733138
45.493993
45.926874
45.379904
48.006045
44.271156
44.407570
45.836697
47.855609
45.360161
46.757969
46.781229
44.377837
46.930760
45.547988
44.259071
42.777677
46.409793
46.364645
44.616341
45.230446
44.974122
46.408437
44.774996
44.486263
46.912997
42.940852
45.297713
46.226183
45.449490
44.045570
45.254228
42.752427
46.568397
46.076944
44.636626
46.577002
42.465216
43.048022
47.417580
47.172032
46.358145
46.009678
47.236209
45.399961
39.908543
42.336947
43.041900
41.328525
45.555580
42.266574
44.602663
45.962385
44.027405
44.386166
47.233423
44.278109
47.771220
47.333765
45.151784
44.311075
42.204325
43.423037
44.936462
46.169013
43.094148
44.394578
44.264442
42.692568
44.929870
44.225728
46.267910
44.241584
43.617421
45.468077
44.022868
40.852992
45.093587
42.321325
44.483089
46.633321
46.369748
41.170768
44.056580
44.617194
41.165091
42.818744
42.533434
41.215165
45.322191
42.425983
46.065569
40.825348
38.842351
40.987532
41.690665
42.110264
44.217091
44.470080
43.018475
42.727937
39.939633
39.352278
46.016881
43.011932
45.504895
44.577395
43.592538
44.164572
44.256323
44.421043
48.010402
45.436570
43.800455
45.087609
47.442419
42.893864
44.605193
46.174934
46.278751
47.193128
44.263655
47.253964
47.302809
47.204993
47.370937
47.685201
49.934922
49.866679
44.284430
44.459804
41.106066
51.041884
47.179369
46.188933
46.781019
45.836315
43.720240
42.305162
44.661355
45.663254
45.140040
43.483546
44.440826
44.374601
43.191586
44.522186
45.468843
47.190249
44.418597
44.908877
47.737649
44.765219
42.784400
46.422291
44.322994
43.276506
45.579662
46.573164
44.265952
44.667077
45.434539
46.366272
44.019378
44.141670
45.398223
45.224998
42.851055
43.928158
44.240355
41.761368
43.167152
45.113717
44.537018
42.821714
42.479200
43.414610
40.960544
46.321086
45.451429
48.114179
46.086008
44.126253
44.012916
43.576358
47.118406
44.818842
42.484202
48.134700
43.776697
45.210647
48.225275
50.883562
49.063918
52.395317
44.574190
46.522696
47.454393
51.643825
51.671782
47.180607
48.603009
45.105686
47.747024
48.477412
51.354459
46.149501
44.276059
46.826569
45.026277
41.496160
47.108943
42.680424
44.902720
44.532542
43.862140
44.383601
42.701375
49.363011
48.298543
49.470974
46.735166
48.149806
47.157962
46.471195
44.428167
43.412683
44.769484
41.773051
44.454936
43.606404
42.930597
42.789202
42.066874
42.214340
40.492107
43.295916
46.803336
43.768274
49.197672
46.402542
48.915948
52.933058
62.797775
68.926738
163.377701
