50
42.642818
44.234932
44.324019
43.667375
42.189576
42.167936
43.649612
44.081829
42.230479
42.287973
42.251340
42.324578
43.371942
44.272078
44.544588
44.548089
44.576189
45.825467
45.769588
45.760423
44.647133
45.152958
45.819101
45.889110
44.922454
44.778050
45.782007
45.782573
45.775167
44.721936
45.208549
46.402620
45.808592
45.592085
44.567256
44.742261
45.780083
45.837303
44.607820
45.109663
45.889005
45.825902
44.804358
45.190164
45.898877
45.888425
45.500348
44.672115
45.552575
45.893263
45.749177
45.552912
44.524190
45.544633
45.740736
45.745769
45.782408
45.814611
45.763655
45.735042
45.769030
44.873954
44.790042
45.752432
45.784953
45.440383
44.965660
45.631124
45.748915
45.681893
44.539914
45.412881
45.787162
45.785572
45.487909
44.561856
45.061879
45.603653
45.627288
44.744821
44.688988
45.796294
45.771779
44.983452
44.724426
45.783975
45.776732
45.832390
45.862868
44.843893
45.012793
45.801081
45.788400
45.545918
44.539273
45.446875
45.778701
45.758821
45.857373
45.634779
44.375877
45.031240
45.759436
45.782297
45.330380
44.671275
45.635185
45.769215
45.788237
45.786371
45.782919
44.809700
44.894825
45.892720
45.859990
44.792443
44.544690
45.759107
45.797900
44.969989
44.541311
45.543510
45.810232
45.785534
45.825444
45.024637
44.608591
45.796819
45.886710
46.073859
45.244099
45.139236
45.963098
46.019863
46.005241
45.431727
44.882735
45.934970
45.895383
45.792298
45.004725
45.021293
45.988871
46.028992
45.998888
44.787367
45.099334
45.980966
45.920685
44.992198
45.123631
45.900017
45.941434
45.902963
44.885351
44.792205
45.751908
45.743937
45.755493
44.750305
45.108757
45.865089
45.915759
45.269411
44.656357
45.796186
45.797860
45.853708
44.827775
45.004614
45.949385
45.911336
46.026393
44.908401
45.345174
45.775447
45.789158
45.594604
44.557833
45.620877
45.782763
45.829003
45.654042
44.609829
45.329493
45.786031
45.784364
44.644600
45.191721
45.760888
45.786596
45.790506
44.922807
44.819434
45.767965
45.767296
45.785845
45.817626
45.602145
45.322322
44.549983
45.425875
45.762550
45.770493
45.061271
44.863952
45.903886
45.812922
45.784369
45.130868
44.636689
45.832504
45.942832
45.487759
44.519418
44.940040
45.781143
45.759863
45.078795
44.525977
45.209168
45.769439
45.661182
44.744526
45.152736
45.775987
45.803721
45.874575
45.055590
45.036946
45.928724
45.912998
45.902923
44.797763
45.130367
45.803832
46.184730
46.004624
45.239671
44.899364
45.722356
45.917537
45.852652
45.168564
44.539840
45.768203
45.768849
45.916364
44.865122
45.043845
45.769478
45.783647
45.627191
44.649582
45.246787
45.843186
45.771182
44.813271
45.154178
45.825054
45.765886
45.795562
45.270739
45.371739
45.955749
45.967227
46.047100
47.223427
46.711376
45.952325
45.928235
46.524004
47.083809
46.396420
45.871238
45.885444
46.898161
46.644897
45.932259
45.806722
45.834091
47.224782
47.099220
46.071600
46.085100
47.136953
46.306168
45.921139
45.908926
46.074218
47.093209
46.024212
45.807243
46.746633
47.088309
45.806819
45.943261
46.139842
47.212042
45.983749
45.793424
45.775318
45.917251
47.092314
46.185109
45.758380
46.356662
47.076544
46.039774
45.785783
45.791794
46.243420
47.178352
45.973614
45.757417
45.800627
45.879523
47.094198
47.096816
45.867368
45.786099
45.784374
45.783043
46.420131
46.693197
45.786599
45.768676
45.773431
46.281031
47.055889
47.063232
45.996042
45.789540
45.778591
46.592105
47.066196
46.510654
45.768796
45.788243
45.798684
46.045872
47.097884
45.964988
45.788997
45.779590
46.241792
47.082396
46.906241
45.770277
45.911549
46.846155
47.130760
46.701344
45.906707
45.818835
46.658294
47.075847
46.435152
45.869918
47.059950
46.390628
45.774966
45.769901
45.750979
45.955532
47.217969
46.076221
45.895878
45.901371
45.891905
45.875065
46.692468
46.567107
45.752034
45.770545
45.769459
46.927359
46.402223
45.804403
45.781949
47.255698
46.709236
45.776597
46.045833
47.083220
47.093774
45.915446
45.910120
47.099476
47.234826
46.013730
46.537990
47.171345
45.914957
45.931426
45.860377
45.759473
46.661863
47.160043
46.487062
46.019175
47.242921
47.230081
46.231476
46.416616
47.238530
47.042512
45.915018
46.775672
47.238233
46.319859
45.936488
45.911946
45.935818
45.965217
47.215047
46.340341
45.774546
46.406081
47.160769
46.218041
46.315717
47.265319
47.228798
46.340127
46.136887
47.303250
46.740439
45.904772
45.899772
47.124632
47.246854
46.351036
45.959265
45.946617
46.427047
47.228630
45.953156
46.443108
47.331865
46.122615
46.145184
47.204989
47.228516
46.023076
45.940359
45.901494
47.089799
47.315524
45.942595
46.278121
47.359923
46.574074
45.848815
45.831907
47.219355
47.146915
46.871981
45.954990
47.104305
46.667769
45.805270
45.937018
47.109986
46.611966
45.788258
45.799325
46.496059
47.017046
45.970115
45.780757
46.082304
47.199777
46.367714
45.922883
45.887975
45.820980
47.038859
47.098657
46.518172
45.932811
46.235703
47.233445
47.247113
46.215614
46.670808
47.273756
47.110362
45.871564
45.881171
46.961202
46.836982
45.806428
45.946411
46.738348
47.056113
45.833232
45.801285
46.292238
47.272352
46.745360
45.945271
46.897573
47.491736
46.253792
46.174140
46.074906
46.850429
47.311373
45.923087
45.927547
46.883772
46.554623
45.985559
45.935033
45.946197
47.211154
46.876107
45.902208
45.923085
45.951462
47.005918
46.987885
45.913666
45.945743
46.042504
45.921698
46.551326
46.981981
45.932848
45.955788
45.937523
46.579328
47.285336
45.995149
45.926217
46.231323
47.161581
45.895452
45.639121
45.590314
45.604389
46.249097
47.094324
45.973456
45.778254
45.801372
45.793993
45.766357
45.799556
45.790137
45.987450
45.812006
46.097919
46.766409
45.820683
45.910853
45.852358
45.831360
46.011621
46.569873
47.247877
46.205307
45.921609
46.035126
46.994312
47.027313
46.058430
46.064581
45.921661
45.775869
46.765108
46.458190
45.940016
45.921132
45.967620
45.905124
45.912742
46.703260
47.219446
46.543747
45.940079
46.640811
47.227806
46.084485
45.900761
45.848306
46.832376
47.360781
47.084944
46.119037
45.942797
46.629307
47.322425
46.092334
45.904034
45.811260
46.332455
47.275791
46.274953
45.916912
47.015410
47.242925
45.991283
46.059084
45.919610
46.055514
47.269225
46.959671
45.921314
45.996792
45.955865
47.113283
46.905005
45.953056
45.881519
46.622557
47.487026
46.305379
46.046287
45.989009
47.304224
46.861691
46.007448
46.117096
47.415279
47.336972
46.566668
45.948593
46.024214
46.003481
46.984147
46.987592
45.972201
47.067040
47.304058
46.733054
45.972456
46.627534
46.916188
46.365098
45.601247
46.416661
46.912951
45.711867
45.596946
45.605739
46.701736
46.654712
45.604556
46.253846
47.246180
46.070461
46.216294
47.133763
46.110059
45.917590
47.094933
46.414054
45.773479
45.869355
46.804536
46.705936
45.894236
45.799738
45.799339
46.087498
47.079199
46.157699
45.767610
45.818008
47.075165
47.089208
46.324942
46.004575
47.206249
47.034125
45.908298
46.000519
46.523422
46.958471
46.624083
45.784028
46.890626
47.082880
46.150818
45.785417
45.772747
46.357740
47.083408
45.869840
45.748906
45.770526
46.585448
46.769630
45.767554
45.817507
45.898838
46.300278
46.964561
45.776421
45.787993
45.791292
45.795464
46.335486
47.104685
46.458142
45.792541
45.772313
45.792013
46.392117
46.952530
45.773702
45.782625
45.932553
47.272263
47.123005
46.691270
45.758969
46.617197
46.849663
46.502856
45.783474
46.719323
46.993729
45.771001
45.806111
45.804516
45.805892
46.837191
46.173210
45.617039
45.616167
46.873751
46.921462
45.771754
45.753223
46.930718
46.007436
45.633608
45.613872
46.034177
46.921826
46.914487
46.213409
45.783321
45.804406
45.978032
47.084828
46.021317
46.028870
47.085763
46.398472
45.884031
45.963487
45.908457
46.426145
47.272753
46.096827
45.955346
45.943672
45.979236
47.087744
46.602155
45.806494
45.961973
47.147712
46.284754
45.925885
45.932605
45.943135
46.709477
46.946879
45.916336
45.894712
45.761905
47.023425
46.800087
45.780350
45.787793
45.937861
46.799482
46.902304
45.901790
45.866106
45.845121
46.441667
47.051027
46.030477
45.954973
51.410221
46.875799
45.988315
45.800767
45.803039
45.784930
45.798568
45.781100
46.890869
47.397467
42.681939
43.160706
42.488371
42.428272
42.586988
42.392884
42.532764
42.619013
43.920354
44.661931
45.764821
45.960180
47.156919
46.222753
47.242428
46.110732
45.819851
45.799788
45.830370
46.011304
47.155247
46.108609
46.009516
46.503840
47.201887
47.103378
45.933072
46.438837
46.935214
46.310115
45.600790
45.614236
46.962239
46.937223
46.629866
45.644027
45.635630
46.600176
46.921352
46.025384
46.213518
46.938326
46.295131
45.651453
46.839402
46.961662
45.968035
45.892497
46.927409
46.907974
45.703342
45.689753
46.935100
45.939539
45.623632
46.668812
46.919571
45.955583
45.613807
45.644500
45.614632
45.645651
46.860290
46.910012
45.636379
45.668566
46.952991
46.904081
46.940066
45.751250
46.356789
47.050556
46.573576
45.781323
46.391883
47.101485
46.109545
45.892657
45.791329
46.680140
46.501129
45.783822
45.932005
47.063811
47.090916
46.063936
46.142387
47.077753
47.285136
46.166213
45.987850
46.007447
46.043160
47.123363
46.213075
45.799228
45.806418
45.829694
47.192811
46.319024
45.962286
47.206795
47.277943
46.114439
46.000929
46.554664
46.898557
45.907411
45.876640
45.798519
46.927282
47.122824
45.917686
45.813833
46.435083
47.216892
46.363654
45.862464
47.114899
47.083868
46.044751
46.180093
47.241469
46.347176
45.795937
46.896058
46.889322
45.795910
45.820379
45.810918
46.919758
46.382782
45.689821
46.948816
46.654760
45.869000
45.935172
47.089711
47.072306
45.856304
46.612271
47.243373
46.916826
45.947582
45.863547
47.165687
46.359044
45.907287
45.910585
45.918359
45.896449
46.241329
46.980221
45.789631
45.793276
46.760149
46.733013
45.952404
45.899494
45.869242
45.872170
46.950324
46.457322
45.944122
45.930065
45.924449
45.910359
45.841518
46.298226
47.124221
46.035583
46.174290
47.206840
45.989851
46.149408
45.904769
45.931366
46.009948
47.107948
46.550510
45.889828
45.814751
45.970908
47.174892
46.893501
45.838765
46.697022
47.122539
46.253757
45.814841
45.947551
45.844504
47.018110
46.954542
45.839976
46.540354
47.281313
45.913140
45.786311
46.404037
47.088905
46.706475
45.796115
46.598427
47.039986
45.818195
46.335878
47.133577
45.890643
46.128041
47.225266
47.068059
45.835799
46.609143
47.165099
46.154988
45.797728
46.513424
46.917587
46.923944
46.909333
47.091664
46.367681
45.781525
46.870488
47.214976
46.320423
45.813984
46.177763
47.299211
47.070675
45.789903
46.779540
47.123432
46.805535
45.949685
46.457082
47.117498
47.151201
46.474312
46.211855
47.150013
47.248761
46.121596
45.965746
45.933699
45.951966
45.932131
46.774003
46.958905
45.949096
45.974283
45.918847
47.042820
47.104293
46.193581
45.828088
45.905225
45.940834
45.803918
47.246569
46.276627
45.979529
46.314420
47.296657
46.484601
46.133756
47.153739
47.101812
46.009704
46.010833
47.134613
46.341246
45.971049
45.943210
45.993494
46.212799
47.118131
47.112655
45.963463
45.977442
45.997233
45.977448
47.197790
46.388125
46.046530
45.894959
46.335963
47.138391
47.106460
46.132280
46.537789
47.188908
46.794384
45.791635
46.908777
47.206439
45.858089
45.843575
47.102272
47.131945
46.708147
45.823909
46.638398
47.137764
46.467998
46.157539
47.238291
46.634857
46.081206
47.155305
47.009845
45.861481
45.805638
46.865008
47.178026
46.600864
45.785813
46.230591
47.215738
47.243798
45.931271
46.486485
47.268601
47.187731
45.937492
46.688545
47.170732
46.768541
45.918884
47.036036
46.890975
46.068995
45.568361
46.931126
46.942693
45.850218
46.078900
46.963068
46.904088
45.769894
46.615593
47.107275
46.450294
45.821549
47.006770
47.079205
46.033102
46.192564
47.107419
47.135029
45.879197
46.690927
47.138862
46.750038
45.799169
46.829988
46.640511
45.800994
45.783461
45.804468
47.055655
46.899545
45.939662
46.622761
47.237302
47.187739
45.877209
46.592885
47.088015
46.901372
45.834469
47.151421
47.129312
47.087505
47.108869
46.546805
46.355991
47.258198
47.192339
45.803557
46.612576
47.083302
46.869667
45.933242
47.059195
47.223905
46.540327
45.942674
47.086980
47.113040
46.399463
46.035052
47.115549
47.110765
46.115682
46.276114
47.095906
46.600508
45.778772
45.777338
46.613465
47.084565
46.639939
45.901234
47.046820
47.082113
46.558032
45.912738
47.181087
47.127364
46.239303
46.672067
47.276195
47.148544
45.932448
46.812338
47.135658
46.010175
45.935177
45.938157
45.842350
46.868579
46.531260
45.789541
46.186350
47.074502
46.980076
45.955035
45.974837
46.004670
47.155154
47.201283
45.936810
46.002023
46.370321
47.071019
46.810714
45.622278
45.786725
46.926689
46.052237
45.616046
46.860910
46.935420
46.325637
45.667372
46.727473
46.685570
45.619537
45.650509
46.056014
46.947137
46.917343
45.868102
45.934062
46.905777
46.961282
45.691760
46.189881
46.921949
46.792615
45.619651
46.360779
46.923064
45.759911
45.897406
46.917957
46.137644
45.609668
45.636803
45.614904
45.630547
46.754769
46.650081
45.634518
46.416786
46.939918
46.439562
45.647121
46.762649
46.924423
45.908704
45.671545
46.948518
45.869998
45.628708
45.627316
45.616493
46.547058
46.912477
46.255334
45.621346
46.874036
46.482369
46.294283
47.120655
46.875063
45.809470
46.843349
47.141950
47.110538
47.127725
46.949142
45.830291
45.782061
45.892806
47.085544
46.632289
45.818670
45.802669
45.783340
47.034879
47.080532
46.207504
45.794950
47.207320
46.790585
46.003376
45.928618
45.851817
46.594570
47.027889
45.916876
45.962455
45.899108
45.797393
45.842445
47.077672
46.138578
45.790518
46.711064
46.780134
45.862944
46.350704
45.899526
45.914705
45.926251
46.726995
46.867564
45.821611
45.790368
45.871048
45.877697
46.825764
46.916589
45.970743
45.948509
46.341872
47.213232
45.959257
45.928488
45.934044
45.922172
45.804123
45.828862
46.912147
46.830761
45.816461
45.784252
45.744466
46.919941
46.935143
46.455914
45.624142
45.670513
46.802094
46.218538
45.637900
45.792607
45.634394
45.774330
47.041523
46.300929
45.797016
45.787460
45.797897
46.270851
47.046523
45.828543
45.799071
45.818019
45.786526
45.835182
46.021275
47.080663
45.917491
45.805212
45.812291
45.777991
46.101130
47.084074
47.079375
45.769306
46.057344
47.096092
46.064872
46.207957
47.104978
47.112542
45.907796
45.818342
45.806113
46.626535
47.109501
45.805851
46.574316
47.073884
46.218519
45.828804
47.108050
47.086224
45.875810
45.812998
46.899402
47.122414
46.519874
45.808393
47.045539
47.105119
46.112088
45.791992
45.798765
45.792327
45.818220
46.391617
47.079072
45.810959
45.839380
45.798919
46.646494
46.776518
45.788804
45.801356
45.789880
46.448666
47.095464
46.651488
45.801706
46.442936
47.128371
45.913487
45.907633
47.074239
47.106550
46.231365
46.032718
47.127270
46.133984
46.131067
47.098920
47.045986
45.808655
46.532716
47.108105
46.286179
45.795370
45.790329
46.555102
46.991431
45.835877
45.786484
45.807720
45.806139
46.086008
47.095109
46.128162
45.834649
46.703402
47.155759
46.766077
45.816165
46.684323
47.112976
45.876350
46.381287
47.132555
47.026300
45.804817
46.540657
47.106121
47.090803
45.955369
46.419284
47.074053
46.899504
45.802123
45.811598
46.895777
46.829562
45.807549
46.783030
47.000489
45.788067
45.804226
45.874626
47.119699
47.095061
46.085961
45.773684
45.996310
47.068112
47.079729
46.809009
45.776168
46.351500
47.083458
46.680487
45.808080
46.688728
47.069592
45.832105
45.820443
46.479675
47.098069
46.966046
45.816824
46.621924
47.113033
46.488278
45.777505
46.945465
47.111599
46.180629
46.154735
47.294978
46.067920
45.959217
46.074665
47.134274
46.036986
45.835669
45.942225
45.913704
45.928118
46.967971
47.260965
46.232721
45.900442
45.955759
45.942393
46.091592
47.151684
46.559468
45.933503
46.487903
47.279242
45.945497
46.650722
47.252095
46.835370
45.994191
46.534966
47.264278
47.030928
45.977906
46.943596
46.740222
45.808666
45.815440
45.794623
46.336869
47.100909
46.823654
45.941498
45.906116
45.706077
49.485057
45.988018
46.916187
45.974913
45.620971
46.637275
46.967868
46.736909
45.665805
46.296856
46.938023
46.109578
45.626203
45.891794
46.962221
46.945029
46.228444
45.807578
46.905206
46.930518
46.567118
45.642998
45.919028
46.951136
46.919657
45.609805
46.431938
46.911025
46.892809
45.640247
47.608124
48.961339
48.313635
49.531827
49.544405
49.471465
49.800931
49.991464
51.049763
50.481718
51.017731
51.478588
52.587504
52.563189
52.610501
52.216401
53.284688
54.024183
52.108175
51.893451
53.747673
53.382742
52.595003
52.429540
51.288147
47.748443
47.627017
46.562965
47.229437
47.831949
47.863607
46.312528
46.762130
47.839687
47.839026
46.600922
51.370221
53.743284
52.519971
51.969634
52.655450
47.758361
47.147234
46.239133
47.516842
47.734311
46.662987
46.307932
47.368994
47.929883
47.614953
46.577663
47.064890
47.916346
47.898742
46.587480
46.603298
47.971493
47.934347
46.824401
46.444217
47.573249
47.919025
47.325234
46.660966
47.377156
47.887482
47.783045
46.515250
47.174330
47.789726
47.706102
46.401391
47.322396
47.931290
47.905814
46.691995
46.790304
48.046622
47.588812
46.641683
47.473398
46.831244
46.055503
45.991091
46.075529
45.986400
45.952759
45.996804
46.948385
46.894519
46.085038
46.066650
46.073063
45.970452
45.935710
45.929940
46.468897
47.253882
46.298565
45.983114
45.988020
46.668081
47.232441
47.227856
46.107330
46.185849
47.130671
46.233579
45.966670
45.917443
45.808152
46.392132
47.133915
47.120391
46.048479
45.811100
45.834594
45.824209
47.110735
46.539768
45.825879
45.818453
45.910230
46.776206
46.560305
45.920909
45.807835
45.802717
46.425194
47.120752
46.783805
45.875792
45.833858
46.854276
47.277544
46.411009
45.891405
45.949911
46.769761
47.234075
46.686367
45.977740
46.914686
46.918647
45.953635
45.816533
46.088397
47.179614
46.504856
45.935523
46.127374
47.125986
47.123659
46.071678
45.828101
45.822531
46.705439
47.116667
47.035397
45.827165
46.424970
47.133272
46.989999
46.205204
45.851588
47.121093
46.247100
45.843621
45.842471
45.902435
46.076504
46.027657
45.979357
45.983453
45.986747
45.981590
45.389770
44.735988
45.920337
45.894218
45.877381
44.833408
45.037467
45.904162
45.847392
45.347747
44.597910
44.955490
45.806219
45.465624
44.587669
44.897139
45.837053
45.331468
44.590799
45.400919
45.633924
45.652486
45.634205
44.991570
44.612365
45.463636
45.870805
45.194680
44.597002
45.460518
45.832463
45.223738
44.577690
44.874901
45.795713
45.494378
44.603217
44.919740
45.796539
45.672327
44.591515
44.571840
45.735189
45.832481
45.539617
44.639433
45.418332
45.816837
45.841903
45.239120
44.649799
45.614246
45.928706
45.876013
45.228317
44.652799
45.256420
45.941713
45.969678
45.639448
44.728484
45.655053
46.088468
45.587223
44.871250
45.362126
45.997514
46.028275
46.100114
45.249355
44.888277
45.830448
45.962315
45.949501
45.313448
44.951059
45.803498
45.907126
45.136405
44.744387
45.430975
45.933538
45.649153
44.566393
45.044474
45.837214
45.760767
44.591595
44.786574
45.796822
45.788832
44.576327
44.585220
45.560501
45.799399
45.367773
44.581003
45.413275
45.781571
45.610546
44.531309
44.566491
45.582215
45.805949
45.812686
45.820741
44.838476
45.476089
45.804378
45.452565
44.575176
44.962806
45.890385
45.370957
44.601231
45.280593
45.797794
45.192602
44.743137
45.189281
45.871755
45.432174
44.653109
45.341860
45.881667
45.575580
44.630268
44.971917
45.950448
45.823233
44.923478
44.633511
45.070676
45.811105
45.510582
44.569831
44.645416
45.738016
45.947489
44.757945
44.714633
45.565939
45.951035
45.129838
45.060798
45.820666
45.812602
44.874727
44.597525
45.216841
45.805528
45.814615
44.653617
44.601300
45.480218
45.813574
44.913543
44.571831
45.429798
45.809679
45.191899
44.574003
45.256851
45.795774
45.043627
44.571506
45.198167
45.830221
45.763533
44.676898
45.372664
45.907968
45.951427
45.564838
44.685103
45.807828
45.797961
45.592240
44.579492
45.229725
45.818268
45.847023
45.068393
44.975927
45.931232
45.892386
45.418415
44.733758
45.654338
45.965754
45.935975
44.686562
45.078361
46.069197
45.980601
45.345948
44.564213
45.762068
45.947114
45.755710
44.723029
45.230752
45.964282
45.959004
45.141863
44.788349
45.887260
45.784855
45.827128
45.902360
46.016844
47.101073
46.397643
45.803376
45.898479
47.112021
47.121888
45.935603
46.336288
47.138533
46.009244
45.794741
45.823677
45.818489
45.925386
47.142177
46.076830
45.827198
45.821885
45.927745
45.814839
47.105685
46.125750
45.811674
45.985339
47.134481
47.116467
45.844236
45.827388
45.833107
45.820836
45.807979
46.993989
47.090563
45.803794
45.805635
45.789199
47.111524
46.359176
45.824521
46.109778
47.101721
45.843857
45.813321
46.755730
46.825611
45.803928
45.890951
47.127503
46.854891
45.830624
45.773075
45.826943
46.298507
46.905645
45.805023
45.837346
45.785439
45.789517
45.796488
46.390556
46.968955
45.815631
45.806025
45.797720
46.321932
47.112413
45.802632
45.793178
45.787310
45.813305
46.080679
47.096949
45.970443
45.816711
45.831076
45.788771
45.798002
46.700056
46.874257
45.823766
45.810235
45.811741
46.697771
46.596907
45.816780
45.794035
45.797575
45.816233
46.975422
46.517341
45.796853
45.831498
45.801401
45.828161
47.092271
46.166278
45.825838
45.803065
45.797899
46.669888
47.118956
47.111573
45.981006
46.622292
47.219289
46.187171
45.795779
45.815565
45.837728
45.814548
45.956517
47.128248
45.993835
45.795336
45.812795
45.818715
45.971259
47.104475
47.115382
46.883233
45.783269
45.802001
47.019926
47.099842
45.991530
46.033243
46.937480
46.941248
46.385143
45.649929
46.760046
46.957437
46.323674
45.645024
45.665573
46.070457
46.949023
46.513851
45.641582
46.511164
46.494595
45.647329
46.089109
46.946101
46.934863
46.014638
46.428682
46.941060
46.776071
45.630214
46.516909
46.935019
46.269800
45.645642
46.933603
46.932830
46.010006
45.638770
46.447767
46.562794
45.633959
45.647826
45.665966
46.908620
46.943529
46.377636
45.645040
45.652335
46.508219
46.631586
45.622682
45.741071
46.926443
46.388991
45.638469
45.641169
45.637634
45.647305
45.636472
46.895291
46.049834
45.651600
45.633154
45.646390
46.083167
46.945578
46.940295
46.101261
45.984766
46.957984
45.855248
45.630376
45.634988
45.623141
46.238424
46.696357
45.643238
45.636712
45.937559
46.925047
46.726237
45.807303
45.816214
45.814031
45.830143
45.821388
45.882253
46.594958
46.826653
45.957397
45.957920
46.802169
46.927629
45.947783
45.938597
46.248452
47.135956
46.790112
45.654567
46.462973
46.915056
46.737684
45.622559
46.555911
46.946885
46.493934
45.820938
45.831128
46.396349
47.114519
46.720178
45.821358
46.834583
46.778242
45.833766
46.084967
47.109441
46.800579
45.812943
45.807719
46.608527
46.999220
45.812101
45.792678
45.798224
46.299768
47.007949
45.792882
45.833794
45.806956
45.804148
45.832287
46.921574
47.062020
45.819699
45.797430
45.778748
46.559122
47.107905
45.948113
45.790710
45.800230
45.798034
45.801652
47.103117
46.368708
45.800973
45.813948
45.796070
45.816358
46.130080
47.073410
45.793810
46.007185
46.199158
47.102995
46.560434
45.783215
46.696947
47.102991
47.135390
46.770909
45.845361
45.797354
46.331090
47.104710
45.806887
45.812886
45.827192
45.813627
45.825688
47.077575
46.391509
45.820381
46.307912
47.100375
45.839593
45.795777
46.068317
47.112147
46.222481
45.942025
47.133573
46.165970
45.812335
46.733497
47.136716
46.235162
46.477026
52.368935
46.542121
45.915999
45.814104
45.799985
45.794718
45.837986
45.805499
45.820366
45.816440
46.900784
46.699521
45.830527
45.801362
46.674698
47.038810
45.816082
45.809434
45.785479
45.804413
45.787828
47.055218
46.224436
45.801347
46.083979
47.117732
47.100924
46.032202
46.259840
47.101400
46.452364
45.799731
46.528997
47.113224
46.860672
45.787827
46.778028
47.104260
46.793107
45.825005
46.985585
47.363046
47.360546
46.089970
46.112441
47.274326
46.299214
45.952931
45.812807
47.061933
47.112839
46.846087
45.801319
46.011966
47.126883
47.177576
46.124490
47.060156
47.158901
46.405304
45.832108
47.108628
47.118224
46.120278
46.102118
47.141834
47.112267
46.190948
46.300988
47.201986
47.061203
45.996306
46.946089
47.138531
46.624768
45.820410
47.021670
47.217921
46.002662
46.578324
47.245531
46.809210
45.642388
46.518012
46.944707
46.540657
45.624764
46.722887
46.941266
46.421190
45.674794
46.941896
46.934922
46.186303
45.829825
46.934112
46.676751
45.654054
46.310077
46.945477
46.913220
92.898552
53.259503
42.581226
42.277139
42.529225
43.107964
42.934140
42.594519
42.854299
42.279342
42.951454
42.266346
43.057301
42.611421
42.268879
42.826755
43.079219
43.400646
43.943805
44.976307
44.581817
44.548812
44.589228
45.764838
45.799626
45.622276
45.223386
45.905595
45.907757
44.975869
44.744182
45.410173
45.878054
45.178755
44.638350
45.647920
45.948178
45.233726
44.644877
45.152562
45.802897
45.357491
44.690059
45.056532
45.864008
45.439196
44.564187
44.963035
45.814005
45.702144
44.665427
45.484422
45.981552
45.459018
44.651624
45.545592
45.984812
45.934348
45.860331
45.804052
45.675583
44.646039
44.827378
45.893010
45.883134
45.031407
44.596968
45.126926
46.004389
45.642188
44.810618
45.206056
45.934620
45.755251
44.593200
44.998771
45.761896
45.872811
44.933268
44.680912
45.616309
45.749029
45.240746
44.638103
45.077576
45.919882
45.914367
45.072583
44.825252
45.766465
45.877342
44.968595
44.825791
45.779938
45.923170
45.776919
44.575542
45.167374
45.903330
46.016744
45.182315
45.002266
45.946567
45.824102
45.492216
44.783699
45.427774
45.912635
45.913643
45.041707
44.837331
46.061600
46.043474
45.645614
44.685231
45.525075
45.838570
45.959963
45.844228
45.939333
44.999876
44.786103
45.894068
45.894254
44.918553
44.649531
45.298294
45.874534
45.394960
44.681823
45.032746
45.891691
45.454947
44.652568
44.935355
45.987820
45.866502
62.532776
43.337244
43.776193
44.590195
44.767605
45.910485
45.929807
46.010922
46.025384
46.040140
46.051292
46.041757
45.939515
45.918433
45.924749
45.877436
45.755217
45.749801
45.739856
45.783587
45.906424
46.106481
47.096779
47.096400
45.900973
46.244293
47.067157
46.738637
46.704271
45.903808
47.263450
48.870059
49.103518
45.799830
45.757632
45.775373
45.762062
45.786520
45.764448
45.777203
45.778779
45.760025
45.771545
45.749625
45.781281
45.761530
45.765090
45.755770
45.783340
45.771290
45.757843
45.774837
45.761959
46.943585
45.945883
45.763590
45.773052
45.765316
45.777963
45.792210
45.777851
45.784434
45.750055
45.779832
45.764493
46.178195
47.068704
47.076714
45.838664
45.762995
45.788676
45.768927
47.071055
46.625405
45.766847
45.752147
45.776919
46.320908
46.923435
45.780565
45.804293
45.763024
46.095747
46.934764
45.870416
45.721197
45.799131
45.760118
45.778479
46.994158
46.203615
45.792668
45.773360
46.764627
47.109530
46.073215
45.936394
45.931021
45.765759
47.081747
46.164788
45.873132
45.943020
45.844984
45.772041
45.769874
45.771988
46.822558
46.873813
45.984700
45.721822
47.095713
46.965589
45.778567
46.312735
47.068522
46.699724
45.770238
46.742054
46.808258
45.751731
45.781353
45.797538
45.778068
45.795060
46.359417
46.803813
45.766386
45.793036
45.746841
45.818663
46.973157
46.469989
45.770429
46.023282
47.071741
46.344948
45.743025
45.782741
45.778937
45.759607
45.776433
45.774035
46.318102
46.792510
45.779817
45.780010
45.781218
45.749227
45.785486
46.746876
46.929132
47.017255
47.077851
46.153908
46.498163
47.072865
45.789163
45.788311
45.797031
45.777915
46.737787
46.337759
45.786667
45.781791
45.792321
45.763661
45.819858
47.085843
46.029354
45.792724
45.773552
45.776955
47.070922
46.407167
45.780680
46.909389
46.542451
45.792808
45.811780
45.750916
45.833084
45.950672
45.881509
45.777326
46.892044
46.204485
45.773495
45.747837
45.623519
45.598572
46.794343
46.811042
45.779812
45.775550
47.054496
46.414899
45.804188
45.777887
45.772246
45.761885
45.822167
46.977242
46.075758
45.743535
45.762132
45.779214
45.796929
46.782912
46.486538
45.786366
45.971816
47.066792
46.893079
45.772125
45.786057
45.774851
45.778640
45.821473
47.098255
46.402553
45.765937
45.760554
45.784636
45.783581
45.764568
45.997990
47.074734
45.899599
45.822912
45.810844
45.763250
45.798839
45.757728
46.372747
46.974835
45.773527
45.790622
46.627889
47.070523
45.965022
45.795118
45.762597
45.773390
46.425854
46.895878
45.590535
45.595611
45.745401
45.779536
45.893158
45.773714
46.516168
46.654669
45.765430
45.773967
45.777933
45.781775
45.768674
45.780090
45.751077
45.776991
46.303213
46.802794
45.767923
45.775654
45.773696
45.792954
45.757832
45.748512
45.773296
45.750007
46.381107
46.702144
45.746462
45.759530
45.747607
45.780681
45.757140
45.754078
45.761325
45.785739
45.776625
45.880661
47.077809
46.117629
45.766413
45.759097
45.764957
45.762840
46.796079
46.457912
45.799867
45.770878
45.759740
46.039505
47.075723
45.907817
45.752518
45.746781
45.771882
46.189085
47.076261
45.856014
45.943501
45.918475
45.918528
46.497652
47.250197
46.211081
45.889368
45.785708
45.762220
45.776481
45.759862
45.803488
45.858394
45.749456
46.419137
46.644516
45.751803
45.804385
45.803511
45.762338
45.767244
45.901000
45.618561
46.292203
46.501749
45.790221
45.788829
45.783612
45.789783
46.416747
46.866536
45.797982
45.771377
45.783186
46.113499
47.101908
45.777217
45.795949
45.790912
45.783225
45.936949
47.090344
45.806773
45.807881
45.785404
45.888677
45.759041
45.792190
46.582865
47.073732
45.801507
45.793183
45.787829
45.776182
47.042457
46.466798
45.786727
45.794497
45.828892
45.771982
47.035221
46.179025
45.778768
45.800329
45.883557
46.511675
46.868899
45.792416
45.782315
45.783455
45.804473
45.794093
45.795986
46.552913
46.693439
45.787251
45.799723
45.794758
45.796956
46.746643
46.295034
45.783252
45.781675
45.775196
46.918699
46.776211
45.762016
45.792490
45.753729
45.747422
45.772592
45.899057
47.068918
45.898555
45.755506
45.789179
45.777274
45.764123
45.749119
46.005800
47.082198
46.177787
45.759327
46.796498
47.098517
46.148978
45.777061
52.996315
46.900007
46.366027
45.882116
46.394284
45.599351
45.571433
46.261775
46.912090
45.719681
45.711364
46.895856
46.742181
45.580741
46.517401
45.734115
46.465213
51.625057
45.749152
45.593679
45.583070
45.583373
45.575489
46.094871
46.895337
46.499418
45.588181
45.746233
45.786475
45.735166
45.732419
47.014983
46.016592
45.678424
45.696773
45.911965
46.976369
46.150195
45.684137
45.666098
46.254945
46.986773
46.493677
45.684905
45.652242
45.589476
45.593725
46.343638
46.328792
45.577909
45.593690
45.581456
45.605353
45.613937
45.586852
45.570371
46.192902
46.528839
45.601139
45.559522
45.585579
45.577555
45.605626
45.634328
45.579691
45.591650
45.576689
45.569101
45.585348
46.719031
46.884011
46.781603
45.571838
45.589735
45.601452
45.627408
45.991675
46.877605
45.724460
45.577608
45.583475
45.602690
45.582555
45.588745
45.587155
45.579706
45.597110
45.596533
45.610893
45.592973
46.412755
46.258829
45.594106
45.582361
45.662875
45.590008
45.618666
45.609166
45.882566
46.898885
45.584840
45.596604
45.588102
45.597217
45.645020
46.094197
46.674857
45.594693
45.577588
45.586513
45.675600
45.604549
46.088587
46.549163
45.614806
45.598081
45.616191
45.590993
45.722733
46.867747
46.767139
45.914653
46.131940
47.067464
46.008024
45.787616
45.758810
45.776666
45.775554
45.743168
45.751916
47.223670
46.650648
46.159076
46.610564
47.305663
45.958654
46.018474
46.752928
46.900071
45.886405
45.904300
45.783029
46.545955
46.576175
48.761574
47.892612
45.802347
45.788278
45.789948
45.778388
45.771673
45.765744
45.783983
45.766980
45.775305
45.768330
46.132856
46.040348
45.801154
45.795289
45.738294
45.625102
45.602618
46.707056
46.099617
45.631752
45.574195
45.570452
46.256700
46.811927
45.593953
45.600146
45.596180
46.658667
46.901890
45.583155
45.605751
45.569807
45.583099
45.591048
46.608212
46.325587
45.578383
45.597851
45.630121
46.653667
46.231311
45.589827
45.594636
45.586439
45.589443
46.606346
46.911202
45.663663
45.680842
45.682934
45.676512
46.164146
46.977598
45.732797
45.668684
45.585253
45.605804
45.601587
45.596281
46.748281
46.209090
45.584730
45.590954
45.587313
45.579981
45.617303
45.600404
45.583539
46.725691
46.133081
45.604320
45.599066
45.727073
46.043417
46.897962
45.661506
45.597507
45.582590
45.589345
46.739778
46.910267
45.999835
45.581012
45.614473
45.588123
45.572207
45.582726
46.351039
46.690598
45.597238
45.613319
45.599052
45.593921
45.629940
45.600281
45.600785
45.622430
46.740925
46.007110
45.595546
45.608930
45.598324
45.595192
45.593709
45.592025
49.672076
