50
29.580064
26.579331
26.580819
26.597904
26.578451
26.614122
26.584518
26.587925
26.598036
27.441428
27.082297
26.584569
26.577077
26.582361
26.585618
26.602540
26.608719
26.599829
26.591122
26.586650
26.584578
26.588257
26.614221
26.589371
26.578180
26.561855
26.575289
26.580766
26.605262
26.589093
26.586056
26.583237
26.597728
26.574869
26.582254
26.581774
26.570287
26.593202
26.598871
26.568413
26.587380
26.587647
26.578268
26.595344
26.582769
26.601301
26.613174
26.998165
26.669015
26.677175
26.653042
26.644779
27.096329
26.562562
26.563865
26.606805
26.595543
26.584372
26.577721
26.578418
26.593414
26.587968
26.596561
26.623925
26.609941
26.577384
26.583764
26.610133
26.580029
26.596459
26.599885
26.582098
26.592799
26.609246
26.589313
26.589517
26.596353
26.583225
26.600511
26.588353
26.597783
26.612788
26.600895
26.579886
26.576049
26.574186
26.574675
26.564850
26.594648
26.592238
26.593078
26.572131
26.573260
26.583332
26.597729
26.590309
26.582316
26.589544
26.584576
26.572326
26.575996
26.588599
26.578148
26.589571
26.578309
26.559464
26.577352
26.578362
26.577282
26.574678
26.568756
26.886779
26.590039
26.576654
26.578777
26.584484
26.572392
26.574540
26.586823
26.566310
26.585263
26.583965
26.572770
26.580642
26.577074
26.588902
26.587711
26.566965
26.581796
26.581299
26.574721
26.569985
26.567976
26.576413
26.577277
26.577358
26.587702
26.594866
26.623214
26.592189
26.606762
26.585284
26.587445
26.588865
26.587703
26.594066
26.583032
26.594001
26.592342
26.594115
26.581701
26.596701
26.584635
26.572474
26.587009
26.587920
26.570206
26.593639
26.584924
26.567941
26.589836
26.586022
26.603353
26.589165
26.581407
26.585358
26.582839
26.572532
26.585149
26.580779
26.575549
26.569776
26.575666
26.601577
26.567166
26.558913
26.561064
26.583803
26.572517
26.602776
26.611223
26.580751
26.585416
26.588911
26.568550
26.575170
26.586297
26.580028
26.588637
26.588228
26.596494
26.600751
26.583594
26.583815
26.569554
26.578491
26.574174
26.576612
26.577785
26.582925
26.578425
26.561274
26.589725
26.590592
26.589285
26.597612
26.588060
26.585642
26.587671
26.587459
26.583305
26.575790
26.571114
26.621344
26.597309
26.576456
26.597224
26.575327
26.594541
26.570142
26.579432
26.573162
26.584124
26.581626
26.603404
26.582272
26.593478
26.580627
26.591960
26.747417
26.734921
26.734621
26.720445
26.715511
26.714313
26.717894
26.714566
26.732593
26.720181
26.726719
26.714384
26.714549
26.716868
26.720159
26.718509
26.707654
26.708263
26.721878
26.698260
26.730029
26.730305
26.705298
26.717034
26.725334
26.713627
26.716102
26.719825
26.724042
26.731736
26.708098
26.698267
26.714522
26.719745
26.701755
26.720361
26.743158
26.724173
26.720037
26.729794
26.728622
26.717312
26.739103
26.731816
26.723584
26.731266
26.733995
26.714520
26.730735
26.720881
26.707864
26.737145
26.726090
26.712340
26.726111
26.751178
26.723283
26.707756
26.713868
26.727108
26.711094
26.723622
26.719320
26.737226
26.722000
26.714747
26.733576
26.709693
26.730941
26.712395
26.722644
26.738126
26.710972
26.731455
26.719041
26.707562
26.714834
26.712293
26.725426
26.722054
26.709047
26.722735
26.718670
26.722172
26.720897
26.705565
26.718756
26.705067
26.690994
26.705737
26.725452
26.708682
26.705207
26.712434
26.715872
26.703336
26.715326
26.717573
26.704632
26.894865
26.716304
26.714256
26.733617
26.706796
26.722267
26.731579
26.721486
26.714893
26.717800
26.721342
26.718436
26.722191
26.726744
26.736380
26.747465
26.719731
26.724455
26.703276
26.733659
26.733541
26.725741
26.707969
28.821895
26.726814
26.739867
26.732342
26.774349
26.723983
26.760528
26.743764
26.742032
26.738788
26.741482
26.737240
26.745536
26.733189
26.732576
26.709614
26.725307
26.718750
26.732016
26.732840
26.732458
26.737335
26.751309
26.732057
26.719767
26.728965
26.712164
26.723297
26.731195
26.739783
26.719693
26.727207
26.727557
26.724859
26.722718
26.733290
26.738446
26.743188
26.730896
26.734102
26.730006
26.747998
26.743459
26.732107
26.719477
26.734095
26.717225
26.717865
26.653049
26.591082
26.590864
26.596337
26.601659
26.599347
26.584908
26.581948
26.599186
26.573956
26.577811
26.590945
26.585436
26.586138
26.594804
26.569662
26.586168
26.587197
26.587221
26.621569
27.252265
26.608608
26.584625
26.581737
26.569960
26.600314
26.597476
26.590469
26.591820
26.831113
28.547099
28.243143
27.284229
26.664942
26.679688
26.667209
26.675873
27.026033
28.200041
27.527560
26.593082
26.573307
27.042450
28.263133
26.698878
26.668007
26.673026
26.667605
26.674821
26.675803
26.679058
26.685174
26.673206
26.686256
26.679680
26.674763
26.697348
26.651459
26.561945
26.580782
26.581937
26.595765
26.581407
26.575341
26.581527
26.579143
26.570832
26.596045
26.573784
26.575110
26.567118
26.590304
27.042210
26.567956
26.568647
26.578005
26.591529
26.573020
26.571365
26.594352
26.564088
26.572956
26.579592
26.576334
26.579618
26.581778
26.575093
26.577160
26.582188
26.574587
26.585324
26.596953
26.589837
26.585267
26.584040
26.591893
26.580633
26.580615
26.577193
26.589303
26.565188
26.591427
26.571958
26.574614
26.588902
26.573344
26.579627
26.579842
26.579868
26.572093
26.578422
26.568447
26.581238
26.586121
26.568182
26.580893
26.573488
26.579884
26.587439
26.591224
26.594524
26.565773
26.571309
27.321409
26.604027
26.592711
26.569202
26.583667
26.586903
26.585105
26.593160
26.591457
26.589669
26.597536
26.580025
26.573269
26.585648
26.587322
26.579706
26.571396
26.570297
26.569117
26.589663
26.579646
26.593816
26.583699
26.581513
26.578060
26.569298
26.573228
26.557669
26.660449
26.660443
26.605487
26.586171
26.593713
26.581039
26.576980
26.589380
26.590187
26.591383
26.600325
26.595652
26.574775
26.579098
26.564499
26.572394
26.565166
26.590196
26.584449
26.596245
26.579476
26.577143
26.594565
26.749930
26.584972
26.574180
26.579779
26.596872
26.599824
26.577378
26.581582
26.578772
26.560652
26.582511
26.589996
26.581839
26.584512
26.579227
26.572500
26.596714
26.580865
26.595150
26.589292
26.587618
26.585108
26.585217
26.578960
26.581620
26.592049
26.576242
26.592812
26.583437
26.580218
26.588696
26.575186
26.588275
26.580744
26.577098
26.574102
26.593344
26.587247
26.583928
26.573821
26.573702
26.576992
26.591824
26.583140
26.579700
26.588551
26.570154
26.588089
26.586173
26.593639
26.581430
26.589770
26.591953
26.595822
26.590099
26.584644
26.578379
26.564975
26.588871
26.595384
26.576987
26.581002
26.584070
26.567357
26.560488
26.551279
26.574546
26.586735
26.570345
26.582766
26.598522
26.593210
26.582723
26.574604
26.582649
26.581910
26.585840
26.574516
26.584960
26.572645
26.594603
26.568676
26.563535
26.594834
26.576982
26.659425
26.588579
26.600327
26.576884
26.587010
26.588037
26.588055
26.592449
26.585658
26.567978
26.577517
26.576752
26.585524
26.578291
26.577233
26.592765
26.600748
26.596125
26.572726
26.578592
26.555265
26.584097
26.557326
26.570757
26.557347
26.558703
26.578241
26.576333
26.572513
26.588268
26.592030
26.586487
26.592354
26.585286
26.590438
26.579519
26.586621
26.579320
26.572837
26.587708
26.578601
26.577874
26.573097
26.584507
26.578671
26.585434
26.596276
26.662907
26.592124
26.591301
26.589052
26.591133
26.578026
26.588057
26.564564
26.566732
26.579488
26.564058
26.569855
26.585355
26.590541
26.583366
26.579634
26.584869
26.590151
26.581821
26.591304
26.586579
26.578704
26.575802
26.580433
26.562344
26.573722
26.580980
26.604909
26.587285
26.573373
26.573216
26.587059
26.577105
26.584358
26.580330
26.572465
26.573251
26.567996
26.582544
26.577017
26.577951
26.566354
26.598619
26.566757
26.578395
26.585858
26.594415
26.584740
26.593889
26.579844
26.580315
26.585837
26.597368
26.593073
26.605378
26.595637
26.603145
26.587582
26.585124
26.599752
26.583848
26.593763
26.590606
27.247188
26.570775
26.595580
26.662990
26.892608
27.703556
27.304011
26.741435
26.723008
26.709442
26.727640
26.709252
26.719593
26.930843
26.734325
28.795568
29.547403
26.732309
26.730663
26.736540
28.278520
28.633261
26.732390
26.759391
26.708309
26.741871
26.726743
26.729186
26.722135
26.896818
34.399197
26.713445
26.727349
26.711897
26.724485
26.927966
28.404190
26.722883
26.765735
26.718217
27.337943
28.134534
27.695757
26.714548
26.706093
26.703990
26.725357
26.694661
26.714926
26.719013
26.695293
26.894918
27.227169
27.936802
28.478974
26.715559
27.324437
26.735106
27.023342
27.661168
27.304614
29.023304
28.076560
26.722000
26.705406
26.704006
26.732376
26.719831
28.579448
28.667880
26.713434
26.730350
26.704338
26.678962
28.427855
26.929017
26.735824
26.688782
26.702186
26.707636
26.723202
26.722061
26.708382
26.710230
26.703898
26.735275
26.712166
26.706106
26.696898
26.711217
26.689558
26.698277
26.717643
26.710687
26.698866
26.700287
26.695424
26.693265
26.667181
26.684333
26.704417
26.691535
26.689681
26.688854
26.689379
26.702703
26.686820
26.694232
26.673657
26.706665
26.708221
26.684747
26.707925
26.709928
26.719147
26.697879
26.711594
26.718846
26.709175
26.706469
26.703957
26.726933
26.697683
26.701054
26.705565
26.711878
26.716322
26.711585
26.724203
26.706545
26.709923
26.672033
26.710605
26.695852
26.694932
26.709994
26.704055
26.719988
26.700394
26.701875
26.721825
26.724646
26.688791
26.720770
26.701650
26.675809
26.719219
26.707442
26.704445
26.702149
26.727801
26.704043
26.698091
26.719145
26.706444
26.708953
26.716654
26.717386
26.709063
26.721243
26.723067
26.701178
26.712073
26.711421
26.708058
26.708318
26.721676
26.698287
26.746055
26.728152
26.701464
26.821090
26.726190
26.702401
26.712797
26.721512
26.709632
26.728422
26.727082
26.718168
26.721518
26.701438
26.714831
26.970348
27.766433
28.013138
26.738571
26.751220
27.928658
26.759619
28.764926
28.383705
26.708828
26.694671
26.734824
28.425129
28.391998
27.636290
26.704781
27.823521
28.440768
27.386209
26.796633
26.730690
26.710256
26.716671
26.723483
26.888348
26.703901
26.691484
26.732255
26.699799
26.714642
26.724706
26.711247
26.704036
26.723454
26.689748
26.715425
26.708418
26.692241
26.714134
26.708857
26.712670
26.702473
26.707629
26.694065
26.699573
26.707871
26.697059
26.727078
26.694977
27.426096
28.402146
28.429036
26.973720
26.728234
26.718308
26.727309
26.706348
26.760988
27.246652
27.508394
26.725404
27.245381
27.489582
26.715389
26.682068
26.718992
26.740880
26.705187
26.722195
26.715924
26.705148
26.697043
26.699064
26.720941
26.696772
26.698922
26.692015
26.728902
26.720597
26.712229
26.716112
26.726468
26.709327
26.718713
26.731309
27.755479
29.295775
26.695918
26.699203
26.692382
26.710469
26.700495
26.696401
26.718917
26.720255
26.699586
26.718870
26.715296
26.712285
26.705721
26.584544
26.546340
26.558482
26.558331
26.542303
26.553167
26.541901
26.561003
26.550112
26.550251
26.571361
26.567148
26.559295
26.575380
26.554635
26.560985
26.556100
26.555913
26.546964
26.559395
26.553341
26.561378
26.564247
26.555568
26.573845
26.564760
26.549925
26.984613
26.659312
26.550708
26.548286
26.551135
26.557557
26.569021
26.567897
26.556938
26.554726
26.550405
26.550060
26.644846
26.562954
26.557575
26.554511
26.569571
26.570324
26.558611
26.570394
26.556676
26.557444
26.546165
26.564285
26.549159
26.557861
26.555992
26.562572
26.559882
26.561053
26.553119
26.549310
26.590548
26.561326
26.552052
26.552817
26.557328
26.557877
26.552025
27.849018
26.648753
26.641288
26.863735
27.624226
27.058043
27.605065
26.847540
26.655722
26.672743
26.647485
26.633074
26.632722
26.647288
26.642361
26.655146
26.671156
26.636549
26.655325
26.812831
28.168346
28.012314
26.568296
26.599504
26.576479
26.556486
26.573845
26.569760
26.575743
26.567299
26.561649
26.585218
26.578687
26.555103
26.573639
26.559531
26.566048
26.575671
26.562567
26.550698
26.573739
26.556619
26.552830
26.552280
26.561867
26.568293
26.545355
26.541496
26.556059
26.552359
26.546505
26.548956
26.546264
26.566795
26.552601
26.544843
26.556131
26.552743
26.548682
26.557112
26.655438
26.559951
26.563176
26.562399
26.540578
26.553940
26.545076
26.543946
26.571056
26.568759
26.633238
26.621370
26.592664
26.555268
26.557063
26.548997
26.555002
26.563854
26.566076
26.566979
26.553071
26.564948
26.548101
26.538966
26.542165
26.545326
26.539563
26.737249
27.592926
28.031365
26.560537
26.559572
26.570937
26.562681
26.560310
26.923483
27.113923
26.921715
26.565569
26.570510
26.550890
26.565075
26.559599
26.634690
28.055974
28.457241
27.039291
26.558037
26.552313
26.568601
26.555999
26.559892
26.571282
26.570014
26.562200
26.559718
26.561436
26.553125
26.556893
26.552639
26.553457
26.559643
26.552425
26.638068
26.609978
27.615257
26.744436
26.721868
26.780430
26.672037
26.610227
26.639482
26.597030
26.618555
26.627388
26.608991
26.600883
26.600287
26.603285
26.609770
26.610465
26.625514
26.919968
26.563815
26.548283
26.545505
26.551857
26.557412
26.564408
26.542287
26.573410
26.555849
26.555280
26.556148
26.563661
26.563179
26.556081
26.549929
26.552879
26.559925
26.552071
26.897677
28.121708
27.544838
26.616457
26.594419
26.568282
26.568513
26.567152
26.564521
26.563028
26.561584
26.602601
27.184875
26.857899
26.721511
26.851619
26.723480
26.669767
26.641931
26.651388
26.614317
26.551292
26.558560
26.574715
26.555847
26.547115
26.604720
26.557114
26.552230
26.582310
26.550867
26.567060
26.574749
26.550893
26.569457
26.565224
26.562342
26.556776
26.570059
26.566773
26.563272
26.560003
26.564949
26.560802
26.560133
26.552588
26.553294
26.544622
26.573671
26.549712
26.560713
26.574418
26.545888
26.562198
26.555516
26.557649
26.563216
26.567474
26.557382
26.565594
26.568507
26.556094
26.559396
26.565868
26.559939
26.566849
26.562476
26.582210
26.573267
26.568390
26.561965
26.571654
26.739947
26.539916
26.560838
26.545830
26.574824
26.572192
26.564665
26.573735
26.572362
26.560640
26.888553
26.729782
26.684272
27.263691
27.685956
27.205312
27.671133
28.572442
26.933345
26.571661
26.573887
26.563540
26.562252
26.586325
26.560386
26.562108
26.569585
26.568784
26.563854
26.541142
26.545455
26.555451
26.555963
26.576065
26.563120
26.556562
26.565475
26.559058
26.564030
26.558804
26.550622
26.551858
26.557845
26.550578
26.549944
26.542825
26.539179
26.564794
26.537095
26.547899
26.545070
26.552419
26.552695
26.565465
26.550923
26.536009
26.550385
26.552976
26.550951
26.557494
26.557195
26.563562
26.556234
26.572102
26.559120
26.550018
26.550308
26.544664
26.562733
26.552665
26.551770
26.543771
26.549858
26.558413
26.551347
26.850514
26.639500
26.541144
26.561974
26.555320
26.552133
26.557606
27.007219
26.656255
26.633764
26.640819
26.632994
26.642249
26.649661
26.634124
26.649093
26.641571
26.641640
26.661184
26.659114
26.634063
26.649024
26.647469
26.640082
26.569700
26.559602
26.544163
26.570495
26.555807
26.542498
26.563539
26.546228
26.549466
26.557231
26.559570
26.561584
26.561236
26.894334
26.710219
26.717626
26.702467
26.707403
26.705307
26.698620
26.703909
26.721021
26.653586
26.742644
26.687163
26.714997
26.745442
26.657592
26.711242
26.661444
26.562752
26.693360
26.583500
26.921080
26.716042
26.721021
26.723048
26.716005
26.722637
26.713100
26.750382
26.686512
26.745650
26.701993
26.723596
26.723575
26.690321
26.692435
26.702485
26.708170
26.711803
26.734581
26.702614
26.703537
26.726565
26.696239
26.697407
26.755582
26.705719
26.711659
26.824261
26.722894
27.380312
27.521638
27.289455
27.973824
27.480704
26.710849
26.715810
26.697008
26.710412
26.718795
26.690425
26.704649
26.703958
26.688290
26.726822
26.719486
26.700555
26.765544
26.827306
26.824473
26.826989
26.862543
26.866962
26.883561
26.879486
26.873358
26.873808
26.857739
26.866178
26.866259
26.843329
26.869271
26.934303
28.468433
29.404262
29.176379
28.150089
26.704216
28.719642
28.310883
26.709187
26.832858
26.742741
26.793306
26.718607
26.703754
26.720140
26.700372
26.706797
26.671215
26.708563
26.947994
28.129287
28.475561
28.422575
27.148887
27.874554
27.447572
26.721259
26.720187
26.834767
26.707150
26.712219
26.736725
26.732170
26.864060
27.154670
27.641043
26.911199
26.711122
26.736814
26.709012
26.720957
26.823694
26.885319
26.688761
26.700913
26.809648
26.768220
26.739076
27.142676
26.755334
26.826304
26.665336
26.611341
27.281186
31.294778
27.414480
26.846399
26.811935
26.702174
26.552451
26.551548
26.550855
26.552742
26.539094
26.553916
26.545187
26.544336
26.543631
26.547029
26.640197
26.597092
26.606146
26.575464
26.550657
26.541867
26.558961
26.552354
26.552011
26.557959
26.568743
26.571024
26.534338
26.548105
26.687301
26.765170
26.696106
26.746569
26.993793
26.704938
26.646959
26.761556
26.830422
27.064583
26.844014
26.649847
26.630870
26.641854
26.642586
26.623154
26.635115
26.625577
26.633987
26.644958
26.637008
26.632036
26.654111
26.624200
26.620341
26.628146
26.722410
26.581874
26.582136
26.607904
26.584543
26.606514
26.584408
26.594610
26.588222
26.569755
26.593434
26.585868
26.553078
26.579787
26.581702
26.583150
26.579436
26.579644
26.574040
26.585674
26.559496
26.581015
26.593628
26.569407
26.580061
26.588391
26.570150
26.551562
26.549034
26.554377
26.547353
26.555771
26.553072
26.543883
26.547599
26.557380
26.565927
26.547438
26.547534
26.558649
26.549890
26.701734
26.656577
26.572260
26.546176
26.559388
26.543075
26.557889
26.536863
26.582378
26.565853
26.569248
26.591310
26.576366
26.558035
26.584807
26.571619
26.569357
26.577262
26.577563
26.566777
26.582873
26.554791
26.591381
26.572111
26.559437
26.582085
26.575008
26.561678
26.569472
26.569232
26.585834
26.574370
26.581612
26.569477
26.573859
26.550297
26.558802
26.544923
26.612585
26.578658
26.551731
26.553268
26.541782
26.550653
26.559740
26.654156
26.730557
26.721047
26.720932
26.555716
26.558580
26.578201
26.571286
26.567799
26.572966
26.558826
26.573070
26.593325
26.548411
26.579575
26.575977
26.559099
28.736595
26.805247
28.135413
26.581391
26.564341
26.574832
28.175357
27.590221
26.588738
26.566521
26.579157
26.580269
26.575094
26.572220
26.576091
26.573332
26.571494
26.575814
26.592432
26.556211
26.556815
26.561646
26.581637
26.555778
26.560339
26.577624
26.564728
26.453521
26.752540
26.560863
26.746682
26.558034
26.671330
26.597383
26.606732
26.599429
26.598533
26.597074
26.607277
26.604477
26.595753
26.614256
26.600777
26.590308
26.595465
26.557221
26.551208
26.726054
26.673383
26.540672
26.543319
26.564210
26.562442
26.544057
26.544307
26.541070
26.564217
26.551816
26.545281
26.551134
26.560110
26.543190
26.536213
26.551803
26.541717
26.546251
26.548576
26.553435
27.264481
30.229145
26.558146
26.538045
26.558311
26.553670
26.561796
26.550048
26.548473
26.543123
26.555311
26.548228
26.549572
26.548154
26.544169
26.730433
26.596346
26.601749
26.592101
26.601245
26.599370
26.565285
26.390849
26.194490
26.418052
26.476823
26.312316
26.274856
26.501202
26.396547
26.307020
26.702982
26.600651
26.579745
26.593099
26.602855
26.598313
26.610682
26.596771
26.590997
26.612993
26.591740
26.600633
26.598602
26.690769
26.721452
26.674716
26.614402
26.548214
26.536596
26.554744
26.538149
26.549981
28.090209
28.049356
27.255108
26.574836
26.569427
26.563050
26.561876
26.562021
26.552780
26.579014
26.706770
26.565000
26.770359
26.692467
26.605641
26.613853
26.539793
26.543266
26.551940
26.547360
26.673108
26.555673
26.543373
26.551434
26.555261
26.579008
26.555347
26.658911
26.676755
26.569683
26.554723
26.561986
26.569751
26.559594
26.541300
26.552654
26.545079
26.589990
26.559813
26.560043
26.570087
26.551737
26.550749
26.557993
26.544846
26.537007
26.565216
26.561300
26.639286
26.840959
27.166749
26.702804
26.575569
26.568291
26.551225
26.564121
26.550842
26.553800
26.553399
26.733090
26.592684
26.608324
26.591657
27.054363
26.664067
26.571656
26.554838
26.579433
26.551120
26.553190
26.549712
26.547734
26.556891
26.562471
26.538320
26.558616
26.552412
26.543398
26.553119
26.537897
26.539547
26.548193
26.534821
26.559917
26.552605
26.542665
26.546991
26.552873
26.547202
26.530553
26.532741
26.564064
26.550214
26.551996
26.552449
26.548333
26.541888
26.541874
26.552125
26.534794
26.563751
26.536202
26.540156
26.540573
26.551348
26.548192
26.557881
26.550915
26.544347
26.551456
26.534207
26.540596
26.556177
26.548184
26.541046
26.536294
26.588413
26.710529
27.548043
27.475018
26.782418
27.727043
27.020872
28.622420
28.070001
27.437097
27.072646
27.654340
27.837455
27.739948
27.091751
26.640908
26.761405
26.519045
26.387710
26.804215
26.431116
26.632620
26.470449
26.720494
26.406853
26.603785
26.601694
26.601945
26.591792
26.602055
26.596728
26.586311
26.598422
26.625524
26.556783
26.558976
26.555647
26.558059
26.544290
26.545233
26.554345
26.556104
26.956875
27.993840
27.162802
28.275541
27.941458
28.218166
28.213402
27.867968
27.107411
28.315740
26.691055
26.548138
26.563860
26.553063
26.562613
26.554193
26.556392
26.606297
26.582422
26.688390
27.251541
27.226552
27.034582
26.573997
26.574334
26.580988
26.575048
26.598711
28.716920
28.681007
27.929689
28.647614
27.095060
26.577305
26.581491
26.568242
26.574485
26.575824
26.577924
26.552399
26.550310
26.554718
26.575780
26.570935
26.547464
26.557613
26.548051
26.549345
26.556512
26.554315
26.567608
26.559490
26.547606
26.560890
26.547386
26.554943
26.461875
26.539079
26.590376
27.517171
28.082148
27.293641
28.510750
27.190519
26.357158
26.263505
26.474595
26.661754
26.641902
26.553358
26.564323
26.563479
26.561344
26.552665
26.562685
26.557309
26.558592
26.557518
26.554336
26.546181
26.559391
26.552826
26.602169
27.339653
28.717054
28.158352
27.877617
28.424137
26.793769
26.548431
26.555697
26.551199
26.538793
26.551075
26.551314
26.560743
26.549702
26.549805
26.556665
26.563673
26.542501
26.540515
26.554098
26.530245
26.560140
26.552835
26.553823
26.543204
26.543901
26.683960
26.554698
26.541930
26.555638
26.575218
26.558123
26.564073
26.546152
26.567659
26.570531
26.539960
26.563828
26.554294
26.548157
26.562934
26.569986
26.565174
26.565315
26.554729
26.545526
26.563424
26.557270
26.564401
26.565295
26.550214
26.545309
26.548786
26.807478
26.570819
26.546499
26.561404
26.572721
26.559988
26.547716
26.556016
26.543242
26.677973
26.601358
26.728744
26.702581
26.728200
26.854245
26.672737
26.552020
26.551207
26.552712
26.548627
26.551335
26.558367
26.564351
26.543861
26.553949
26.537376
26.553236
26.555158
26.557377
27.300087
27.316543
26.901198
26.643965
26.648329
26.629294
26.647603
26.632598
26.641129
26.643895
26.641504
26.650027
26.641000
26.562190
26.556885
26.548357
26.654038
27.666502
26.942888
27.391880
27.388885
27.462960
26.844792
26.963169
28.082662
27.600514
26.565951
26.398685
26.390831
26.351060
26.427637
26.625146
26.527577
26.664633
26.528134
26.482630
26.522138
26.448382
26.516592
26.454368
26.595209
26.587388
26.517205
26.760411
28.815197
26.597657
28.227614
26.879493
28.535721
28.035344
26.936089
27.436701
27.488763
26.366795
27.635276
27.444477
27.591771
27.615216
27.423180
26.575877
26.583851
26.573233
26.400928
26.403599
26.629292
26.513730
26.486231
26.391378
26.503660
26.462991
26.620371
26.596211
26.723508
26.430649
26.464963
26.630931
26.606114
26.649797
26.760558
26.904582
26.565076
26.588048
26.599840
26.578830
26.585111
27.896224
26.583745
26.962888
27.293369
27.147409
26.572396
26.587757
26.585175
26.584266
26.575541
26.571010
26.569445
26.591731
26.585293
26.559237
26.586202
26.568775
26.557079
26.582876
26.568945
26.581967
26.588013
26.579427
26.571760
26.567868
26.563037
26.587508
26.574656
26.567041
26.592236
26.573605
26.566274
26.573779
26.571065
26.564428
26.565477
26.576128
26.560409
26.584889
26.576854
26.569590
26.563804
26.689659
26.745913
26.697303
26.650020
26.630354
26.680629
27.278174
26.558147
26.573975
26.569120
26.580232
26.577196
26.567535
26.610394
26.616561
26.670543
26.734332
26.694774
26.689366
26.615971
26.655977
26.607405
26.579170
26.602558
26.866871
26.567832
26.582901
26.579724
26.573645
26.578522
26.575349
26.579671
26.567784
26.556974
26.550379
26.537536
26.533363
26.560376
26.583678
26.463025
26.474126
26.366536
26.313371
26.249048
26.477552
26.538765
26.383453
26.490766
26.596360
26.228332
26.521095
26.235381
26.375479
26.571453
26.285061
26.294824
26.369161
26.310040
26.302047
26.286732
26.481284
26.222842
26.222321
26.635839
26.504960
26.439818
26.305051
26.225971
26.435158
26.388530
26.311199
26.295027
26.407449
26.168646
26.422002
26.557413
26.585569
26.305822
26.387054
26.221837
26.456785
26.947028
26.615153
26.488557
26.576514
26.238278
26.292637
26.338309
26.422132
26.286303
26.453021
26.602172
28.989261
29.208655
29.651283
30.664367
35.328008
38.458721
31.046847
28.695660
28.583482
27.600468
27.973849
27.841799
28.459899
28.246859
27.937910
27.623694
27.758316
27.749007
27.609643
27.624523
27.618622
27.611922
27.627443
27.633206
27.629896
27.617577
27.623916
27.615028
27.628360
27.642278
27.607363
27.629513
27.597606
27.630625
27.652035
27.685381
27.673910
27.680920
27.665645
27.751248
27.725684
27.691189
27.771703
27.664754
27.603488
27.700292
27.691486
27.710590
27.716411
29.368814
30.042824
30.042677
29.942908
30.088359
30.090076
29.919725
30.023281
30.120554
30.394768
29.967525
29.691567
30.051014
29.922184
29.870683
29.909308
29.816639
29.975048
29.735677
29.946100
30.181313
29.997856
29.947447
29.976305
30.050795
30.032899
30.227875
30.100851
30.203268
29.966972
30.034954
30.066597
30.007959
30.046643
30.129195
30.244918
29.915292
29.950799
29.967789
30.055781
29.909555
29.995378
29.922319
29.930019
29.947484
30.091560
29.927103
30.044487
30.104769
30.160709
30.230875
30.010220
29.846405
29.966891
29.920031
30.138212
29.949374
29.877203
29.925649
30.012993
29.931833
29.907784
30.153181
30.175186
30.181019
30.207986
30.133999
30.255689
33.319645
30.137694
30.558814
30.334818
30.459825
30.281857
30.116602
30.186701
28.058439
27.623304
27.635561
27.604664
27.613195
27.642513
27.617005
27.964860
30.012176
29.887378
29.940519
30.063978
30.019040
30.025076
30.051753
29.994487
29.889452
30.077243
29.952294
30.040489
30.041160
29.984698
29.992149
30.083769
29.990154
29.938110
28.804757
27.569134
27.594056
27.667797
27.771324
27.694167
27.552927
27.687854
27.644897
27.618730
27.593389
27.637778
27.639710
27.642280
27.507433
27.648651
27.627154
27.550834
27.768205
28.820788
27.749234
27.673261
27.673900
27.776851
28.215467
27.722504
27.957977
27.791621
27.807510
28.289807
28.344107
27.781715
27.855549
27.868096
27.710415
28.284047
28.652758
27.838565
27.683728
27.682308
27.692355
27.694187
27.687268
27.714371
27.749676
27.697833
27.655097
27.679146
27.662654
27.692556
27.745339
27.689033
27.711896
27.704023
27.709933
27.693724
27.705666
27.682377
27.677072
27.694232
27.670247
30.067804
30.084620
30.015823
29.921996
30.014242
29.979142
30.092488
30.139830
29.764450
29.542227
29.737048
29.695746
29.726775
29.535183
29.704449
30.067266
30.108441
29.973464
29.949152
29.995489
30.017708
29.930530
29.977069
30.000370
30.063572
29.913491
30.013496
29.936911
29.910405
28.615176
27.596651
27.389740
27.246387
27.300246
27.469950
27.769248
27.757270
27.752400
27.792121
27.760486
27.786870
27.946402
27.788844
27.804861
27.760870
27.773618
27.782138
27.762683
27.758250
27.764637
27.784979
27.770720
27.761941
27.771610
27.772470
27.884911
27.798642
28.247169
27.984721
28.056018
27.728269
27.718018
27.694047
27.689796
27.711747
27.702633
27.734722
27.715991
28.293833
28.278383
27.870557
28.058232
27.839505
27.789508
27.787190
27.819235
27.889384
27.784414
27.846624
27.789401
27.892319
27.856826
27.728221
27.747612
27.743393
27.773186
27.825014
27.823659
27.771588
27.883914
27.727059
27.793370
27.899328
27.985589
27.834380
27.854760
27.771724
28.365627
27.852585
27.807343
27.909932
28.553895
27.918394
27.779132
27.871579
27.857404
27.852682
27.853797
27.957365
27.868326
27.878753
27.873149
28.166005
28.257361
28.443314
27.919278
27.789924
27.780873
27.785196
27.776678
27.764944
27.795155
27.763154
27.779912
27.768443
27.745991
27.767814
27.744711
27.764432
27.776511
27.743545
27.750068
27.769855
27.759138
27.787788
27.721201
27.624940
27.859952
27.590326
27.810703
28.328088
28.468104
27.793372
28.478744
28.224383
27.604474
27.722999
27.551783
27.680882
27.643579
27.774288
27.782640
27.744576
28.200534
28.043894
27.714514
28.478685
28.811065
27.969387
27.702065
27.781787
27.575250
27.763065
27.690529
27.683840
27.706842
27.697964
27.667063
27.698335
27.689299
27.685895
27.684202
27.699945
27.664022
27.650632
27.718108
27.664553
27.675573
27.680234
27.648892
27.622541
27.639101
27.680183
27.639586
27.679202
27.909490
28.140374
27.772762
27.698529
27.671169
27.674347
27.742722
27.698427
27.685223
27.681805
27.661868
27.709284
27.692075
27.715287
27.715765
27.699550
27.681157
27.706396
27.688076
27.686086
27.694314
27.689659
27.687853
27.706858
27.689705
27.693082
27.962059
27.874220
27.768011
27.457603
27.677378
27.592535
27.506154
27.712967
27.754742
27.827112
27.621878
27.721392
27.811490
27.560764
27.875440
27.838641
27.843995
27.836364
27.834038
27.843633
27.859747
27.838652
27.741262
28.054232
27.788860
27.612402
27.549880
27.584591
27.484979
27.440330
27.635208
27.491114
27.523438
27.440826
27.810643
27.788082
27.803764
27.806861
28.000118
29.911420
29.952305
30.019765
29.956464
30.014149
29.900245
29.954822
29.978991
29.885582
30.093411
30.029581
30.046539
30.026403
29.980479
29.940917
30.035671
29.973802
30.036587
29.351525
27.650931
27.719647
27.670025
27.661010
27.714530
27.709691
27.700302
27.667219
27.696981
27.727654
27.692191
27.667254
27.703765
27.679844
27.666271
27.470036
27.292247
27.404999
27.435231
27.861312
27.424446
28.430702
28.128855
28.097668
28.274710
27.928993
27.402023
27.115302
27.217758
27.406781
27.282183
28.424875
28.009995
27.159049
27.208043
27.499541
27.272971
27.280622
27.325562
27.591621
27.407919
27.255748
27.261122
27.486526
27.344059
27.306947
27.471877
27.282978
27.269559
27.521187
27.406060
27.424172
28.931821
29.634998
30.001888
30.090479
29.976822
29.855895
30.093190
29.917277
29.928415
29.017366
27.605044
27.636848
27.671244
27.714898
27.729594
27.709577
27.722358
27.733414
27.687980
27.718391
27.708208
27.709306
27.704597
27.721422
27.712016
27.691089
27.723212
27.703537
27.702853
27.711026
27.808785
27.505297
27.676469
27.702331
27.664118
27.765254
28.291977
30.045783
30.190371
30.135954
30.058848
30.039491
30.048759
30.398409
30.095099
30.124796
30.240165
30.038832
30.214082
30.021579
30.116310
30.287366
30.188355
29.995822
30.030459
30.137408
30.109213
30.185137
30.277132
30.045943
30.043060
30.165301
29.995299
30.011430
29.992946
30.068189
30.148113
29.999354
29.924007
29.961356
30.037510
29.976319
29.964324
29.986262
30.081686
28.975088
27.603303
28.251802
28.030682
27.928744
27.818332
27.885186
27.787038
27.780423
27.780660
27.925089
27.767676
27.791346
27.787799
27.781214
27.779457
27.785581
27.797040
27.914010
27.536547
27.466135
27.683672
27.474891
27.509485
27.620727
27.616206
27.586380
27.432565
27.631290
27.506731
27.549480
27.547010
27.616611
27.605270
27.636829
27.635875
27.917254
27.566130
28.024466
27.761313
27.597743
27.463800
27.470903
27.632094
27.548283
27.516699
27.444971
27.823241
28.080390
27.848430
28.055103
29.068419
27.766667
27.766612
27.771865
27.775107
27.759221
27.765608
27.789075
27.781188
27.743185
27.683864
27.717783
27.442907
27.278558
27.279481
27.243472
27.349131
27.260368
27.279655
28.061268
28.671068
27.320258
27.236038
28.493559
28.021246
28.759030
27.992173
27.430644
27.276084
27.363472
27.525657
27.298467
27.322863
27.323313
27.345660
27.324601
27.357475
27.469089
27.409226
27.350417
27.329795
27.392366
27.409152
27.418883
27.244249
27.309473
27.380680
27.297507
27.328565
27.670364
27.756277
27.693850
27.687545
27.715346
27.687334
27.943201
28.198700
27.441973
27.238826
27.375261
27.442523
27.395359
27.301945
27.408742
27.462143
27.378408
27.191453
27.310268
27.227508
27.707746
27.710953
27.680699
27.723341
27.691104
28.474601
28.128665
27.840368
28.108150
28.315961
28.685666
28.066123
28.543973
27.741065
27.668093
27.715191
27.661788
27.696011
27.698754
27.675324
27.688538
27.669631
27.685095
27.685971
27.728377
27.776730
27.785047
27.756753
27.753828
27.789105
27.751011
27.793927
27.721488
27.684710
27.702924
27.705625
27.701806
27.705213
27.710834
27.704405
27.681764
27.689657
27.704090
27.696818
27.667676
27.699693
28.432332
29.910078
29.091956
28.323898
29.605758
33.222840
43.594229
32.113697
27.901748
26.605929
26.577606
27.450659
26.593205
26.579023
26.579900
26.585850
26.608404
26.575067
26.585275
26.588296
26.584686
26.592366
26.585195
26.583037
26.591307
26.585811
26.581086
26.581865
26.586945
26.593765
26.584944
26.747406
27.624267
26.597756
26.586638
26.586129
26.718325
26.686200
26.573653
26.592891
26.647003
26.553490
26.542009
26.535008
26.705750
26.625976
26.625063
26.650740
27.715117
26.916074
26.637582
26.633202
26.612044
26.608198
26.612291
26.632426
26.619716
26.629429
26.628246
26.611440
26.530899
26.523212
26.530392
26.524177
26.541823
26.554153
26.541599
26.522504
26.542274
26.513904
26.525956
26.533753
26.545687
26.547529
26.550693
26.544385
26.548683
26.550320
27.035669
27.277086
26.612872
26.534469
26.546421
26.539808
26.526758
26.534658
26.543421
26.524559
26.539141
26.548541
26.532802
26.549325
26.537007
26.525056
26.541243
26.542972
26.538549
26.538866
26.526938
26.522598
26.557343
26.516792
26.541090
26.544884
26.532295
26.551282
26.530298
26.546285
26.544892
26.525771
26.539192
26.540252
26.523939
26.546253
26.535083
26.531609
26.547321
26.529256
26.534646
26.552457
26.541197
26.553453
26.539350
26.522206
26.545707
26.534202
26.544750
26.539305
26.536138
26.545960
26.541258
26.528996
26.544887
26.529942
26.528295
26.557919
26.536500
26.539980
26.530523
26.532703
26.536622
26.537784
26.531876
26.548449
26.539206
26.532549
26.558030
26.547158
26.553532
26.544663
26.528881
26.547528
26.536324
26.522466
26.569756
26.593209
26.552762
26.552409
26.578513
26.529128
26.542809
26.538777
26.535893
26.539341
26.535394
26.538223
26.525751
26.529359
26.558855
26.531155
26.542120
26.726959
26.618989
26.638059
26.617017
26.610156
26.616836
26.655470
26.612457
26.637896
26.612756
26.593480
26.538582
26.532004
26.528729
26.544515
26.531825
26.537140
26.546722
26.547055
26.638730
26.566430
26.526540
26.544785
26.545194
26.537125
26.543434
26.546862
26.531399
26.543477
26.542302
26.550987
26.554284
26.527354
26.539756
26.551878
26.530496
26.554798
26.521397
26.533077
26.543377
26.551091
26.542191
26.552740
26.533010
26.533881
26.565286
26.534779
26.547829
26.540766
26.549934
26.532175
26.537139
26.547214
26.551464
26.551703
26.530678
26.527741
26.540965
26.545818
26.530410
26.544100
26.541797
26.541424
26.556006
26.544068
26.537727
26.541751
26.547648
26.532830
26.545074
26.537630
26.537370
26.526158
26.534629
26.533030
26.538036
26.522460
26.556323
26.542386
26.546651
26.545779
26.543003
26.543892
26.559295
26.545781
26.552801
26.558813
26.544677
26.549368
26.541414
26.550816
26.660179
26.759110
28.286913
27.352816
26.540891
26.661353
26.701845
26.632375
26.590872
26.571957
26.575456
26.599141
26.590534
26.603505
26.563497
26.581332
26.588075
26.574903
26.576135
26.602822
28.048341
28.012604
26.675924
26.557035
26.543232
26.585730
26.764845
26.756132
26.865223
26.658978
26.590344
28.137271
28.485474
28.353315
26.677777
26.537403
26.545493
26.541663
26.520819
26.529468
26.546901
26.518006
26.526425
26.521362
26.530590
26.540645
26.528895
26.540110
26.532754
26.516393
26.531116
26.543576
26.534228
26.534770
26.528637
26.537408
26.538355
26.533111
26.540680
26.533310
26.523053
26.521329
26.532008
26.522791
26.553199
26.531138
26.544448
26.537221
26.522276
26.544652
26.535871
26.530994
26.543406
26.534486
26.541477
26.534481
26.527698
26.540007
26.545890
26.535131
26.550999
26.550444
26.544528
26.557302
26.523675
26.533072
26.534826
26.528590
26.522197
26.521194
26.536751
26.548006
26.543540
26.552955
26.538247
26.535670
26.532564
26.534162
26.546469
26.546104
26.531632
26.527515
26.516583
26.537100
26.522267
26.533574
26.521054
26.556866
26.530614
26.531481
26.537781
26.540113
26.543115
26.534075
26.532108
26.529158
26.539956
26.507313
26.525928
27.831601
27.325789
26.618458
26.611192
26.554672
26.588884
26.562255
26.578527
26.562899
26.548386
26.554870
26.543113
26.559220
26.532358
26.536818
26.528869
26.530361
26.534148
26.527849
26.528546
26.537994
26.548607
26.525638
26.527102
26.529575
26.538449
26.521232
26.532314
26.546072
26.613374
26.518892
26.537838
26.572608
26.538128
26.542329
26.549849
27.171052
27.795563
26.639888
26.605907
26.531357
26.530012
26.529045
26.536143
26.548311
26.556410
26.544174
26.546034
26.534931
26.551892
26.552189
26.548382
26.542763
26.538154
26.557088
26.559589
26.545555
26.542988
26.560939
26.536171
26.559295
26.571713
26.547210
26.532030
26.525155
26.528047
26.539560
26.551092
26.722896
26.541981
26.539360
26.544002
26.552394
26.566496
26.549349
26.535154
26.545892
26.534506
26.527557
26.543009
26.529745
26.548410
26.545175
26.547661
26.538103
26.534388
26.523050
26.544583
26.539049
26.524175
26.528507
26.540674
26.538037
26.523125
26.541523
26.519648
26.544642
26.519887
26.523749
26.520872
26.535983
26.544748
26.535957
26.538024
26.545613
26.511239
26.530939
26.530629
26.528111
26.546576
26.553590
26.526244
26.531133
26.744015
26.546888
26.537245
26.519587
26.532020
26.532390
26.894571
26.542733
26.564309
26.926019
26.638766
26.551582
26.543078
26.536693
26.537912
26.536046
26.547155
26.546548
26.538723
26.537412
26.557984
26.547678
26.558906
26.544365
26.532658
26.551196
26.523394
26.529027
26.588518
26.653577
26.548803
26.538654
26.540706
26.539505
26.544098
26.526605
26.546992
26.760490
26.541159
26.556207
26.537926
26.565889
26.558223
26.535093
26.678286
26.542466
26.544436
26.536121
26.531291
26.565602
26.542326
26.521476
26.533306
26.532255
26.529053
26.640904
26.553249
26.554427
26.561411
26.541912
26.556297
26.550189
26.566532
26.555427
26.539006
26.521504
26.537102
26.524306
26.539495
26.549639
26.546378
26.549421
26.549307
26.535820
26.977379
27.701002
26.542384
26.540736
26.531733
26.538169
26.544998
26.548775
26.542640
26.552455
26.549112
26.539673
26.553295
26.541298
26.533978
26.526496
26.539868
26.548310
26.533850
26.548054
26.551976
26.548935
26.548244
26.541819
26.563996
26.544148
26.549005
26.550476
26.531485
26.548021
26.543621
26.564194
26.550352
26.531357
26.543968
26.563830
26.516552
26.529823
27.089711
27.718525
27.082791
26.595201
26.548503
26.541686
26.680362
26.531335
26.533956
26.547574
26.679276
26.541591
26.536090
26.534857
26.567890
26.550299
26.767992
26.628468
26.630336
26.703457
26.556987
26.536342
26.532855
26.609750
26.675318
26.532181
26.542414
26.535585
26.530417
26.533313
26.693062
26.613330
26.614034
26.626442
26.546563
26.548701
26.530996
26.538773
26.540183
26.539325
26.536183
26.522451
26.540653
26.525118
26.541602
26.541018
26.542355
26.525433
26.531711
26.537260
26.532787
26.541061
26.537482
26.532906
26.536543
26.552832
26.552804
26.539777
26.528368
26.559444
26.543156
26.543429
26.694305
26.629835
26.529579
26.545021
26.525646
26.535849
26.533166
26.531643
26.536041
26.521839
26.533236
26.530338
26.546653
26.534052
26.539984
26.530695
26.553125
26.551568
26.545680
26.534707
26.542023
26.544417
26.544739
26.532536
26.730329
26.552226
26.535403
26.541267
26.524626
26.535592
26.532372
26.532080
26.641335
26.528627
26.524853
26.535610
26.535833
26.533683
26.666452
26.638274
26.624413
26.636080
28.551880
27.891166
27.785022
26.816627
26.634644
26.635951
26.765075
26.645717
27.563064
26.628581
26.672452
26.751702
26.645224
26.624346
26.620240
27.398790
27.543849
27.305674
27.142785
26.908834
28.443408
29.761995
26.661485
26.521011
26.523831
26.544785
26.529787
26.543176
26.547544
26.527059
26.523772
26.518260
26.535739
26.525724
26.539745
26.548530
26.541661
26.530754
26.556535
26.972631
27.366308
26.528660
26.539554
26.534618
26.545658
26.529777
26.519734
26.562833
26.538199
27.525679
26.557140
26.642107
26.547928
27.337304
26.991949
26.538344
26.534207
26.530896
26.540069
26.528495
26.539580
26.538905
26.555996
26.745884
26.548583
26.642633
28.404029
28.106882
27.276105
26.643996
26.631811
26.624018
26.627638
26.581743
26.594251
26.486932
26.650396
26.544715
27.765173
28.646002
26.666088
26.661805
26.681660
26.553129
26.550006
26.541162
26.525860
26.546988
26.556137
26.529758
26.539425
26.537528
26.547308
26.547064
