50
75.073657
77.451115
77.609172
77.989315
79.688067
77.859180
79.036658
79.127914
77.958569
79.670895
77.843132
78.998511
79.327670
77.663976
79.581143
78.105392
78.675281
79.000367
77.885280
79.449172
77.716234
79.102068
78.568765
78.238480
79.566153
77.483295
79.461975
78.665070
78.221350
79.506596
77.443799
79.443249
78.421588
78.499871
79.067712
77.784822
79.587747
79.530471
78.532360
77.969786
79.365440
77.308611
78.989656
78.142769
77.862950
79.038622
77.304991
79.277302
77.886595
78.235426
79.484025
77.433905
79.783884
77.906861
78.670487
78.778098
77.679886
79.459965
77.441534
78.771658
78.410935
78.157079
79.163516
77.453600
79.430093
79.237474
77.460120
79.394552
77.844654
78.670942
78.679568
77.683157
79.610518
77.753473
78.296167
79.203156
77.647778
78.936104
78.474307
77.565248
79.505669
77.507472
78.820825
78.665543
78.332240
79.524794
77.717303
79.054327
78.336722
77.704827
79.246871
78.726769
78.542303
79.657200
77.534785
79.545313
78.248474
78.986170
79.044107
78.112508
79.762393
77.776757
78.849774
78.778470
78.246556
79.530717
77.742489
79.136206
78.791384
77.874157
79.887396
77.715901
78.990823
78.720672
77.939216
79.648065
77.496611
78.733694
78.680373
77.627409
79.465941
77.589890
78.251489
78.856507
77.591132
79.655349
79.187813
79.115046
77.675644
79.632000
78.035572
79.811112
77.829123
79.229002
78.321410
78.088874
79.479641
77.563390
78.663389
78.889256
77.511817
79.306572
77.676681
78.596424
78.716514
77.857343
79.663620
77.973113
78.874393
78.924474
78.155749
79.750925
77.747457
79.419739
82.631921
77.494365
77.589479
79.493092
77.510427
78.339136
78.626493
77.421101
79.277698
77.772874
77.535611
79.261179
77.069585
77.707965
78.961030
77.193109
78.929251
77.612021
77.739064
78.988929
77.325627
78.712707
78.165209
77.871436
79.650422
77.828464
78.720725
78.750318
77.448389
79.498891
77.499082
78.655224
78.647467
78.019998
79.580084
77.474843
78.654846
78.469257
77.482713
78.687467
78.783440
77.693971
79.603760
77.423969
79.130753
78.326735
77.983321
79.280011
77.495666
79.423205
78.182481
78.656659
79.570035
78.958859
77.324682
79.414030
77.785760
78.124649
78.644468
77.340685
79.280666
77.472959
78.274443
78.877013
77.678457
79.467567
77.648184
78.862320
78.499570
77.649582
79.244882
77.329236
77.729152
78.972892
77.319260
78.691584
78.955698
77.441034
78.533430
78.632800
77.582625
79.446994
77.308849
78.845095
78.055372
78.139783
78.968419
77.271556
79.681777
78.308790
78.611012
79.128609
77.618355
79.898955
77.873371
79.264626
78.362990
78.495661
79.123282
77.633400
79.623541
77.934664
78.133150
79.733276
77.609295
79.101225
78.627756
78.375227
79.333567
77.682093
79.895922
79.861865
79.785306
79.685418
79.736155
79.640565
79.633556
79.625892
79.636537
79.659830
79.642346
79.644967
79.650081
98.913784
75.597683
77.484824
77.616412
77.603312
78.337547
79.475582
77.518545
79.080565
78.527768
78.069073
79.348022
77.545393
79.128992
78.166723
77.697075
79.561637
77.767772
78.829242
78.647357
77.676439
79.511134
77.564343
78.431615
78.737706
77.631679
79.474881
77.503011
78.970088
78.646548
77.704481
79.448038
77.319084
79.026286
78.490034
77.843775
79.630561
77.503209
79.119345
78.548420
77.977950
79.457239
78.185837
79.805969
78.893589
77.544242
78.526841
78.664671
78.025821
79.356293
77.503547
79.193003
78.469323
77.999945
79.648116
77.648766
79.268635
78.270338
77.981021
79.790350
77.647529
79.071961
78.339608
78.413295
79.263807
77.482324
79.728351
77.676332
77.814703
79.225898
77.404982
77.873821
78.998317
77.531727
77.566395
79.382529
77.483317
77.941613
79.467382
77.546259
79.503617
78.242617
78.358165
79.338184
77.609725
79.217033
78.107918
78.018709
79.417754
77.523910
79.280567
79.015562
77.966962
79.123297
77.461039
78.921049
78.382096
77.593507
79.685066
77.565350
78.781393
78.441516
77.939696
79.205895
78.180527
78.243671
79.030690
77.515378
78.962009
78.123020
77.509593
79.493686
77.436907
78.125261
78.806293
77.339009
79.028985
78.010799
77.487516
79.214847
77.815356
78.950245
78.693624
77.803637
79.651313
77.767217
78.355194
79.125727
77.507177
79.028212
78.034476
78.114520
79.484337
77.423124
79.025890
78.589028
77.599409
79.552660
77.470533
78.716283
78.290563
77.363424
79.477000
77.379703
78.099169
78.902607
77.360790
78.998800
77.908147
77.683350
79.493739
79.225379
77.355099
78.680034
78.604151
78.535713
78.924928
77.357457
78.604141
78.390150
77.505473
78.988803
78.152892
77.674094
79.461793
77.897631
78.051209
79.520650
77.548087
78.433620
78.722777
77.489906
79.047293
78.201692
77.595854
79.533735
77.615479
78.190848
79.724881
77.545938
80.146803
78.512885
77.699994
79.640535
77.531182
78.821333
78.588253
77.686043
79.675481
78.074921
78.443648
78.930456
77.404512
79.046877
78.097899
77.907108
79.212998
77.571077
78.932412
78.445537
77.670409
79.354071
77.911212
77.961204
79.568244
77.526607
78.782662
78.586698
77.640600
81.486762
77.529621
77.779369
78.998214
77.348357
78.513334
78.839207
77.322637
78.278587
78.340035
77.334628
78.512940
79.288506
77.342596
77.461713
79.172865
77.344622
78.256756
78.581289
77.351886
78.963447
77.623164
77.354642
79.378199
77.508979
77.490465
79.764657
77.483024
77.352374
79.024343
77.475297
77.365964
78.463498
78.165059
77.374833
78.749243
77.780165
77.353263
79.242097
77.464188
77.328541
79.349411
77.334568
77.927703
78.629362
77.188706
78.399707
78.077121
77.234919
78.676478
77.569031
77.180672
78.535931
77.689662
77.203169
78.445172
77.841532
77.188515
78.641561
77.521232
77.180194
78.377358
78.011419
77.183136
77.774013
78.586403
77.180408
77.911450
78.531664
77.221307
78.526384
79.330616
77.207923
78.938909
77.786946
78.084625
78.431911
77.202801
79.150817
77.351982
77.891086
78.731882
77.180981
77.306317
78.909331
77.185677
77.735284
78.545388
77.175144
77.624765
78.786129
77.181851
77.331451
79.040407
77.188919
77.436198
78.922256
77.177530
77.541682
79.513138
77.983213
78.781436
77.908761
77.364880
78.796163
77.644036
77.325742
83.871006
93.419918
76.174283
77.382498
77.367272
77.364711
77.370211
78.324078
78.203620
77.348790
77.439581
79.113101
77.375762
77.333253
78.806760
77.691012
77.375804
78.817082
77.764026
78.434833
78.633845
77.334042
86.095998
77.372989
77.361826
77.337750
77.336266
78.594806
78.229598
77.399238
78.855965
77.911640
77.357325
78.649489
77.980416
77.500359
79.157778
77.348334
77.391816
79.230706
77.365079
77.437382
79.182373
77.372135
77.580937
78.975068
77.374490
77.696688
78.821681
77.347971
77.388113
79.356053
77.352340
77.376593
78.890795
77.938560
77.351692
78.497190
77.980583
77.405056
78.350901
78.212335
77.602763
78.108405
78.515516
77.341567
77.756253
78.886570
77.356297
78.425298
79.497157
77.939958
77.442070
77.790201
79.073844
77.505369
77.487874
79.365891
77.585497
77.488972
78.300454
78.913523
77.538213
77.832835
78.876783
77.503780
77.508076
78.967977
77.843203
77.497804
78.858518
78.095929
77.344121
78.300989
78.301222
77.417416
78.178455
78.309495
77.333553
78.408468
78.331822
77.372209
77.807716
78.763662
77.546588
78.305122
79.291613
77.987941
79.363213
77.461962
78.952970
78.281678
77.528564
79.488143
77.437191
78.123237
79.408076
77.359436
78.867674
78.224923
77.354691
78.423095
78.015667
77.372017
77.905239
78.547627
77.489502
78.678847
77.741718
77.382407
77.361861
79.103940
77.355988
77.361384
77.777075
78.751456
86.382739
77.385328
77.336392
77.403474
77.340569
77.349089
77.455420
78.981766
77.372219
78.110341
79.431874
77.346529
77.342890
78.567501
77.938414
77.357156
77.858137
78.610463
77.351432
77.362870
79.105479
77.358522
77.360370
78.400078
78.108632
77.696282
79.518132
78.399755
77.379578
78.035614
78.523027
77.569921
77.666186
78.815357
78.128101
77.486477
77.488324
79.288512
77.515619
77.493069
78.681300
78.305600
77.487832
78.346678
78.578867
77.475104
77.402382
79.060583
77.358367
77.358990
78.109784
78.442813
77.348957
78.040888
78.665406
77.350269
77.336006
79.241044
77.390147
77.323884
78.925701
77.447104
77.569806
79.164211
77.335126
77.647345
79.146292
77.373164
78.098747
78.558504
77.355546
77.381836
79.093570
77.329901
77.548984
79.423949
77.620480
79.889988
79.812017
80.002574
81.822345
80.308516
81.925068
80.487688
80.765120
81.492427
79.919220
81.929891
80.111782
80.949126
81.041884
80.029034
81.801549
80.061194
80.231252
81.582631
79.818356
81.645021
80.573297
80.096928
82.073588
79.840718
81.460230
80.565739
80.012358
81.894554
80.012979
81.024592
80.964254
79.905935
81.640473
80.172177
80.313513
81.552253
79.900883
81.544624
80.834323
80.378667
81.753470
79.952532
81.796248
80.534326
80.865970
81.303819
80.211450
82.204573
80.045472
81.149008
81.023002
80.195478
95.466517
81.855542
79.609092
79.852214
84.117190
89.592103
81.728562
81.934615
82.034606
82.015129
80.503507
81.170898
81.356480
80.011470
82.032351
80.153800
81.379718
81.008433
80.248976
82.230260
79.985733
81.442170
80.668511
80.983658
81.444927
80.323807
82.859227
79.945606
82.087336
79.863336
81.219753
80.934058
79.849536
82.022542
80.014668
81.443694
80.765056
80.327505
81.720900
79.904545
81.773693
80.360867
81.999962
81.329295
79.828011
81.886147
79.929735
81.151026
80.707674
79.932481
82.056108
79.832085
81.397791
80.766101
80.659029
81.666015
83.755746
89.113363
85.721181
81.486592
80.516242
80.524698
81.315724
81.373383
81.559013
80.584799
80.411465
81.516407
79.825209
81.762671
79.973262
80.845687
81.089678
80.044104
81.587864
79.752103
81.431801
80.379874
80.692214
81.600747
87.334410
88.332616
87.184526
88.416310
86.790498
86.730679
89.045692
87.363853
88.630251
88.395094
87.886309
88.618785
87.534077
88.547388
87.387865
82.140502
81.892581
79.690252
81.623464
85.223427
87.990058
88.037498
86.527187
88.516251
87.125913
87.173078
85.018744
79.678655
81.658920
80.398954
80.407672
81.333141
79.655095
81.534738
80.210582
80.926353
80.983961
80.416464
82.002177
79.786744
81.786296
80.372484
80.905911
80.914599
80.491908
81.743275
79.810454
81.594740
80.384512
80.780263
81.118311
79.880828
82.094512
79.976094
81.216622
81.154041
80.161600
82.080232
79.847150
81.658809
80.734290
80.625193
81.255178
79.865116
81.892350
80.187958
81.119007
80.919097
80.497399
81.905478
79.762320
81.199290
80.697018
80.107002
81.931778
79.795016
81.450292
80.643057
80.288741
81.738689
79.898197
81.724804
80.781039
80.589708
81.528707
79.913704
81.606468
80.221041
80.830008
81.604260
79.813429
81.959988
80.496776
81.319192
81.350296
80.233387
81.860061
79.772855
81.856988
80.237121
80.953095
81.084284
80.094332
81.977468
79.839842
81.304111
80.722971
81.851644
80.421899
80.108231
81.839594
79.809562
81.034865
80.881531
80.647321
81.577774
79.769659
81.993246
80.178581
81.294479
80.848875
80.329386
81.285041
79.667682
83.921472
81.200938
80.982409
80.732653
80.207252
81.942104
79.790063
81.943936
80.452528
80.634710
81.530347
80.777153
82.111022
82.161879
80.548147
80.794116
81.609926
79.888541
81.891786
80.250538
81.514514
80.886795
80.813244
81.331763
79.956638
82.117931
79.960355
81.236658
80.912876
80.317356
81.718559
79.944112
81.709434
80.165484
80.691999
82.430173
79.943948
81.807847
80.345196
81.128147
81.205563
80.113118
82.101230
79.952776
81.596405
80.870699
80.347544
81.797063
79.835995
81.989828
80.321159
86.112853
87.865019
87.671989
87.822203
80.621138
81.855920
80.139997
80.855283
81.427540
86.269752
88.779038
84.977467
81.129989
80.886969
80.134606
81.985087
79.792036
81.680822
80.690412
84.361531
88.048220
82.157001
81.890429
82.056515
84.278936
89.114512
86.409046
87.615319
86.682264
87.653147
87.838977
86.330007
88.556139
87.213142
88.518082
88.619285
87.200172
87.624048
87.970198
86.963057
88.989979
86.277778
86.987627
81.687415
85.177612
88.548065
87.223035
87.334056
87.901724
86.604087
88.172539
87.375730
86.339265
88.479164
87.392928
87.202607
88.308576
86.683458
88.748820
87.542234
87.934231
87.597387
79.989273
81.994068
79.986566
80.477922
81.393732
79.925915
81.170374
80.829965
79.902976
81.946249
79.928645
80.822688
81.143392
79.992971
81.585035
80.187218
81.192527
80.605124
79.991272
81.895870
80.016784
80.681529
81.217271
80.071009
81.534792
80.487974
80.082160
81.635875
80.232381
80.081427
82.274905
80.051629
81.119424
81.087320
79.991775
81.715410
81.689053
79.890901
81.754622
80.598310
80.111804
82.305391
80.205781
81.051964
80.985891
80.060830
81.631752
80.586694
80.146148
82.360844
81.546985
80.262793
82.383158
80.200232
80.501287
81.608265
80.218764
80.050302
81.948930
80.035047
80.980136
80.934967
80.105460
81.050330
80.965954
80.069846
81.846844
80.715241
80.831124
81.316968
80.067335
81.686406
80.434014
80.418308
82.069941
80.103924
81.359768
80.748590
80.214851
88.876368
87.318875
87.600563
82.058714
83.748049
89.174990
79.921588
82.026688
80.109342
81.511455
80.570062
84.332338
88.533707
80.907837
81.558897
80.461856
80.693765
81.242133
79.840543
82.092794
79.975683
81.336159
80.739700
80.478079
81.734640
80.078228
81.892125
80.297760
80.436893
81.317786
79.923123
81.497435
80.643912
80.079490
82.125136
80.023004
80.495194
81.454259
80.050446
81.432106
80.742925
80.072919
82.050669
80.046308
80.299726
81.753717
80.019130
81.464007
80.565972
80.328770
81.659578
79.959107
81.521750
80.800836
80.235714
81.997828
80.297658
82.178896
82.234618
80.772261
80.429382
81.928403
80.177558
81.672112
80.615047
80.578627
81.773666
79.977864
81.463719
80.784294
80.891694
81.295565
80.014048
82.082572
80.244235
80.651455
81.701356
80.085458
84.587248
87.468721
87.306852
88.678353
88.202845
88.383899
87.546986
89.172704
87.314558
88.955399
86.831315
87.562464
87.754826
87.995911
87.599860
87.350198
89.145923
86.898510
89.212408
82.883195
80.842839
81.391591
80.052887
81.689866
79.859627
81.294030
80.814873
80.219300
82.084777
80.013292
81.078850
80.934841
80.026922
81.999714
80.345735
80.768996
81.530290
80.027238
82.032080
80.358736
80.724531
81.431542
80.065281
81.842697
81.732948
80.058925
81.492956
80.737943
80.158499
81.803873
80.023210
81.024044
81.025074
80.156820
81.958806
80.567820
82.256738
80.057835
81.170009
81.155408
80.069098
82.182088
80.313939
80.104362
81.796906
80.001316
80.925291
81.338107
80.099604
80.648400
81.264520
80.019919
81.824423
87.796210
86.868868
88.425576
80.148016
81.948632
80.501731
81.230107
80.965892
80.675170
81.637372
80.080998
81.914328
80.290270
80.693295
81.581793
80.004424
81.721747
80.559887
80.465952
81.582500
85.703686
88.420214
87.468250
86.849670
88.120191
86.851151
88.512097
82.536336
81.035753
81.195085
80.076877
82.094304
80.006594
81.053664
81.227455
80.168074
81.993755
80.067829
81.054828
81.392362
80.161709
82.079313
80.306778
80.429302
82.031254
80.033721
81.131073
81.096774
80.045737
81.819924
80.604324
80.690651
81.537307
80.113870
82.128474
80.131383
80.739018
81.789415
80.059466
81.818614
80.924039
80.157549
82.128292
80.354240
81.271821
81.323776
80.098926
82.157720
80.206084
81.573044
80.636860
80.364169
82.086967
80.031512
81.431547
80.832692
80.588749
81.747747
80.142874
82.039048
80.718035
80.461989
82.012856
80.177411
80.872476
81.149586
79.929289
81.878356
80.130816
83.170976
88.101215
86.858887
88.751731
86.903563
88.954324
87.046060
88.477618
87.630148
87.308766
88.230912
86.711575
89.117004
86.766177
88.896567
81.404489
87.876289
87.479817
87.303936
88.507540
82.320264
81.823485
80.134817
80.871910
81.218516
80.080731
82.163127
80.053920
80.865715
81.407218
80.075452
81.258969
80.832716
80.053759
82.195903
79.834731
80.932898
81.087249
79.968017
82.027176
80.261068
80.819742
81.091273
80.026159
82.060819
80.023766
80.609628
81.496192
80.062891
81.522249
80.528987
80.577291
82.496091
79.868942
80.867010
81.196689
79.988634
82.063046
80.088124
81.052292
81.107695
80.216508
82.219543
80.024741
81.299711
81.494587
80.100481
82.152378
80.354310
81.393362
81.234679
80.419863
82.013596
80.111004
81.975768
80.659446
81.219387
86.176402
87.285729
88.961209
73.960852
76.589793
77.863975
79.365718
79.388977
79.344771
79.343802
79.355208
79.240914
79.342492
79.388284
79.358635
80.713494
79.765271
79.389397
79.368736
79.369211
79.350021
79.380401
79.358254
81.075801
79.495128
79.386126
79.387569
79.343317
79.639147
80.638722
79.360035
79.364440
79.341277
79.337717
79.342357
80.875891
79.361861
79.338888
79.352072
79.361671
80.067740
79.970008
79.349943
79.338894
79.347186
79.337781
79.361446
79.371608
79.959621
80.276888
79.345503
79.391699
79.355786
79.352987
79.911240
80.457297
79.359182
79.361695
79.328303
79.370077
80.238985
80.250905
79.343713
79.457049
79.724879
79.711902
81.140478
79.537513
79.501814
79.469446
79.798674
81.227895
79.616314
81.722938
79.481047
79.508344
81.071032
79.475488
79.506073
79.501686
79.487313
79.485013
79.484576
80.975486
79.433749
79.368950
79.503069
80.147753
80.511335
79.483879
79.517156
79.887229
80.753737
79.513189
79.508758
79.547708
81.425749
79.665449
79.638907
80.334730
80.669842
79.657707
79.635799
80.243823
80.712858
79.651765
79.665061
79.683461
80.192258
80.663027
79.649799
79.617467
79.649142
79.808280
81.182592
79.633134
79.652090
79.733129
81.354584
79.796781
79.662053
79.636588
79.650824
79.673847
79.664574
79.642016
79.603667
79.640255
79.636566
80.667669
80.170273
79.663652
79.609995
79.655942
79.669873
81.255316
79.650616
79.642492
81.363784
79.656531
79.650425
79.653175
81.194100
79.657898
79.627348
79.640207
79.610112
81.359520
80.750980
79.794077
79.768065
79.772152
79.812315
79.664724
79.626438
79.616306
79.645145
79.623830
79.542148
79.494303
79.517617
79.500829
79.567492
79.532182
79.527470
79.522273
79.528406
79.514416
79.518747
79.528797
79.516222
79.761477
80.902744
79.512897
79.517822
80.890868
80.087890
79.512142
79.504072
80.927114
79.963233
79.680562
79.675755
81.335107
79.643679
79.752189
81.563961
79.770390
79.939505
79.799256
81.325694
79.779188
79.816722
79.794265
79.801282
81.059862
79.994174
79.804803
79.816321
79.666767
81.245595
79.641699
79.667134
79.687290
80.452234
80.594982
79.667489
79.666375
79.756807
81.103641
79.513771
79.503241
79.486901
79.521631
80.908524
79.690467
79.670687
79.673261
79.685635
79.649790
79.643417
79.713990
79.677543
79.701625
80.056107
79.525280
79.540583
79.517015
79.504605
79.513547
79.499338
79.527874
79.518466
79.525366
79.502023
79.535055
79.517727
79.501487
79.497132
80.496732
80.080918
79.495148
79.480021
79.540997
80.069133
80.524524
79.524733
79.485931
79.538998
81.073101
80.737227
79.513816
81.251377
79.792855
79.539791
79.535258
81.134252
79.591554
79.567100
80.735364
79.962132
79.533271
80.951936
79.956440
79.492871
80.940967
79.802367
79.515291
79.512396
79.517720
79.917726
81.003819
79.529634
79.543712
79.509293
81.219605
79.499371
79.515609
79.537675
79.543410
79.524302
80.118965
80.404570
79.517071
79.497762
79.498172
80.429374
80.341860
79.526835
80.803612
79.899201
79.496448
80.911421
79.882072
80.077236
81.788833
79.891342
81.804709
80.740891
80.948921
81.014974
80.541808
80.920229
80.158400
81.510749
79.518587
81.517615
79.610260
80.613101
80.291658
79.396524
81.205055
79.337663
80.803634
79.954142
79.339685
80.937453
79.898404
79.320312
80.842343
79.321582
79.338294
79.343162
80.605776
80.005899
79.644898
81.588354
81.474912
80.538608
81.381316
79.792623
81.581887
79.562671
81.645247
79.866454
79.677460
81.095981
79.492255
79.846779
80.764204
79.509184
79.539114
79.506503
81.239034
79.532169
79.541509
79.526895
79.543247
80.821426
79.646935
79.334815
79.350332
80.930379
79.318629
79.322472
79.338448
80.894618
79.509315
79.557181
79.502141
79.513578
79.465366
81.052753
79.505201
79.344814
79.354020
79.356243
79.348153
79.360610
79.348974
81.565176
79.481695
79.329861
79.328508
79.343917
79.356518
80.206927
79.920204
79.341495
79.842183
80.267089
79.337731
79.321605
79.332490
80.510944
79.803703
79.309639
79.339383
79.330148
81.054767
79.326923
79.337904
80.821532
79.592980
79.313165
79.337707
79.321768
80.919892
79.344207
79.328703
79.370930
81.075068
79.471503
79.474734
79.483237
80.525049
80.045738
79.498610
79.505773
79.537964
80.766553
79.801404
79.469114
79.516285
80.214251
80.497487
79.482520
79.493628
79.487931
81.038690
79.504378
79.530047
79.504933
79.503490
79.769042
79.501921
79.484128
79.488102
80.395015
80.766273
79.632369
79.691237
79.607111
79.590238
79.497987
79.509394
79.504292
79.497236
80.497742
81.042144
79.791343
79.673012
79.645684
79.659013
79.650803
79.650036
79.650641
79.633131
81.933064
80.074412
79.687603
79.674034
79.809826
79.673102
79.646866
79.673950
79.674293
79.695186
79.661040
81.178315
79.665080
79.683047
79.652825
79.652837
79.946522
80.955709
79.683745
79.709528
79.749498
79.751276
79.605587
79.652550
80.991833
79.629690
79.665063
79.667951
79.634327
80.158309
80.782765
79.644806
79.654315
79.662009
80.107166
80.693177
79.671322
79.677349
79.704150
80.541490
80.310215
79.719815
79.964252
79.518065
81.162670
79.503403
79.517339
80.441932
80.473487
79.662938
79.679232
81.290780
79.839715
79.682840
79.690781
81.297220
79.663112
79.665566
81.498677
79.706500
79.660640
79.658732
79.668158
80.546919
80.655113
79.661432
79.671048
80.789503
80.091446
79.658792
79.665459
79.685196
79.990513
80.908757
79.649890
79.644018
79.658663
79.643599
79.643467
79.662446
81.201418
79.686400
79.685899
79.629745
79.617324
79.660630
79.677490
79.801757
79.771689
79.754458
79.792566
79.800221
79.810793
79.956065
79.761473
79.743305
80.177895
80.821989
79.617969
79.663762
79.634084
80.949622
80.244490
79.529110
81.101649
79.739772
79.489613
79.596860
81.272885
79.507310
79.518466
81.125399
79.613556
79.500305
80.057197
80.567818
79.497253
79.506295
81.291923
79.510952
79.481439
81.005653
80.716154
79.493541
79.494039
80.675053
80.121040
79.648511
79.513608
80.474333
80.265863
79.523265
79.619882
79.520069
79.759907
81.195621
79.666394
79.659794
79.622313
399.064572
91.562435
73.439076
73.453037
73.394649
73.422453
73.424519
73.616677
73.436467
73.354030
73.244513
73.256274
73.247826
73.252488
73.579414
73.706162
73.731365
73.673407
73.609128
73.566288
73.653849
73.655667
73.588877
73.529423
74.915991
76.665141
77.199270
77.201603
77.167921
77.394974
78.995047
77.194823
77.338084
79.050277
77.191118
78.917372
78.750376
77.552732
79.475152
77.440098
78.076290
78.545946
77.339735
78.800635
78.174718
77.502695
78.843631
78.035399
77.511344
78.704879
79.298301
77.366105
78.535172
78.047445
77.357110
79.148292
77.493166
77.350387
79.236670
77.613981
77.652643
79.037502
77.355686
78.417620
78.669895
77.376862
78.151228
78.944362
77.485268
79.150629
77.915587
77.348674
79.128850
77.444618
77.534323
79.430817
77.503880
78.576446
78.521418
77.614174
78.900369
78.383486
77.534483
78.905485
77.649667
77.357651
78.494107
78.028132
77.373180
77.980801
78.615432
77.364188
78.355653
78.658142
77.357110
78.411291
78.384996
77.383235
79.358909
77.333061
78.225238
78.462676
77.339699
78.839963
77.855192
77.592311
79.051136
77.346333
77.552053
79.299957
77.358007
77.628219
79.220869
77.351701
78.555979
79.496256
78.313901
77.342841
78.859441
77.736020
77.335852
78.626991
78.306657
77.361482
79.302429
78.069479
78.872761
78.249491
77.825291
79.034740
77.317717
78.353821
78.489868
77.341316
78.858663
78.000294
77.327706
79.161342
78.654342
77.357474
77.985301
78.723873
77.402819
78.098269
78.517044
77.338953
77.900949
78.718985
77.363299
77.680053
78.734533
77.270323
77.284396
79.184149
77.382181
77.585169
79.404683
77.395184
77.788868
78.980233
77.390328
78.158096
78.662418
77.416556
77.881365
78.823243
77.385414
77.909978
78.620207
77.403352
77.376939
79.111693
77.382393
77.408866
78.374676
78.152150
77.389629
77.597838
78.912202
77.198106
77.196509
79.064357
77.213202
77.215208
79.098980
77.877032
77.368102
78.410907
78.031876
77.344560
77.871037
78.679035
77.362651
78.166953
78.529012
77.517130
79.264255
77.443153
77.267476
78.911307
77.567003
77.357990
79.110904
77.246411
77.772906
78.723438
77.261216
78.860095
77.925020
77.882688
79.270157
77.268376
79.130545
77.752511
77.748498
73.463825
73.729036
76.143685
77.623042
77.184031
78.116279
78.851439
77.472724
79.033128
77.325472
77.212752
79.147235
77.205208
78.337657
78.252644
77.152292
78.903867
77.594361
77.527238
79.537175
77.448435
79.040799
78.225384
77.914626
79.259593
77.336164
78.689452
78.667761
77.397599
79.485253
77.700630
78.775964
78.716366
77.561097
79.388117
98.407815
83.375280
75.536378
77.320730
77.330580
77.312831
77.849484
79.249056
77.555721
79.349395
77.479441
79.125368
78.219692
77.305742
79.012887
79.092589
77.274595
79.226266
78.019232
77.667157
79.241291
77.318989
78.238919
78.674914
77.295101
79.112366
77.780874
77.740398
79.190471
77.390346
78.676118
78.224292
77.483472
79.128399
77.322207
78.374910
78.387642
77.274197
79.307523
79.034926
77.307294
78.473756
78.251512
77.315445
79.111272
77.644085
77.518968
79.339246
77.291046
78.703098
77.982752
77.921434
78.886393
77.284693
78.635926
78.298092
77.322479
78.727534
77.879340
77.324717
79.130406
77.214467
77.900096
78.612273
77.195778
78.902922
77.623530
77.904505
78.714856
77.157206
79.066293
77.394363
77.551673
78.851376
77.172391
79.220823
78.527850
77.465339
79.452398
77.980912
78.334897
79.571062
78.595397
77.445518
79.601545
77.911988
78.767673
78.667458
77.637143
79.436977
77.359578
78.336720
78.730696
77.457456
79.433162
77.779273
78.787729
79.299549
77.463926
79.429730
77.936540
78.252806
78.748801
77.643168
79.699505
78.133862
78.529942
78.787307
77.447548
79.435387
77.467963
78.356670
78.770138
77.355109
78.817047
78.074085
77.763825
79.323781
77.460151
78.858284
78.796060
77.443388
79.603913
77.661243
77.838361
79.217979
77.449722
79.413922
78.087074
78.448672
79.159425
77.461822
79.379809
77.977333
78.377010
79.084485
77.453517
79.490844
77.594380
78.523340
78.706558
77.464258
79.481017
77.481243
78.344943
78.593665
77.314425
79.381661
77.674086
77.734260
79.518165
77.531928
78.879922
79.230086
78.644498
79.463002
77.379032
78.460618
78.839196
77.401493
79.068300
77.678120
77.832136
78.887766
77.317731
78.266004
78.424272
78.596662
79.498065
77.435407
79.365809
78.329106
78.426397
79.067510
77.316223
79.007195
78.348644
78.306272
78.798763
77.588987
79.495784
77.553405
78.914777
78.627324
77.694988
79.766650
77.774101
78.866759
78.394042
77.887884
79.596358
77.698969
79.216636
78.809960
78.254581
79.593109
77.752690
79.420449
77.985058
78.578027
78.783523
77.710790
79.582542
77.874181
79.047513
78.382859
77.971277
79.336200
77.438867
79.721688
78.078572
78.335350
79.252494
77.311486
79.123598
77.891516
78.565391
79.413256
77.536425
79.523430
77.955692
78.802653
78.668014
77.801463
79.349991
77.462215
81.777340
83.323947
77.454581
77.460705
79.304587
78.061670
78.368234
79.096015
77.540309
79.314725
78.057918
78.735405
79.139094
77.765731
79.539870
78.202329
79.698927
79.323648
77.745229
79.688869
78.062403
79.377690
78.997395
77.999545
79.626956
77.575771
78.810384
78.666252
78.012221
79.582599
77.465396
79.235396
78.260080
78.487660
79.491751
77.612324
79.638450
78.627011
78.234776
79.265043
77.563271
79.659249
78.074990
78.668824
78.942381
77.706126
79.627721
77.901751
78.983962
78.350518
77.953597
79.378503
77.581744
79.468212
78.161212
78.336241
79.385979
77.421320
79.340942
77.910256
78.128872
79.288246
77.356248
79.337512
78.103236
78.279050
78.994671
77.712298
79.171450
78.453123
77.723379
80.423900
77.486174
79.308850
78.433203
77.537606
79.481682
77.717005
78.462103
78.995041
77.727800
79.735813
77.628287
79.088350
79.227380
77.442703
79.583850
77.916529
78.200575
78.697468
77.343078
79.374380
77.802090
78.384631
78.962880
77.679173
79.610644
77.870104
78.363237
79.000338
77.459562
79.185689
77.914992
78.868706
78.309809
77.658406
79.337808
77.331866
79.209124
78.071250
78.222568
78.944175
77.323608
79.260548
77.975796
78.175771
79.173282
78.369754
78.658905
77.344802
79.461795
77.556572
78.362498
79.234507
78.395199
79.479372
77.886103
77.863610
78.978538
77.639634
79.594969
77.757600
79.010612
79.200869
77.463390
79.560488
78.122398
77.713703
79.477860
77.444492
78.672596
78.341965
77.454165
79.389079
77.325311
78.022461
78.679174
77.290000
78.777703
77.698922
77.182008
79.140341
77.582505
78.333041
78.197551
77.353058
78.905045
77.669381
77.323316
78.828782
77.922985
77.319353
79.087539
77.729257
77.489266
79.076821
77.303993
77.754809
78.766964
77.333947
77.870637
78.677734
77.340672
78.165075
78.484580
77.311938
78.633954
78.115700
77.348428
79.166573
77.506488
78.735798
78.213551
77.296104
79.190810
77.616183
77.937096
78.608995
77.668587
78.537874
78.031305
77.296280
85.633495
98.480190
74.431890
76.171069
77.322623
77.351500
77.360805
77.327088
78.433664
78.234067
77.353871
79.239376
77.436379
78.082908
78.831276
77.329051
78.751285
77.891887
77.334493
78.270948
78.280351
77.326839
77.979254
78.614824
77.307244
77.561985
79.100363
77.317389
78.943590
78.608950
77.405841
79.020232
78.129489
77.722659
79.722706
77.530396
77.692092
79.374890
78.949810
78.092648
77.636332
79.192674
77.316096
78.894081
78.230505
77.970717
78.958707
77.611186
79.440388
77.510125
79.023776
78.790792
78.031691
79.192631
78.360166
78.985274
77.618279
78.465762
78.404049
77.492157
78.111969
78.718796
77.485001
78.035871
78.767064
77.593807
78.011618
77.526981
79.261767
77.553155
78.109021
78.876684
77.362086
78.192217
78.375828
77.332170
78.375243
78.134477
77.306137
78.009475
78.509027
77.317213
78.482447
78.005388
77.191976
77.903394
78.424622
77.172447
77.192475
78.949574
77.229287
77.156559
78.247894
77.905682
77.155854
78.557077
77.677213
77.168504
78.902815
77.357398
77.180382
78.543755
77.638860
77.200740
77.994995
78.108387
77.162197
78.819990
77.349241
77.547253
78.661768
77.136508
77.749140
78.456883
77.175999
78.223229
78.100933
77.202086
79.115328
77.145055
79.110742
77.982517
77.167904
78.687088
77.546882
77.175035
78.719523
79.378955
77.409096
78.152145
78.686454
77.341763
78.808135
78.239420
77.424679
79.319168
77.835024
78.175176
78.473865
77.183550
79.068258
77.353002
78.596659
78.518556
77.563612
79.460761
77.429835
78.325123
78.572247
77.332139
79.305254
77.605604
78.145100
78.570680
77.156941
79.040097
77.784938
77.955678
78.347068
77.181253
78.436694
77.986733
77.180137
77.900142
78.291674
77.178875
79.254544
77.313024
78.320607
78.071854
77.429263
79.173794
77.164423
78.284341
78.104958
77.856351
78.478915
77.195859
78.219843
78.062188
77.165766
78.738342
77.684870
77.154661
78.925415
77.193036
77.206266
79.076458
77.195582
77.166032
79.016026
77.225796
78.322577
78.296904
77.181374
78.244063
78.015017
77.181103
78.326613
77.877679
77.183968
78.245883
77.951373
77.173441
78.704564
77.849288
77.158309
79.315955
77.283662
78.236006
78.585736
77.787394
78.857896
77.187717
78.502875
77.821187
77.164085
78.991233
77.370547
78.799450
78.045806
79.311740
79.305024
79.285858
79.288879
79.273530
79.277977
79.314162
79.294192
79.287779
79.306104
79.295552
79.309697
79.315229
79.280210
79.306733
79.655129
80.828858
79.480195
79.523982
79.453971
79.510940
80.004661
79.354791
79.362532
79.337625
79.334958
79.332323
79.325206
79.335154
79.337880
79.315853
79.356307
79.329447
79.316431
79.309278
80.668867
79.424173
79.292656
79.333029
79.327574
79.299440
79.317531
79.312857
80.821529
79.320877
79.332005
79.320417
80.908740
79.710206
79.501771
79.496566
79.456863
79.469210
79.459756
79.525891
79.470791
79.442751
79.454644
79.491997
79.455425
79.476740
79.494749
79.523871
79.464789
79.655001
79.463704
79.546283
79.506250
79.464413
79.466518
81.728931
79.430568
79.352332
79.308889
79.335123
79.329765
79.314190
79.327630
79.312043
79.330320
79.316607
79.329311
79.305617
79.326683
79.336746
79.336741
79.328243
79.315378
79.337236
79.298637
79.312051
79.336969
79.312306
80.774791
79.313847
79.325570
79.316709
79.305885
79.307651
79.320040
79.337179
80.626001
79.505695
79.286566
79.584938
79.318444
79.340838
79.538068
80.557310
79.296541
79.312041
79.305941
79.335690
79.296735
80.075951
79.929568
79.318758
79.323560
79.316825
79.305923
79.665136
80.510120
79.292428
79.312407
79.298348
80.944796
79.297842
79.294879
79.295002
79.303766
80.760479
79.381548
