50
45.285218
60.910547
69.737451
70.749789
81.639396
62.798898
52.437755
45.689921
46.690028
51.141225
46.333189
55.491427
54.799299
74.496835
86.923911
83.924965
54.903263
56.217414
78.532081
78.832483
53.752715
79.575068
71.331516
79.218941
61.457616
48.147502
56.360557
56.261491
58.161186
81.103961
60.550221
66.138324
78.658729
76.254065
69.967542
77.292094
63.007316
60.396655
81.852807
62.954723
60.621139
77.771320
75.185510
56.994648
57.646851
56.988326
64.669723
79.621160
62.531762
71.645473
81.148207
64.795183
55.227968
61.169855
65.967916
60.540844
54.166317
57.772899
56.212442
60.380034
74.501184
74.127853
55.020670
59.009465
59.846957
61.179581
56.458491
81.459030
87.593567
60.843234
62.447785
67.046468
67.096398
52.453755
72.813076
57.918080
60.690778
62.854993
61.667017
56.428061
48.941954
53.175080
47.676841
48.353844
60.292344
65.587416
81.720653
63.076486
86.370619
59.997145
58.374242
86.790593
71.516200
62.823694
68.240620
70.354772
70.162540
91.435883
91.736279
61.321029
71.587864
77.113375
97.692812
71.306929
66.351367
70.335617
84.153853
66.454502
67.378776
68.796427
87.912124
59.293649
60.106838
59.088916
67.273962
59.553665
54.618340
74.376990
85.227333
85.485471
79.926607
60.534414
54.443805
55.193004
80.220055
60.481672
57.950820
56.174624
51.339833
75.435832
63.768214
59.588150
60.968559
62.984195
55.380034
74.930423
76.678051
66.342567
55.340869
61.141023
59.500639
75.128768
59.403734
59.660980
53.605648
47.448403
54.677390
52.168358
57.129054
59.247217
74.999709
81.185509
83.749247
77.485776
76.201107
76.077645
73.454563
53.303881
69.718300
73.133913
70.841140
76.724444
68.268127
74.519619
54.350838
53.027395
77.899727
64.726792
57.617852
72.883426
76.975909
52.913369
54.441183
74.255913
65.096841
60.216441
58.047723
64.076546
64.988449
60.669726
49.324874
52.601507
66.596041
82.294862
71.483383
67.843221
78.963634
65.914733
56.365957
47.794664
67.529028
82.672324
58.784008
60.982369
61.725336
60.056443
56.548690
65.969818
60.679610
68.330079
84.677517
86.948485
61.533024
63.515870
50.399664
60.292078
60.990139
62.696778
63.257108
58.217494
55.449954
63.077562
59.833265
59.374307
62.065528
59.337738
59.485992
60.501019
66.021803
75.168587
63.285873
58.101718
76.950737
54.318596
49.285054
72.205902
74.319934
64.387968
60.189193
63.000863
69.681854
58.064605
64.293748
67.140151
70.476126
77.490877
59.118572
60.581103
59.507937
75.922578
89.361463
86.718947
83.981801
64.163300
60.585772
72.268939
85.056547
72.260127
54.682922
53.545583
66.327102
80.428436
66.605115
64.599339
58.002516
57.112692
78.635121
65.768257
61.897594
61.339050
59.484909
58.974808
60.815633
57.562538
56.085020
59.524692
58.355080
50.805997
61.796673
77.367815
81.913664
54.806470
55.769911
51.642288
51.022788
59.118407
61.855943
73.907381
79.270966
72.398806
77.007675
63.266419
58.144315
64.583475
60.702914
60.700014
75.769937
84.603945
64.965226
62.378709
74.102960
59.444106
50.587530
48.779059
58.248073
60.181158
57.616873
63.016373
76.251072
88.097503
86.200269
71.371738
53.033839
47.607419
52.887369
64.515289
86.369139
78.780398
74.300189
52.542841
69.085530
80.127258
61.452077
62.837747
59.427169
64.651427
54.928332
58.422792
55.974887
65.313031
71.335015
85.318230
60.693710
73.525047
87.275543
83.471219
61.359003
57.915849
57.604722
50.762607
54.289517
57.180896
58.800995
63.922155
85.405915
86.646051
71.762025
66.450522
77.275320
87.793193
83.961215
61.357595
58.452348
83.279864
78.346742
73.388353
49.616319
60.321648
75.020570
65.098847
74.460441
61.794784
55.947949
51.869346
48.937688
60.731626
62.487355
59.460310
71.246839
74.934780
72.264646
60.267837
78.591980
61.123208
57.373618
69.332090
68.665180
50.317795
69.987910
85.951555
71.894720
78.102827
61.132064
76.199783
79.393103
82.121191
75.553538
80.237667
68.913989
60.939109
60.109908
74.403124
78.778375
57.803815
49.543170
64.263771
60.935541
60.893141
59.928928
60.755858
59.036597
60.183115
65.539692
54.014171
58.609446
57.880129
57.956326
72.708387
61.700873
71.473492
65.309997
65.769480
67.577660
60.657642
70.384474
59.282487
72.186328
80.146342
82.523181
66.202585
80.130332
84.564144
71.661502
68.459210
62.882974
76.447829
68.760098
55.244639
65.484575
61.898512
62.290171
49.791179
57.673337
64.494847
78.980135
86.983111
82.568998
62.408558
68.604595
79.438194
81.353878
69.950993
55.546399
54.731958
60.964376
62.220552
63.950554
64.588922
53.400199
48.336108
59.870010
62.043446
63.618936
57.831465
63.604115
65.118415
58.537350
63.938777
85.672657
62.861925
61.537422
66.507619
68.545446
56.158926
47.707757
47.334899
57.152044
58.972354
57.581367
61.090361
59.310537
73.831756
64.010160
85.269291
86.699726
75.162698
58.763283
57.864505
73.920411
70.350254
87.173521
77.548080
72.524186
86.278851
62.089294
62.349925
59.813535
89.340424
64.496157
55.039775
48.917628
60.363969
63.736284
87.035662
70.696738
82.212030
61.470234
69.884453
70.189269
63.338708
59.727888
67.234761
61.749407
63.411824
62.558799
65.930064
84.312183
64.851830
63.322022
65.474676
58.959136
64.939813
68.423593
74.019667
68.610698
47.303530
85.335336
56.178727
66.141534
60.103063
52.949977
64.247899
59.097378
59.965943
64.101094
68.856617
69.308775
59.844358
59.138932
75.904492
63.005459
59.436899
59.580990
62.183989
50.279038
67.499311
70.550150
67.839524
69.477507
68.531837
68.949519
61.557076
64.548111
76.804901
70.571917
73.316371
75.950967
83.532493
65.456035
64.023280
91.479352
63.826893
72.347672
84.183578
55.891021
51.717801
63.644755
66.370104
66.878929
64.450626
60.965831
57.674738
66.121347
66.001103
65.761937
82.183429
57.077054
47.874896
59.222258
57.746760
64.561127
64.789594
61.444304
62.643250
59.145169
50.865312
50.980373
57.762310
64.373033
87.728757
72.856570
75.677349
88.598189
84.786360
70.185306
85.897734
73.758043
60.075970
60.374983
83.811806
65.119852
55.024633
58.294412
77.447446
84.596260
74.730441
71.184380
54.832500
63.638168
66.197270
62.144116
82.958484
97.661373
77.749170
54.412414
52.730374
54.210913
79.014404
81.936839
47.547717
55.702133
66.149744
87.441924
77.177726
69.147152
60.539846
51.723174
58.151997
72.240580
84.242786
67.639618
59.002901
51.949298
63.653179
59.714051
72.483909
52.096691
52.135009
68.528305
70.252464
84.788363
83.630783
71.240045
64.668542
83.950061
72.530923
80.281779
80.200917
61.020802
66.163746
49.030054
59.354778
58.918298
59.623247
84.452746
55.838941
59.788523
72.449358
73.757854
66.253075
58.686458
49.005679
74.261883
62.705162
67.158252
72.236017
69.525615
82.520615
85.036205
85.565885
60.141816
62.439178
66.809881
58.470624
60.818498
70.013082
64.878299
57.547449
82.532910
84.375659
67.502409
85.940418
68.453241
84.049856
68.647887
58.441068
60.501499
58.651494
65.325294
63.798560
68.124107
63.461413
56.803015
70.894111
59.986563
73.354843
89.559405
78.583956
80.021307
66.579551
84.967674
84.272005
97.816305
93.790175
55.471417
63.280899
79.546026
86.308957
74.553428
71.868914
64.257786
67.372581
68.091080
66.261513
79.184820
56.480670
52.539639
71.709160
67.724061
53.482518
55.179198
67.374997
62.015989
53.154973
50.954747
58.050074
62.150065
60.158284
73.263994
75.896504
77.413831
67.570253
87.197075
62.800224
69.437381
58.834397
57.880997
58.698693
60.407021
61.903228
59.337397
61.749098
63.833104
72.758403
82.805154
82.393453
75.136421
64.908387
59.362320
58.323548
67.308101
59.004513
60.662005
59.946233
67.299071
57.612733
75.669870
86.747688
86.925114
78.275988
83.619179
60.370218
57.280577
68.294185
85.230058
65.660179
58.446535
62.517423
67.618610
60.301032
67.172759
55.159565
51.253340
64.127912
65.725997
68.078471
59.037225
48.582983
49.929472
57.115451
49.419873
49.477140
62.053790
63.615278
66.108740
49.341585
61.373347
67.589472
69.800131
63.965653
67.384277
66.304485
70.450594
56.555405
67.893242
59.413165
64.103505
73.760759
50.561542
80.223551
57.583132
50.794147
68.650946
59.170568
59.826878
60.013094
49.060692
47.915244
78.032380
65.954742
59.290232
76.482572
68.031000
61.542495
66.667620
53.400533
49.511494
49.447526
51.149548
56.681055
60.878610
60.278480
81.544651
79.847001
88.586057
74.784774
109.860296
334.247974
63.132373
54.292025
56.284431
55.265415
54.613040
57.475751
57.637159
59.512326
57.209119
55.050537
55.244580
54.851581
55.392015
76.477628
56.893408
60.957471
62.886242
88.453119
81.364003
56.602369
48.680726
61.318142
54.202931
67.438872
74.620404
70.718364
58.194335
59.961864
53.049260
64.125640
61.518164
64.406366
88.147762
87.648340
87.069212
81.934018
87.626822
75.026145
83.745603
84.368681
63.933097
77.191807
81.179872
70.300684
56.141414
68.979257
78.877085
82.468909
53.034723
59.850164
62.604427
66.659588
59.062830
57.262206
52.052449
61.199265
77.853714
76.023345
68.823704
49.875164
59.730903
69.991072
68.217401
85.585112
89.097441
89.748716
78.229257
74.549300
80.722334
76.965501
74.887931
59.914950
61.439974
60.387220
72.487673
60.469061
59.252367
52.516009
57.763535
59.711399
58.372087
58.502776
57.443088
66.782762
59.093836
60.594418
50.043645
55.146493
71.255695
67.495573
85.570141
86.532577
77.087830
51.213342
81.658550
60.595930
57.599717
58.690040
57.534585
72.039826
58.222809
58.898269
47.676248
72.573427
66.191397
76.175384
71.843929
72.303970
81.082103
84.458666
76.164149
64.921447
64.689583
65.215761
63.889768
64.560587
73.806639
68.794169
62.869596
64.268761
65.145541
73.166602
75.110206
69.026347
86.853701
62.296489
62.661120
61.298851
60.702515
65.624920
85.656945
80.029095
75.100599
58.647410
51.857636
50.309731
60.658330
70.630996
66.089223
64.583992
61.651410
57.512634
56.189905
62.094317
74.274202
74.503502
64.526790
84.392443
58.539301
60.814827
85.740692
85.389655
78.916517
59.988076
59.114362
63.951153
55.901401
61.725292
69.902190
61.501820
65.611083
60.401446
66.258871
65.209637
61.474509
58.871665
58.516712
52.396629
63.295069
84.217391
58.936693
57.524364
64.632435
83.241545
61.662403
62.580955
70.690797
60.211563
58.284578
60.190676
57.450540
52.705982
65.159377
83.313846
79.552713
63.706813
63.986589
59.884233
65.152071
61.193870
65.777333
65.282722
59.243076
60.505086
65.147699
60.576012
79.555310
73.507864
75.423074
80.316213
79.681833
62.731849
58.956344
59.316097
78.943170
88.113226
73.776252
82.884457
87.004570
69.841492
61.340959
47.229763
45.996975
51.896308
53.320508
49.652325
62.524551
63.317398
59.220121
57.731967
48.590206
58.424244
84.831180
84.952098
60.018143
60.145072
58.348116
50.053698
69.630173
68.472871
76.832365
65.910433
58.659149
56.861020
64.769860
53.570821
71.227389
72.495669
66.461040
55.881239
65.921242
63.715519
47.336670
51.390632
57.304807
72.829760
76.858733
75.047939
62.601797
64.608453
63.001216
63.427824
56.557370
51.437589
82.761374
50.410441
67.696110
59.554114
70.121122
84.468246
84.234556
73.545038
58.353592
63.352893
73.430902
85.604461
85.821829
60.695584
76.759662
63.125992
81.582523
68.322303
60.118249
59.888485
57.792203
66.224003
82.587049
69.717509
59.006897
84.423488
53.331027
53.944044
48.086258
53.165865
59.017830
59.511705
62.212796
59.888564
59.685951
65.164309
71.380433
57.471763
84.938701
77.597372
79.389562
72.858349
63.270738
61.549920
60.995447
57.609865
57.146051
74.272794
48.070478
60.146358
64.540050
86.085529
73.070172
72.206833
67.191040
58.474157
63.366905
58.742776
77.687856
63.317602
59.143167
69.461615
80.662598
73.843816
87.119622
67.568764
59.438335
85.448256
81.383465
66.437327
62.932191
87.754756
57.478220
73.262678
54.814269
64.688227
89.194070
77.812878
71.344680
87.823699
73.903583
77.034094
81.718493
72.970649
72.071050
68.161470
58.815505
60.342511
60.048387
62.663919
57.539457
71.265712
74.400724
74.567900
81.937750
62.845688
79.550539
48.034819
55.770017
60.971030
56.667397
53.881655
59.621070
59.430440
56.930763
64.585399
58.021989
57.220800
63.260863
59.534730
58.833907
51.364532
55.170446
60.944091
64.397193
58.761696
59.484027
65.431193
59.547224
77.036466
77.612239
59.030640
55.777913
50.285643
57.608043
47.776333
47.456234
57.228689
60.203675
68.486220
62.922646
51.782778
67.209366
76.436022
58.656072
68.563598
75.392491
64.802965
70.809124
59.915763
59.693719
47.390949
59.090251
64.040093
58.845731
56.676458
68.097575
61.882784
70.740639
59.362201
65.281311
61.311870
59.707072
58.974842
61.168034
56.542140
73.624005
67.011554
75.580809
75.465282
57.733597
66.058096
62.711033
69.909466
58.617079
71.686305
76.325487
55.025565
62.455997
77.076116
53.443570
72.210900
87.620115
84.035614
58.364520
57.958285
58.650797
60.670636
60.619043
65.323874
67.678929
59.967771
79.759937
87.955083
62.928515
63.281909
86.396784
68.142606
66.827247
78.939654
68.708104
64.925758
71.777744
67.373708
49.569333
58.755948
87.194167
100.638620
92.151134
78.989501
82.635808
84.696199
81.183732
92.633256
61.855928
81.537995
92.069915
88.371778
86.656005
59.053214
71.382367
83.099289
70.638749
64.317003
65.445360
61.335714
57.433607
73.340477
88.109286
87.038838
88.572258
87.076826
88.540220
84.728206
66.999553
54.647397
62.660070
73.441085
84.079807
58.607311
58.978144
59.163868
58.004372
57.410398
62.613481
74.112996
50.453884
67.470722
59.568636
56.616425
56.390685
48.052835
59.590946
62.740036
65.592521
62.505197
52.537688
57.650358
62.275845
66.872673
60.689086
51.605892
58.676675
58.589622
51.056623
81.826918
65.985848
59.248236
50.434243
59.838918
65.210321
87.651908
72.047398
55.047727
52.315088
68.344043
66.090176
63.970656
68.050770
66.806253
79.456770
62.498497
56.645338
49.950307
48.852258
69.499924
97.033413
74.013815
81.383291
67.224144
61.084418
82.491699
82.652586
77.013242
63.042819
87.559027
86.402449
79.711502
86.069738
79.522199
78.461083
57.933637
59.390092
60.578037
66.596103
72.850958
73.382207
83.902160
71.230776
79.019822
72.334657
60.592867
74.666707
74.549998
71.061909
58.706951
62.291448
47.515534
69.910989
57.967431
52.804803
77.839135
83.370658
53.975802
60.607014
71.121064
86.813333
81.822273
82.123806
63.771039
56.094131
55.433552
56.639310
56.274096
84.069809
75.446025
72.400857
68.889744
63.951348
63.067625
72.913075
62.466369
58.371774
49.915378
67.239389
60.578651
61.394504
78.018955
79.479515
80.840235
61.206460
70.781078
87.734831
60.587391
57.996220
57.561938
58.573166
49.332835
50.335016
60.863875
60.216007
62.284459
57.760082
59.759165
81.327983
58.420459
58.104375
66.853878
76.643326
59.218704
60.113439
75.963473
85.671133
85.627160
72.765812
60.764484
70.662890
63.136732
83.992536
88.199251
80.298779
73.171124
70.346458
79.683557
80.319738
81.448405
59.003350
58.827384
63.306050
59.496840
49.458725
47.994630
52.161257
67.491774
67.993789
65.383890
52.069088
47.340869
52.530386
54.495121
83.241649
71.836416
77.794520
85.207348
79.113116
57.529124
61.992895
63.790196
59.940275
59.166497
51.106898
47.361716
54.785219
63.861021
86.585714
87.044024
59.910263
64.563340
66.900589
60.611652
73.155350
76.695505
65.654598
82.317688
67.216122
64.783732
52.535490
59.541759
69.388423
75.872960
70.091727
81.423286
87.285238
72.660323
69.086031
51.159743
57.985569
59.943308
65.039530
57.546138
53.789764
57.994231
64.470264
89.168920
62.508294
64.237024
67.285633
67.230093
77.270675
73.967709
84.666225
85.882569
67.523740
85.763243
67.736245
59.594700
81.683652
87.569922
81.678187
74.822445
61.739964
55.557534
72.112638
50.677822
58.510040
72.321063
59.874969
64.872134
51.802896
53.896796
78.223188
64.251855
62.672825
77.116783
76.780695
76.729522
60.670726
59.587209
58.310734
72.031571
62.947338
63.666278
52.051109
81.747519
68.082811
75.860777
77.361152
59.678554
74.239502
68.246145
61.257555
59.211011
61.719782
65.160040
61.994736
63.865115
69.479116
85.756531
57.499284
67.442384
63.659858
57.929665
58.130092
51.014051
53.175212
60.058084
65.513184
75.602626
65.197247
69.090050
77.424204
74.066436
73.910574
86.845236
74.619799
70.221734
75.240633
62.126978
60.841475
58.206150
58.101311
65.839480
65.066336
66.822791
57.513751
64.797112
83.245174
83.316258
86.426439
70.618253
59.246799
58.499505
59.130102
60.808461
70.443054
85.330939
84.162633
87.888046
96.865763
97.907149
70.921780
56.942717
61.207763
62.484160
64.567355
65.142058
62.661568
58.832621
61.373282
71.140438
83.586275
107.975218
113.287392
115.952376
47.176881
58.619724
57.802355
57.118266
56.261997
49.703434
45.445808
55.094571
71.287703
60.829204
63.695252
69.867281
75.340752
82.550545
45.918102
49.252123
49.265195
49.200291
54.095962
54.341585
53.374616
47.145602
47.155255
52.486268
43.747125
47.659679
73.402600
76.045493
57.955204
57.308457
66.892124
62.354364
59.415657
54.772422
55.670270
64.844172
80.644705
68.426383
55.942111
55.129209
65.432478
75.862794
61.737415
59.226458
67.114702
62.266282
61.496287
59.832765
57.722980
56.827100
56.062155
60.550370
71.647950
61.557256
76.601244
72.977263
72.641734
63.031502
68.102477
69.723867
73.390000
63.448192
49.652733
48.792215
58.719384
61.054818
53.351879
63.659949
75.834159
75.729130
76.546751
67.780932
57.531297
60.417098
60.382717
47.848805
49.459933
77.953130
87.427051
70.784982
84.189313
69.180581
80.526636
69.524340
48.496696
58.809807
50.872741
54.514744
83.318335
64.063584
53.799322
69.434250
86.685979
63.155391
70.789339
87.164173
59.596282
49.085369
88.040961
99.239723
99.216350
93.292272
99.298642
76.660861
77.043903
82.394812
66.337470
60.127364
50.637824
60.241355
74.745272
78.342677
67.484703
84.068053
65.807031
51.080013
53.346239
75.708588
86.095636
65.424447
76.990156
63.259176
64.237011
51.115366
54.398067
60.455557
61.938895
70.867321
51.966030
60.491261
65.395261
87.859118
85.336681
60.100447
69.549933
56.649009
62.470133
81.579137
88.752575
61.489661
49.499055
59.094122
69.541608
72.447934
63.475267
58.651435
61.186641
59.983528
66.602991
59.681292
64.758695
71.180661
71.922325
53.089697
56.928146
61.809470
57.171986
59.549042
58.352214
58.865602
50.450547
49.022147
72.981687
64.609166
49.493083
62.700242
57.960859
82.469452
76.771157
85.877472
77.376602
83.314337
68.321349
51.282459
53.660321
64.231469
58.030973
53.179606
75.827299
86.620085
74.978785
50.727984
56.375922
59.807908
61.187562
66.672742
87.838842
62.267578
56.407647
64.290539
65.037902
65.955227
63.019759
67.427850
59.809289
48.198862
76.063606
84.461315
86.255536
73.582346
88.662383
87.145850
51.526889
53.659169
86.646323
84.067003
83.686017
57.624534
73.446344
75.457858
84.308710
54.767334
77.336946
88.029524
70.308469
58.978057
62.735163
58.372702
47.352367
59.197837
85.614693
88.138016
76.861600
61.707187
72.674793
79.392500
81.387874
86.651741
83.954407
65.408225
48.912412
60.438512
61.009159
67.849569
84.702411
85.897792
80.149459
52.787237
65.277881
79.403966
58.335650
65.320629
84.268548
63.473913
75.517072
68.052961
66.175441
53.265100
60.329472
74.179951
60.087182
61.464270
65.711413
64.098173
63.395770
84.832294
63.712124
62.416868
70.417547
66.786285
62.702301
68.959949
80.399514
72.373995
67.064715
84.891050
97.614902
84.763748
87.493004
83.700102
67.638398
68.431752
64.256466
80.539238
85.112676
69.117420
51.924060
63.300071
75.974182
88.097203
75.324932
58.190567
49.992583
56.439171
64.398356
84.176381
81.550879
68.698147
71.341283
68.455039
70.202676
80.785008
78.342941
81.550622
55.058898
59.509630
63.696843
56.284603
56.703681
61.326180
68.636922
65.109161
69.130642
99.176780
67.756872
59.305400
59.221678
60.203657
67.486006
61.111000
47.521188
50.623688
48.006738
51.785147
49.935380
72.828994
63.211029
71.154080
66.693928
62.917962
73.125326
78.588819
77.524201
80.734949
56.854357
53.117319
60.043810
83.664978
83.821628
62.242962
65.485628
87.474271
79.738657
61.144149
57.666548
73.033852
83.583791
59.012582
64.142461
84.124264
86.449978
61.426724
66.730600
65.951865
58.142331
48.836818
73.300909
63.536760
70.848856
77.344268
68.865724
66.683453
60.023104
59.077603
61.330581
72.371236
84.516612
59.726881
49.037875
55.214762
58.318883
60.168046
59.615558
51.895776
52.155247
66.404508
65.738693
68.075744
61.704463
57.298391
58.778524
70.288702
84.190050
63.832906
50.885002
57.971634
84.092330
90.536649
71.067949
74.064835
88.390812
86.968493
83.467496
82.307463
78.927838
79.676302
65.999567
69.720899
85.180693
73.437655
67.157650
69.970502
83.141328
62.502488
68.796759
78.345715
72.614301
60.490008
48.977910
53.999429
74.317130
71.265396
50.158341
69.729651
52.432521
48.566766
51.880679
60.236307
60.103968
56.598886
75.755988
77.774334
73.611462
61.915520
65.227250
59.427584
58.066869
58.292465
47.456512
50.772962
53.358113
53.715322
70.792151
83.701548
77.706982
82.240669
63.832261
64.551338
68.206095
71.385924
73.341851
85.906363
77.486123
64.362284
69.410983
59.391197
50.012884
77.269391
81.673822
81.241608
54.697915
69.692812
57.599779
61.079592
66.155320
60.955251
61.396330
70.061033
59.766728
75.404178
69.717826
66.305991
87.780624
79.742781
58.396316
56.286776
68.936228
61.496240
59.570779
49.752330
68.256833
78.087551
97.437691
61.338569
59.415306
60.062973
68.606097
79.557642
67.088139
75.133664
70.802328
71.779207
87.136945
76.001628
68.071572
71.520928
62.691795
59.875738
60.772616
50.693134
60.775899
66.706473
59.819303
70.354088
87.093779
62.098194
81.583730
76.192013
64.469275
51.609827
57.847404
77.947149
67.075896
72.718998
79.133733
86.979112
81.125191
77.637844
49.325233
48.677974
47.614430
60.281285
65.688837
66.906493
47.809521
78.076840
72.083030
64.073002
53.948319
70.178960
81.412005
73.077580
62.548612
58.929897
64.256383
54.868365
67.467828
66.983898
90.422179
62.290276
65.935613
58.116474
60.211607
67.401984
61.511344
74.914897
59.160150
75.352751
64.759973
66.560176
75.152239
66.716959
59.813913
80.208667
60.655831
67.303481
59.382078
64.343339
63.399158
58.534533
56.280094
63.320349
66.916907
80.733603
77.250425
85.781463
65.609436
59.348646
59.201104
58.976625
47.685218
59.978375
59.760262
64.165070
65.552731
64.939667
63.515535
83.863430
72.444589
84.283774
85.253800
88.633951
73.609386
58.878002
56.938366
58.400287
50.010185
56.349355
54.323461
47.943153
59.273441
53.649970
85.054747
62.959070
70.087405
75.979559
73.366842
83.014024
57.748146
51.015422
59.663428
57.852442
62.119249
58.789086
68.047878
85.129848
69.727115
65.956892
63.646209
55.419035
48.018976
51.150922
59.838446
65.094275
48.806673
73.778151
88.518803
79.035123
63.999222
56.701531
80.716680
73.687991
50.527744
55.763319
48.511764
50.120098
67.653251
62.012817
60.140636
58.561930
58.550284
75.303019
98.537174
80.422596
78.734357
66.497670
85.504062
88.982449
71.478531
56.909637
49.318440
48.836536
56.542245
65.505604
74.407005
78.486818
51.779484
58.111617
59.362788
60.710124
59.008023
59.554439
57.069565
50.991469
56.548924
59.173153
78.016292
70.200072
63.509152
60.551826
58.476263
53.172509
56.133840
49.404665
49.256586
47.538457
63.722779
60.699421
70.469227
66.460157
54.877350
49.176696
54.636108
73.026374
89.093304
68.491465
62.347038
58.981184
57.953306
48.089418
48.836810
47.387689
57.467181
55.737598
68.535273
67.720968
62.227977
60.030756
61.635851
59.546631
62.998035
60.634963
61.221427
71.928468
56.364883
54.651386
55.614677
49.984984
48.410023
55.673682
64.460304
69.605982
71.399066
56.069175
61.745995
60.300223
54.089858
58.498863
58.995526
53.857540
48.932309
54.242789
58.671550
50.438852
58.760706
59.175867
73.287483
78.758602
70.916507
63.681473
59.264990
58.798489
56.043144
67.185996
98.529003
73.790011
47.250525
56.746073
58.623067
52.238686
84.165195
66.004985
63.146962
59.590353
53.933884
47.346311
55.622962
49.962435
61.923538
63.708149
53.076300
50.821669
50.478279
78.273077
61.137380
70.597547
70.381941
71.753883
86.647064
80.351263
64.588718
66.035594
64.327815
56.221232
71.609781
79.993484
58.219414
59.345125
63.041934
58.266521
77.245602
82.242001
61.995665
62.727051
76.270034
73.288273
54.896029
83.688200
67.674090
65.190369
49.990013
61.124292
70.407322
80.082380
60.423408
60.597464
61.155481
60.449811
64.413562
54.200779
58.229124
76.067069
69.006326
58.298174
77.700468
79.552163
58.124617
62.542022
57.382679
71.476007
78.650928
54.421427
56.941391
57.403429
80.944058
83.716808
87.206552
73.055508
80.929872
63.845750
85.165247
59.635759
60.688221
59.028525
65.952153
65.617648
61.743270
69.688112
76.175629
84.320972
79.312830
60.001682
61.725679
59.943952
60.423465
86.930533
86.407960
87.405496
84.370508
59.689318
54.810143
60.225624
67.192491
70.158622
68.398688
89.511364
117.222934
351.005920
59.152034
72.048670
57.604572
59.445411
65.275980
76.757885
58.124561
63.280870
66.653438
75.467087
51.672218
58.316730
80.293025
79.134678
64.858689
56.852256
71.862344
83.226612
82.918819
83.389104
50.069342
57.986533
73.444590
56.220133
53.945360
63.919257
64.695640
61.363519
59.951515
63.444465
58.830458
64.539092
60.145908
54.152397
52.413893
57.191406
59.049552
83.906333
81.924857
69.341650
87.420869
70.741217
58.384052
55.194222
59.071454
56.894318
56.037888
55.353565
75.137923
59.543867
63.395372
58.399921
52.428480
63.418602
61.126589
59.164957
64.030109
67.240987
86.739728
85.777686
56.846198
57.854547
67.773466
63.425693
63.995918
59.905286
62.067388
85.362625
56.783043
53.080078
48.113580
53.055525
61.397441
70.483697
69.050726
73.694965
71.251255
63.390366
62.725462
73.918934
71.566546
61.515406
63.061545
61.198640
62.986396
70.230264
73.234349
83.197625
62.989032
75.348581
61.015889
65.779630
74.980904
75.999651
75.282832
62.569835
64.845557
71.143401
62.292221
62.859053
67.941922
65.426154
60.043567
61.382235
59.872845
47.289432
58.199260
58.807116
58.409621
56.933091
70.458639
79.485818
59.862042
83.325426
64.999183
52.970891
51.503737
60.124493
61.187591
86.699096
62.147877
84.891149
61.897673
62.289246
86.374295
62.741626
75.260236
74.704710
74.539312
83.174806
65.427772
62.472753
60.264922
76.729706
72.026366
62.100719
67.393526
80.873523
87.781108
57.697464
80.593610
86.335677
76.237531
55.404011
47.292450
60.533498
62.888478
77.360394
63.135507
52.549644
51.387534
50.411232
52.793654
51.133219
61.578263
57.504728
61.739914
60.495830
62.981991
72.775489
81.520727
88.762467
64.625659
64.177888
58.152873
57.316197
65.891400
72.229097
67.257613
78.115477
77.713551
73.864103
78.864101
58.676345
69.649746
76.302466
65.153788
60.827658
51.810530
52.483241
64.775176
88.323325
63.135403
66.995844
68.696915
63.772705
47.799533
53.697596
61.163247
83.077284
72.014356
69.875908
85.508502
67.420492
71.962115
75.256547
62.481020
60.110678
61.672061
64.597547
55.358006
49.539213
76.167293
61.233976
66.753537
79.259873
66.631256
60.975232
61.472356
58.588682
77.361021
66.847019
70.559101
59.190526
78.791528
69.092674
75.388450
92.984387
66.457525
69.469988
63.328172
62.808179
78.393444
72.852319
62.524303
60.574811
71.369919
59.264352
59.544268
57.965640
59.354233
64.521488
78.901148
60.679309
81.244097
85.161998
77.267730
84.300101
65.906695
59.913757
54.076987
84.393840
61.483844
55.954582
60.205920
58.430105
48.535090
65.782961
61.345619
58.584097
55.193304
49.693267
59.534501
66.486441
51.025836
49.550972
58.962065
51.160630
48.923241
48.692091
55.119152
59.340396
57.595453
74.647992
60.879361
61.789851
58.137866
57.254679
59.987720
50.519917
71.063671
51.979741
83.396757
72.543672
59.691159
62.810887
59.205777
63.378472
69.202851
76.030153
70.351735
86.801728
71.133145
62.983494
61.281308
59.985939
65.781044
86.272260
76.883409
77.803823
82.455835
83.987228
87.420159
86.013018
66.241211
73.575012
96.617231
69.095211
68.607012
77.069920
80.866899
59.100472
78.866835
70.736564
83.883405
57.260152
65.203581
81.872290
61.825705
62.357914
57.934862
85.000895
71.832704
64.731234
80.800665
85.941320
81.012361
55.775339
60.535368
66.913216
73.120634
75.827574
63.692717
74.776038
83.868650
82.839604
64.945008
69.456201
70.546989
76.157343
64.702189
69.474540
88.257679
89.062169
64.337207
70.088303
62.728810
66.094879
67.746335
59.228214
57.917305
58.518247
62.706321
63.724965
65.679353
58.106197
58.401640
80.718255
99.670465
77.803986
56.316016
67.074686
67.521470
58.452237
62.643595
69.320116
71.525493
63.826436
80.507800
58.664505
64.519008
59.685641
70.542387
85.977244
79.663569
64.472632
72.595158
62.431992
80.343553
61.999618
60.811195
61.399572
52.570189
61.620528
67.103374
75.966748
52.823604
63.684583
72.793754
61.803588
61.477867
85.034097
86.647939
77.603436
68.353525
52.892978
63.432305
88.596481
87.489255
75.949618
69.263650
78.626473
85.222528
66.265461
61.022066
60.142585
59.900115
59.166287
59.615536
59.882911
58.117467
57.439294
71.171342
66.239122
50.080849
60.388461
60.140427
59.817267
52.973199
55.214272
53.906078
72.000760
74.025453
87.219489
86.953677
59.669052
69.768312
74.448476
72.949410
76.232402
66.525372
88.083299
84.152664
78.881869
58.605941
61.704373
64.421405
57.823388
64.932286
58.453854
61.829207
59.265192
55.655053
61.936861
64.180022
77.211753
70.081391
86.827755
56.465140
58.455188
76.541002
77.102974
59.219004
73.336983
71.109024
80.171382
68.289298
69.575624
75.482786
66.180898
71.970876
70.747205
69.665054
75.742646
65.932684
66.580040
89.033089
76.859303
82.233124
58.346088
76.026191
73.528569
58.821716
66.319201
64.907968
86.103176
67.965584
50.974022
48.110438
64.348836
59.177821
62.929302
84.680281
66.404685
60.067542
58.888167
63.132283
82.510330
71.881172
66.153707
59.492946
66.912170
70.893106
74.179900
69.107289
84.971167
82.634470
62.442852
61.634843
84.039811
66.267871
69.220801
59.028086
55.704032
66.877007
88.764184
84.501541
74.781746
70.742730
68.499512
61.255692
58.147620
70.127072
75.202518
81.130375
83.181752
88.125519
79.899401
59.253476
59.719868
57.027920
85.360888
78.676233
62.480439
58.991142
85.585735
62.524674
60.846747
81.520920
61.153528
57.117555
47.274110
58.942863
86.192408
72.035646
59.889648
57.751496
61.002889
59.363513
50.781012
47.413081
58.118883
48.382823
48.940046
58.603709
64.733672
69.435948
63.962845
56.807453
67.121408
60.570689
66.936450
84.006883
71.347766
71.323367
63.904403
81.103162
83.068762
88.882987
63.112626
74.481189
54.973884
60.305581
83.724852
66.413413
74.574274
71.620600
84.912035
65.333115
54.220698
65.790143
78.652736
76.351022
83.141956
69.363829
46.666647
54.774970
57.550569
55.349950
63.022583
87.231434
86.100964
74.480577
58.159408
64.729582
60.593423
52.962225
56.691307
73.586258
72.325649
58.936709
59.557768
48.979652
49.805246
49.805118
59.074738
59.992316
58.116164
61.536964
83.560193
76.716854
53.419375
76.370332
59.802846
84.412088
63.666939
60.083188
57.327341
62.892278
64.781628
63.605620
61.956779
68.559413
53.617081
48.587343
62.235604
61.982857
61.667468
60.176776
59.520622
60.719435
59.938615
49.479898
48.558820
69.143699
61.464676
61.643061
53.627880
58.215854
56.806751
56.190843
53.702170
60.983211
61.919492
50.965169
82.057740
74.335212
78.847899
85.408507
84.765564
86.662089
80.322973
57.988261
68.972981
67.559821
97.452166
81.211957
86.697401
65.818547
75.769905
74.232196
63.830269
77.265941
72.487516
69.134109
75.732922
62.465691
70.518621
61.825126
60.959456
55.969467
47.349046
68.778294
79.698205
70.097004
65.133457
80.332376
78.470178
86.184347
59.563881
48.882099
47.662689
68.608811
59.566931
60.888696
59.115172
67.177730
74.810341
48.714168
78.959450
76.578771
59.774641
60.796242
57.203839
50.844502
68.993453
65.185248
60.665241
66.204572
80.003522
66.105057
59.739641
74.094764
78.746689
60.571583
74.151090
64.319382
75.190881
83.299587
86.281433
86.416156
59.997271
66.499844
55.089925
50.329471
79.879092
88.247675
79.702446
75.805708
82.160611
88.149652
78.920094
48.957745
48.178551
47.560495
58.361978
58.692676
57.379135
69.380804
85.627859
83.134541
83.885182
62.727530
78.033052
70.168745
83.633760
63.900647
63.127433
62.893389
62.385984
68.590399
69.745098
52.234988
62.850621
86.451573
57.793539
61.909768
59.376181
60.727562
61.968717
66.658517
84.222459
85.167967
67.368337
62.556426
65.311185
75.690346
76.586190
93.677405
62.399690
57.338296
64.798981
66.386828
64.695817
74.735009
58.279014
51.157687
63.119708
61.388285
82.766119
85.998760
56.549192
58.924696
61.148254
62.943164
63.766236
58.220941
62.700970
69.117901
76.001756
87.412099
78.411856
62.887491
64.913407
86.327030
67.882149
61.759123
60.980973
59.763084
59.449251
59.111925
59.299078
59.199928
65.554050
71.863511
78.739741
64.958752
59.952505
57.478369
51.229393
52.872692
59.753179
51.505764
60.154889
82.353345
81.812886
75.690506
63.090190
73.783782
64.736053
61.825823
58.468310
54.234780
58.401179
51.785363
68.530175
71.883489
110.475981
