50
65.335156
67.917317
66.822212
51.044344
59.885201
59.264801
62.592560
63.681158
63.403919
58.030904
52.288128
53.688238
61.198967
58.138330
66.538897
64.021696
63.496020
63.324529
64.053656
59.994620
68.176240
64.668503
62.805021
66.430306
72.644470
59.013769
60.590111
66.080314
65.373397
56.166383
57.703955
66.789165
65.241047
70.781299
77.926010
78.071591
80.084170
69.410852
66.658837
67.129080
71.803002
63.547168
73.162384
81.680052
78.204370
76.161625
79.396872
69.780362
72.299718
62.530246
65.489786
73.841885
73.892408
77.448710
68.940474
60.925843
57.775584
61.429963
58.718002
63.017152
69.880182
65.620140
64.870802
61.467160
61.073811
66.319561
61.035123
62.970342
62.952976
71.107767
67.911567
71.129290
65.913850
63.016026
60.576659
64.498288
67.946301
75.717483
68.998428
70.520571
63.729643
69.085439
70.137714
67.804165
70.460522
66.864472
64.482261
64.360241
67.536394
61.095809
71.482779
69.323414
65.266772
64.712961
69.722051
63.411252
63.635749
55.263403
68.170165
60.965240
59.437003
57.886931
60.995946
62.125952
57.379468
63.868892
65.384421
74.434815
70.513859
71.582609
61.950242
66.989737
71.105778
64.629911
73.311243
61.586171
62.504750
61.895605
67.718933
59.079998
70.594787
67.098777
66.417260
59.171183
55.189532
64.706741
69.193107
62.512735
63.258135
65.006261
77.916939
74.007644
72.226150
74.669268
64.323170
57.801431
58.892446
65.712508
60.970288
72.893877
72.535067
74.412821
69.513558
64.682553
67.575499
58.084439
67.028625
61.131109
62.231925
62.731884
61.680852
60.023791
65.430281
71.966774
73.635682
67.126208
65.339919
67.621924
71.180871
75.081846
64.177681
65.547456
62.888960
66.409216
66.116914
62.929853
61.391410
67.478279
68.771178
72.987428
76.826815
71.775943
67.683061
71.850222
69.599646
69.318036
62.220777
75.826300
70.966452
65.478376
65.244878
63.414649
62.154481
76.165425
76.703069
72.311616
65.170102
65.394330
62.793640
70.963890
78.166534
70.393493
72.535358
64.386196
67.676995
68.918895
59.757128
67.566558
69.398094
70.868064
63.523340
60.942324
62.225623
69.531322
67.703090
74.922470
62.517945
67.204790
73.308442
69.705451
69.476515
68.475047
72.631670
69.793978
67.672047
71.500081
61.999081
64.276991
61.718852
59.612109
64.932160
58.654975
64.834276
72.431071
67.146387
63.596865
70.143892
67.300912
66.941828
62.314473
58.724150
68.132881
62.673697
62.756890
61.079831
60.095697
58.253812
58.663936
58.019558
59.973291
60.783213
68.892086
67.052863
63.579141
67.465910
74.428746
79.464323
67.991158
64.386191
57.534694
68.317590
67.212553
68.008708
65.995884
57.833911
68.446753
60.674703
66.049625
63.427147
70.479165
61.108713
59.351609
58.262325
69.691095
60.533206
69.772904
77.653642
77.424978
72.888363
74.275593
73.103785
62.179575
60.138713
63.449769
65.524526
58.789782
63.487890
60.746762
64.367716
63.394315
57.664258
75.636401
80.200255
62.504127
70.247590
64.206642
79.193196
66.127975
69.751344
64.770370
62.682373
62.455563
62.725599
62.467402
61.608590
63.224013
66.892523
65.609003
66.152479
59.882744
72.708366
68.446395
64.330678
74.871259
68.412861
69.686076
72.915704
74.166104
69.110018
62.921711
65.087636
62.713355
62.826709
66.060240
61.998811
67.124133
68.092338
70.724267
73.528665
67.007502
68.494409
73.627077
70.488477
64.240546
67.323576
63.136948
61.078533
68.599575
62.135052
64.994088
57.913841
67.047933
61.635387
58.747892
59.137123
63.131140
62.417231
66.359497
63.174357
62.479293
61.625584
68.531778
67.712218
62.216149
61.367760
68.031513
71.563546
71.525298
64.420053
65.847253
65.478517
68.470795
67.215539
61.703289
60.549294
67.839567
70.449098
71.713845
65.103409
74.939382
73.083673
72.433718
65.129118
60.253219
63.535191
63.459018
59.436164
68.243536
64.842957
65.889603
62.501167
63.526746
70.965575
74.309125
62.893215
65.171640
66.557096
69.154256
63.913047
61.443177
64.637843
67.972084
67.999350
69.583742
70.206128
67.995534
65.387890
67.838210
72.317104
73.300780
69.999517
66.653018
67.196402
72.289670
64.171439
73.797237
62.234081
65.588673
66.380895
64.607055
72.285592
72.630537
77.384519
71.701790
70.032409
67.828086
72.485655
59.996031
60.567233
68.678922
80.325895
74.658728
67.713968
69.724081
66.808904
61.505082
68.462256
70.600626
65.932333
60.336461
66.996519
66.117852
65.031998
70.182961
71.893215
65.057184
67.471025
61.004968
76.531362
63.072868
66.024607
63.999611
70.279679
57.670337
61.670455
79.775382
70.576479
68.932839
70.109965
67.261935
70.821524
70.639193
61.634301
66.250004
66.774877
64.978833
68.117246
58.733010
73.684747
61.688281
70.400530
67.295641
66.031810
67.506779
65.495062
56.025853
63.622470
69.768813
69.174174
72.088060
67.575624
65.842974
65.130344
74.322367
73.962816
65.333577
57.147122
63.880597
63.751200
71.004990
72.968753
66.906593
65.085871
69.550583
70.262847
72.046590
71.599153
68.673453
78.455403
65.424899
69.109888
65.823314
72.007520
71.062901
69.366334
68.014050
67.317619
64.624184
72.309302
72.513195
69.715985
64.975573
65.590002
61.305978
59.213948
63.114566
63.746572
57.093397
67.475098
71.719206
69.143214
67.691811
67.122900
65.584074
57.404996
67.143130
68.346201
69.313542
66.195670
66.432746
60.760969
62.893746
62.110276
61.471927
69.671366
72.501519
65.632119
61.440115
68.368806
64.256978
74.888883
68.105188
67.674736
67.805032
63.893593
70.985711
75.452748
65.620092
69.321231
68.845615
63.639490
68.424228
73.873348
63.112210
57.936790
57.750239
60.458133
57.987361
72.558104
70.721559
65.893548
60.572423
70.485753
67.196797
69.222947
63.269826
60.443699
56.634545
73.224825
70.592708
66.220888
68.720583
62.773379
64.045666
68.639865
67.840476
65.362895
66.805850
69.365928
63.301533
64.502096
68.558087
70.515547
68.554504
67.517934
61.626522
63.444271
71.985447
73.350672
63.702932
61.466291
68.267111
73.332765
65.248178
69.654814
65.731326
67.270582
67.805013
71.530800
62.852819
71.739026
63.372117
61.969518
61.098283
64.630575
66.282908
61.980556
65.140856
57.762538
74.091342
65.007043
65.481960
74.490795
69.628217
72.286401
75.356534
62.896331
61.725322
61.951889
69.160184
69.386417
71.870940
62.139292
68.795264
60.550891
69.648834
73.625947
72.846559
72.263591
67.461963
75.006374
73.434241
68.386804
74.085065
70.706953
70.612305
69.333107
74.263617
72.761944
65.568405
65.871693
70.340558
65.092781
65.217561
66.042854
66.529004
62.682441
59.590454
69.676585
69.401544
63.611636
65.320674
61.569049
72.536076
72.012531
71.139678
67.070722
60.004124
70.018655
77.174004
63.354958
57.974526
72.584523
76.242249
65.113468
67.517150
61.688396
54.495969
61.531964
62.711624
69.408992
71.911626
71.851811
64.130283
62.497037
62.771372
70.441815
69.054023
60.268595
59.522518
64.872532
64.573860
72.632594
69.587948
67.328515
59.593900
57.474988
61.718605
62.511765
65.801693
66.637583
64.555419
64.878144
67.347978
62.164754
63.470328
64.514619
64.386409
65.392466
61.933903
61.974577
63.189588
65.028235
69.810757
63.427358
65.439222
71.400379
65.548361
59.163785
63.242246
61.823514
61.832296
68.627539
59.005537
62.757659
71.280918
72.909205
71.284188
76.546238
65.214730
66.391213
62.460711
64.645903
66.752422
60.422128
63.822069
60.392379
69.881063
60.581511
62.213565
60.052082
63.185008
64.996943
72.581341
66.169741
60.873095
60.047605
70.785244
74.419706
71.325932
74.062980
72.891854
75.690693
63.702965
75.838806
81.407581
80.938490
73.421241
74.824739
72.837310
70.743089
68.933140
72.156101
71.899547
70.023760
69.876894
82.592384
88.194141
76.395997
69.333053
73.640573
62.140112
64.170052
77.125650
87.664837
83.373822
67.577193
69.785319
69.478927
86.381887
70.141716
69.008245
68.009613
77.285830
73.373242
73.319125
66.146118
64.008156
62.159486
63.226711
59.481037
57.737607
65.586626
61.894109
64.500128
63.276908
64.337197
65.547472
63.948414
59.419388
73.412932
83.274588
77.962347
69.107755
61.702498
67.139693
68.241612
65.220790
61.120636
60.547313
59.409576
65.711289
75.094554
66.953401
64.095689
62.031944
67.788022
78.899188
64.838645
63.659285
76.713205
75.608465
73.387263
75.986233
70.959150
75.624800
98.554635
142.670521
58.847419
62.065077
61.674583
63.056772
59.859449
64.522248
67.629825
60.203790
59.565693
69.222584
66.836501
59.274987
69.110367
83.121778
79.579796
72.885454
78.024949
49.353006
53.639965
57.965078
58.115142
58.310126
60.602900
61.560493
62.177363
62.219211
78.119057
64.140819
73.293361
66.147466
55.461258
60.169641
62.330654
64.462702
60.187082
64.203052
69.428950
67.133548
67.949421
69.005802
67.248093
69.153161
74.194713
61.610475
77.977169
69.855894
77.005755
71.702094
74.178228
64.819096
66.828274
68.264363
70.455324
71.562231
70.642903
72.526498
63.176653
70.620536
74.234041
69.425180
69.718327
67.761361
67.886147
69.600407
59.406549
71.034346
76.444370
64.825156
56.838870
62.049489
66.770567
67.799976
69.505590
73.730537
71.913667
72.462733
61.356274
64.460296
64.617558
59.159605
62.719669
66.047087
65.594821
66.061402
64.915501
70.910225
75.113609
72.330474
65.855730
62.605659
57.249314
58.284815
63.506749
60.704163
60.540343
56.547575
61.801397
73.692805
74.418449
69.737453
73.834829
69.977165
63.430145
60.695399
58.121560
57.004811
63.797297
69.807331
71.539140
70.237367
69.025171
74.158156
66.114795
69.985208
70.454343
70.962697
64.729577
62.214435
72.028930
62.801467
70.893500
59.065672
66.522039
64.507381
69.815140
68.192920
71.812951
69.836332
69.560689
70.509474
72.110725
72.087928
72.262880
69.050124
66.274661
61.944356
66.521928
65.423306
66.656452
68.035270
66.813341
63.184185
76.352379
67.830358
64.307797
63.140108
71.634444
69.856676
69.852930
68.256014
67.110502
68.221402
66.230304
63.005048
66.096874
65.658519
66.174310
62.251093
67.056230
66.641684
61.173193
62.312925
71.333625
58.241315
76.754042
64.850029
64.112806
62.169408
63.235199
60.756480
69.988963
58.304176
60.134078
55.379799
59.060178
62.372304
68.899260
68.801009
63.310191
69.294524
64.761430
64.299321
65.722888
68.697760
63.689462
68.690393
76.378790
64.688678
56.558652
57.356460
58.097666
58.508113
59.446203
62.511314
66.061327
62.308541
67.231761
68.514994
61.180247
64.371096
66.879524
71.303836
70.454166
71.181458
65.876177
66.556309
63.026584
68.685163
69.773846
66.592541
64.471633
60.687583
65.273014
71.454537
74.267999
67.192803
65.459206
67.380783
63.979752
61.679911
72.510551
74.696807
72.244925
66.076320
72.815225
69.951618
67.026259
75.031736
64.078717
66.185294
66.098420
69.580281
62.554974
60.575229
66.338602
61.616005
59.201048
65.850662
67.127109
63.531215
64.488193
69.479207
68.190600
61.222397
61.390292
62.537839
63.736612
58.398096
60.915489
62.898164
69.785219
65.241364
66.982781
69.068415
65.736638
61.197393
60.242917
61.862559
64.544474
70.646441
69.130913
67.306641
67.064243
68.463410
74.310825
68.710135
66.737869
73.497208
68.997720
63.917157
71.198596
66.172878
67.861485
69.459389
64.543565
64.466595
68.740635
68.103031
67.041677
61.561615
66.518608
70.732677
73.569986
69.802201
60.379379
64.081379
63.623252
66.152739
66.045113
68.254295
74.468784
66.866972
64.364730
61.429787
60.808584
61.402555
60.289569
67.510589
63.488780
67.685887
64.471540
61.295679
66.790691
64.720194
70.627552
65.791773
63.064697
57.689189
61.892228
67.606170
61.401071
65.198162
76.263717
68.451114
71.783873
68.958760
63.402425
63.149699
63.346371
72.101569
69.508159
72.448479
61.543651
72.799546
69.209163
65.004856
57.549013
61.667689
64.643530
65.995227
61.843896
67.100089
64.255740
62.656693
67.346476
64.155204
68.288688
66.893061
68.431204
67.429653
60.460598
63.131462
67.108860
69.255831
74.688840
66.466942
71.234096
65.295331
64.178311
59.530290
63.709564
62.970851
64.427444
60.495970
64.692001
60.833846
57.939494
58.933611
58.893651
66.672984
65.372556
62.748324
68.217581
61.904594
72.594011
65.609050
64.659970
66.481001
73.835071
68.935997
66.856608
82.619184
69.393054
60.067798
80.815419
72.313002
67.139870
65.496665
73.133480
74.425667
73.463954
62.545763
65.823564
71.558906
74.656622
67.658847
62.525037
70.881745
68.369071
75.564655
68.981615
75.443786
68.589368
71.390280
72.622774
72.504744
71.098603
70.938693
67.166410
75.397266
63.981622
62.974420
66.047614
64.912394
61.158925
64.405445
64.565005
65.788682
69.868380
66.681315
67.261314
69.855931
69.675322
66.649809
60.009839
59.683014
58.464505
58.884445
58.454284
61.924969
54.471732
64.565918
72.287465
71.506745
70.000625
72.392330
77.079848
72.895661
71.200752
61.995896
61.161054
67.109785
72.448881
63.799092
68.826467
72.516068
68.142643
72.643203
65.061380
66.151297
65.887199
68.162779
65.799122
67.588943
67.450069
64.642140
72.177387
59.530510
61.804811
66.320914
70.468399
74.855975
70.237025
70.147924
69.465159
66.486579
69.539516
63.859708
65.867165
61.807104
67.992120
72.667000
74.308453
76.817769
60.769000
66.146046
56.317398
70.788976
61.008628
60.033232
55.825889
62.315843
58.923405
64.460696
63.930296
59.161418
64.225848
64.044703
63.230330
65.269386
73.076515
63.688306
69.205580
65.266262
67.437358
54.547377
55.938068
61.658794
62.021544
63.302830
60.122298
65.957509
61.434640
63.398879
61.053362
60.331280
62.832600
64.031777
62.083562
64.267555
64.751741
66.322254
71.287630
70.006943
69.771299
67.662112
71.307876
61.934948
76.083273
72.062080
71.616715
67.342995
67.793808
66.265194
63.957170
63.155495
64.436515
65.602047
69.374101
65.294950
58.202922
57.404259
60.197874
69.075245
74.349348
73.303954
75.181694
73.208165
71.582269
68.298103
71.012090
73.428277
68.093298
63.372996
65.211999
70.479695
60.448406
67.357795
66.879932
72.352205
75.112998
73.082623
68.574753
69.010588
63.255465
62.088539
61.307123
59.711652
73.374383
64.193577
63.249218
64.365726
65.636028
60.400596
62.572371
63.820542
62.751181
70.856597
68.306085
73.276910
73.710258
72.898503
77.377638
71.676121
68.918863
75.604095
76.540120
72.672173
61.187213
66.565242
62.659774
62.110688
61.841192
71.418788
66.846748
64.700203
72.099397
65.462781
70.875360
69.556156
62.753385
70.455022
63.874262
69.305935
72.745169
65.158856
75.370754
71.923336
74.556607
69.772232
63.909722
78.588771
71.584081
74.245124
81.924741
74.656291
78.530206
75.212217
75.269194
71.502866
65.189180
66.331764
64.478941
76.024239
71.495803
67.010638
72.325284
72.947930
63.064582
62.757816
78.903027
67.609024
68.807264
76.577485
74.425852
71.069125
71.841766
71.101772
65.514771
69.222788
63.068242
62.218463
61.473873
63.667099
66.331959
61.160339
65.639663
67.199552
62.855091
61.629063
69.229086
79.385960
67.128712
62.750700
66.437159
77.457880
70.872009
65.571383
68.621217
68.486307
69.712327
74.991284
61.990158
66.672333
74.820450
66.029048
64.100531
70.824985
73.386862
82.148481
70.580259
59.053812
67.148087
66.914748
63.549652
67.073369
74.446873
68.999447
71.585092
72.637819
70.802461
72.762352
75.416103
64.450692
60.625638
58.498111
64.193249
62.754555
70.908252
69.663079
71.587572
64.702616
67.655907
73.077616
66.354384
68.970933
58.068653
62.203672
61.612990
59.851393
68.731994
74.593807
64.915957
63.861695
67.662874
61.045904
75.028850
79.937723
62.418860
65.512411
71.704805
68.710834
64.534860
67.649865
69.465888
71.927637
69.490571
72.038461
71.213989
74.817752
69.957649
66.579163
64.209964
73.849608
67.316485
64.266458
60.289519
65.953535
55.969140
60.053405
69.104547
67.005305
69.355696
67.353154
71.709543
77.803544
73.810416
63.503795
63.111074
77.654362
74.110320
70.934640
67.391069
65.012371
76.385283
67.131275
59.711585
60.441380
61.015233
61.200725
68.160912
73.144758
63.285726
66.290212
62.675797
66.283866
62.472073
74.264389
66.645770
64.310450
65.879208
75.856537
78.924492
67.715065
80.962942
76.650663
57.673003
69.374633
69.820687
73.264265
61.679437
58.810763
63.398046
72.611202
59.492086
65.744008
75.551222
63.686557
66.337591
65.267030
63.810739
66.400138
69.775896
69.020055
74.154336
82.071470
75.101485
63.592412
69.924632
69.994667
60.279814
56.202712
58.843452
73.978875
66.611631
74.220426
77.384903
70.443484
83.796927
81.082749
79.698765
81.883338
78.618088
68.183745
67.802415
68.043415
63.968167
64.395668
69.685848
72.015250
72.083424
78.993916
88.857641
130.365292
113.883700
116.605745
177.310416
56.015214
62.549807
65.767765
58.382378
59.829778
58.718714
69.130401
76.472088
65.085584
69.733734
67.385101
56.181505
53.751138
55.184997
55.707868
58.600465
61.786388
73.324203
74.355555
63.866155
65.194674
66.276202
66.046591
62.320267
65.065425
64.133257
70.705097
66.843604
72.489415
62.986438
62.325541
56.840607
52.929831
57.600432
59.234884
55.781330
60.878220
66.887455
63.057670
66.786936
62.112222
75.521358
67.802606
73.700739
71.116700
76.184164
73.037109
73.303123
78.792235
63.495964
71.758960
62.351456
66.141496
74.596904
74.383246
55.570451
60.017394
59.324349
58.591236
66.743824
66.869282
68.317493
63.760248
67.988871
67.710739
54.626256
59.869259
60.021768
59.241435
59.389223
66.592008
73.133627
64.331383
58.937646
62.561272
63.951368
63.753363
68.483662
65.008793
63.917794
67.654743
67.806155
67.688952
68.316624
73.543194
75.250702
70.811926
69.366022
74.276414
76.214905
72.180752
60.140904
63.547553
68.179194
65.415512
68.499918
64.867896
63.253602
70.446815
77.292227
67.943355
69.919036
75.536716
65.879818
58.739996
61.191262
59.807048
64.857489
66.789924
63.664168
59.617838
61.009443
66.032992
71.247710
69.856559
75.691872
75.679161
63.561656
64.777295
66.356017
73.524287
79.296830
77.136235
62.019668
64.224625
61.185453
75.314083
70.510914
62.095884
57.437785
59.085627
55.483091
54.711510
55.847428
56.302893
60.937396
61.462966
62.991123
67.361086
67.785377
67.910396
70.762591
81.241436
78.078119
61.258473
61.311462
77.749487
70.264603
77.354151
82.306734
65.803945
68.600388
60.228826
56.711647
57.326732
55.445459
63.075200
65.134820
63.486024
59.848661
62.709329
64.359466
66.213611
64.945546
65.484177
65.856581
58.035413
69.640684
57.897005
61.678633
66.459267
70.300040
71.271694
71.321544
67.321271
63.605242
66.331366
64.368374
64.093896
81.337917
68.804942
63.980526
62.577993
61.925083
61.768871
64.520679
61.170124
68.947518
68.988067
65.707114
65.187276
56.611311
57.913610
63.097508
59.802776
76.652754
70.302671
69.764292
65.297531
65.879382
72.297115
70.846380
58.516202
58.133461
62.237761
63.657017
61.954909
69.896135
68.387239
68.758016
62.086143
74.939573
63.563563
62.370951
66.593301
61.009732
67.519040
61.917610
64.231099
66.154676
67.767942
67.332911
67.510022
68.052269
71.616869
66.286020
80.041778
72.165273
74.496033
71.245115
65.985407
63.097482
66.380556
68.643365
64.984470
62.855498
64.742167
64.622875
65.827720
64.005658
60.585320
66.289928
66.862499
63.770310
63.683047
61.021864
62.042650
60.238868
62.927267
59.527989
59.558273
70.480912
62.281438
79.239643
81.736143
73.646673
71.440267
71.014534
74.860090
75.348581
82.060579
75.957529
74.646299
74.341894
75.530239
78.223853
72.192976
75.820466
68.490845
60.595938
66.062377
64.347062
62.680657
69.990305
66.394671
69.526525
64.848881
65.149273
62.597834
67.425291
69.060633
73.075952
65.217019
62.924138
64.011807
58.103423
65.031299
63.583398
67.990699
64.538275
57.038180
59.529365
53.609006
61.993369
56.958998
57.520385
57.507989
55.248550
61.289673
65.688287
75.604613
65.852501
64.155138
74.116387
66.490243
68.846918
72.111941
63.689068
66.493152
62.781028
65.295114
66.400077
65.061387
65.910834
66.230212
68.042415
66.126782
62.737528
59.309713
59.773532
62.414520
64.774164
74.935518
71.994435
66.880232
62.085334
73.496233
66.124284
63.117929
65.761778
66.489453
75.600654
68.937918
72.685139
67.343052
77.714750
81.063562
71.300598
62.666376
60.372788
76.727786
62.393375
62.830672
60.361354
65.431567
60.013188
61.474395
67.693200
71.849124
68.778825
67.408432
74.988386
65.611120
58.740384
63.979367
59.258914
65.969991
60.353447
62.921900
55.853905
55.413892
64.217705
63.851669
66.270893
65.831591
62.208711
66.403461
68.637551
60.463467
61.736870
71.988294
64.564208
61.788863
63.954849
60.897402
74.613573
72.829490
73.518846
70.333790
74.151893
69.882800
61.475007
66.543418
59.085574
63.354261
63.720742
64.836448
64.685051
69.617622
64.023164
65.479584
60.243958
65.751642
62.553745
61.648022
67.938356
59.825323
63.559103
64.731791
60.280538
62.163439
60.866169
66.045879
60.696505
53.816300
64.501598
68.574129
64.475547
76.731492
72.253364
69.500688
69.831477
64.522601
64.475581
62.384403
61.252488
75.666043
69.482066
74.876649
78.629442
70.342712
65.653947
69.232208
66.001031
64.502246
68.285941
60.493311
58.356689
67.380084
72.650301
75.574124
66.988059
69.175808
66.720475
69.940840
70.179069
57.209266
59.791719
66.864096
65.576233
70.356305
76.423190
69.015854
69.286913
76.107232
65.756686
67.634336
69.976251
60.233830
62.024620
63.342602
64.179229
65.673597
65.991093
66.812804
65.974456
68.377265
61.629044
63.909652
65.996797
66.026431
60.318204
64.242912
63.422295
75.393884
61.811583
65.366793
61.013118
64.381524
71.588831
69.755764
66.716207
68.202716
69.502611
71.110043
62.445517
62.068479
63.900024
71.726144
67.808045
65.437676
69.450272
64.401908
64.923601
65.982885
67.058748
67.241389
64.857266
69.450377
66.181447
66.066952
76.309647
64.700639
61.406412
62.248066
68.897705
65.407871
66.687944
72.519546
69.218923
66.430133
65.358129
64.276754
74.025177
73.832254
70.852999
73.700202
63.477616
61.820486
66.313576
74.870960
67.620518
67.247081
62.128103
68.515062
66.520194
63.401924
62.468845
60.077348
67.864891
60.895509
61.022130
73.790067
71.197907
75.622620
77.047142
72.210714
65.441559
58.687202
65.367155
62.034830
60.777901
59.951315
54.147232
62.237882
74.543112
70.407300
77.398526
78.764709
74.637552
69.869958
61.279319
59.897685
63.722026
71.142007
64.869572
67.842301
61.365634
67.841488
64.439990
65.355111
67.312798
65.041828
66.990461
78.971005
74.020581
61.237981
60.592965
68.906178
72.504003
67.700531
73.228483
83.656585
67.024765
54.293352
73.779406
69.498242
68.110585
73.067307
81.461968
83.018144
76.347728
77.621540
77.768460
82.305594
61.391135
61.768796
74.619030
77.311161
73.980545
73.684619
75.532992
71.464810
66.123092
64.924009
71.466096
62.664019
61.858775
64.516284
68.932844
66.477824
67.084979
70.808606
74.398466
70.006537
76.827601
74.101717
72.703645
73.199819
76.041985
71.709861
68.550575
68.631797
76.696476
64.360115
59.764208
62.758086
62.911606
68.466090
69.009330
73.113853
68.982619
65.504181
67.865931
61.503685
67.871930
68.791216
68.589656
64.996180
64.369509
64.348670
65.786428
66.483524
63.885303
62.316089
70.016449
58.651557
60.034143
61.885934
67.966895
64.537602
61.981138
60.993654
61.927617
65.860959
58.369252
61.846061
63.644017
69.072509
68.063686
66.020335
76.659396
68.454237
69.664628
69.997749
59.215776
63.690563
75.274484
72.284825
63.121985
65.427110
67.184068
65.526882
63.385951
70.646031
73.738509
70.734906
67.171252
75.407713
71.200905
63.456963
69.386646
74.418500
67.437165
67.935848
76.844390
64.971634
64.563518
60.064109
62.450182
65.468912
71.381626
72.803680
67.376157
67.147785
65.353293
69.067456
60.676463
56.254832
56.690951
69.440992
73.845262
70.827816
70.047491
63.890842
60.737032
58.071031
57.313680
59.773358
59.701720
59.275858
56.081325
57.666670
62.308850
68.568938
69.253579
65.090938
63.066481
61.870667
64.558351
63.614852
65.391723
75.523855
76.476551
63.904203
63.103244
60.276103
63.706302
54.918683
70.696145
76.489583
75.476938
56.220995
68.465872
73.020174
68.166729
72.128765
56.060411
63.831141
61.487832
62.979038
62.766508
64.672321
68.298743
62.755370
61.699660
67.636796
77.794438
63.363924
63.500264
66.836958
60.660264
70.929437
69.527164
64.895358
62.163018
65.984973
67.375435
71.108057
69.227863
74.915435
70.772907
76.329168
73.747362
74.696962
71.689345
71.508603
72.605053
62.093236
61.701878
60.807509
61.906373
68.879518
71.649811
73.296270
74.483529
72.899249
62.348251
66.504292
63.130021
69.278947
72.981652
75.469269
69.854206
68.227085
67.168257
69.282283
63.081783
68.021778
71.455653
68.920186
78.207705
70.138408
68.573325
70.432057
68.883910
73.200323
73.283513
77.049309
68.200670
67.785032
66.528132
70.718490
65.299603
73.070948
67.816359
66.457247
62.970880
71.482230
65.471009
71.040577
67.721978
68.745448
66.682203
67.361954
72.812448
65.839808
67.764665
71.366144
98.057731
386.352984
66.933063
71.203699
67.601262
63.361265
58.539240
68.124573
62.013472
69.648917
70.597025
65.199985
70.958302
61.468401
63.521925
66.712519
64.109333
59.994340
57.073493
61.240050
57.837581
69.525910
62.960422
69.454469
60.388179
56.642165
71.023120
67.065430
65.218045
69.350271
69.582896
63.456461
66.291346
61.338598
61.487571
68.874737
57.259162
57.789704
58.156448
63.308419
67.395382
68.432388
70.017740
67.965004
67.969270
63.241567
66.007390
60.205090
71.267493
63.200234
64.184452
70.228311
66.439023
67.049087
67.933350
60.760263
65.051123
59.525709
65.797548
68.868138
63.749451
60.164695
65.759150
69.546032
61.779393
62.169001
62.326685
70.654400
77.325082
67.141890
69.733455
62.761906
56.945825
57.782969
61.421196
63.281617
64.566462
67.314906
65.293468
61.111033
80.913133
72.333933
81.351288
74.421045
68.727120
73.365171
68.668086
72.133737
69.501213
63.502416
67.296358
65.024217
65.229890
62.374859
68.049019
76.250482
75.720231
68.390704
78.545222
62.815416
60.334493
65.835388
72.934300
75.757102
69.705118
68.496567
66.621540
69.436548
64.322237
67.656430
65.267161
64.543486
60.740930
65.146004
63.791795
66.416247
68.914035
67.514802
65.806915
62.840756
65.694997
65.485934
62.844454
70.947368
67.565640
72.616002
71.247633
71.904699
65.120982
66.247115
64.453638
69.994351
66.532442
67.166970
68.904591
70.644113
64.496683
68.649471
65.048877
73.110405
78.951509
67.694184
66.225262
64.413640
61.754265
63.754191
67.074437
67.387311
67.148373
65.980988
61.590757
65.476666
59.505243
68.696973
66.480420
75.639243
63.954984
59.932890
62.386892
61.309401
66.410788
65.103380
72.837876
60.017865
67.643009
62.701461
66.048780
62.655093
59.529065
64.364993
63.687322
65.325219
70.062895
71.529252
62.414144
63.440433
62.480460
62.882425
68.584241
71.690047
61.983333
59.219756
61.172521
71.567644
65.164474
64.816645
68.015301
70.160654
62.569129
61.419502
57.904974
64.117514
72.170483
78.082446
67.793844
66.498317
73.133453
67.101716
69.634866
67.164440
65.584200
67.835965
64.185084
64.252725
64.734057
60.459869
68.089050
62.597932
61.556284
64.146329
66.028611
63.471474
63.488866
65.627155
64.860301
67.666333
64.905771
66.828567
65.782873
68.497773
69.912086
69.690676
63.876324
66.000375
68.335416
68.547534
67.307891
70.285177
66.350249
66.202660
54.856174
66.689531
77.738083
76.118133
72.419105
73.393250
72.413321
70.561493
76.423455
64.745393
65.959938
64.033882
65.893403
64.555816
66.128338
64.127182
71.138223
63.774084
63.275580
65.620936
62.404764
64.447589
64.641361
66.071250
63.752634
62.807890
64.324153
62.564436
67.696056
70.041178
68.961061
62.882894
64.489137
66.161239
62.942584
66.820210
63.083590
64.101513
62.596144
58.852926
59.778374
60.627878
65.764488
61.566069
68.447651
65.070807
60.848795
65.361633
69.945144
65.097439
68.781749
64.696858
61.637812
63.489837
65.493958
70.741929
60.900990
58.433420
60.870930
61.953428
67.210390
64.214678
66.486422
65.841433
69.826973
71.096227
74.216297
72.962724
74.871983
72.540941
73.234350
69.646604
68.927730
65.590253
63.113364
65.381976
67.949432
67.260297
64.767738
69.570367
70.005372
65.131307
75.974751
67.391468
66.344663
70.913498
66.114592
65.035401
72.063295
72.398391
70.049338
61.989926
63.795473
65.197774
63.285545
73.122932
70.382131
65.793916
73.133944
64.504987
73.337542
67.121006
67.010689
64.469323
70.523735
71.424743
65.224648
67.340976
69.793738
68.817231
68.978454
66.029601
60.936855
63.401272
65.646297
66.923504
70.826407
68.690517
62.024325
70.704783
74.638588
66.711460
63.139444
63.797277
65.571508
66.290761
71.609820
64.023190
68.373212
67.123754
69.117671
68.358277
68.880622
63.744613
60.720949
62.660477
69.748649
69.888544
69.978908
68.935797
72.780787
68.417361
74.620174
66.159924
64.688448
69.326636
65.010636
66.395687
69.535897
67.216175
68.926146
68.961898
72.364915
61.092716
66.404872
68.228673
72.941336
75.757248
70.717171
67.164811
74.376660
67.536120
67.466925
66.974221
76.190948
61.640254
71.967160
62.895087
73.667345
67.423238
66.355049
71.539124
74.250679
67.274358
62.993855
64.262273
67.711061
61.808381
61.881773
64.185106
64.773683
62.470975
64.988277
65.726120
58.901630
62.662738
68.662400
67.751554
67.237276
68.381846
68.932243
56.815271
65.098111
60.466285
58.752486
71.340374
60.882787
56.439140
68.874860
62.347875
58.728457
65.629466
64.737656
69.837995
66.340850
66.937728
58.204915
64.644074
70.691174
74.921972
72.029270
72.168486
67.809324
69.324931
73.585573
72.704501
74.457752
69.354513
74.639884
82.897651
74.904252
80.244100
75.249791
65.768545
58.277349
66.231247
72.549086
62.820624
66.795256
63.924534
63.096827
60.251075
59.540697
63.921150
68.319186
67.658543
65.972255
65.164315
75.192765
73.677405
61.094640
62.749336
71.249856
74.508234
74.071447
76.376041
68.802022
65.029294
72.811513
71.669733
74.000361
65.400163
68.867421
62.093230
62.007358
65.361319
61.307544
63.643163
65.482497
67.781943
68.122125
72.683655
80.223562
76.446449
64.268421
66.829133
70.297644
77.911069
72.212053
74.238937
72.495799
66.813054
66.560246
63.365051
71.551956
67.731754
61.921889
59.141522
67.615049
61.728519
57.425221
63.342230
70.468340
67.779789
64.833393
63.050126
64.815847
58.714150
64.973668
59.368511
64.024983
63.960839
68.916263
65.805872
60.418209
62.390588
78.059819
74.119404
69.693635
69.708475
66.233625
56.189823
75.156250
71.295712
75.589301
69.780938
73.852987
78.130899
73.052245
61.047303
60.563736
64.918019
64.006513
58.618723
59.292201
59.059937
60.738142
55.618996
64.165172
67.949993
66.380858
67.196811
73.388485
63.463744
59.157410
59.716108
64.306807
62.177495
64.414771
64.419103
64.835651
59.275590
64.990419
67.732632
66.012142
64.571552
57.373660
60.243154
58.705717
63.054956
67.305114
66.318585
59.460562
62.806085
78.924868
67.869240
68.800529
64.443930
54.999421
58.454672
60.275366
65.589185
61.468710
70.330565
79.376484
77.793060
82.731584
79.473134
76.333635
78.088595
82.846381
61.471614
64.976274
73.688486
78.650998
72.040279
65.798810
81.339944
74.218368
71.956102
79.818912
71.151431
68.384513
63.274282
66.885365
60.172106
74.281209
66.984260
68.183228
68.187992
70.355007
77.409249
69.339279
60.708981
65.968626
64.731640
67.634104
65.439730
68.573486
75.062430
68.944447
66.224249
73.500053
69.260844
64.957471
60.978020
65.852859
65.325803
64.249231
61.693962
55.639061
60.778340
62.988116
60.011966
60.961510
61.709165
54.137750
75.091612
66.250778
69.318789
66.683360
69.948924
64.837103
66.542908
75.140086
68.102827
73.134320
68.887154
72.876332
73.787307
68.400820
67.194814
68.919120
62.798719
63.292296
71.671815
58.453264
59.684431
66.059069
68.454778
79.400863
72.937651
71.449881
73.727516
70.477171
77.633441
66.876729
60.382197
69.553299
69.299606
68.459663
64.081068
62.347919
62.460344
68.052143
75.143146
64.634809
68.131047
64.197200
58.748825
60.789735
68.954116
69.036382
67.432458
70.181998
76.705208
74.742349
73.444288
72.229387
79.186376
79.261300
79.775445
76.392382
67.393480
63.625606
64.467197
64.053612
61.912168
63.639633
64.114952
68.572195
67.216633
57.629750
71.485850
63.860826
61.995949
63.130522
63.441215
60.712210
59.546190
60.025884
63.159088
64.010505
70.281586
65.095459
70.352840
76.809622
66.995891
64.369899
68.872453
68.399831
67.580498
72.210998
71.643682
65.893464
63.982433
64.762540
63.491817
68.765565
64.642945
61.574894
64.869894
61.146897
65.385094
65.151995
65.943850
69.496857
74.067587
69.227386
72.661693
62.862957
66.122307
57.220273
74.243773
74.244079
68.506153
60.682099
73.158136
75.842615
78.211492
77.501164
75.417664
72.560695
62.092915
76.582709
62.758404
80.919721
66.347995
50.320521
55.776211
59.222273
64.719050
72.075056
67.606063
65.986370
73.713136
72.409628
76.894076
69.357548
80.918977
69.875307
68.875732
72.549705
63.844416
63.736171
64.270573
71.396979
71.562532
64.116664
63.627119
69.399785
75.990370
63.359483
64.622423
64.472793
63.733208
64.417255
64.047753
67.461947
69.515818
65.596052
64.682230
62.929348
62.063930
63.305056
73.206184
88.945114
116.887508
115.399735
147.450477
