50
170.178189
163.689169
168.826856
169.957809
165.980563
180.217155
163.593469
166.007771
165.914679
166.156364
168.544097
165.848859
168.065930
165.750558
176.379880
160.894769
164.930235
165.076657
165.157246
165.089357
167.173280
165.348313
165.764824
167.733120
166.111226
165.690823
165.613308
165.786237
167.200156
165.318239
165.601561
165.520718
167.395209
165.608791
166.253343
167.124158
165.653782
167.713519
165.843022
167.679471
165.957640
166.390380
166.973113
165.520571
167.440905
165.476257
167.590141
165.535605
167.333194
165.574539
165.436786
167.602818
165.523626
167.396032
165.425610
166.600743
166.245103
165.378127
170.143360
165.568124
166.066686
166.579146
164.919505
167.820247
165.073337
167.008179
165.095732
165.319389
165.948336
174.787314
174.798567
165.163683
165.827693
165.743040
165.416999
165.735849
168.431492
175.676974
165.712379
165.716002
165.898191
165.758600
167.128724
165.940928
167.146886
166.028535
167.253282
165.775324
167.622620
166.203177
167.881913
166.302040
167.979337
165.788605
168.089283
165.612291
167.534954
165.572248
167.483130
165.639615
167.515465
165.432454
167.605835
165.213207
167.271147
165.218889
167.286151
167.358675
165.294786
167.436539
165.327853
167.445296
165.346329
167.532956
165.376150
167.465712
165.372616
167.391486
165.383474
165.412468
167.611609
165.735987
166.720017
166.660985
166.227085
167.550603
166.409057
167.295479
165.584573
167.573861
165.514016
167.526846
165.483745
167.532689
165.475380
167.756515
165.627338
167.025334
166.096727
165.627647
167.348695
165.332507
167.534590
168.258683
164.957527
166.966476
165.063377
167.319623
165.427853
167.473674
166.031260
168.871513
167.042849
165.348069
167.251963
174.934249
165.331109
165.905679
165.315309
165.361382
165.316769
167.334642
165.283049
167.505694
165.439127
165.956876
166.730958
165.510162
167.567278
165.546159
167.465483
165.689064
166.029537
167.200715
165.534314
167.409910
165.264170
167.590042
165.288510
167.007420
165.428226
165.573890
166.899238
165.243299
167.163712
165.177236
166.267153
166.133830
165.167773
167.178556
168.059724
166.226853
164.927353
166.994454
166.226930
166.670314
167.562939
165.919291
165.586519
167.393268
165.526338
167.858401
165.928045
174.266966
165.400871
165.508459
165.516713
165.457549
165.369935
165.454735
167.057470
165.278894
167.305934
165.325125
165.774018
167.934094
166.121000
166.036366
167.188424
167.094443
168.028174
161.462907
165.112793
165.635732
165.627233
165.675038
167.827966
165.496308
167.582006
165.606905
169.314337
166.843332
167.364132
165.790806
165.749245
167.282827
165.672599
168.905641
173.000138
165.801641
165.651355
165.523486
165.446883
165.337294
165.252873
167.016222
165.103285
165.195437
167.291094
165.343889
168.256780
164.518166
166.385869
165.771768
165.925895
165.911204
167.756078
165.784179
167.000193
166.559048
165.612812
167.630066
167.528505
168.216157
165.834899
165.887458
165.726154
165.874762
167.760158
165.802361
167.892921
165.720752
166.905829
166.496642
165.672996
166.992919
165.349894
165.047940
167.066588
165.061048
166.845994
165.363549
165.322648
166.611681
164.878240
166.925168
164.922327
167.097639
165.013898
166.581280
165.524631
165.838782
167.032809
165.406129
167.297563
168.691913
170.449174
165.148853
175.426189
165.310844
165.292260
165.276674
171.361026
165.153650
173.543182
163.644680
164.899887
164.944914
164.903877
166.730277
170.395250
163.551093
165.260587
165.257600
165.304451
166.854695
164.972816
166.610549
165.308157
165.954304
166.215162
166.417575
165.873086
166.810059
166.240293
167.186333
166.364831
166.895364
166.736843
169.318726
165.854824
168.023463
165.686459
167.242376
165.648353
165.914324
166.959297
165.380790
167.613304
165.438198
167.461592
165.386439
167.518520
165.310257
166.695552
171.267055
163.256631
162.635171
165.057741
165.088932
165.074756
170.327067
164.973776
164.943602
164.907748
167.005194
165.002291
164.952088
166.866323
164.941054
164.898099
166.944998
165.094770
167.333138
165.172719
167.471201
165.607752
166.719676
176.054221
165.660616
165.802984
165.690448
165.628593
166.107618
166.016132
167.740080
165.643481
167.730547
165.533146
167.085043
165.494717
165.240467
167.255617
165.429242
167.519669
165.530044
165.593556
167.577980
165.552035
167.560390
165.571734
166.686823
166.303148
165.424622
167.397599
165.255482
167.342432
165.400426
167.488775
165.551662
166.877088
166.561348
165.617152
167.556183
165.708367
165.724130
167.642499
165.584195
167.530612
165.589167
166.002586
166.604000
168.767570
166.530946
166.502590
166.652612
169.302688
168.460906
166.649787
166.888434
168.315730
166.387042
167.656204
166.728370
168.066575
165.923907
167.912316
165.837669
167.639515
165.464363
167.588081
165.557826
166.423963
166.689614
165.690883
167.707474
165.664724
167.425967
165.467623
167.495020
165.448260
167.600735
165.686244
166.950702
165.951814
165.313652
167.421259
165.429343
168.393684
165.450720
166.185205
166.619915
165.401783
167.255944
166.381878
165.275390
166.988142
165.374783
167.089048
165.061259
165.264959
167.019525
165.568305
167.403823
165.366758
167.365456
165.440871
167.285338
165.410160
166.444141
166.162752
165.209091
167.349236
165.184600
167.181691
165.169406
166.917470
165.484990
165.364217
166.906855
164.918029
166.928647
164.960609
167.437258
165.101289
165.854729
166.401090
165.100003
167.119314
165.078813
168.464004
165.666971
165.102419
167.046066
165.166165
166.230116
168.206419
166.051870
167.017960
167.120765
166.067697
168.015518
166.082842
168.444943
166.034743
167.781987
166.460854
171.100857
165.974440
165.679587
167.621204
165.477537
165.509628
167.384689
166.029887
166.186636
167.666644
165.716401
167.499973
165.855936
166.320698
166.675718
165.432177
167.406709
165.547888
166.606401
166.293360
165.240167
166.930123
164.950964
165.270319
166.677769
164.947280
169.170806
165.377616
165.849013
167.029770
165.491840
167.536852
166.055833
167.393934
166.273306
166.139878
167.617409
168.051196
165.920231
167.945865
165.756270
166.356172
167.120908
165.673245
167.633854
165.620660
166.153001
167.591809
165.484811
166.582194
166.336999
165.479053
167.032036
168.167424
165.494093
165.949310
166.195916
166.191681
167.463077
166.500768
165.589090
178.560205
163.666378
170.662192
164.437428
165.816749
165.802525
165.632034
176.074280
165.573834
177.855933
163.528033
165.417201
165.714396
165.476046
165.542450
167.543432
165.507658
167.142986
166.154347
165.708524
167.949006
165.686785
167.658240
165.500489
167.272123
165.149080
165.914571
166.370722
165.119876
167.915292
165.313327
167.225353
165.167068
165.166143
167.147628
165.081415
166.302789
165.868141
165.274409
167.624753
165.880040
166.051738
167.617777
165.696287
167.956371
166.595337
166.419127
168.987377
166.325605
165.878967
166.424398
166.827136
165.414381
167.377491
167.959820
167.040771
166.270601
167.997087
166.470893
165.834518
167.852047
165.639460
167.618360
165.659439
167.109835
165.802635
166.358096
166.588307
166.037248
166.756939
165.379039
167.444015
165.099523
167.129473
165.082206
167.103711
165.020102
166.978157
164.885794
165.527245
166.211543
164.903746
166.806574
164.938107
165.192983
167.076432
165.143667
168.020726
165.083757
160.359291
159.165909
159.930093
161.797805
165.296152
165.267244
165.265509
165.335065
165.168535
167.043196
165.102183
167.181172
165.971139
165.880648
168.022665
165.916957
167.842796
165.587873
165.654563
167.905854
166.284762
166.417483
166.679663
167.734924
165.489953
167.524852
165.454028
166.413960
166.018275
165.053065
167.174164
165.994841
168.052111
165.038372
166.809629
165.599217
165.424977
167.355600
165.338676
165.083145
166.992946
165.086421
165.103644
167.023237
165.151514
166.938615
165.154822
165.115771
167.111032
165.084830
166.208928
166.572842
165.100618
167.138839
165.080651
167.487480
165.104797
167.121420
165.654574
165.248537
167.234471
165.260065
167.151035
165.314884
165.706477
167.698825
165.686644
167.643877
165.451204
167.412476
165.410486
166.887570
165.950109
165.511486
167.127621
168.372934
165.053716
166.467678
165.653764
165.083990
167.042765
165.072538
167.042399
165.021984
165.965218
166.143348
166.849125
161.772714
156.925454
157.349621
157.688347
156.713848
157.192907
158.075756
157.552636
158.874003
165.551250
165.899100
166.036274
165.885641
165.777717
165.800429
167.609004
165.973523
167.613649
165.731311
167.617464
165.613416
167.681127
165.434022
167.588556
165.359801
167.279303
165.073013
167.216975
165.115938
167.246333
165.223766
167.280538
165.186521
167.307802
165.235050
167.319141
165.405035
166.316577
166.930112
165.687395
167.721364
165.551565
167.504085
165.636560
167.517451
165.375307
167.356987
165.415202
166.799208
165.325148
165.377897
166.512115
164.925080
167.195914
166.379404
167.113943
164.996107
166.898958
164.920831
165.520842
162.255281
165.322896
165.636298
165.930582
165.992945
166.116088
167.878341
173.530151
180.327609
162.431064
165.873367
165.968474
165.980771
165.835993
167.713678
165.793286
166.050611
167.680252
166.321089
167.615332
169.556394
166.042990
165.965918
167.745208
166.666429
174.609059
193.534733
163.897793
165.328356
165.383105
165.353824
165.641275
165.412454
166.180825
166.510533
165.553273
165.580979
167.394652
165.348076
167.405448
165.435934
166.078331
167.122279
165.489728
167.481563
165.406227
167.450594
170.691469
171.146176
165.186777
165.146678
165.247697
166.211183
167.910387
166.039163
165.736689
167.561954
165.634458
167.545005
165.565422
165.535045
169.611363
165.420986
165.664917
168.169027
165.764248
165.453519
167.361175
165.455304
174.995617
165.505588
165.554508
165.421919
165.199911
173.883326
164.890889
165.162996
165.118215
165.160044
165.121404
165.537562
167.282763
165.082877
166.515875
165.744385
165.310916
167.266607
165.488025
167.238868
165.820760
167.608660
165.505084
167.686694
165.560894
167.520185
165.586035
167.712537
166.042935
166.218273
167.278812
166.331505
167.886789
165.739842
167.533879
165.543201
165.442318
167.777033
165.498516
165.351653
167.487493
165.552894
167.434056
165.443433
165.654248
167.476188
165.777182
165.585043
167.537703
165.556174
165.332404
167.008505
167.874029
166.737775
165.909393
166.635203
166.868295
165.759314
167.640450
165.614496
165.554252
167.353855
165.961068
165.975992
165.985572
167.675777
165.605206
167.044867
165.988439
165.653128
167.340080
165.256694
167.391028
166.119159
165.604188
167.266000
165.493232
166.724731
166.512594
165.942251
166.953373
165.325378
167.238760
165.081151
167.164701
165.135689
166.219678
166.342285
165.249172
167.268896
165.297645
167.388162
165.453098
167.492463
165.567280
167.848245
165.407366
167.440862
165.400867
167.635897
165.763859
166.283697
166.519227
167.973837
165.553388
167.869837
168.599910
165.702666
165.310230
167.312760
165.302755
165.465882
167.478731
165.716579
166.089022
167.150558
165.733032
167.682921
165.630893
165.830443
167.217291
165.547427
167.454603
165.480885
166.039214
168.024419
165.717729
166.019892
176.686915
166.550216
166.102990
165.902330
165.654719
165.532660
166.059849
168.581035
176.659720
165.883913
165.731201
166.055534
166.497850
167.033923
165.724615
166.004508
167.473462
165.775833
167.416890
165.431958
165.448408
166.622760
164.958149
165.622963
166.476189
167.417421
165.148870
165.120849
168.015275
166.372187
166.080847
167.213293
165.081030
165.775788
166.493391
165.077531
167.287445
166.382982
166.353186
165.112430
167.089152
165.101710
167.153167
164.944175
165.022428
166.331166
166.254939
165.104412
167.154343
165.494446
165.224808
167.142632
165.265758
166.846551
165.628177
165.466161
165.589904
167.359625
165.104944
166.421662
165.780335
165.086961
168.399573
165.629587
165.613045
167.634430
165.521141
167.461265
165.280948
166.883475
166.370930
166.569259
166.663206
165.153106
167.020071
165.078887
165.026253
167.098049
165.146992
165.336173
167.142287
165.189887
167.192619
165.235608
165.215827
167.185955
165.190972
165.184983
167.197065
165.139090
165.631920
166.593746
165.302788
167.057978
165.358046
165.855869
166.443857
172.714680
166.216657
168.211472
165.789899
165.767873
168.314556
165.480709
165.075325
166.984196
175.334047
165.281147
171.614426
165.491370
165.689291
165.759757
166.030419
167.451327
165.728289
167.215670
165.091261
165.912040
166.277261
165.471074
167.156656
165.417438
166.876664
166.711314
166.656913
167.298341
167.046265
168.536010
166.282348
166.396241
166.973701
167.178643
165.778244
167.916853
168.155290
168.064086
165.860825
167.822302
165.796110
167.989369
165.672091
165.617223
167.803038
165.683961
167.685056
165.827113
166.091729
167.839475
165.744584
167.615136
166.052146
165.781459
167.791567
165.741873
167.643890
165.872114
166.480320
166.467972
168.344820
166.476516
166.313833
168.042598
165.818958
167.644978
165.676057
166.580412
168.817362
165.878760
167.868423
165.788138
166.679298
166.612598
165.693095
167.727233
165.866104
167.314205
165.451877
165.555792
166.682844
165.248650
167.736916
168.790867
166.560311
166.615226
167.860220
167.097525
166.343953
168.694951
165.850046
167.878412
165.755438
167.177594
166.275190
165.940692
168.604445
165.858093
168.974304
165.400396
167.623841
165.957661
167.978634
165.521310
167.573176
165.506905
167.660618
165.706510
167.362158
166.053622
166.058685
167.295282
165.973780
168.632221
166.117575
167.773044
165.687483
165.772095
167.760198
165.681196
165.806594
167.373746
165.057023
167.145569
165.047591
167.165492
165.128753
167.103394
165.101957
167.148398
165.246289
167.374606
165.476912
168.125544
165.965064
167.650603
165.897248
166.607426
166.506701
166.615871
169.369861
165.572774
167.900852
167.122184
166.509156
167.656472
166.812613
166.387082
167.341359
165.680913
167.792029
166.018084
168.210013
165.544051
167.069847
167.482739
166.319908
166.247441
168.070160
166.320628
166.167542
166.170470
168.211137
165.803985
166.548318
166.772457
165.566945
167.684310
165.591307
166.878515
166.245399
166.663361
168.288819
166.783254
165.562217
167.251411
166.000422
166.305247
166.907154
165.658123
167.826424
165.694669
167.537984
165.644065
167.261050
166.476349
166.508785
164.998711
167.769262
165.763919
168.129357
165.748295
167.816497
165.365702
166.791322
165.465231
166.803908
165.492738
167.228682
165.280929
167.478061
165.302749
167.375115
165.896639
167.450333
165.406767
165.804257
167.284304
166.472876
166.986201
167.027309
165.518103
166.578263
167.527200
166.677735
165.896538
167.746854
165.550954
167.094523
165.897446
165.634818
167.184860
165.066432
167.128601
165.201356
167.381281
165.514164
166.013550
167.189069
165.596568
167.482914
165.411378
166.862101
166.556024
165.847021
168.443391
166.314064
168.043483
165.648935
169.768127
164.390655
165.251071
165.104701
165.033176
165.005281
165.700666
167.146231
167.270687
166.475559
165.064751
166.806903
165.493962
167.167083
165.217992
166.889348
165.724115
166.024519
166.654771
165.270540
167.375969
165.778321
166.380940
167.069087
165.665246
167.431287
165.426455
165.626762
167.270035
165.591725
167.042962
166.844859
165.801386
167.309724
174.982063
165.845267
165.872256
165.511607
165.519276
165.582694
167.367012
166.029399
166.880880
167.755099
168.015398
165.888056
167.830947
165.755832
165.701729
167.485969
165.486245
165.096401
167.092658
165.201263
165.161135
167.130169
165.096437
165.870404
166.441064
165.503961
167.684933
165.749185
167.243952
165.494740
165.249264
167.393011
165.325553
165.158666
166.909851
165.151619
165.158506
167.274896
165.799669
165.928611
167.305261
165.720589
168.060377
166.086829
165.720447
167.672975
165.515663
167.399689
165.679484
166.232513
167.261210
165.868779
167.785310
165.637762
167.023271
166.546329
166.480059
167.758263
166.357850
166.583439
167.405017
169.695039
166.243214
166.442761
166.267996
166.011511
166.191167
167.532216
165.346947
165.146115
488.299449
139.024190
139.074118
139.219527
164.548661
160.637487
165.297665
166.642864
172.834328
165.174808
165.188483
165.269084
165.368032
167.336076
165.342614
165.320290
167.209367
165.221267
167.223782
165.156707
165.863313
176.558437
165.087808
165.082594
165.210009
165.231855
167.295924
165.241436
166.017497
166.879770
165.530767
167.627184
165.856213
172.555695
165.361797
164.992628
165.062129
166.360306
166.141017
165.495090
167.336744
165.225224
165.187271
167.960620
165.526435
166.421524
166.891697
165.497339
166.785630
166.214646
165.474828
166.318054
167.571648
166.430715
166.313611
167.924774
165.899084
166.768340
167.758927
165.876309
165.762000
167.632187
165.630898
165.884415
167.602215
165.719377
165.206146
167.583546
165.752466
165.427364
165.765991
166.287665
168.114469
165.739362
166.326376
170.220791
166.418923
166.456514
165.984432
166.217545
166.056021
167.918097
165.474656
165.429036
167.484857
165.564724
165.897415
165.537568
167.379394
165.535310
165.594064
165.447527
167.388052
165.559801
165.536579
167.540130
165.669215
165.676306
166.376378
166.963642
165.360573
166.624135
166.506036
165.854045
166.514309
168.032021
165.822482
165.622592
167.385950
165.610718
165.641961
167.874926
165.702631
165.704191
167.693190
165.695607
167.106206
165.279472
167.693237
166.380009
174.306669
165.243533
165.220885
165.192223
165.209172
165.220358
165.148564
166.449794
166.012270
165.177112
165.810239
166.245872
165.334985
165.324856
168.024947
166.570691
166.303628
165.903145
168.414301
165.801185
165.864406
166.689581
166.462690
165.181786
166.858029
165.365077
165.098747
167.410534
165.450031
166.125255
166.548093
165.371314
165.384736
167.554756
165.904836
167.944154
165.747275
165.915076
167.733479
165.786890
165.621128
167.517781
165.640634
165.491172
165.105102
172.263343
163.813687
165.703771
169.993136
168.530560
165.266949
165.413853
165.517699
165.569980
165.491114
166.482259
175.174810
165.590263
165.572155
165.621687
165.597571
165.676060
167.516450
165.404736
167.358084
165.663725
165.655497
167.542892
165.794718
175.976760
165.560209
165.555384
165.677537
166.184201
165.961667
169.698241
165.514249
165.621048
195.737962
165.078273
165.250307
165.506229
165.568633
165.464580
165.515525
165.426149
166.303540
166.506303
165.552439
167.021596
165.932570
165.443237
167.169135
165.342831
165.326604
167.375436
165.057409
165.880054
166.425819
165.123511
167.052255
166.305492
166.602154
165.452984
167.440126
165.510432
167.664153
165.605707
167.715515
165.665381
167.595703
165.533689
167.691004
165.494014
167.603316
165.549340
165.481736
167.452348
165.531886
167.148730
166.079716
165.632925
167.664389
165.644766
167.363710
165.780912
165.438500
167.534209
165.670659
167.553535
165.729013
166.172904
173.753424
163.306789
165.514144
165.465815
165.792683
167.569586
165.520991
166.235417
166.291400
164.989785
165.621742
175.612529
164.824853
197.906254
162.519866
165.055955
164.996989
165.045423
165.059235
167.086124
164.999972
167.093083
165.012436
165.976470
166.115115
165.009982
167.106710
166.051671
167.829402
166.459367
165.849114
168.177570
165.420158
165.473401
166.748581
165.209373
167.261367
165.201673
165.517406
168.795834
165.224470
167.329862
165.237089
165.154061
167.063686
165.053318
166.655721
165.879214
165.015126
167.231629
165.326872
165.434241
167.327095
165.574559
167.266066
165.164473
167.282610
165.140330
167.217824
165.346689
166.217405
166.335062
165.123360
167.246054
165.193737
167.280162
165.160897
166.622247
166.137431
165.326215
167.329671
165.687870
167.525932
165.485068
165.478632
167.478012
165.510251
166.737751
165.673846
165.207231
175.223985
166.241699
165.265423
165.247749
165.127640
166.944208
166.510760
165.175552
168.049233
165.145233
165.237410
167.229617
166.568008
166.452961
175.647476
168.764757
165.499449
165.364582
178.311558
165.247700
165.342399
165.309454
165.208096
165.252443
167.082463
165.238297
176.459223
165.177499
165.200831
166.010559
165.727430
165.625902
167.638891
165.525652
167.583740
165.476713
165.317529
167.229834
165.350982
166.367491
166.298330
165.413736
167.347789
165.369962
166.798863
165.774268
165.108370
168.155147
167.843710
165.860833
165.196508
167.030412
165.082077
167.689852
165.141318
165.147096
167.057706
165.145463
165.100817
167.097542
165.109236
164.996328
166.938835
164.970735
166.747149
165.278172
165.028801
167.246333
164.964990
165.115517
167.023248
164.982911
165.032641
166.901857
164.991793
165.016435
166.968678
165.026635
165.014984
166.927769
165.045174
165.292659
166.747458
165.076447
164.938663
177.379838
164.956413
164.968911
165.017100
165.162555
164.983626
166.935751
164.984408
165.016781
166.684618
165.185764
165.036178
164.985388
166.903818
177.478221
165.387153
165.123929
165.033655
165.004755
165.066829
166.925891
165.028948
165.966196
166.716357
165.205349
167.075916
165.277776
165.319402
167.818685
165.476392
165.463825
165.493186
165.455864
167.264510
165.450152
165.338578
165.357997
165.333058
167.147775
171.613669
171.634640
174.355045
164.203692
165.310970
165.356665
165.302959
165.451465
165.384863
167.301764
166.843220
170.445723
165.428006
170.892938
165.008110
165.009869
164.988871
165.027879
164.994406
166.964216
165.043206
166.065426
166.075444
165.055208
165.250260
166.876382
165.220432
166.952308
165.399325
165.002025
165.912123
166.000113
164.967957
165.013348
166.935930
164.990565
166.934402
165.229073
168.709314
166.276103
165.817755
167.630863
165.772389
167.496215
166.352284
165.618322
167.500510
165.634624
165.732938
167.386185
163.625398
164.972144
165.010316
165.143793
165.230945
167.169752
165.184960
165.112148
167.181973
165.153316
167.173745
166.012888
167.348168
165.417342
167.666538
165.502714
167.687095
165.359718
167.418591
165.042593
164.843224
166.796257
165.001385
165.062967
167.283774
165.364751
165.362758
167.345050
165.370868
167.024445
165.037279
164.966119
167.038970
164.958211
166.971727
165.025643
165.097885
166.890483
165.004534
166.967677
165.022908
164.981530
166.926203
165.125685
165.213799
165.352549
167.337878
165.562799
167.887775
166.574988
165.501809
167.357107
165.439621
165.392273
167.336031
165.414864
165.356728
167.275874
165.340300
167.671446
165.813183
165.459044
167.319102
165.334865
165.295900
166.678598
165.245494
165.035418
165.462474
166.703590
165.016935
167.003130
165.146830
166.884781
165.039896
165.326883
166.981269
165.042629
167.024813
165.146105
165.989747
165.980533
165.025752
173.837429
165.000930
165.021199
166.925325
165.025388
165.001782
167.157614
173.927524
165.125459
164.967626
165.013078
165.032407
164.966089
165.273333
165.390164
166.845659
165.189374
165.135324
167.111074
165.261079
166.499748
166.316899
165.313189
167.311501
165.253268
168.121520
166.736266
165.284920
167.149677
165.276929
165.293129
167.579320
165.174081
165.106320
166.824571
164.964047
167.052454
165.016961
165.001988
165.647410
166.360039
164.994601
167.056836
165.035447
165.171336
167.773121
166.251606
166.311354
166.235049
168.427651
166.454936
166.321504
166.150903
167.821149
165.712196
166.945247
166.389483
165.850791
165.714814
167.515754
165.804755
166.008381
168.257583
165.891385
165.955074
167.655543
165.826641
167.756145
165.648816
166.083387
167.345351
164.971220
165.207087
166.803832
165.069005
164.976574
164.989317
164.992118
166.860078
165.030842
164.978825
165.469256
166.542837
165.023646
166.945528
165.106248
167.000530
165.414477
165.822544
166.247054
165.038640
167.054150
164.973514
166.675675
165.385267
165.014763
167.047336
164.974535
167.049630
165.013567
165.013726
166.998983
165.012078
167.087633
168.246206
165.049788
164.989824
167.015283
165.044998
166.901551
165.003211
165.043443
166.958979
165.042438
166.445661
165.922362
165.605386
166.947172
164.992458
164.946121
166.969685
164.985782
165.348109
166.687121
165.000397
167.061774
176.937884
165.337113
165.133679
165.146377
165.605335
166.192661
166.064477
165.928305
168.208248
166.137574
173.259905
166.136998
166.095601
165.743103
166.597714
165.908736
167.919234
166.236786
167.933934
166.061024
169.986091
165.536243
167.116544
166.283730
165.640545
167.014025
165.060159
166.824811
165.094234
164.990826
166.887022
165.402985
166.030187
166.720559
165.318757
167.143548
165.322724
165.233459
167.065705
168.776636
165.016086
164.984075
165.097703
165.209437
167.173313
165.201449
165.241189
165.569783
166.850503
174.640052
165.542826
165.245195
165.205919
165.181125
165.158646
165.216862
172.740475
165.193562
165.268383
165.285479
165.301862
165.329614
166.662733
165.890926
165.274135
167.252914
165.250435
165.358773
166.680837
168.179551
165.195114
165.200903
167.110270
165.094657
165.086731
167.044687
165.174841
165.166249
165.303805
167.168036
165.389365
165.445783
167.425570
165.550325
165.585679
168.296702
165.890378
165.666868
168.125231
165.529154
165.731345
168.051178
165.645509
166.023052
167.021082
165.647213
167.472396
165.021028
165.075393
166.908430
164.966114
166.927238
164.965253
165.152374
167.107117
165.157390
165.101954
168.083322
165.157199
165.140500
166.885221
165.597976
165.297067
167.140428
165.299711
166.696243
166.160721
175.275619
165.256019
165.277194
165.332018
165.192934
165.039271
168.423938
172.640555
165.071118
164.974048
165.017073
164.985593
167.179467
165.574697
166.025520
166.962161
194.623082
181.360461
165.688825
165.725683
165.891517
165.701164
165.626912
167.632690
165.641950
166.662526
167.136503
166.462025
166.343820
166.784080
167.168699
165.684013
166.988067
165.963705
165.189642
166.966732
164.928870
165.584016
166.399299
164.991499
167.815646
165.759506
165.603521
167.824425
165.729407
167.887753
165.766289
165.768298
167.571146
165.659481
166.365738
166.467555
165.284495
167.171037
165.210699
165.244819
167.161910
165.267473
165.212407
167.205790
165.139241
165.157418
167.183631
165.465365
165.250460
166.970826
165.613905
165.713895
165.197461
167.887503
165.233766
167.171930
165.211333
165.158813
167.152160
165.155079
166.744685
165.699897
165.105427
167.311059
165.423850
165.567342
167.594146
165.617663
165.708465
167.568109
165.679896
165.597046
166.498103
166.558412
165.391275
165.217641
167.687497
165.214026
165.285482
166.423921
165.508402
164.853408
165.018923
166.710711
165.207290
165.029949
167.242738
165.068122
165.007232
165.434156
165.930170
167.646346
165.502563
167.119065
165.525704
165.194739
167.154982
165.130491
165.167806
167.204807
164.974935
165.950815
166.172180
165.221321
167.281690
165.290452
165.225471
167.229559
165.300101
167.313430
165.486594
165.331652
167.245243
165.405496
166.034812
167.357396
165.572957
167.640052
165.711127
163.768267
165.840491
165.979172
166.174403
166.156301
166.116145
167.958329
165.952595
165.949746
165.792466
167.405919
165.828567
165.805221
167.610693
165.888567
165.501821
167.304206
165.372465
165.365174
167.537548
165.346837
165.309890
167.693616
167.984752
165.467759
167.618936
165.425967
165.386867
167.391307
165.294614
167.460805
166.843295
166.658171
166.034849
167.255841
165.524254
167.593937
165.761738
165.658634
167.078501
165.963661
165.775217
165.196821
167.023258
165.878635
165.324373
167.563499
165.759593
167.742096
166.326542
165.967654
174.173951
165.572015
165.673821
171.076558
165.442135
165.493332
165.406950
165.442987
167.595094
165.512606
166.952734
165.791516
166.464181
165.263841
167.166066
165.235354
165.827168
176.053703
165.386864
165.398870
173.374370
163.885478
165.297741
165.356573
165.353041
165.349130
167.279565
165.063877
165.144212
167.176732
165.193415
165.762939
178.073583
166.273074
166.080655
166.047736
165.924879
166.626833
167.314437
166.854648
167.569372
166.117069
168.089505
166.139016
166.070808
167.530645
165.739521
167.730180
165.714472
167.512275
165.437165
165.408523
167.394271
165.296039
167.373244
165.350863
166.229184
166.521184
165.548967
177.512244
165.204971
165.418813
175.114015
165.789948
165.783481
165.704592
165.593163
165.776585
165.537546
166.633926
165.565537
167.443301
165.586337
166.097064
166.826099
165.420298
180.299179
167.425061
165.396547
165.496415
165.427439
165.499747
165.560200
167.517608
165.559258
166.080148
166.954799
175.426535
165.606337
172.405550
163.921277
165.513004
165.474939
165.496291
165.271774
165.281469
165.639776
176.014160
165.816274
165.760497
174.827280
165.088014
165.736042
165.758280
170.620282
160.723421
165.643815
165.750274
165.882617
165.912828
167.915056
165.658431
167.647363
165.440824
167.566022
165.455095
166.756531
166.284546
165.492159
167.470794
166.352118
168.225574
166.253045
167.879817
165.941946
167.439330
165.983877
166.472407
166.644661
166.925217
166.534360
167.937593
166.660134
167.290306
165.477942
167.475712
165.536943
167.528131
165.552408
165.488951
167.022654
165.998661
165.521970
167.466517
165.408974
165.853587
166.999313
165.423215
167.431935
165.387655
167.461944
165.260447
167.236423
165.177433
166.211240
166.305043
165.225762
167.334191
165.265296
167.153857
165.233100
165.243848
167.158010
166.168510
166.236457
165.229956
167.171024
165.504517
165.251996
167.241058
165.235774
166.511280
165.965144
165.193805
167.093568
165.175939
165.197039
167.452769
165.236436
165.207397
167.105515
165.223689
165.176601
167.125753
165.230717
165.229379
167.163628
165.278811
165.201441
167.161816
165.195196
165.241946
167.042262
169.217588
159.459736
164.426025
165.254912
165.298569
165.420894
167.617421
166.024924
175.397640
165.532324
165.607988
165.554940
165.592503
165.623407
165.624803
165.601937
165.596999
165.428066
166.428888
166.205697
165.423668
165.710201
166.510398
166.701637
168.220697
166.226014
167.348999
167.034675
166.222436
168.093730
166.133773
166.945656
166.699769
165.837334
167.771744
165.650069
167.510451
165.563472
167.815363
166.699902
166.542489
165.596541
165.856330
167.364375
165.490742
165.577262
165.626740
165.597079
167.433379
174.258267
165.449645
165.457664
165.448333
165.482067
165.467760
165.418393
165.435635
165.412475
165.441982
165.368058
166.076512
166.650893
165.510085
165.418947
165.423369
167.140969
165.229704
165.218255
167.066000
165.504641
166.997523
165.216589
165.026413
166.980649
165.047657
167.371366
176.066279
165.204055
165.040615
165.002042
164.992041
165.010522
166.977570
165.029734
166.186476
167.017506
165.115184
165.003748
166.893492
173.816858
165.324787
165.327816
165.405161
165.263404
165.016879
164.984860
164.993182
165.686454
166.353101
165.031127
167.028224
165.022507
165.416653
166.628686
165.043576
167.154759
167.112215
165.007920
167.026339
165.050275
165.084561
167.014709
165.008842
167.069435
164.998090
167.033608
164.983200
166.979845
165.003340
167.022969
164.951106
166.938672
165.183655
165.650545
166.344954
164.984856
167.026385
165.004859
164.981727
166.937105
164.988183
164.980938
165.747018
166.199075
164.962218
167.103889
165.060832
166.760382
165.440690
165.163198
176.073926
165.099507
165.072293
164.916576
164.978846
165.071534
165.066769
167.137656
165.206553
165.677910
166.668798
165.340874
165.162870
166.863089
165.315016
165.032923
166.976095
164.957794
165.030135
165.016925
167.348103
164.977975
165.007562
166.845771
165.009540
179.500814
165.168354
164.973869
165.024501
164.951090
165.070279
165.038932
165.035571
167.027662
165.039868
165.012659
167.096505
165.026588
167.031389
165.103588
166.199360
166.598001
165.884645
166.222388
165.000875
167.026826
166.958651
166.647790
165.168111
167.386069
165.229062
167.343420
165.175786
167.221428
165.219371
166.821477
166.067754
166.047593
167.063995
174.820855
165.258410
165.216899
165.225885
165.240994
165.750610
166.518013
165.156979
167.205538
165.176544
166.332165
166.080690
165.150149
167.315861
165.194016
167.299132
165.201117
167.788677
165.207189
165.248079
167.195572
167.211228
165.271144
167.380647
166.202123
164.428675
165.773452
165.736702
165.617097
165.604233
167.328543
165.388150
165.428804
167.319603
165.373217
165.410830
165.319874
165.336403
167.249395
165.415161
165.055260
166.788936
165.734145
165.047753
165.120417
167.014726
164.983477
167.050944
165.022027
166.613925
165.535326
166.642892
165.518708
166.468515
165.956504
165.871568
166.551754
165.657697
166.835515
165.197403
167.239141
165.177578
167.273621
165.587860
166.947933
165.549794
165.203701
167.225165
165.270396
167.273691
165.243169
166.847850
165.708352
165.243641
167.271251
168.736951
165.588585
166.749481
165.803699
165.924131
166.496274
165.066899
167.187346
165.134700
165.181304
167.148220
165.180203
167.008139
165.191475
165.384954
165.402675
166.973331
165.599201
168.092161
165.864657
165.978361
165.954961
165.924441
166.076805
168.084494
165.995333
165.871994
167.852376
165.747599
166.899065
166.543935
165.806025
177.988510
165.596691
165.903661
165.537722
165.585860
166.721866
166.432512
165.700747
167.742122
165.491135
178.331363
165.338446
165.380264
165.325639
165.446578
165.463331
164.990810
165.007176
165.137649
167.233910
165.190824
167.259523
165.349929
165.011985
166.919620
165.045418
165.269383
166.359220
166.392159
165.242411
165.043795
165.019665
166.769707
165.064401
165.011740
165.787258
167.167707
165.003214
166.700387
168.188586
180.072092
163.015696
164.959430
164.979299
165.001942
164.996875
167.053059
165.123759
165.119796
167.128557
165.103371
171.743830
165.112378
167.273167
165.181565
165.291136
166.946691
165.326935
167.237988
165.165132
165.124695
167.065573
165.044661
175.387959
164.961105
164.981296
164.998993
164.974316
166.137269
166.816968
165.056813
167.061815
165.028466
167.021409
165.447129
166.765609
164.997935
165.149284
166.871408
165.389010
166.974095
174.290627
165.012420
164.964223
164.984735
175.809601
164.247349
165.028337
165.038942
164.935794
164.998373
166.101624
165.876191
164.944932
166.983849
164.969081
177.341307
176.069617
162.868704
166.648131
165.951546
165.836527
165.762137
165.725946
165.757504
165.721126
168.672974
165.620962
167.017777
166.073782
165.684880
167.206497
165.426840
167.335362
165.362007
165.595436
167.143149
165.526100
166.327528
166.518108
165.169927
167.158028
165.111417
166.266808
166.781699
165.017315
166.995235
164.983476
166.115709
168.399163
165.390242
165.121326
165.015371
167.132383
165.050124
167.115088
165.038517
166.813001
165.196652
165.216821
166.939085
165.016477
167.040388
165.131416
165.181669
167.169646
165.147950
166.441099
166.232618
165.713736
166.188676
165.921986
165.872388
167.506487
171.507467
165.976081
165.863312
165.714107
165.306978
165.103516
167.280251
166.228776
164.971335
165.000976
164.977927
165.011878
166.824092
165.043075
165.034845
167.013221
164.991191
165.026982
166.905834
164.978425
164.999889
166.103283
165.838001
165.026370
165.529057
167.120571
165.207732
165.214959
167.320673
165.430721
165.540030
167.408068
165.455873
165.328237
167.298831
166.042616
165.851180
166.900044
167.192987
166.100602
165.483496
167.061797
165.227563
165.356083
167.094663
165.058750
166.983963
165.983135
165.052490
166.929650
165.016852
164.965206
165.111578
167.063950
165.285626
165.142857
165.364139
166.957622
165.160373
166.112277
167.186207
165.150830
165.957539
173.056260
165.216795
164.996414
165.018002
165.018295
165.015925
165.055962
166.928810
165.053995
165.042918
167.039890
165.028204
165.487645
172.964333
164.998704
165.032859
165.033470
165.030744
164.971658
165.003199
166.941506
165.145678
165.130183
165.159227
167.031519
165.083517
165.009846
173.222449
165.395524
165.034680
165.045061
165.082004
166.949742
172.240669
165.512895
165.047731
165.037397
