50
42.112614
42.118055
42.113018
42.102833
42.111451
42.120836
42.130434
42.104182
42.120239
42.112440
42.106983
42.115263
42.329387
42.119467
42.093691
42.120922
42.117150
42.102063
42.096102
42.123016
42.098769
42.109161
42.100496
42.067240
42.027990
42.031513
42.118771
42.074654
42.092493
42.086933
42.096501
42.119973
42.093018
42.087945
42.102912
42.094606
42.493585
42.268497
42.184754
42.083634
42.088741
42.109889
42.115845
42.106592
42.118301
42.109998
42.107603
42.109741
42.099812
42.100433
42.103675
42.110356
42.086189
42.107546
42.097035
42.116432
42.106975
42.102522
42.108703
42.094417
42.102367
42.098967
42.106488
42.110581
42.137967
42.112450
42.110703
42.101261
42.105507
42.108418
42.112323
42.099157
42.103184
42.164324
42.112406
42.116438
42.093497
42.101502
42.105167
42.092029
42.424508
42.269472
42.267824
42.280564
42.268241
42.292956
42.281236
42.097371
42.122209
42.118375
42.115407
42.115710
42.114388
42.119839
42.111925
42.093893
42.111543
42.108808
42.103934
42.115406
42.113849
42.086293
42.084732
42.086587
42.088834
42.108061
42.097306
42.094517
42.103419
42.105514
42.103210
42.104078
42.100898
42.103810
42.096206
42.100300
42.104313
42.097086
42.088444
42.083593
42.103181
42.072042
42.089062
42.103584
42.121223
42.103942
42.117316
42.083229
42.104974
42.092621
42.137572
42.085839
42.115411
42.097806
42.105361
42.098967
42.120535
42.096347
42.108472
42.102943
42.092952
42.092949
42.108763
42.111683
42.102333
42.093446
42.088589
42.094503
42.087837
42.105015
42.098117
42.098783
42.095969
42.113868
42.102124
42.093679
42.094363
42.092194
42.098559
42.127475
42.105287
42.110040
42.109667
42.120795
42.102792
42.101276
42.095185
42.133005
42.121832
42.084178
42.093560
42.096555
42.100452
42.086393
42.099378
42.091922
42.096954
42.093561
42.096906
42.097556
42.084195
42.086965
42.075378
42.090392
42.084477
42.091833
42.098436
42.090510
42.084269
42.102304
42.082864
42.093071
42.109738
42.124175
42.116905
42.105204
42.118584
42.105710
42.102630
42.103410
42.100901
42.109501
42.088882
42.074894
42.098737
42.099362
42.121887
42.105095
42.099295
42.087491
42.092329
42.080103
42.096109
42.098065
42.086556
42.089571
42.099312
42.089265
42.089871
42.105564
42.084365
42.094940
42.086587
42.108524
42.078306
42.106699
42.088187
42.101155
42.096132
42.112633
42.086784
42.105188
42.085286
42.104043
42.083449
42.098586
42.095528
42.094590
42.102913
42.105067
42.103204
42.100195
42.101172
42.094436
42.119852
42.105790
42.116051
42.092079
42.097070
42.095100
42.111037
42.424276
42.093357
42.097963
42.085978
42.109201
42.100248
42.082962
42.092301
42.095529
42.088025
42.104407
42.100888
42.106596
42.094928
42.108225
42.103490
42.108668
42.090647
42.308571
42.130348
42.283766
42.178838
42.139447
42.187732
42.209287
42.142337
42.169051
42.384094
42.295319
42.197295
42.170866
42.214408
42.088909
42.218063
42.150086
42.251772
42.140882
42.171642
42.172091
42.098454
42.107320
42.098698
42.112104
42.116704
42.112092
42.105932
42.099661
42.117952
42.109192
42.112479
42.109609
42.099317
42.110559
42.094361
42.105962
42.118478
42.108867
42.091487
42.097890
42.095280
42.100718
42.123338
42.095914
42.096971
42.097427
42.086332
42.102431
42.084092
42.090260
42.092903
42.096009
42.112447
42.120301
42.110853
42.113083
42.105376
42.110300
42.110358
42.107630
42.111037
42.095706
42.117088
42.102290
42.094158
42.094778
42.116098
42.104263
42.099384
42.094038
42.102270
42.127033
42.096613
42.095429
42.107820
42.099864
42.092793
42.094110
42.111509
42.127749
42.096933
42.502506
42.093579
42.105284
42.097303
42.101146
42.089036
42.092011
42.097913
42.082572
42.084565
42.090814
42.073425
42.085460
42.076039
42.096989
42.096617
42.109147
42.099590
42.106273
42.093063
42.092920
42.089857
42.116480
42.110484
42.098632
42.108318
42.093712
42.103570
42.097898
42.101063
42.102525
42.092336
42.090292
42.091924
42.097846
42.103291
42.075559
42.087895
42.089031
42.085686
42.118360
42.104200
42.086003
42.102807
42.107543
42.114438
42.090690
42.109824
42.106353
42.093314
42.095962
42.081688
42.095129
42.085880
42.082907
42.090544
42.157247
42.113394
42.110057
42.112717
42.096040
42.091380
42.091660
42.106576
42.103622
42.116796
42.080641
42.109111
42.109986
42.352204
42.123911
42.151236
42.088965
42.106099
42.140822
42.155239
42.099725
42.098036
42.101834
42.094513
42.104976
42.138932
42.096604
42.092904
42.098244
42.080181
42.116374
42.099673
42.108491
42.092810
42.092611
42.107755
42.110637
42.107701
42.116727
42.100067
42.082700
42.154210
42.081809
42.241320
42.084781
42.194246
42.100100
42.129309
42.113481
42.160818
42.101075
42.125916
42.096107
42.145170
42.111614
42.124797
42.123215
42.106205
42.115138
42.114516
42.110771
42.107231
42.130993
42.109660
42.102336
42.097946
42.094313
42.096659
42.105549
42.098211
42.102294
42.095613
42.093778
42.106138
42.117619
42.116027
42.092357
42.110246
42.087317
42.114810
42.101279
42.097750
42.098803
42.106945
42.100954
42.127724
42.086754
42.182344
42.130138
42.256172
42.268245
42.146322
42.132317
42.118582
42.103713
42.258736
42.088639
42.107062
42.118943
42.099805
42.147900
42.102086
42.154537
42.165130
42.120492
42.397511
42.103335
42.212639
42.135589
42.152546
42.164100
42.093261
42.089981
42.107902
42.091808
42.307389
42.096141
42.222972
42.139933
42.131042
42.333516
42.092582
42.090382
42.080721
42.087615
42.097277
42.096878
42.076659
42.102392
42.083718
42.086269
42.089128
42.100791
42.086756
42.090881
42.093036
42.084575
42.086897
42.089553
42.098961
42.090178
42.095551
42.091793
42.086591
42.103115
42.100374
42.098864
42.098954
42.089162
42.101051
42.105094
42.101980
42.683872
42.245822
42.296944
42.284869
42.287040
42.257079
42.259855
42.260099
42.254804
42.211793
42.228848
42.230640
42.247701
42.253594
42.263779
42.254979
42.247254
42.237883
42.252951
42.261244
43.052929
42.268195
42.263317
42.294499
42.238567
42.246931
42.232023
42.267145
42.265938
42.247152
42.250737
42.237395
42.257353
42.261528
42.288141
42.236102
42.228055
42.265955
42.252865
42.276652
42.265006
42.248237
42.276558
42.255548
42.269129
42.261793
42.250733
42.238608
42.240725
42.253774
42.259509
42.269145
42.219753
42.251105
42.244742
42.241238
42.256775
42.272288
42.250307
42.275547
42.278307
42.260623
42.276296
42.216399
42.241637
42.233013
42.258226
42.269527
43.781390
46.172730
42.109904
42.083565
42.088094
42.092652
42.553972
42.116476
42.106018
42.105583
42.111266
42.111768
42.109503
42.122360
42.116578
42.118354
42.112973
42.113154
42.094157
42.113704
42.107292
42.105870
42.115515
42.120797
42.112778
42.110275
42.095925
42.102717
42.107292
42.128719
42.095863
42.243549
42.105237
42.093046
42.119063
42.097389
42.115791
42.113204
42.113263
42.101644
42.117791
42.090146
42.095920
42.101977
42.101310
42.096796
42.107556
42.105400
42.116465
42.113083
42.109501
42.119358
42.101097
42.115604
42.113099
42.124527
42.096379
42.103166
42.103184
42.106335
42.103364
42.120497
42.105537
42.101179
42.090444
42.098063
42.090730
42.102279
42.113018
42.097496
42.102517
42.105979
42.117180
42.129943
42.113254
42.105286
42.107451
42.103445
42.123542
42.103350
42.109586
42.078712
42.108783
42.093698
42.097536
42.092204
42.096598
42.106177
42.101687
42.095958
42.088154
42.096446
42.093127
42.097623
42.099052
42.104043
42.096545
42.102246
42.175198
42.115886
42.105773
42.095154
42.103081
42.097688
42.094757
42.105832
42.187982
42.089814
42.092531
42.172260
42.086698
42.343915
42.095157
42.089377
42.100791
42.086358
42.172433
42.091419
42.086344
42.171641
42.093819
42.096655
42.169788
42.104146
42.119457
42.091791
42.115085
42.116704
42.093540
42.094925
42.086667
42.107922
42.143436
42.106599
42.156710
42.200178
42.113804
42.147912
42.126304
42.119210
42.422345
42.112199
42.092146
42.101202
42.112471
42.108230
42.101081
42.194063
42.104563
42.104905
42.119458
42.111404
42.116497
42.092804
42.090937
42.113598
42.090191
42.136785
42.092038
42.155109
42.134993
42.118269
42.097277
42.124335
42.096571
42.107792
42.097881
42.104513
42.109061
42.109303
42.110014
42.102499
42.114580
42.099606
42.112033
42.113340
42.097901
42.140336
42.087849
42.081337
42.100803
42.081360
42.119042
42.107133
42.099410
42.092719
42.090049
42.099662
42.087007
42.100554
42.089459
42.085781
42.073447
42.092029
42.094203
42.081547
42.091550
42.108150
42.094381
42.139667
42.100188
42.108727
42.093182
42.096878
42.089575
42.087228
42.114903
42.096191
42.103708
42.090280
42.113187
42.101398
42.105449
42.103021
42.088830
42.101998
42.097130
42.089868
42.083268
42.092336
42.103035
42.089408
42.088421
42.225586
42.102495
42.107691
42.106895
42.109083
42.094772
42.122020
42.078960
42.088478
42.092361
42.104373
42.079219
42.097052
42.094573
42.099732
42.090687
42.098227
42.106253
42.119677
42.102576
42.096446
42.111621
42.103719
42.095545
42.129641
42.114708
42.119663
42.122274
42.105181
42.106466
42.096550
42.110899
42.092651
42.114158
42.100771
42.100612
42.106321
42.114534
42.092369
42.130522
42.123344
42.093895
42.096607
42.093964
42.106124
42.097414
42.093086
42.093871
42.093174
42.097720
42.110194
42.102179
42.096521
42.474541
42.089455
42.091332
42.098161
42.098380
42.109947
42.119437
42.097746
42.118162
42.101387
42.117482
42.113833
42.104584
42.095711
42.102967
42.104371
42.105602
42.103876
42.137047
42.089647
42.105052
42.112745
42.100142
42.096651
42.103736
42.123309
42.103347
42.117698
42.099330
42.112676
42.107860
42.095840
42.088073
42.086490
42.100257
42.123757
42.102428
42.105307
42.121507
42.110884
42.125698
42.102076
42.106782
42.106597
42.112747
42.107985
42.106280
42.105513
42.112377
42.110601
42.113079
42.082981
42.112387
42.108747
42.117247
42.106991
42.091289
42.096567
42.122702
42.101033
42.093457
42.115762
42.089064
42.115137
42.111319
42.106250
42.098872
42.115065
42.114758
42.122983
42.105351
42.107972
42.108740
42.106371
42.101831
42.105923
42.096479
42.110380
42.096137
42.108765
42.114252
42.088251
42.116292
42.102540
42.110128
42.099549
42.121560
42.113587
42.101426
42.104514
42.119998
42.101269
42.127693
42.114960
42.114681
42.126805
42.114059
42.106303
42.092336
42.101607
42.109635
42.100752
42.092031
42.099315
42.096093
42.109553
42.099421
42.119319
42.120645
42.128839
42.096474
42.108409
42.113958
42.135373
42.107364
42.120491
42.117860
42.121154
42.132067
42.115504
42.106574
42.110903
42.110516
42.088824
42.115780
42.113249
42.099061
42.085054
42.096886
42.071081
42.107170
42.093219
42.098018
42.106931
42.487259
42.390706
42.396819
42.401103
42.475146
42.422759
42.412723
42.387412
42.397129
42.406749
42.343877
42.270414
42.288947
42.276390
42.276512
42.269995
42.275553
42.364177
42.284442
42.304625
42.300467
42.231765
42.311319
42.359730
42.303464
42.310504
42.196971
42.161876
42.175036
42.152095
42.222092
42.133873
42.123333
42.271129
42.093956
42.073468
42.079833
42.071257
42.076327
42.084205
42.098827
42.091992
42.099274
42.073776
42.107644
42.071964
42.088966
42.087537
42.092612
42.097520
42.099459
42.116602
42.094545
42.099854
42.089681
42.051360
42.019243
42.030638
42.011223
42.032705
42.018114
42.031202
42.080596
42.089200
42.085933
42.084746
42.083227
42.075634
42.083474
42.087840
42.078565
42.081864
42.086119
42.088275
42.126744
42.080685
42.075714
42.093882
42.082385
42.246442
42.101095
42.081937
42.090432
42.085462
42.081449
42.074380
42.089951
42.076832
42.094683
42.083096
42.091061
42.076791
42.082961
42.075097
42.080098
42.089247
42.095147
42.105579
42.090622
42.092205
42.082433
42.096246
42.085134
42.079182
42.107071
42.100868
42.090037
42.075871
42.080345
42.074805
42.072726
42.087448
42.074078
42.080061
42.081582
42.098694
42.081107
42.091098
42.080046
42.103282
42.084373
42.092624
42.130986
42.104837
42.103192
42.078939
42.084761
42.101450
42.102204
42.074183
42.089806
42.095594
42.091524
42.085330
42.090453
42.094782
42.086241
42.084788
42.090151
42.095998
42.099425
42.081982
42.092873
42.077785
42.087708
42.080946
42.089838
42.147030
42.121612
42.226154
42.105987
42.101706
42.084540
42.105984
42.088878
42.100933
42.090506
42.105709
42.091542
42.098318
42.090532
42.102672
42.100583
42.077500
42.097448
42.092299
42.088430
42.093397
42.090832
42.148801
42.112480
42.097711
42.126153
42.084976
42.102689
42.108318
42.126182
42.091610
42.097478
42.090457
42.106738
42.099772
42.104716
42.116262
42.110374
42.098153
42.116453
42.109156
42.123279
42.098759
42.115800
42.117090
42.097653
42.091729
42.086423
42.087801
42.098823
42.068229
42.095364
42.097446
42.080184
42.096803
42.086989
42.080592
42.087557
42.087148
42.086419
42.081815
42.101400
42.095419
42.085603
42.082626
42.092493
42.106621
42.088184
42.107937
42.097270
42.103211
42.235153
42.103199
42.094431
42.110419
42.094672
42.108532
42.090698
42.104343
42.096089
42.101701
42.080110
42.088461
42.081788
42.112336
42.094169
42.106101
42.086820
42.103430
42.103493
42.097182
42.094686
42.097439
42.229960
42.088599
42.099395
42.090840
42.090027
42.104501
42.097209
42.096004
42.116072
42.075533
42.074629
42.079153
42.093303
42.319493
42.132481
42.079200
42.082142
42.124711
42.306455
42.107425
42.142888
42.285111
42.134339
42.303705
42.175741
42.117796
42.083717
42.116694
42.108304
42.108573
42.096496
42.101661
42.112372
42.099438
42.110880
42.095861
42.109232
42.107569
42.180796
42.098250
42.091792
42.084320
42.098295
42.094039
42.107775
42.089662
42.094423
42.092530
42.104971
42.143255
42.255114
42.183859
42.089932
42.095925
42.082414
42.108436
42.091876
42.085869
42.091633
42.085512
42.094694
42.080787
42.088174
42.093204
42.074597
42.096997
42.097493
42.103236
42.082638
42.114675
42.113873
42.095592
42.117956
42.100087
42.108270
42.117019
42.103068
42.096504
42.083352
42.087077
42.092107
42.098864
42.103514
42.100559
42.099903
42.106901
42.113917
42.091074
42.100020
42.095096
42.095665
42.091486
42.110374
42.095684
42.100427
42.094260
42.087177
42.107984
42.096826
42.084820
42.084872
42.097895
42.083830
42.111106
42.087739
42.103082
42.091824
42.111382
42.099728
42.109463
42.089324
42.084886
42.076014
42.097311
42.102884
42.108484
42.096698
42.083991
42.092405
42.115297
42.098340
42.075061
42.100518
42.098161
42.109670
42.078015
42.101442
42.208136
42.032869
42.022339
42.025535
42.027624
42.029793
42.032262
42.032660
42.032990
42.021937
42.040075
42.038278
42.020494
42.035177
42.034884
42.042432
42.050236
42.025312
42.300070
42.089284
42.093768
42.088895
42.118927
42.096038
42.088040
42.085966
42.079194
42.085655
42.100630
42.085599
42.090638
42.098573
42.104869
42.090381
42.083643
42.104548
42.082000
42.088347
42.080047
42.093292
42.088771
42.095714
42.093670
42.117874
42.090666
42.109872
42.107327
42.108478
42.093436
42.107953
42.085313
42.095695
42.100415
42.109736
42.097790
42.101775
42.096123
42.078468
42.086205
42.092067
42.099324
42.079931
42.104719
42.098628
42.103626
42.110529
42.092177
42.088299
42.095007
42.090978
42.118003
42.097112
42.114372
42.098126
42.099413
42.088226
42.095296
42.093582
42.092666
42.088602
42.078790
42.086368
42.088522
42.100375
42.085697
42.083395
42.096261
42.132493
42.088647
42.092917
42.069864
42.120880
42.088674
42.106011
42.100638
42.094111
42.113351
42.078373
42.099750
42.108106
42.113069
42.096540
42.103256
42.088032
42.098652
42.101426
42.107134
42.106378
42.081824
42.102659
42.098610
42.076659
42.115394
42.085503
42.101624
42.102932
42.107191
42.093673
42.097400
42.106868
42.094732
42.106681
42.104359
42.103687
42.099110
42.100084
42.086174
42.096587
42.089546
42.112460
42.109357
42.093392
42.261273
42.090291
42.107015
42.102162
42.091471
42.084940
42.126905
42.088499
42.133285
42.106953
42.095713
42.092886
42.111274
42.090329
42.106613
42.092821
42.111490
42.097635
42.102481
42.107320
42.116784
42.099198
42.103754
42.100500
42.101806
42.112477
42.335637
42.296418
42.255441
42.262906
42.253038
42.255612
42.266963
42.266212
42.261145
42.226808
42.247650
42.239985
42.258760
42.253898
42.252773
42.268410
42.256079
42.246185
42.260204
42.262585
42.255319
42.269346
42.236540
42.227811
42.265078
42.234360
42.237318
42.235768
42.271020
42.350543
42.229278
42.234453
42.223720
42.107213
42.097937
42.083213
42.088881
42.109410
42.072633
42.094521
42.101781
42.101927
42.095951
42.093353
42.097093
42.091830
42.106879
42.095741
42.088997
42.088947
42.109224
42.109262
42.084757
42.107206
42.083182
42.091284
42.089746
42.085186
42.088173
42.085791
42.077637
42.082804
42.081078
42.095114
42.089345
42.092813
42.077641
42.091196
42.086127
42.071475
41.518920
42.471488
42.193397
42.087920
42.090286
41.541573
41.241241
41.245549
41.293031
41.280836
41.309936
41.285223
41.330092
41.511534
41.707729
41.450637
41.288949
41.483931
42.127464
42.135879
42.121806
42.140287
42.144388
42.124475
42.151520
42.114032
42.147027
42.115965
42.141275
42.129363
42.138091
42.135604
42.128632
42.126975
42.119245
42.132157
41.707002
41.213926
41.295107
41.623261
41.869068
42.124049
42.143441
42.117669
42.131357
42.125804
42.115757
42.116598
42.128936
42.107933
42.131435
42.131015
42.132847
42.133791
42.133211
42.123445
42.122105
42.095513
42.097175
42.076656
42.087162
42.094261
42.094256
42.095985
42.089233
42.087150
42.074763
42.105509
42.071447
42.078852
42.082891
42.094774
42.071258
41.986004
41.949284
42.022965
42.021705
42.020054
42.015739
42.038015
42.026363
42.030073
42.024402
42.027058
42.281556
41.819214
42.062837
42.086737
42.083564
42.092616
42.092333
42.094255
42.083080
42.074256
42.089806
42.099981
42.189319
41.664165
41.721234
41.307883
41.604491
42.082651
42.092095
42.106792
41.458985
41.435517
41.408531
41.281806
41.473612
41.324658
41.205044
41.364032
41.325149
41.409639
41.281544
41.151748
41.458157
41.382218
41.235984
41.280235
41.218356
41.319028
41.383642
41.546761
41.634483
41.535181
41.688565
41.542919
41.263540
41.284766
41.450739
41.413119
41.442066
41.588540
41.539225
41.701391
41.507689
41.618898
41.654397
41.583213
41.707149
41.676119
41.507154
41.665165
41.709088
41.624507
41.761783
41.601089
41.661216
42.040296
41.601738
41.775521
41.685228
42.073490
42.080532
42.091845
42.092534
42.097936
42.075830
42.105670
42.072927
42.087498
42.092246
42.080481
42.086508
42.064852
42.091492
42.082719
42.084963
42.107993
42.093554
42.080170
42.082787
42.097843
42.108182
42.096143
42.121283
42.098056
42.089399
42.092383
42.085489
42.078592
42.093896
42.096665
42.092201
42.091162
42.079354
42.097024
42.081021
42.092938
42.077636
42.088070
42.074487
42.088633
42.081844
42.096791
42.080698
42.077874
42.092029
42.088707
42.081487
42.086100
42.081089
42.087653
42.083301
42.080486
42.087497
42.088157
42.097103
42.089841
42.089870
42.079796
42.078358
42.084041
42.082104
42.082030
42.087818
42.084476
42.074916
42.077099
42.101007
42.084913
42.093859
42.097778
42.096139
42.089668
42.097373
42.075669
42.091894
42.079105
42.107070
42.094860
42.075593
42.095497
42.085845
42.095950
42.086125
42.097444
42.101379
42.097513
42.098944
42.099135
42.074423
42.091352
42.080777
42.098978
42.094660
42.116023
42.093060
42.079259
42.290249
42.101737
42.092529
42.089268
42.107476
42.088682
42.091172
42.079008
42.083317
42.082270
42.083518
42.089409
42.084300
42.081888
42.076070
42.092752
42.089911
42.073596
42.086552
42.074886
42.093346
42.256766
42.258341
42.249292
42.255967
42.248292
42.249449
42.247877
42.253252
42.248240
42.287031
42.240330
42.257592
42.237750
42.262079
42.167742
42.243535
42.280326
42.252902
42.278393
42.232681
42.204614
42.257811
42.300884
42.290772
42.187814
42.198717
42.209000
42.304536
42.192549
42.260794
42.243246
42.398952
42.151433
42.182446
42.164473
42.147395
42.250351
42.062338
42.088608
42.226449
42.176875
42.199362
42.263896
42.242950
42.210569
42.250416
42.268646
42.286232
42.241385
42.553895
42.259527
42.233066
42.253678
42.209878
42.252210
42.250117
42.252039
42.242682
42.251471
42.246117
42.223495
42.258099
42.239332
42.237067
42.249970
42.110896
42.102995
42.101128
42.075179
42.086804
42.084560
42.119706
42.139053
42.137161
42.204317
42.148633
42.136052
42.128464
42.112304
42.088506
42.103857
42.138564
42.127968
42.126410
42.144675
42.130852
42.142575
42.133046
42.137380
42.188185
42.096682
42.097097
42.106156
42.108112
42.088127
42.096473
42.101807
42.089966
42.188747
42.136235
42.125395
42.148143
42.142383
42.130684
42.147582
42.120013
41.758934
41.148994
41.322923
41.569296
42.130051
42.128471
42.119417
42.128252
42.105049
42.088135
42.088027
41.490737
41.234219
41.174756
41.361573
41.300432
41.378875
41.305109
41.296528
41.332099
41.347135
41.121355
41.216123
41.216113
41.195615
41.452304
41.250019
41.287272
41.377610
41.250079
41.323323
41.897859
42.092442
42.063318
42.077131
42.184404
41.917085
41.344210
41.224375
41.253988
41.380135
41.300176
41.164907
41.257146
41.230192
41.204050
41.486679
41.480043
41.633931
41.851082
42.133125
42.093577
42.098700
42.083815
42.085536
42.086663
42.074877
42.067470
42.078474
42.083656
42.097622
42.133663
42.139477
42.139413
42.135876
42.135809
42.128285
42.120573
42.110124
42.094350
42.103534
42.129952
42.137288
42.143626
42.131922
42.139037
42.125415
42.117325
42.134936
42.126070
42.095933
42.064865
42.092833
42.103263
42.104994
42.087187
42.095118
42.083220
42.073680
42.078910
42.099485
42.089462
42.086685
42.091118
42.078028
42.088280
42.101695
42.077238
42.084472
42.129988
42.131016
42.098388
42.112022
42.151913
42.023081
42.118746
41.933351
42.035997
42.060233
42.059868
42.072934
42.093219
42.130785
42.134397
42.022406
42.050616
42.128744
42.149590
42.108180
42.056779
41.954596
42.143670
42.015266
42.081314
42.091132
42.091789
42.111695
42.078092
42.093868
41.999532
42.128390
41.834891
41.313476
41.320637
41.279257
41.339951
41.380029
41.376025
41.336635
41.448137
41.457062
41.396784
41.525542
41.227209
41.400227
41.257490
41.186548
41.252061
41.393640
41.289717
41.313213
41.295354
41.360919
41.158352
41.061946
41.480634
41.558454
41.325992
41.421774
41.546006
41.550653
42.076508
42.098758
42.093120
42.089783
42.087731
42.080777
42.082658
42.093607
42.109746
41.801479
41.249016
41.393177
41.507024
42.089564
42.098537
41.444345
41.979778
41.320584
41.322326
41.470983
41.462013
41.255109
41.333293
41.336607
41.446598
41.472197
41.494151
41.581478
41.425233
41.743714
41.567547
41.642118
41.600647
41.415124
41.588917
41.475061
41.469304
41.418534
41.534079
41.551553
41.547228
41.458773
41.643086
41.670873
41.477181
41.532447
41.481117
41.868662
41.610530
41.722561
41.704723
41.585916
41.612262
41.756154
42.075714
42.087979
42.083234
42.082520
42.085472
42.104683
42.132413
42.230872
42.411288
42.405852
42.389989
42.420650
42.405641
42.432892
42.416793
42.406569
42.401727
42.397897
42.410023
42.430497
42.402859
42.396176
42.419542
42.396931
42.417490
42.373410
42.484202
42.444722
42.446719
42.477491
42.482064
42.494733
42.566982
42.435774
42.398939
42.389514
42.608103
42.499196
42.381754
42.391189
42.400883
42.400422
42.406227
42.403288
42.420185
42.426223
42.396464
42.415524
42.398494
42.407158
42.409701
42.384753
42.425834
42.383440
42.398504
42.521639
42.410164
42.016803
41.686340
41.846611
41.817335
41.770690
41.815986
41.783287
41.830184
41.817788
41.815231
41.907119
41.842163
41.820846
42.353916
42.404469
42.417996
42.438515
42.453049
42.398223
42.437708
42.548182
42.433269
42.408164
42.402306
42.382599
41.695035
41.623709
42.125364
41.816545
41.878458
42.138977
41.887483
41.981712
41.937037
42.005719
41.890256
41.889240
42.070502
41.755507
41.869457
42.385216
42.404340
42.409130
42.418597
42.390567
42.388152
42.271103
42.257558
42.236668
42.247324
42.247234
42.263541
42.240896
42.269020
42.090802
41.464611
41.512080
41.625874
41.571450
41.704109
41.570456
41.775616
41.862402
41.838830
42.249241
42.250783
42.250144
42.254644
42.254765
42.246292
42.248562
42.225967
42.227091
42.238275
42.587495
42.045065
42.051181
42.087334
42.097828
42.088157
42.047838
42.154805
42.087117
42.089233
42.077440
42.182110
41.983666
42.179079
42.009055
42.019620
41.928709
41.951037
42.046950
42.182995
42.255196
42.244651
42.254423
42.215422
42.268781
42.253985
42.253339
42.261539
42.256436
42.241565
42.164895
42.244913
42.236040
42.241222
42.289893
42.254015
42.270078
42.255105
42.236361
42.254277
42.271167
42.305267
42.058151
42.164490
42.029903
42.213481
42.032515
41.642737
41.699548
41.664131
41.596187
41.663170
41.825002
41.898871
41.716613
42.110563
42.085436
42.091601
42.085898
42.090467
42.088010
42.100579
42.090602
42.100864
42.090521
42.119034
42.095856
42.093267
42.092035
42.096380
42.100771
42.107768
42.111842
42.109972
42.105357
42.111393
42.119003
42.100528
42.102014
42.081234
42.091300
42.090693
42.105499
42.116692
42.090279
42.099792
42.104358
42.100571
42.111598
42.094243
42.113877
42.096562
42.093477
42.122106
42.100873
42.083684
42.101606
42.100275
42.087048
42.106853
42.080849
42.090801
42.099212
42.116340
42.081705
42.108292
42.093909
42.114038
42.103173
42.103687
42.097980
42.101137
42.111199
42.104168
42.113405
42.106231
42.107959
42.113044
42.115052
42.092518
42.108252
42.209271
42.495680
42.095064
42.135481
42.128143
42.116038
42.090297
42.099117
42.088706
42.116516
42.139019
42.277895
42.257685
42.232093
42.297610
42.219002
42.407996
42.416959
42.199326
42.272280
42.406724
42.281477
42.167463
42.125435
42.286362
42.147919
42.386823
42.118674
42.235654
42.098788
42.098420
42.071404
42.100715
42.114061
42.100642
42.091152
42.106478
42.086160
42.092563
42.094817
42.097682
42.108702
42.093083
42.114422
42.100380
42.096819
42.087570
42.104409
42.105005
42.107863
42.108771
42.113784
42.089761
42.100027
42.166107
42.109283
42.094261
42.092692
42.078111
42.087602
42.102463
42.085488
42.099852
42.103860
42.095666
42.084586
42.106195
42.108214
42.104427
42.103558
42.097198
42.100256
42.111837
42.113671
42.120909
42.109241
42.213771
42.143114
42.091643
42.100268
42.103477
42.840182
42.304681
42.262470
42.275687
42.360561
42.345893
42.260241
42.268063
42.255327
42.450620
42.260178
42.250686
42.255277
42.248993
42.266192
42.267465
42.280172
42.257176
42.246920
42.258610
42.270243
42.234423
42.238900
42.229981
42.248349
42.255104
42.252096
42.240665
42.261847
42.239762
42.277836
42.250433
42.234561
42.255492
42.246789
42.258651
42.251157
42.231291
42.219553
42.234255
42.259130
42.244864
42.246692
42.229007
42.258530
42.258697
42.256315
42.233965
42.239134
42.236259
42.255532
42.274782
42.237717
42.233261
42.223049
42.258122
42.255498
42.270662
42.228805
42.236261
42.248888
42.251530
42.257719
42.260305
42.271744
42.120906
42.122680
42.112842
42.115434
42.122326
42.123811
42.110583
42.095752
42.100618
42.093809
42.105954
42.095937
42.111331
42.071334
42.083490
42.108527
42.099287
42.078287
42.101007
42.096470
42.106715
42.084435
42.097516
42.182216
42.113720
42.107617
42.105304
42.116126
42.105873
42.128456
42.118068
42.309031
42.085526
42.100011
42.083804
42.101522
42.097381
42.102075
42.091014
42.089124
42.101849
42.086935
42.096044
42.083516
42.107793
42.090088
42.089857
42.132233
42.097941
42.107758
42.082581
42.076806
42.117795
42.099149
42.289251
42.155325
42.064002
42.107498
42.207636
42.302333
42.000739
42.188681
42.113388
42.062376
42.086790
42.099882
42.069561
42.081679
42.093293
42.074661
42.086791
42.084767
42.254132
42.211929
42.148586
42.074597
42.100342
42.097347
42.231052
42.081577
42.119516
42.084563
42.130010
42.147346
42.095644
42.076316
42.076541
42.121108
42.110501
42.095149
42.094032
42.086234
42.089250
42.101556
42.115401
42.098657
42.083579
42.086245
42.088071
42.157931
42.141979
42.127137
42.150348
42.092865
42.060738
42.082753
42.059147
42.107556
42.124245
42.082237
42.166823
42.111820
42.071398
42.108219
42.178230
42.064855
42.166774
42.178564
42.107871
42.062803
42.083255
42.093612
42.107889
42.262946
42.125653
42.063271
42.095150
42.078197
42.085201
42.092276
42.050959
42.190882
42.122331
42.069816
42.100509
42.082048
42.068042
42.060824
42.113072
42.091784
42.051683
42.097970
42.188842
42.132511
42.039890
42.117042
42.269404
42.123947
42.156005
42.102230
42.090570
42.186519
42.081125
42.140744
42.192356
42.203219
42.084397
42.089057
42.140978
42.100267
42.092008
42.101112
42.129429
42.101135
42.139653
42.187209
42.190461
42.123171
42.133800
42.195435
42.046654
42.085054
42.041285
42.052236
42.037841
42.079991
42.065909
42.126573
42.091591
42.072716
42.120421
42.063687
42.155254
42.128211
42.054787
42.069645
42.093297
42.083354
42.088792
42.104699
42.099868
42.116243
42.088538
42.107200
42.099259
42.091192
42.100366
42.092448
42.102053
42.091784
42.096857
42.080424
42.090866
42.098480
42.076033
42.078905
42.106264
42.083595
42.083920
42.089619
42.094186
42.087553
42.101639
42.083765
42.156060
42.107836
42.148742
42.147785
42.095157
42.109615
42.138176
42.139020
42.148092
42.127079
42.129826
42.131528
42.122150
42.136566
42.126661
42.087978
42.143398
42.163615
42.140272
42.138199
42.155374
42.139550
42.115251
42.165066
42.130860
42.097187
42.126563
42.149941
42.195184
42.183270
42.179144
42.101639
42.130878
42.134328
42.121239
42.141113
42.185308
42.139771
42.280469
42.129396
42.170016
42.124859
42.094146
42.088169
42.100851
42.096151
42.103463
42.099427
42.104698
42.096563
42.112028
42.081760
42.174526
42.249412
42.231508
42.270763
42.253588
42.246047
42.248002
42.253327
42.234468
42.248291
42.240659
42.240560
42.235978
42.235438
42.240676
42.264258
42.168483
42.087829
42.099741
42.088535
42.095033
42.095770
42.073656
42.080318
42.078127
42.109722
42.100170
42.103178
42.197775
42.077516
42.110275
42.101905
42.094056
42.099052
42.082412
42.087895
42.081108
42.093198
42.084914
42.091350
42.081703
42.077038
42.090494
42.084156
42.089863
42.091685
42.096499
42.089430
42.088678
42.102220
42.087216
42.085250
42.089967
42.081641
42.077434
42.090920
42.090279
42.095910
42.103130
42.078485
42.089807
42.090113
42.084964
42.085215
42.093541
42.091058
42.181526
42.089248
42.089928
42.078990
42.218868
42.101909
42.180476
42.384590
42.089807
42.079796
42.089162
42.079727
42.106164
42.088081
42.087296
42.079825
42.663385
42.568423
42.295694
42.125665
42.066965
42.083279
42.086005
42.084770
42.073119
42.103902
42.075409
42.088476
42.078171
42.084442
42.075275
42.101105
42.076495
42.068812
42.071580
42.077135
42.083162
42.090926
42.080831
42.075750
42.077398
42.096249
42.074609
42.080467
42.090889
42.089283
42.085181
42.091038
42.089201
42.085900
42.084003
42.070917
42.078477
42.098608
42.095800
42.081039
42.099036
42.092594
42.068579
42.081644
43.726454
47.001414
46.896098
46.791308
46.820520
46.972750
46.991625
46.934799
46.845411
46.978665
46.790443
46.823354
46.821340
46.919451
46.751375
46.703597
46.662370
46.788995
46.781455
46.660257
46.693014
46.611604
46.742726
46.646104
46.622952
45.192088
43.323817
43.323046
43.312527
43.323147
43.324467
43.324095
43.321615
43.343638
43.331118
43.322653
43.316271
43.292226
43.324427
43.297974
43.305946
43.333645
43.307510
43.323006
43.331401
43.343898
43.306812
43.326728
43.300807
43.311318
43.309691
43.335197
43.315804
43.332567
43.312122
43.399818
43.364591
43.415708
43.301799
43.290369
43.313836
43.318019
43.305648
43.315915
43.319040
43.335677
43.301384
43.350755
43.301798
43.339874
43.327414
43.362232
43.333866
43.331287
43.313129
43.319037
43.323257
43.335097
43.335532
43.336032
43.330410
43.318908
43.319514
43.318549
43.330427
43.328566
43.341823
43.320106
43.329892
43.350366
43.297822
43.338804
43.340065
43.326170
43.331870
43.313861
43.327706
43.325021
43.665279
43.350698
43.317478
43.331597
43.609021
43.320700
43.333802
43.320214
43.353251
43.280009
43.307894
43.313068
43.349389
43.288898
43.299600
43.188172
43.108347
43.403930
43.422134
43.411435
43.286116
43.426820
43.314428
43.309939
43.333797
43.329984
43.357503
43.323132
43.351266
43.344667
43.332683
43.335686
43.322932
43.311809
43.341663
43.294918
43.372268
43.312403
43.320654
43.349723
43.349799
43.311384
43.361106
43.331199
43.336348
43.322676
43.321767
43.340824
43.337908
43.338040
43.318687
45.640353
46.600888
46.525997
46.595125
46.556655
46.530265
46.716615
46.514659
46.589896
46.730354
46.551713
46.632639
46.895153
46.562744
46.645024
46.073177
43.360637
43.335198
43.302487
43.327500
43.363246
43.326510
43.360619
43.348277
43.328734
43.358359
43.326509
43.315155
43.290652
43.352300
43.329004
43.319477
43.315330
43.296793
43.301448
43.318598
43.308696
43.320624
43.342344
43.321442
42.129859
42.131651
42.122532
42.132849
42.131661
42.115104
42.111932
42.137059
42.122030
42.109608
42.098206
42.106122
42.110724
42.108161
42.094949
42.119323
42.100961
42.112269
42.104178
42.089586
42.096216
42.089310
42.105234
42.098488
42.104422
42.166771
42.101061
42.090311
42.099953
42.090214
42.107084
42.076995
42.091711
42.084075
42.098270
42.090057
42.093098
42.363337
42.116676
42.113558
42.102583
42.122874
42.115011
42.110742
42.163191
42.137045
42.095290
42.097173
42.102774
42.101138
42.096259
42.087790
42.114353
42.113608
42.110757
42.122862
42.103666
42.095203
42.119619
42.105408
42.098085
42.086292
42.099622
42.099851
42.110906
42.104390
42.121966
42.101859
42.105450
42.095452
42.119555
42.094359
42.111736
42.102412
42.109593
42.112453
42.088109
42.144739
42.104779
42.089931
42.091338
42.098250
42.111075
42.097918
42.122165
42.106218
42.095431
42.092227
42.091413
42.099285
42.090359
42.104004
42.108880
42.087922
42.094218
42.104211
42.094882
42.099305
42.109497
42.097218
42.099936
42.260111
42.105498
42.201450
42.262918
42.086985
42.110462
42.091668
42.103400
42.101158
42.098970
42.102767
42.089494
42.098739
42.115448
42.115895
42.104333
42.106005
42.099298
42.098335
42.099440
42.101794
42.081632
42.106204
42.106300
42.120204
42.094432
42.109978
42.105512
42.096219
42.093042
42.090684
42.109781
42.094525
42.100882
42.097576
42.105803
42.098693
42.106946
42.093798
42.097217
42.087561
42.112244
42.095863
42.098120
42.091267
42.098865
42.099785
42.119278
42.110795
42.123176
42.101775
42.095759
42.100683
42.097968
42.057825
42.063647
42.062027
42.112884
42.140172
42.154866
42.447959
42.302311
42.255684
42.286953
42.270030
42.281933
42.269201
42.288560
42.276144
42.258163
42.275670
42.277359
42.293906
42.269197
42.270337
42.257716
42.274743
42.470367
42.337056
42.277043
42.273629
42.273550
42.280425
42.152819
42.229562
42.308839
42.211007
42.285543
42.276018
42.269337
42.299012
42.263776
42.262374
42.292486
42.279627
42.288686
42.261238
42.269390
42.258020
42.260265
42.282506
42.259232
42.247906
42.277206
42.249187
42.291213
42.271624
42.268777
42.286130
42.279183
42.198116
42.216848
42.268847
42.270800
42.278377
42.252313
42.270975
42.253709
42.263475
42.277725
42.268511
42.272069
42.249390
42.253687
42.249435
42.285582
42.258868
42.277422
42.263566
42.254293
42.276381
42.260628
42.272675
42.258430
42.278860
42.272087
42.268016
42.255160
42.277107
42.279457
42.249103
42.261822
42.291930
42.228612
42.287365
42.260212
42.327877
42.278870
42.272600
42.556000
42.272115
42.285411
42.271305
42.270070
42.268120
42.253059
42.261146
42.250112
42.259680
42.264450
42.262871
42.256652
42.255496
42.254915
42.268213
42.246986
42.268592
42.266281
42.252394
42.243825
42.245053
42.244108
42.275996
42.254341
42.199964
42.203867
42.259350
42.104287
42.221993
42.268042
42.258186
42.257123
42.262614
42.272022
42.256554
42.258297
42.249403
42.252977
42.261952
42.240299
42.263863
42.253129
42.255748
42.245446
42.451332
42.287664
42.274453
42.279411
41.814890
41.848663
41.784945
42.371860
42.154369
41.957360
42.262483
42.142147
42.076050
41.885801
41.838752
42.214638
41.859920
42.131033
42.141238
41.962407
42.196839
42.275300
42.260072
42.271404
42.248490
42.275718
42.265943
42.407084
42.284148
42.279433
42.275929
42.296640
42.270441
42.258568
42.258874
42.267268
42.251023
42.282435
42.260013
42.278466
42.269000
42.293087
42.285072
42.271315
42.292044
42.295973
42.259656
42.283004
42.269438
42.268722
42.263422
42.264809
42.269800
42.259688
42.282522
42.252236
42.285616
42.261750
42.254133
42.262894
42.260431
42.263828
42.254218
42.286072
42.278454
42.279826
42.285973
42.276047
42.278333
42.273362
42.289554
42.255381
42.300805
42.281179
42.286271
41.621236
41.670207
41.651895
41.622477
42.064125
42.272535
42.277108
42.289123
42.289451
42.280490
42.278613
42.285235
42.273557
42.274895
42.283122
42.250270
42.291521
42.268202
42.251040
42.269944
42.270820
42.258784
42.271319
42.276857
42.286748
42.278661
42.287009
42.266037
42.272767
42.243979
42.136927
41.955045
42.176435
41.782219
41.648197
41.723414
41.682080
41.746549
41.962213
42.164580
41.691824
41.914130
41.553678
41.885191
42.185469
42.260421
42.281035
42.278778
42.645047
42.431516
42.423122
42.441496
42.420130
42.405147
42.438405
42.323143
42.269885
42.255681
42.269998
42.260923
42.292014
42.259793
42.299861
42.259036
42.281237
42.268332
42.267841
42.275813
42.241738
42.290060
42.252506
42.261605
42.251684
42.273810
42.265148
42.249760
42.274470
42.253404
42.259058
42.256518
42.259253
42.262706
42.276292
42.255265
42.236549
42.266280
42.270925
42.247688
42.250462
42.263692
42.255123
42.244120
42.284130
42.270380
42.256314
42.550748
42.289685
42.268513
42.286258
42.333706
42.414076
42.406128
42.417820
42.356504
42.271955
42.307927
42.408371
42.401395
42.384203
42.376270
42.391952
42.388927
42.394138
42.363898
42.393084
42.414957
42.391675
42.392269
42.408083
42.390881
42.409025
42.373059
42.286079
42.266077
42.246087
42.275906
42.255499
42.260058
42.277833
42.275285
42.269122
42.256062
42.265258
42.273486
42.308277
42.260481
42.273618
42.254454
42.273856
44.632548
42.289028
42.284762
42.276934
42.263481
44.178015
42.738028
42.275739
42.281533
42.274977
42.269400
42.253499
42.255606
42.275230
42.268060
42.259244
42.264751
42.244258
42.272643
42.263750
42.276936
42.234334
42.134950
42.145050
42.132519
42.248841
42.009218
42.303810
42.278266
42.267801
42.272078
42.272189
42.234456
42.149364
42.338178
42.151059
42.292196
42.248344
42.270478
42.269167
42.259476
42.274156
42.269061
42.271128
42.243903
42.260338
42.256858
42.260886
42.268923
42.246799
42.279622
42.247306
42.264323
42.276732
42.271921
42.275866
42.250445
42.272479
42.252898
42.269537
42.260214
42.251064
42.250925
42.256825
42.256508
42.279355
45.162209
42.278284
42.294839
42.272746
42.297841
42.272547
42.297027
42.270925
42.291227
42.266860
42.293706
42.315295
42.267991
42.283747
42.275178
42.274116
42.377645
42.276735
42.286307
42.256938
42.315648
42.309105
42.354169
42.411166
42.443969
42.272220
42.365372
42.309185
42.330435
42.380939
42.372299
42.326097
42.319959
42.263745
42.335026
42.273937
42.277471
42.283276
42.282776
42.269560
42.277232
42.275371
42.272498
42.278209
42.275789
42.265869
42.266835
42.252392
42.277849
42.277115
42.253296
42.272060
42.257326
42.265847
42.286638
42.268709
42.391406
42.085961
42.103149
42.089362
42.101503
42.108777
42.097238
42.114771
42.109802
42.090239
42.124038
42.100219
42.101314
42.116395
42.131453
42.119441
42.110000
42.125283
42.104464
42.119982
42.080704
42.117064
42.094144
42.101096
42.089716
42.102287
42.091886
42.107901
42.089082
42.099979
42.103740
42.102043
42.102311
42.104621
42.090788
42.104187
42.098956
42.107281
42.103154
42.097900
42.127110
42.116513
42.071356
42.090724
42.103113
42.082215
42.084892
42.103553
42.097495
42.097540
42.106325
42.090416
42.094269
42.089510
42.142281
42.091844
42.047532
42.094926
42.102844
42.095179
42.124699
42.039426
42.111302
42.141965
41.923810
41.756896
41.915769
41.965575
42.114465
42.120781
42.092968
42.111574
42.109125
42.101868
42.096767
42.098365
42.091889
42.099133
42.097263
42.111688
42.096990
42.093712
42.118506
42.093006
42.104376
42.098871
42.107527
42.177238
42.202871
42.185282
42.100401
42.190399
42.133719
42.094030
42.095657
42.096106
42.109089
42.093963
42.115713
42.100742
42.115964
42.099588
42.094388
42.102687
42.089636
42.092616
42.090948
42.104423
42.067401
42.115129
42.118581
42.100483
42.085542
42.099451
42.087861
42.095042
42.352730
42.104770
42.105659
42.089317
42.118213
42.105140
42.115552
42.034945
42.099109
42.082430
42.189618
42.122172
42.112130
42.106164
42.108712
42.092584
42.103820
42.114193
42.115315
42.107885
42.101620
42.098480
42.093986
42.097117
42.090188
42.104922
42.097347
42.117372
42.109637
42.107832
42.101667
42.103506
42.107486
42.096780
42.089306
42.092257
42.112524
42.103944
42.078289
42.102248
42.099861
42.098854
42.104111
42.104491
42.095645
42.098455
42.105724
42.125725
42.109997
42.096938
42.113454
42.096969
42.100397
42.108505
42.109702
42.679761
42.105402
42.114280
42.108649
42.095097
42.098761
42.099045
42.109129
42.095408
42.089217
42.098925
42.101487
45.927188
