50
50.483447
47.730207
44.274604
43.225717
41.336876
42.150036
38.211233
35.243017
42.083553
49.954510
47.322116
41.905072
42.275262
38.414544
36.652329
41.849385
44.358287
42.242600
42.505424
44.241537
43.742910
48.060511
49.689360
49.863914
49.579935
46.017042
51.619398
48.187189
43.929628
44.357679
42.788278
54.532676
58.520529
41.392404
43.412041
42.102881
44.182541
41.478006
42.128838
41.825942
42.146166
41.943479
42.366837
38.318493
41.759639
43.898505
43.243980
42.351719
43.050017
43.230894
41.520956
42.000770
41.375912
42.205598
41.489021
41.121798
42.815790
41.937940
43.474058
43.569197
45.267529
49.005897
47.502122
55.317835
50.400914
44.456534
45.307601
45.144239
45.913519
41.438951
41.845800
41.772707
42.629472
43.496035
43.720174
43.416364
45.326861
46.363615
44.141087
44.531260
44.835087
44.204428
44.981839
43.533731
45.171898
42.896314
53.150443
58.670099
52.626612
45.576687
45.087937
44.014902
46.104006
50.387508
47.320941
38.946030
40.698643
44.245702
45.416512
37.712955
42.271161
47.211678
46.180636
46.101013
43.733395
44.427024
45.787529
45.028604
44.317380
45.482232
46.471567
44.383597
45.717754
47.912314
43.811877
44.518303
45.572203
40.715556
39.617205
39.818035
36.894673
40.572483
44.738560
45.727459
44.900643
41.680373
43.695493
43.754591
45.450593
40.413917
40.742439
39.077153
50.992765
53.757121
43.108174
43.633736
39.888485
44.559429
48.213336
48.752555
48.408985
51.353424
46.339415
44.708180
49.023078
48.662057
49.072375
51.403475
51.399185
53.560170
48.171741
45.700450
44.655347
45.233549
46.167900
38.481600
37.383504
38.154488
39.232402
40.348264
45.484755
42.208614
39.060198
41.626166
42.834205
46.045808
44.571469
44.781096
48.065171
48.642702
47.881889
46.928125
42.638102
46.993677
43.287640
44.970293
52.753962
48.170593
45.426673
42.267085
37.211582
41.738142
44.556751
44.440380
44.300250
42.483988
45.660253
44.020357
44.790275
43.658957
47.487693
60.883417
48.333937
42.727705
46.406569
43.649458
47.873353
50.639290
45.399878
45.656757
43.847720
42.007750
47.733126
49.557406
50.444738
46.289936
45.326757
46.252589
45.739538
46.934151
45.473004
44.438319
52.602547
47.496801
46.016702
46.605373
45.423521
45.283748
41.170782
42.206213
43.729930
43.746555
41.939884
41.321373
43.482346
43.572694
42.877665
41.987174
43.176519
44.263558
42.644955
43.113591
42.201931
42.088133
43.338406
51.239401
48.740131
44.785628
44.902860
44.959033
45.251438
44.756064
42.290041
45.221927
43.888136
45.120207
42.613484
46.089200
46.042780
45.700845
45.721376
45.965363
44.422844
44.855117
44.578598
44.503864
46.065216
52.327884
54.917562
55.080530
47.665007
46.028938
47.368908
47.672444
44.801713
44.376640
44.603912
44.383971
44.518522
42.369023
44.939555
45.094375
46.677344
44.096464
44.331116
46.210542
44.541613
43.603933
45.522641
44.072428
45.811459
44.935736
47.063319
46.008306
45.367351
43.098217
45.275725
44.327584
45.667003
46.443181
44.783939
46.493359
44.749445
51.367270
44.635290
45.309874
49.431642
45.941953
44.361940
45.272164
46.970769
45.439544
44.090865
44.623606
47.677909
46.473001
47.076222
45.534495
44.054910
45.260241
43.773179
45.441026
45.388151
43.838472
44.731389
47.828120
46.119862
44.695185
46.061022
45.938817
44.126264
43.445329
46.022134
44.195508
44.892970
44.719710
44.432125
41.966157
39.551157
42.756998
43.379525
42.140659
42.106238
43.254998
41.748873
44.250402
45.401476
43.363972
47.520982
39.973578
36.145859
38.071973
37.474236
38.867278
43.397585
45.003046
42.792574
43.055314
40.951687
44.902667
43.456217
42.551930
43.570844
41.934828
38.483836
37.428136
37.467381
38.986334
40.968381
41.954790
43.344291
45.698371
48.365387
49.410042
45.202751
40.891513
40.598199
38.999725
44.977308
43.705390
46.713911
44.827654
47.190060
45.813669
44.791583
44.754693
45.817060
45.113345
45.726824
44.613477
43.651676
42.374324
44.738359
45.565417
43.584549
42.985447
45.224287
41.189478
38.556102
41.210909
40.273111
38.333506
36.778774
39.612983
45.020361
47.138192
44.574614
46.829689
42.855322
44.068458
52.002850
47.693299
34.833144
41.351294
45.003410
43.868714
47.461254
48.919697
46.151943
43.907841
44.951345
44.553038
45.923171
45.905944
44.785739
46.958448
39.423245
40.512219
46.883957
39.438601
40.858208
43.723164
44.237911
45.890366
44.636763
40.810993
38.715994
45.040619
42.733981
41.003962
44.521843
45.743684
44.133006
43.592153
44.747447
44.907410
43.589287
44.186428
43.493852
44.343939
44.352064
45.569457
44.056695
45.485413
43.446243
46.998829
45.174315
44.102527
48.142919
44.914911
45.985701
48.207389
46.825687
53.268210
48.635723
50.879623
52.834608
55.175969
48.539504
43.594510
48.805423
47.676232
43.439389
45.056295
45.191787
44.055995
39.530781
38.310837
44.253018
44.731048
45.281847
47.893224
44.238732
43.842234
44.546618
44.678032
43.321957
44.059738
45.138073
45.240380
43.897539
45.902383
43.372937
45.734496
47.208509
43.931993
47.822949
45.764358
49.143448
50.069532
45.912606
45.527709
44.534563
45.411454
46.151071
45.964629
45.172892
37.814981
42.236284
45.366241
44.827580
43.745917
44.126078
45.065583
40.741886
42.429751
46.472693
44.343518
42.000643
39.719945
41.088098
42.442301
45.880298
46.488662
45.140562
46.597110
39.984901
41.634170
42.251380
43.612731
39.269740
39.179008
38.921705
42.322501
42.959665
42.172963
53.518099
52.953060
50.740564
46.499452
44.464899
44.739152
43.310725
46.343537
48.970354
43.646013
46.165431
44.347998
44.937023
40.916503
44.113323
44.313585
47.024394
45.312487
42.837640
43.757550
41.988722
43.531773
45.249755
57.070792
47.144178
44.708446
45.608128
46.035112
45.344684
44.847436
45.138862
43.733929
51.212145
51.292989
56.698494
53.298452
54.163768
48.205587
45.196076
45.610285
43.580293
45.164121
43.907708
44.311377
44.801767
41.414241
38.457469
37.272703
37.510138
39.972622
41.408306
45.078177
44.556189
44.995056
45.089123
46.809560
48.721719
46.300409
45.824502
44.830570
46.821375
44.439312
42.256181
45.169212
41.465391
41.529283
39.576973
41.940365
44.210145
39.930883
39.455071
37.587537
38.602430
41.682603
41.066033
46.250886
49.991870
51.315612
43.869993
45.384676
51.896114
51.404826
46.965245
51.218030
47.748600
47.888514
45.237386
44.262412
46.082932
44.566684
43.987043
47.102540
41.863693
35.962344
40.513192
48.467897
47.031524
46.615981
43.040255
46.444316
46.695312
48.091539
46.668096
48.584648
44.500423
45.141944
43.465905
45.182594
46.481660
41.362334
43.519981
42.058493
44.705037
43.849079
44.753993
43.270253
42.672395
42.482013
38.113920
40.761702
43.880192
46.577367
45.973131
47.572481
44.446172
40.966456
39.956706
38.943534
37.505287
43.785674
46.757159
44.543348
47.977980
50.265544
45.151585
46.603426
52.076801
54.185706
51.696119
47.593836
44.539186
51.229537
48.341868
46.039808
45.200535
44.714227
46.107516
44.004254
45.904606
43.882895
44.661115
46.629798
45.400593
44.980264
43.571086
47.108771
44.392430
46.362437
42.773925
42.708057
49.657236
54.446606
43.709475
43.667736
43.140434
43.594554
43.569532
43.830527
41.063602
47.788390
50.736748
51.133917
53.671240
50.188602
50.533051
53.395013
47.869468
46.246625
38.975290
37.987605
38.934612
45.061318
47.210496
53.694464
53.626025
52.903710
52.072830
51.739095
51.229016
53.172531
48.505398
44.377007
47.199215
44.908770
44.650605
43.421239
45.606845
44.701904
44.360136
46.019270
46.539819
44.666204
41.035691
44.588205
55.374179
55.894843
58.321993
45.383458
44.899217
44.883915
43.322907
51.116141
45.207665
44.842207
44.583036
45.490645
44.074432
44.390727
44.079647
45.816397
45.698575
43.793062
45.393192
46.737890
43.581106
48.763778
52.766381
49.067556
49.733747
44.373074
46.022874
43.799791
43.543849
45.787946
45.574978
45.969911
45.627135
45.521263
45.531254
44.520531
45.341022
46.234852
44.174984
43.284856
43.577817
47.489563
44.558385
51.291934
44.410219
45.281090
45.277299
47.598839
47.837606
43.124761
43.289012
43.688912
43.056403
48.951288
52.617733
42.874918
39.003572
38.748132
44.100938
47.200474
57.473010
74.844029
41.531476
42.218077
41.507956
36.029134
36.769412
35.119065
40.099690
39.334547
35.834254
36.260021
37.531888
37.066877
42.585790
40.656615
42.901154
42.146035
42.759861
50.516498
48.003657
42.771860
42.232485
42.148848
41.536827
36.309550
41.584236
42.486922
43.121141
43.668613
42.273273
44.537087
41.433942
43.099308
44.016121
43.339333
41.570549
48.100240
45.510765
47.151719
44.019333
42.120937
42.945791
40.785375
43.468967
41.607404
43.670469
42.132809
42.721058
42.737619
43.265316
60.012914
44.358259
42.288224
42.964985
37.511133
35.665176
37.472319
40.645081
42.526479
43.899685
44.020746
50.246893
47.832181
43.840141
46.793998
43.404065
40.856125
44.736477
40.218393
41.074247
42.035960
42.434772
40.334566
41.826310
41.589751
39.292990
40.053493
44.333147
44.047866
44.545016
43.823859
42.595632
39.548164
47.685018
48.044737
44.123155
44.827530
45.926449
44.595466
42.955878
43.187348
47.381171
41.900527
43.635735
45.352767
44.321163
41.752849
46.296942
45.146215
43.749707
44.798328
43.085112
49.989481
50.039032
48.366186
47.487949
42.341808
43.141778
51.657287
50.997236
53.072152
44.805938
43.212288
45.696201
52.471609
47.756280
42.885155
41.068802
42.570656
38.612139
39.703601
41.633987
43.958800
46.084370
45.219338
47.365950
46.843267
46.207907
44.541882
45.523738
45.359005
47.251170
46.897910
44.043090
43.936182
39.048241
41.685902
48.382402
52.676461
54.220984
45.503515
45.085863
38.274683
37.113806
46.940227
52.645247
37.038776
38.457462
37.832048
37.884695
39.354301
38.663550
42.469828
41.310404
51.304273
46.675505
44.516591
47.554289
46.782606
45.139876
52.132873
47.377433
50.636881
52.382386
52.347493
52.541663
47.420084
44.558374
41.108496
38.391955
38.212534
49.339183
46.670853
46.239833
50.465137
43.051275
45.151772
44.964213
42.341445
44.227052
44.401618
43.717894
43.561644
44.485547
48.936461
44.516812
37.633713
37.460532
44.132534
46.708997
42.482441
38.475392
43.707226
46.200185
43.546734
43.671289
53.812630
59.252019
59.958623
56.297432
57.931670
60.013852
48.101127
46.362552
46.166267
50.193445
55.953976
51.973018
50.790650
44.524278
53.419388
53.233656
46.172474
42.296482
45.039848
39.064144
38.704390
36.874340
38.575899
40.828473
36.813095
42.859432
46.271392
39.005589
40.344482
45.076976
46.071453
43.270741
46.010737
45.252852
41.950141
45.639067
44.093315
44.849826
41.922621
38.689654
39.381516
41.067310
46.344582
53.494905
47.127230
44.330882
46.288419
46.735128
46.393108
47.871577
45.867932
41.381121
47.458198
46.275846
45.148960
43.752615
41.592393
41.262986
39.854974
45.287368
44.260143
43.608447
45.181461
45.910847
44.271913
44.540745
48.544141
45.295841
43.946605
48.681765
59.146527
45.763355
47.445721
57.366858
60.880267
56.330393
44.165562
43.045619
46.141070
46.440364
46.261537
46.896805
46.287244
43.530960
50.908467
50.796496
46.954937
36.966208
43.925017
43.653110
44.662284
44.965142
45.700175
45.218404
46.690306
44.641702
46.348751
43.968339
40.682386
40.417311
38.754902
42.898457
43.271312
44.878975
45.905788
43.385817
42.866328
45.680537
46.305235
55.822564
46.144485
44.563229
41.627489
44.431673
41.665210
41.917119
45.627989
39.573541
38.517634
41.645075
44.451200
44.148739
45.331987
46.423806
43.109510
47.979325
48.182001
47.387756
43.928592
46.081237
48.091267
46.821830
44.287936
44.782217
45.850128
45.809862
48.183671
47.536185
44.655661
49.839279
49.014459
53.370675
52.342910
48.077061
42.566940
44.727398
45.360332
47.416027
45.565521
45.957269
44.503762
46.630656
47.794621
44.748350
44.608434
46.415592
43.198142
44.405332
44.743297
46.483043
45.021596
47.252924
48.222729
44.930050
47.589559
44.538659
44.895411
42.883347
46.224186
44.021915
43.076426
45.449831
44.026756
45.298028
45.543823
42.696587
42.881255
42.026083
41.935242
46.041088
45.327318
45.542037
45.743776
44.431916
43.163600
44.153344
48.376507
52.615918
46.065226
46.424558
45.450115
41.284332
47.692178
44.847744
43.947872
40.062582
38.248557
44.706449
45.260426
45.253670
43.771381
44.286448
42.815398
43.347217
45.520837
45.679923
44.307053
44.827307
46.376459
44.359409
46.613388
47.931557
45.713798
53.160875
53.021104
51.376164
46.503145
50.271011
52.340854
43.009151
42.722759
45.865146
46.587552
45.242198
52.342197
51.348010
44.464425
43.745095
38.413471
39.594111
42.072003
37.904074
40.855447
38.120442
41.033742
38.606095
38.839442
38.382230
38.071760
44.337961
43.347163
41.571271
44.244708
44.958894
46.166957
45.668043
43.787121
40.079632
43.791416
43.708340
46.186678
46.169044
45.093412
44.836636
45.554588
44.335367
42.471226
43.015910
45.147459
47.869306
42.687895
51.090582
44.527913
45.802908
46.092813
46.190266
55.259760
51.248564
51.131976
53.012726
54.094768
45.459576
45.766863
44.134188
37.178756
37.150340
48.626421
46.184920
44.418270
41.573524
42.704412
42.882254
43.806952
47.953830
52.503979
53.270530
53.527697
53.691586
53.744617
46.068319
40.070995
41.148087
39.756526
43.430928
39.710016
39.284986
44.442832
39.605044
45.769817
45.088314
44.974981
45.050670
42.059508
47.048003
50.550345
44.620535
44.858705
46.332619
46.235798
44.037856
43.533957
46.251390
46.837578
42.577867
40.619321
40.050406
38.011156
40.709725
49.443111
52.641973
49.771250
50.476432
51.219258
49.184934
45.865784
48.075101
50.022256
51.783131
51.553877
58.512599
51.244805
46.221083
44.863189
44.376026
45.063428
44.601981
46.260775
45.143903
44.997281
44.741438
46.687988
43.242824
42.813056
46.204790
45.304387
43.929118
46.362452
41.887611
43.388793
44.678982
46.503050
44.904903
55.978878
50.507919
44.534651
42.773900
41.887818
39.129761
38.926649
38.106428
40.267369
40.684467
48.954421
50.651491
54.096260
50.940553
45.624505
43.944792
39.211996
42.704316
44.664206
45.576273
44.892843
39.144002
38.766006
39.053268
39.459091
39.135104
39.865268
39.396595
42.931461
43.746127
42.917790
40.501044
42.750258
49.342239
45.951290
43.947681
45.440009
45.006178
43.756532
45.645419
44.567306
45.548830
52.133540
46.455754
42.749788
43.112435
46.549472
39.986483
38.969217
42.083953
46.415877
45.619761
46.062832
52.704791
52.617906
53.612417
49.600466
43.943278
43.513865
39.103225
36.790425
44.296024
45.274972
44.828335
43.121697
44.126270
44.252189
45.170736
44.527631
45.287261
45.274873
43.743627
43.448066
47.069081
51.031132
55.475104
52.988556
51.322004
51.359843
53.175610
48.625800
37.444969
38.170685
37.915608
40.251211
46.145483
44.899971
36.874994
48.900898
53.170104
50.277082
43.781732
43.785740
42.500331
41.936100
43.059350
42.881279
43.873171
41.780231
43.655527
47.043489
44.298947
51.361789
52.267191
52.198786
44.488154
45.081312
45.859767
42.840152
42.569821
45.704355
43.518074
38.503695
39.364342
37.797452
37.334012
40.710988
50.608766
53.033346
50.238296
43.710347
45.391653
42.038866
43.114634
44.534191
48.485890
44.681021
45.760115
44.138883
46.028222
43.008954
46.361775
44.867953
57.089895
46.732511
45.350736
42.463348
56.143754
45.510922
44.945697
46.419979
50.691865
53.697535
52.139029
51.257816
46.923753
54.188230
52.416524
44.447440
42.355552
43.908268
47.762793
43.592328
43.194193
46.400480
44.562190
44.276427
44.087844
44.179083
44.494809
45.994878
53.207460
48.237656
45.877763
42.915487
43.527436
43.870926
42.730036
43.421279
43.917868
43.201902
44.963187
46.423875
45.674428
46.812028
49.484196
44.864209
44.913004
44.735245
43.989710
43.889491
45.042613
44.967686
44.369204
44.514412
45.489175
43.721098
43.653930
44.681678
45.261235
41.344787
37.972684
38.213856
41.124397
40.227088
44.309027
45.121485
42.370369
41.035586
48.668160
49.245624
50.872113
48.520558
44.070902
44.709513
47.418134
45.073701
44.567110
47.634879
49.196078
46.969713
49.386209
45.637447
46.316328
44.355003
42.650043
45.885452
42.398703
43.732110
44.066245
44.120517
45.936506
45.983513
42.307725
44.046790
48.197821
60.453605
46.792514
44.375352
43.481813
44.386706
49.504143
46.128580
45.359696
44.119034
47.524961
46.460943
47.636956
50.207473
51.981770
51.888967
51.048286
47.388041
56.989198
52.605171
48.526380
44.132778
35.045991
48.688562
45.280700
42.354461
38.038550
38.631554
43.824185
46.966457
42.762875
42.051902
43.664026
42.666005
41.052595
42.853210
47.336409
49.147050
50.543002
49.472489
45.472885
41.424194
42.839687
42.090894
46.587740
44.242448
42.115241
44.495376
44.252459
38.871170
38.544133
42.785125
44.112796
44.924496
44.231886
44.238517
45.087244
43.945605
45.909477
45.917182
44.408905
44.754952
48.116053
50.752698
46.388426
45.298280
46.420885
46.931575
44.990106
43.038516
46.803013
48.689687
48.808967
44.857849
46.635760
43.470689
47.736603
44.406950
40.951513
38.151494
39.005411
36.132631
41.756018
45.989904
45.003618
45.622463
45.595476
45.718953
42.969480
44.979737
42.052124
47.193896
40.912162
39.672394
39.672932
37.737665
41.976201
43.486014
37.580215
40.892149
46.060890
45.437799
44.496415
43.432809
45.163454
45.868895
44.459975
44.583762
48.449503
43.626332
47.130935
39.438240
42.407742
45.260038
45.962773
44.390129
47.395598
44.513375
45.048348
44.065777
44.066953
49.607190
44.812699
53.248768
45.152516
44.380258
52.408038
50.197202
46.316062
48.850904
48.030782
44.429505
49.779291
50.882704
48.277024
45.949248
45.072662
41.866332
44.079844
43.718922
47.047144
45.700318
45.935087
45.804621
46.077007
46.313410
44.146739
40.953306
41.205956
45.428711
42.558672
47.774052
47.842373
45.752052
44.982920
45.885130
44.931232
45.325574
45.685822
51.952668
42.034674
46.363514
47.201738
41.908795
42.090582
47.396218
56.517039
58.616944
45.819640
44.138067
47.999779
52.431041
53.599516
46.159369
43.851353
46.046452
46.543412
46.914230
44.322001
38.802653
42.789184
46.489237
44.150128
44.376385
44.513543
44.931056
47.158203
40.689912
40.747563
45.393773
43.461812
45.720571
44.148844
44.164019
51.056690
46.330324
45.766856
44.637562
42.224692
44.296420
44.692112
43.454489
44.235650
42.991071
43.556633
46.233870
47.935880
52.066718
47.253619
45.057221
44.717053
43.657593
47.212916
42.582240
52.277992
44.183715
46.825446
45.301455
45.191130
45.241215
45.151000
50.753585
45.227880
45.755818
51.891432
44.829798
42.706406
45.856552
46.914261
42.781436
43.666199
46.187932
54.033987
46.401768
44.500293
43.119042
43.542949
45.279185
45.067383
40.029656
46.860062
49.272697
38.976325
39.414936
42.899930
42.284348
44.579259
45.815896
42.506818
44.600265
44.377952
44.059965
42.298971
42.497568
42.276797
44.494592
42.727542
41.432142
38.449913
40.829182
43.023258
42.544039
44.760842
46.839635
44.290725
45.947234
40.577453
43.061401
39.296138
38.790565
41.147089
39.341854
40.361856
42.803310
43.053261
44.802273
45.356913
44.416319
43.575273
42.225801
42.346061
48.156746
49.344582
46.188683
41.138783
40.561387
38.926181
37.660296
36.668737
43.440482
46.517147
48.759334
48.966780
43.463765
37.620821
37.693270
38.139492
44.269653
38.692163
44.089196
46.286889
42.421603
41.451193
38.753915
38.636872
40.746658
40.281611
39.231613
39.791679
38.479638
40.075346
38.761498
36.901719
40.937288
45.239736
45.085131
44.775610
43.510340
45.988678
44.040730
52.455748
49.006161
44.508313
50.627717
51.008011
53.468405
46.181935
41.914699
38.280052
43.162569
44.857681
39.403131
37.568361
40.003154
38.318050
40.320612
44.934104
45.406723
53.106874
54.468200
50.706474
44.595693
53.594186
53.476258
53.457587
50.468709
51.753642
46.265871
46.042875
43.072226
44.537295
46.290795
44.343284
43.841796
42.549192
44.481764
44.338048
41.671248
34.675705
50.313365
57.690901
55.035274
44.010451
45.477709
45.941340
44.308208
44.040215
44.549854
43.533597
49.432119
49.124682
46.546568
44.577106
45.468823
46.437988
47.996786
45.142591
46.327524
44.436141
45.004555
47.160207
49.971419
47.789384
44.503653
44.797628
45.376657
45.097944
51.280505
56.724813
44.636024
52.506448
58.884482
52.706133
45.873387
46.143741
43.495442
44.992506
45.011184
41.252041
45.670726
48.055406
44.201612
44.282176
43.983986
43.990877
44.848228
44.630643
47.290265
44.158647
44.001270
43.480038
43.936698
46.357049
44.465155
45.437407
45.540763
45.888023
44.967135
44.381180
42.729312
40.973756
53.766283
57.412894
52.710569
55.529646
46.242474
43.962514
43.979579
46.966572
45.174045
42.738210
42.049250
45.008143
39.542671
39.457478
37.137613
39.418700
37.009162
38.299834
36.871537
37.521170
38.990211
42.496247
42.645472
42.410473
44.094977
43.391672
42.749983
42.377765
47.183416
44.373575
45.804918
47.404041
49.121125
47.652051
47.487456
42.919105
43.802276
43.825731
45.590656
45.320656
44.845904
40.064354
39.705791
38.202925
45.413183
43.039566
36.469640
44.327499
51.440408
46.124605
47.570641
47.008059
45.069973
45.145932
45.189844
46.802145
44.076703
44.751378
44.546122
45.094673
43.962840
45.187701
44.274828
46.586346
44.191895
46.113668
46.526053
43.554592
44.600483
43.832711
39.720860
42.863605
46.252242
44.727002
44.536584
45.760006
44.307537
43.895433
43.598776
43.990910
41.533412
38.867256
46.979201
48.717536
43.570542
45.989360
44.562029
44.750895
43.690985
53.223232
48.982158
51.910410
47.470450
42.368081
44.113260
45.958985
45.272332
44.331323
43.992707
44.155730
50.211771
50.431551
50.754006
51.019204
46.813289
44.239560
51.323480
52.247770
54.797038
50.543777
49.280036
41.780172
42.321937
44.063919
42.745575
43.192205
42.766130
46.093053
45.558830
45.399822
44.965863
41.778558
40.068413
39.378255
42.901002
39.768126
40.724744
43.423949
44.185021
45.109171
45.275927
43.852785
44.753997
44.116015
43.985207
43.723603
49.424914
49.406928
51.003548
49.160271
43.959867
44.442556
45.310116
43.332014
46.042499
44.778287
45.593825
45.080263
41.940301
41.700884
38.869016
42.658970
45.550983
44.225584
43.616064
44.698518
41.395781
45.276123
45.828692
42.588953
37.127450
45.025300
40.707855
38.766527
45.132961
50.044072
46.167114
44.211902
39.934358
46.763422
46.041985
43.299636
43.727048
41.938169
45.508081
44.383910
45.844444
47.804595
44.250737
44.985490
45.341182
40.748324
39.828296
46.878079
45.222373
44.957103
42.518014
46.192013
46.412621
49.157423
46.991651
48.687167
42.712857
37.175058
43.764871
45.527130
43.181324
48.534843
47.186243
44.311820
44.248028
42.831197
43.724191
43.649269
40.916157
36.386734
37.910199
38.247511
43.196985
46.058355
47.278885
44.199367
44.710087
47.297647
45.389227
44.478726
40.756031
39.027146
39.787183
39.776794
40.231351
42.934979
42.646515
40.781338
39.680945
37.680486
38.462339
45.210208
43.459232
42.778815
42.892378
44.436995
59.880002
49.927680
45.526111
42.402213
39.510434
37.122846
37.998569
41.118509
46.449101
47.451973
44.143782
46.966179
52.224908
52.995497
53.627363
52.362546
40.490570
37.028662
37.205890
46.810639
49.955809
39.408098
40.275611
45.469405
44.883328
43.743586
38.852906
37.970217
38.780585
43.593717
46.389922
45.584105
44.293825
42.750913
43.115575
43.403165
37.978890
42.516594
39.137269
39.626797
37.837558
41.018359
45.124150
48.212174
48.368288
38.449015
36.855482
41.966489
44.157069
45.638480
49.389440
40.744103
37.991233
38.974185
40.059090
49.184550
46.174557
46.518662
45.689520
44.192493
43.494603
45.247927
46.354166
43.420912
49.129474
43.266393
42.581195
46.267530
45.947004
45.909788
45.030786
44.677968
44.614858
43.410952
42.580868
45.932246
44.211416
46.208330
41.307485
46.097566
43.499969
44.484851
44.964536
46.509076
51.064572
50.125804
50.503730
43.576144
38.319784
46.501415
47.254916
44.242767
43.403588
43.676065
44.475367
47.741955
45.194315
47.191649
37.812331
38.533766
45.061419
38.906702
39.184832
38.144521
37.412290
38.298811
37.162972
36.815599
38.129765
39.147755
38.632303
44.827833
44.710920
44.563296
44.436811
47.392771
45.462075
43.420434
42.433166
38.613295
37.983988
43.480391
43.583098
45.082554
43.109456
41.229974
37.827406
42.567618
49.419726
41.768601
44.584553
47.709337
44.632258
43.480828
45.894707
45.303563
44.349133
45.648589
45.818487
49.632026
46.856658
49.868781
44.736886
45.987480
46.206122
46.357877
45.824186
44.339137
45.886171
45.276769
45.727629
45.209030
52.686509
44.638342
44.831605
45.850029
46.119893
45.364396
47.699165
44.244308
43.986010
50.305927
55.192684
55.151714
73.704220
33.578069
36.376099
46.326338
37.636731
42.942015
41.510743
46.607106
45.184899
42.051176
42.863247
42.463541
41.562253
42.812210
43.583905
40.227570
54.910284
61.312345
62.500153
43.971908
48.221913
47.732103
36.416709
38.280304
36.666505
40.694793
40.151485
41.675400
40.755316
38.036334
35.975759
43.865259
44.838936
43.419697
50.990685
47.376509
45.006724
45.258487
43.835660
43.700800
44.348986
45.455758
43.797745
44.039134
43.485736
45.350441
43.583986
46.036867
42.417773
39.643221
45.440159
39.554022
37.435550
36.672003
38.320254
38.738780
37.974947
41.881758
44.393903
43.131157
43.986149
48.195430
43.904492
45.319433
43.702531
37.683186
38.249631
39.805671
44.348695
44.444074
43.178346
37.625319
41.458796
43.052544
50.115920
53.598249
55.125100
47.778160
43.911284
45.685154
42.902417
42.293033
48.749240
56.942493
51.369520
48.869312
44.637771
43.743040
45.593543
48.419868
40.943079
39.091979
38.684232
39.959140
43.766593
50.099637
49.650847
52.199726
52.547380
47.374825
43.073755
42.811182
43.003396
44.348727
41.691760
43.597781
42.135654
41.041286
44.406927
42.994303
43.905927
44.943411
43.124799
42.161265
42.272594
42.147842
43.253471
43.834361
44.613252
46.326817
45.254434
38.491032
37.530003
41.552017
39.878589
38.840947
40.297054
42.230858
47.093508
42.156421
41.805931
40.952735
40.880380
38.458479
39.709654
37.879724
40.293468
44.275471
43.173595
44.848588
46.489550
46.131437
42.905078
45.995183
44.809879
43.735511
45.644529
44.608939
43.886939
43.208223
45.594449
45.388276
44.000243
45.733844
42.484891
45.163286
44.615029
41.383572
40.551432
39.964703
39.115575
39.411003
41.256555
43.269866
43.415977
43.483809
40.816240
43.264746
45.680708
48.036807
42.285421
40.743904
40.447409
44.300947
40.421156
36.163198
41.913393
47.463912
50.873318
53.495500
44.536093
47.134571
41.786751
43.802477
45.773795
44.890033
44.497845
42.706216
46.423828
47.624972
54.573453
52.225832
45.691877
44.470031
46.716967
46.574822
48.571959
53.839181
48.970818
44.168833
44.154357
45.609613
44.622980
48.307939
47.985045
40.348101
44.596673
47.046763
44.783046
46.632413
43.283343
52.433357
46.804409
45.673798
39.811082
45.785679
43.638360
38.370713
45.487510
43.510369
44.865986
46.112783
44.804744
47.151869
45.034390
43.972382
46.232418
45.898326
53.866543
44.434534
44.454677
45.645448
44.222236
43.420201
46.437603
41.210671
44.845660
49.007367
55.641632
45.006338
45.245119
43.265984
44.738916
44.356088
40.194280
38.248418
42.350095
39.051701
37.994155
38.327753
39.515621
43.151268
43.222662
41.342666
42.123244
41.942265
44.083287
44.662883
44.479485
46.137537
41.043490
36.729802
36.314332
40.171607
41.511497
47.177949
44.832282
45.688389
43.581102
44.262521
44.593994
43.654457
47.163130
46.790071
41.039888
39.489880
48.593448
49.715886
42.919264
40.418468
40.506475
42.834468
40.798875
45.013503
46.416778
43.182055
45.738963
45.880177
45.331838
45.534849
44.693596
44.895535
47.991696
46.086518
44.669343
44.574248
45.407286
45.399782
41.782297
44.060299
47.946041
45.320188
45.372819
46.224151
43.180486
45.413269
45.179910
49.076962
52.532721
43.798598
42.754190
43.290583
44.932380
51.234593
53.320439
53.840543
55.576516
52.157172
48.794938
37.145034
42.601947
45.972791
46.333277
44.296644
43.835853
47.254279
44.791494
45.251414
41.143341
36.916874
37.483472
46.845277
44.857063
43.386371
47.696481
47.039926
38.728342
39.870953
44.225402
45.987225
41.701424
40.359347
41.947942
42.940231
43.206757
44.597770
40.611250
38.304096
45.278604
47.106261
42.645249
39.852707
42.674229
44.334395
42.975140
44.629667
44.438858
41.854419
36.379860
42.119724
42.757481
43.700488
46.114681
46.159737
44.652547
39.699368
38.736447
44.833694
44.429185
48.231090
54.239985
51.470367
40.965118
45.885741
46.734018
49.889454
52.273562
52.648666
51.758959
53.258138
52.597027
51.954344
53.868109
51.505554
50.054358
51.469172
49.496707
49.814465
42.660460
43.947590
36.333964
36.725014
38.873687
43.213127
44.865812
47.771709
43.557753
45.117523
46.018365
43.457109
46.726534
45.099810
42.351400
44.274615
43.399098
43.958413
44.940630
46.374739
44.384377
45.334527
43.496035
43.810250
43.793083
41.309590
40.939349
42.458704
42.854408
45.614144
45.354306
46.548204
46.749216
44.688778
45.716843
42.754679
42.671420
49.756212
52.427941
51.948046
49.725317
55.393114
52.243138
45.178575
43.316536
45.020784
40.801000
48.393358
45.672019
44.248140
39.683618
37.697957
38.780037
38.822021
41.381184
45.346484
45.415829
44.370479
42.264358
46.623438
47.721787
45.859134
44.389172
46.327377
43.859396
44.887496
41.695270
44.694019
45.309380
48.023670
55.290391
49.019139
44.197143
49.543480
51.647388
52.813711
44.231934
42.436312
43.478036
41.979387
47.962799
45.055660
38.159601
36.980639
43.119852
45.071354
46.392014
49.882222
46.015328
47.182873
44.354538
44.890594
42.577468
47.781076
48.195733
45.913058
48.077973
48.683384
47.720597
45.072255
44.615254
45.119774
44.565867
47.243859
42.868336
44.323507
43.453692
38.064443
43.700554
46.306784
44.044181
41.723427
44.618984
45.198152
46.566634
55.720123
52.257593
51.748287
50.610590
50.862799
53.592657
53.152124
47.922225
39.941839
37.121963
39.684388
46.613771
45.357884
47.480865
46.937198
42.493641
44.258214
48.724261
46.255761
46.970914
46.043173
49.423710
47.180673
46.029393
53.056351
54.428425
47.847964
44.966881
44.035388
45.103131
49.292764
57.438854
58.484387
46.733264
44.200767
44.067131
41.624660
38.705240
40.211825
42.403809
42.385240
37.655622
37.723730
37.897992
38.592739
44.135904
46.590928
48.532634
43.752383
49.672456
48.803993
54.325198
45.097942
46.585454
48.360118
45.028440
44.167571
45.277276
48.834462
38.217155
38.337219
37.649272
46.311413
43.092117
41.972943
41.631896
43.401937
42.305906
40.188958
43.317679
40.380635
47.151798
47.355558
47.350314
43.325873
43.455316
46.010293
43.845701
45.756759
47.332553
45.089330
46.129854
40.275072
37.820992
45.920898
50.184310
40.528996
45.189438
45.698868
45.594854
44.180036
49.024988
51.362091
52.462190
52.559790
48.359488
45.917750
41.720252
46.620326
46.301241
42.290547
44.093360
44.083131
47.036502
46.642846
46.752727
47.066637
42.832157
40.391100
45.404887
40.159848
37.691325
39.420010
44.823434
52.074477
54.981700
51.184985
46.007238
44.084385
44.850270
46.001253
46.244494
45.325783
43.870127
43.258391
43.439525
45.174416
46.101728
47.259088
45.133988
45.375147
43.954629
45.663949
46.035396
46.212901
47.108286
46.335093
52.814597
49.323573
46.123796
46.324243
44.426956
46.150564
42.796074
42.701769
45.327208
46.052547
51.593109
50.699853
51.322970
47.989140
43.569780
43.039106
42.105422
41.498249
39.684259
37.870901
43.600979
45.961229
44.505603
44.117430
45.464019
46.689412
45.289610
44.471483
45.976885
45.050053
45.953039
45.088588
44.941916
43.048321
45.734528
45.004453
43.955213
44.292023
45.884359
43.377360
43.874178
37.923442
41.560624
41.414223
42.262755
45.787776
44.256682
45.054696
45.503055
45.492676
45.456019
44.150677
43.945215
46.805602
44.631246
43.772411
46.188182
44.154830
45.186434
45.213948
44.288241
42.521078
44.628992
44.354372
42.176340
37.037239
40.341744
45.033449
46.566547
49.144930
49.677128
50.285235
45.190914
44.308069
44.504789
45.373781
45.223215
45.131709
44.665816
43.541952
42.701291
42.556352
37.962386
38.488547
43.334442
45.140419
49.786040
52.019757
41.794956
46.160690
52.506917
53.518619
46.509668
46.021545
44.328654
44.298257
44.290609
44.442644
43.764005
44.987197
46.066925
46.129932
45.084433
46.875695
44.557810
44.872902
44.197998
41.725275
50.630098
52.140866
47.751836
45.004391
44.507487
47.569376
44.663829
44.792116
43.106841
42.283514
45.760990
45.750210
47.008728
45.589637
43.469424
43.026836
45.510386
42.001244
43.415387
44.760071
42.854596
45.344587
45.084754
45.180137
53.481281
48.171404
41.475136
39.954388
39.163464
38.707409
42.014938
46.229115
45.886149
47.368119
52.337530
52.547137
51.311019
54.370954
54.483999
51.839532
54.907160
45.917577
44.929479
46.703336
45.535010
44.481903
46.332899
58.935623
140.550656
