50
57.072949
57.571484
61.681177
58.958509
54.038056
58.767571
68.132585
59.621545
60.277106
63.521454
63.442522
60.947846
65.275122
69.531642
62.082434
62.537732
55.661391
58.236782
61.243190
61.138242
59.941914
54.597235
64.197216
59.360638
61.827568
56.391236
59.526453
59.328000
64.385695
62.379801
55.821449
55.790025
65.559855
70.449895
63.275928
70.705563
64.166759
63.533919
69.101799
63.622153
63.778733
63.581147
60.698427
60.583101
60.849872
60.948491
60.437551
62.906653
67.850368
63.381385
62.493544
61.523233
61.817744
70.759655
68.152263
71.810750
72.590822
69.322669
65.450920
69.696918
68.773611
74.465857
68.291076
68.951286
67.235385
54.974989
70.838044
69.938781
72.361426
68.351450
74.068040
70.359896
67.838648
69.438132
65.167232
72.819522
72.979700
82.385724
57.199114
61.770033
60.061509
71.969250
68.116183
69.504107
71.527868
67.077367
72.248471
61.672196
66.941055
67.172967
67.520608
71.712597
70.114537
63.099670
62.527413
63.057393
57.786408
62.652510
61.428031
60.688432
60.142999
62.376343
65.073092
69.298218
63.913670
70.326661
69.251744
68.320950
70.576405
69.503210
65.744632
60.592847
68.883172
69.393347
68.534605
70.577260
63.049955
63.790792
60.962239
64.129441
64.715261
68.561274
70.950796
66.740000
71.074876
65.385608
65.707754
73.328558
74.132356
66.842676
66.108363
71.104288
67.697921
67.781767
71.984594
68.698560
70.356975
76.124301
63.521205
62.113548
68.263888
67.559271
65.163955
66.634036
58.738447
58.526161
57.463550
58.043448
62.220520
57.998739
63.304334
72.325145
69.074658
77.445605
65.619090
74.678807
66.609237
66.855834
68.818309
65.109265
68.103823
66.758668
68.548296
69.843458
69.296158
70.094228
72.050463
71.934741
69.499454
73.499592
70.410654
66.619321
76.240009
72.458027
74.809025
71.754301
78.700469
72.764201
75.418464
73.281678
71.063441
73.139311
77.335937
69.180124
76.705849
82.765175
85.501066
64.594522
64.639338
82.212885
68.366489
60.832716
57.622825
68.061300
69.829876
64.428873
78.531257
66.824217
71.417792
70.783863
63.255047
69.963691
73.383622
65.497828
56.535623
62.793437
62.150377
59.127745
63.146853
65.411825
67.692945
57.228792
64.301338
58.823714
67.372447
77.539183
73.842524
62.355239
61.422092
66.897691
69.415608
68.915710
70.035844
61.142167
71.743746
63.753391
68.508100
63.643172
70.065963
72.871641
66.961632
67.602699
70.732021
61.064913
62.733951
68.031852
71.991970
62.347838
67.049826
54.014714
60.997886
54.787917
62.286891
73.837499
80.046265
73.785557
75.610746
62.853618
72.614766
66.823240
85.007206
68.206037
63.571216
72.794612
85.661599
67.797520
58.945354
66.799905
74.371354
65.076170
61.942668
81.268431
78.041788
76.723765
69.627150
62.621117
63.796239
75.086632
69.358377
60.685325
72.729178
71.252612
75.325159
59.112767
66.096938
68.716351
62.908775
71.392770
70.179812
72.048494
63.669218
58.956346
67.757074
64.420455
62.733639
63.690127
64.400999
64.973977
61.312700
70.070473
79.206922
66.399714
61.796053
60.610407
67.827851
64.976741
68.522820
69.614766
63.529912
73.465421
74.847716
69.505794
70.659383
67.144264
64.956754
68.168409
68.522762
70.392114
66.435607
67.363545
65.808895
63.869490
72.235441
72.263328
67.316012
71.904123
62.899241
65.646069
66.443648
77.810025
77.277709
63.134795
60.968964
64.694932
61.795358
63.700938
67.133697
78.207449
80.056273
73.407639
57.939458
68.367508
80.955412
79.475993
71.299087
85.393010
64.869882
63.557684
67.040440
66.039074
62.002563
57.203080
67.255988
68.055899
69.312033
59.235427
71.556264
76.249443
71.920897
68.064620
80.601884
78.067539
67.497595
73.686599
67.375191
65.959038
62.138130
63.067426
61.628940
61.180176
69.500483
61.611064
68.713217
65.781902
72.988309
69.445915
59.200378
67.084235
70.584637
63.977733
66.857710
72.965641
81.096530
70.138614
67.236804
65.274924
69.564201
80.187378
77.341496
69.871357
66.250555
59.823858
61.601474
61.693969
72.598835
69.072178
69.251624
66.443892
64.717922
67.331976
66.399545
58.929771
74.697696
73.451462
75.001010
75.901352
74.037428
76.244826
73.465427
73.883013
69.138078
64.500798
77.128152
70.272857
60.540760
56.364223
68.882514
76.480864
82.965987
64.055758
66.118085
69.544489
69.875284
60.037551
61.311806
64.205733
65.915498
63.914523
71.915213
66.426943
61.648629
72.727799
66.482466
51.728876
57.826728
61.794511
64.509224
64.485233
67.274116
67.658278
65.839199
62.373376
67.960352
70.213720
69.604241
62.038594
67.362925
74.592524
63.154066
75.787108
73.944799
59.755056
58.853267
61.169556
73.197282
68.377579
62.665184
69.952514
65.961247
63.074828
68.339477
68.428881
70.755074
61.322072
70.416427
67.373911
64.992064
58.846492
65.918834
69.876264
70.042107
69.244199
59.064235
68.152204
77.399720
63.567164
63.614210
60.525780
60.418861
69.441503
72.081017
66.233605
68.083524
68.065848
68.341611
66.647643
61.674563
65.240291
64.762164
67.694175
64.893431
68.564772
66.412337
66.237008
64.481936
68.276745
68.793756
57.817742
66.366373
70.596273
68.047287
58.138853
54.311763
67.220183
65.767311
68.654595
71.983038
66.216405
66.841284
66.343650
67.549080
59.324821
67.915252
69.082698
66.887589
67.993719
67.120124
71.651205
59.905084
65.659161
69.629359
74.951012
69.862028
67.093814
67.987511
65.631314
66.225747
78.669985
68.768390
68.371057
70.102100
70.928078
66.141324
70.312839
67.436806
65.608239
64.180366
63.991230
67.206272
65.476322
69.331839
64.703800
66.715925
65.293072
75.252345
66.892839
64.845177
67.599908
71.904570
78.489490
75.379638
69.309827
66.294405
70.805159
64.309058
70.537723
64.174125
70.083074
70.310111
67.302765
70.847553
66.861984
77.548018
75.515310
70.197234
69.159430
64.237013
70.911829
70.258463
70.197932
64.115375
66.429076
59.370259
64.680298
69.150905
67.142143
68.114849
66.406532
71.358972
67.607203
65.961344
74.748674
72.057765
72.779169
65.827741
57.259277
59.901433
60.664048
64.481909
64.828319
67.220336
70.588346
75.336200
62.626573
62.327309
73.180497
63.533655
73.909840
69.227791
66.616466
61.600034
61.598233
71.440125
65.440629
69.311083
62.721471
60.589907
66.335238
65.411852
66.632945
65.250433
61.916506
67.071390
76.579475
65.917492
76.815215
72.825315
77.752682
82.539177
74.421979
71.807275
68.848340
72.375647
71.020169
65.648970
61.744600
65.110693
63.696279
63.816316
65.301664
68.154135
67.021697
69.701116
68.907466
67.629360
68.306961
67.864304
72.078597
66.300612
70.682297
63.701757
70.402194
62.821611
65.967189
70.364086
71.052503
70.993982
71.082256
67.257105
58.077434
74.407087
66.256902
70.798663
70.264884
65.036547
66.369854
75.054637
74.738457
69.984221
72.350585
69.510347
74.293633
61.109196
60.526401
59.356340
63.104645
64.068942
67.545442
76.989104
67.156221
61.244210
65.029167
62.009945
70.289494
74.772822
67.531732
68.426977
76.404633
64.089054
69.216407
60.952647
61.934756
60.261425
66.467642
64.315693
63.131143
64.701423
63.468950
65.944845
65.225146
65.094462
66.556814
66.717774
64.925162
62.288491
61.456168
62.294030
61.980149
68.600737
62.274993
60.290893
59.690745
64.858793
65.253638
70.451151
67.845970
65.028542
73.802285
78.090052
68.391259
67.540054
63.908759
67.771761
75.458830
77.984036
72.020821
71.807685
66.370252
74.267989
62.980261
61.918311
62.253888
71.098325
71.513830
68.626798
69.141217
70.151793
73.769319
77.642754
68.251094
70.985132
66.769539
71.255623
68.842832
70.777284
67.460529
65.066813
64.167933
71.735995
69.791802
74.218026
71.473043
71.802828
61.671039
60.090191
67.732338
60.499464
66.090220
61.858099
71.969219
69.945717
69.137874
64.824089
72.172064
67.462129
72.248873
65.673925
58.273123
66.162798
67.535125
66.503033
63.940283
61.386313
63.345256
60.743786
62.418878
66.920040
64.020079
64.859771
70.452204
66.412794
73.276891
71.199073
73.456433
72.018970
66.436877
65.772623
75.102722
69.594801
72.356639
68.580469
79.503207
72.345808
63.206716
65.585048
62.119653
74.601378
73.782697
64.525857
65.390021
64.139536
80.100129
72.876782
69.180957
72.965185
78.559907
67.299028
63.388710
67.693635
64.685543
63.429877
66.119021
74.936225
69.207235
80.222581
132.212319
217.230928
67.013347
58.062013
55.490958
75.871685
70.173969
62.393424
64.035829
68.672419
51.286091
50.586138
59.270588
55.648216
62.521066
69.803338
60.731602
64.499460
63.378997
60.627022
63.685903
66.887807
61.699835
59.970947
54.807377
66.772415
67.066150
60.218012
67.776895
75.553998
73.690288
76.194057
73.685672
71.775277
74.470698
62.532701
54.947428
68.206162
85.824200
83.879477
66.759616
66.441464
69.635656
74.390965
70.126164
64.822825
71.484969
62.887556
67.318421
71.198642
65.785321
69.666115
71.919835
64.235883
63.373564
63.654460
69.446278
69.463090
67.294042
64.821899
78.203040
69.457415
81.301028
69.750947
69.608512
67.751657
71.929003
66.102347
60.569042
68.934413
72.332001
71.988393
69.773442
70.514904
72.828313
63.963708
70.550408
67.354925
68.647520
65.234615
63.615478
64.777224
63.696187
67.115816
68.292453
66.142473
73.147365
68.006055
79.226541
68.520372
74.577169
66.877998
66.548796
64.770619
59.594652
61.612081
75.852543
72.310868
69.029563
75.471097
67.558553
63.920708
59.949736
66.801245
69.880758
70.099504
70.198813
66.439836
62.998577
61.705058
61.378337
62.540222
55.507471
63.099227
55.647712
59.190956
63.757159
65.770778
69.556067
66.337905
67.820994
70.116123
63.664117
63.572871
69.377612
67.172111
66.982831
67.761523
65.335594
67.540489
68.221686
67.594609
65.030917
69.545572
60.928289
62.539663
70.716888
72.058217
67.851347
62.936914
64.447030
59.054223
65.873854
67.998279
69.896513
68.562083
71.651003
70.428131
64.927869
60.042143
70.386433
66.979817
68.675821
64.128769
72.344257
62.483283
60.334143
75.180593
69.856925
72.409360
67.558624
69.141658
62.737444
67.496952
62.996462
70.126260
71.591795
69.093527
65.811540
62.759759
68.102452
63.339535
65.882608
66.540283
61.637590
69.018063
57.698509
60.244766
67.365277
68.856551
68.189195
70.185300
75.660133
61.247059
64.042887
57.476099
63.167776
72.156625
71.813839
70.349765
73.128248
73.387996
74.907155
66.779645
65.743524
66.031773
64.921434
74.855982
74.479378
71.473027
71.847626
66.240137
69.435070
69.045865
77.267070
66.267443
68.024948
63.563239
66.568536
68.632903
65.533890
67.606839
65.049358
61.839099
71.212416
69.504965
62.541568
65.979192
71.087339
75.619141
66.740894
68.872339
68.205022
66.560041
64.532023
65.752064
68.993868
59.013965
61.230449
68.033261
56.907335
67.852211
62.214840
66.278227
73.510373
66.631363
67.917054
65.395823
69.328253
71.855807
67.063831
61.501325
62.596652
66.385595
75.098637
78.820099
67.667954
66.948361
65.587993
65.484895
63.094133
68.674068
59.896925
72.233958
65.500275
64.240781
65.768186
64.015786
65.866689
60.726224
60.803206
68.308111
77.113474
61.360450
57.190039
56.172781
57.778594
58.311293
64.818642
56.862039
60.424492
63.113285
56.974070
56.733636
66.636430
67.017276
67.631688
67.694522
66.997751
65.768036
69.187064
70.503590
69.535587
71.105124
65.196723
62.017772
57.854091
60.462803
63.237059
62.166893
72.564685
69.522035
57.011085
64.987519
66.058128
60.280508
73.862928
75.817843
69.076872
66.878591
70.717336
65.861834
70.185849
57.828377
65.031408
76.428924
66.530262
60.347668
61.357143
68.419426
56.627402
63.533513
61.789923
59.370298
61.963763
59.781531
55.632011
51.844890
59.072255
68.197277
68.696648
64.414190
62.789361
57.745726
54.973254
64.666799
59.138786
63.927173
59.429130
66.251232
60.215774
65.055662
63.301919
63.959741
62.231032
61.268742
58.139854
58.685456
60.512924
64.456673
60.065715
62.760254
59.526764
58.480836
61.287376
60.505255
62.794857
58.034983
58.814505
64.277863
64.851136
64.084584
67.493549
69.181114
66.075077
73.339809
67.308757
75.093263
73.851868
76.722313
66.138319
72.505985
66.669907
74.878748
70.542887
71.700528
65.150025
63.483005
60.022223
62.500027
68.068312
60.680131
56.935447
62.311124
57.945082
61.396820
63.267209
78.389485
75.576055
74.929334
64.413316
68.959739
68.944778
64.258427
67.194470
70.798725
70.789518
63.336542
79.335365
76.345154
64.021482
71.177042
72.639244
64.468488
66.414416
67.448262
59.912906
68.971872
62.429724
67.669265
62.354449
60.143712
66.999622
71.104161
67.695855
63.775171
71.504280
70.087001
71.827743
68.111943
70.666120
62.441846
66.053064
69.583966
60.674716
59.932176
59.291996
59.088708
59.015838
69.249313
59.671677
63.002431
64.724141
64.880709
58.733750
57.642542
69.795433
66.141383
59.518461
62.234365
58.553413
66.520021
76.491969
68.620708
66.388514
67.508921
62.338546
60.506622
63.330622
66.409132
70.597763
69.093452
70.446312
60.186131
74.658582
64.883980
71.187946
67.852190
65.723752
66.608080
58.186644
64.232614
73.898450
69.357980
64.865967
57.268539
58.328212
58.791871
63.823766
67.625959
65.950995
79.667878
69.898404
71.746075
67.716116
68.191835
70.723788
72.545561
69.381937
69.334398
69.637621
67.263543
71.815167
55.091787
76.220743
59.901702
68.467971
66.623892
64.008218
65.482522
66.948428
67.891597
64.004836
62.291309
63.841185
67.542984
66.896879
65.652441
70.084689
66.860377
73.480236
66.837810
61.555843
64.020685
66.796119
67.976215
65.141012
68.716243
67.175120
69.898883
70.038918
72.067560
73.764031
65.549950
66.572334
67.262040
71.008861
67.974920
63.337428
60.792528
64.835802
65.830870
63.437663
61.747905
61.568336
63.540110
62.406611
59.828976
65.152097
63.990631
64.440048
64.979193
67.625273
55.892062
62.950515
60.627072
70.354945
69.399406
63.546291
62.562946
59.615003
62.893585
66.291123
64.525270
68.562446
73.217120
64.272039
68.501828
63.309773
63.823794
71.745211
74.471070
70.877411
63.580312
67.218877
65.092869
63.247225
67.996776
67.508097
74.158894
66.953219
64.617475
71.309350
70.053609
66.848791
68.469907
66.434906
67.736265
73.579272
77.081598
71.505698
72.311917
65.579451
68.338548
71.677255
74.762874
67.521416
68.344645
67.313327
63.194752
60.711758
66.712485
65.865843
68.053828
64.239612
63.693814
61.443179
67.015788
64.866590
56.685063
65.948923
62.157265
59.249411
54.378917
60.922217
64.038323
76.351123
65.274194
57.373680
59.989396
71.175993
66.397453
66.989139
67.373066
63.815346
66.729538
74.200729
67.556474
69.030774
60.961672
65.332173
63.813541
57.037472
59.873256
60.379745
62.156077
68.640729
65.727878
63.521174
63.547488
57.775153
63.639120
66.960497
73.111793
70.463638
67.672084
68.786631
60.932277
66.477064
69.052500
67.180345
68.207248
68.273602
69.325701
62.846167
61.014268
61.211410
61.330026
68.557454
67.846816
70.502075
64.567148
66.020449
65.983226
70.574925
70.375429
65.791684
70.783573
73.368685
72.440303
72.912037
60.995360
71.012783
75.068035
65.014091
71.738387
68.250805
74.400387
65.851187
75.882579
67.512748
70.315435
64.238409
66.412266
63.438610
61.517355
71.397447
70.189517
76.677175
58.350106
62.219092
66.423753
74.914782
70.924887
59.606182
67.998868
73.109283
68.174560
65.602470
73.505365
66.931160
66.397041
65.142150
66.289874
63.488731
74.204180
76.970301
64.797002
70.945674
69.438203
73.833218
62.849600
64.995911
67.344742
63.348096
73.663576
72.660354
75.242291
70.632200
70.533217
72.086561
72.706365
71.874746
73.255504
75.555059
67.036425
58.681073
60.354608
60.494002
67.546137
67.977051
74.023271
66.993412
58.609200
62.228088
67.845060
76.188898
72.070737
63.202263
72.153971
65.432776
66.323491
57.657435
61.077931
57.837835
57.658949
67.701041
69.939075
73.215975
77.342252
65.893232
68.245659
66.214213
68.075527
60.868388
63.502917
67.536721
67.007169
65.297174
74.399253
70.122263
74.303601
65.214895
68.883124
67.939634
65.861623
65.936929
67.935045
60.125821
72.028282
65.346558
75.261346
71.597289
63.719876
72.418333
67.141989
60.219395
72.321900
62.192372
64.970335
65.079996
61.030231
63.509811
66.575590
71.897941
66.600942
62.973213
59.828928
67.646641
66.365805
66.534435
61.188156
63.664262
68.804200
68.235298
65.486022
66.711393
66.938913
66.977661
61.477301
64.525848
63.258516
64.576921
63.265244
63.227948
60.417965
70.412111
68.866182
59.563530
61.123218
64.841024
60.889278
67.367831
70.420626
66.523614
71.600652
65.030048
68.412107
65.574613
67.063267
59.985591
69.025945
58.779906
73.060991
64.366905
60.916421
63.195233
65.567917
68.454515
72.859213
73.283936
71.946227
86.648523
84.056998
77.561828
87.738083
89.421950
121.499642
420.451259
54.577611
59.182851
58.180705
53.435612
54.121263
58.051951
57.430336
54.826010
60.775871
66.185675
67.466229
62.185611
59.869351
70.029856
67.098620
65.305110
56.711262
56.322555
53.391404
67.404106
70.215926
61.151842
68.735312
68.474640
58.160591
59.739711
67.342954
69.068832
73.327619
62.416554
62.896682
66.620874
68.636315
67.730987
64.313249
71.207569
62.073590
63.383714
60.759492
60.792191
62.119063
64.062079
71.020783
61.571969
66.611165
64.315503
70.300603
66.173783
71.302395
67.903973
64.987104
63.397843
64.302198
56.229988
66.887562
59.867622
65.278676
62.970824
67.206954
64.317936
73.023049
60.342801
66.114487
59.405023
57.708125
59.080197
61.672553
66.851620
62.163126
57.926908
60.398681
59.033458
61.980357
54.733552
60.196197
53.398611
55.732631
66.381085
63.876812
62.984230
61.863978
60.536441
64.226343
62.558406
65.097301
61.319405
62.407417
54.604290
51.248513
57.313753
59.691932
63.336727
71.205202
68.053394
66.205961
60.293677
60.267598
64.986829
60.051700
60.240953
60.345953
61.820828
65.467725
71.876855
68.471098
61.827777
65.819910
66.870309
62.303537
59.188640
56.525223
58.188388
60.255437
63.909409
71.667983
66.800054
61.855164
58.660749
62.714936
65.014849
66.620337
65.069770
61.078103
62.335447
73.728057
68.701342
68.038010
57.784109
58.519628
63.985129
55.522488
71.680615
70.504647
60.989888
66.303785
61.048283
60.994981
60.417261
66.973540
64.414415
58.159625
65.597180
69.994388
56.930418
58.734196
57.823498
53.727615
56.432722
60.211415
61.636502
69.753669
65.769170
72.285182
66.487783
68.483750
74.030158
73.120010
69.881315
68.672160
67.704814
64.799131
67.752951
67.450485
71.698703
61.347942
75.006087
73.167201
71.443140
67.350486
63.037127
65.081877
65.363227
60.595409
66.427174
68.488635
71.822444
69.670950
66.052608
63.794777
60.428741
68.477212
66.439978
75.715285
70.664817
67.541954
70.149340
67.057911
62.694436
63.439006
63.915969
63.976834
64.646332
63.425035
68.145848
72.568004
75.091472
73.137594
68.797494
73.591261
65.973818
66.354723
61.995079
63.546802
64.771972
65.887299
65.864438
69.343184
65.444584
64.397728
58.691765
58.771250
61.532466
65.178025
68.329073
68.105569
65.756062
65.245807
67.300930
73.084182
71.406474
73.088445
69.913058
60.631423
64.918167
62.787001
66.868579
64.630935
67.499511
71.091715
69.715610
63.590306
61.231166
70.100769
74.317681
69.671324
69.473309
71.820666
72.618292
69.715170
65.341657
65.095316
68.527617
63.808361
65.226700
66.789458
65.064430
65.869410
70.850664
69.220958
71.518368
69.619969
70.694704
67.593017
71.363312
67.745681
67.753006
61.319637
65.579577
62.323699
59.678036
64.881809
61.904284
59.847923
64.302000
64.719606
72.445367
65.369821
65.769468
67.218744
67.155217
70.635350
71.541357
71.699257
61.702813
66.952093
80.836087
69.691596
62.461773
64.946236
60.461783
59.425028
61.791109
77.538153
74.796854
71.185886
66.176556
69.277678
61.681529
76.145986
65.807684
67.599712
71.606404
64.644494
68.239310
63.532438
62.088279
61.943586
71.203631
62.814266
65.018329
63.063263
60.044642
61.263996
73.997783
70.922740
64.550093
69.065158
66.576470
64.844858
65.569709
71.194749
72.038350
69.419828
69.236043
69.926246
66.093336
69.417538
73.215198
69.799342
66.901725
75.123862
68.486254
69.614192
62.284696
59.184885
58.430251
62.686620
61.529943
62.499759
74.188492
63.816491
64.989921
68.906477
78.447840
68.489317
63.889941
55.269601
69.118484
70.422159
71.124360
75.893178
78.038496
71.686951
60.727848
66.704026
56.762050
74.802550
76.542307
75.504071
62.281246
69.246265
81.032994
70.617037
73.174602
66.686953
66.081090
66.992627
64.729422
62.925574
66.853879
67.377336
71.148383
68.390965
58.974528
68.652067
69.170227
73.260383
68.192749
71.813794
65.232346
66.272320
67.880255
67.899537
71.687902
66.148730
61.706636
63.066857
60.995936
63.360297
63.805187
65.931083
67.386981
64.229715
70.018773
65.788980
62.850295
61.903378
63.937498
56.988896
62.947115
63.107518
63.116367
58.743758
59.661785
65.230644
69.184066
71.972767
68.114664
69.675316
67.522992
62.150274
68.883493
65.783814
67.702096
71.453080
74.502738
77.351540
73.413671
65.196156
66.504283
73.070509
69.493488
71.031319
73.387738
71.602295
65.874325
62.378803
63.880104
66.744651
75.713590
67.361538
65.455885
60.981928
58.250481
63.283074
63.879130
66.617491
66.050976
61.629081
61.305405
59.157155
57.261019
64.518764
68.667746
66.671796
65.549758
69.845212
74.376070
64.224311
66.482965
67.544704
65.008868
65.083530
64.054408
64.033213
64.640214
62.020867
60.733334
69.009524
65.211667
65.365545
64.659239
76.458690
62.244144
61.787183
63.026907
75.530776
61.440522
60.846734
62.618616
63.443143
64.214602
58.993325
62.634372
65.781252
68.186202
69.663581
71.655893
65.591741
70.734932
60.361477
66.900271
64.414626
70.643941
63.830800
66.094536
65.825547
67.489555
70.791025
68.917356
68.462701
74.762008
72.093493
75.751460
75.191802
70.219126
69.266977
67.009404
64.123762
69.084163
66.606310
67.988133
63.437058
63.963723
66.305066
65.793774
58.582593
60.705225
63.400300
64.879245
67.347389
63.527798
73.753948
73.168208
64.883365
66.724126
66.555278
71.919941
68.230675
63.304158
65.714567
59.981902
68.019683
70.289854
73.388634
66.431800
71.031922
67.370202
64.567736
65.214023
65.294209
67.201090
68.181406
61.678790
64.444315
76.702540
74.987610
71.722778
69.744689
68.551193
64.140671
71.856379
71.504124
76.343295
65.108416
63.381141
67.317446
65.078401
66.137170
67.464556
71.975781
71.702302
67.433517
65.717037
69.270592
71.346782
70.335186
70.955361
68.936753
74.618970
74.597146
67.043448
70.122028
69.759970
63.135438
70.387040
61.665488
62.020767
65.966604
65.472744
66.847936
63.332486
63.187742
65.979695
65.273809
60.925152
68.096767
71.971256
67.489573
70.145524
69.647457
71.896227
68.619941
68.955204
63.272636
59.833391
69.277357
59.514399
65.800656
72.199671
73.840342
65.462703
65.059242
66.677495
67.699112
70.137645
74.689521
64.791527
62.747163
63.751258
60.465232
64.762716
56.870054
60.405001
54.598852
67.579694
68.154342
58.848959
56.843351
56.981202
63.912594
62.744465
63.384458
63.915410
64.417331
65.627084
69.343574
70.075141
65.742607
65.454924
69.562730
65.843352
69.070822
63.518505
64.194294
68.341917
61.197367
65.150803
67.631201
63.275725
63.029388
68.491355
63.818059
66.992446
65.671228
70.739233
60.190092
74.684982
79.750716
79.066215
59.478166
64.132246
64.472040
79.007987
76.384035
77.435868
81.877237
71.228683
65.764719
72.874449
67.576831
73.751363
70.769578
73.433440
74.723654
69.843316
70.205002
70.542203
72.616161
71.799618
71.805849
66.816480
74.807406
70.860353
68.463612
66.093481
71.609235
66.066760
67.571009
72.387378
70.650082
67.926236
61.345557
69.294147
63.063684
69.688890
70.997122
76.715792
71.839771
64.606709
71.645391
60.321810
56.211501
60.250328
60.056999
61.353196
62.666638
61.654918
57.418956
59.453809
59.890588
62.328074
61.884833
65.883074
70.067649
68.987528
68.445244
69.317948
71.116092
67.922583
72.510707
69.611405
60.071490
63.192983
68.178955
64.163609
68.289574
69.011106
68.400456
69.222749
72.322899
74.322040
75.828465
74.335603
78.465411
74.393070
69.909245
73.065959
59.020458
64.770807
64.966990
64.513032
63.827225
67.380945
66.307100
64.256308
64.037863
59.554593
60.265751
65.294557
68.422280
68.910910
70.920957
64.408499
66.591821
60.771315
64.559350
59.557207
62.278183
66.778797
61.497154
62.462451
65.697743
65.618594
65.150847
63.768511
68.173157
69.432025
68.764395
72.868748
70.222918
71.313882
62.798318
62.323827
66.104973
64.543702
70.596481
73.565802
72.655080
64.396735
67.326647
73.338923
62.904344
65.687775
69.268001
69.614399
76.502615
70.123065
69.451483
63.542673
65.164452
66.494908
62.654340
67.722775
65.223164
62.357069
67.810282
70.940257
69.127262
59.901377
69.585474
70.262040
62.966173
65.594899
64.085800
64.221933
56.221440
68.511144
67.563695
66.208326
63.377537
64.899513
59.328894
59.167962
71.897340
77.378080
70.166349
61.422095
71.183863
57.054250
60.477017
66.679843
66.814028
71.724179
70.529213
65.481364
68.049215
72.390884
71.702472
94.061176
100.816947
108.712750
143.815058
58.271122
60.960188
60.197585
65.919080
75.823797
74.547276
57.490105
60.038319
56.603801
73.900813
76.547531
68.675710
65.514536
76.859718
60.832221
69.102309
67.301006
72.322729
72.594926
66.822970
65.766437
59.966144
64.997827
60.726070
67.936510
63.241417
68.826021
68.414662
82.600879
67.500072
80.987895
82.401162
65.759017
59.074007
67.438126
58.672520
64.579295
60.171445
63.431801
57.520082
70.299223
62.218791
60.856338
64.741829
68.421252
68.660854
58.465921
60.975176
64.215948
68.160831
64.500572
69.508867
69.578755
65.474430
60.757137
59.687200
62.108354
67.956585
58.706150
62.344205
71.422920
62.613682
62.661460
69.976719
68.739240
71.639246
67.869079
66.289158
67.330510
71.879177
71.031684
67.224966
68.913860
68.759670
65.700239
65.437408
62.557262
72.885610
67.082770
64.506624
68.142314
63.781014
62.671446
64.332269
66.796818
66.213130
69.947863
64.156049
55.768078
69.064413
73.890002
72.559323
73.706811
60.892597
73.284479
73.201730
66.073292
63.533191
64.835456
74.095069
68.419838
69.930689
67.960586
67.506795
64.954964
59.933891
71.149282
67.818068
65.778121
65.078036
65.019574
65.228431
67.132862
69.913646
69.577333
69.496124
64.077172
68.066768
64.514561
62.982945
58.614170
55.738990
66.886348
66.791375
64.340227
64.852132
74.304404
73.016606
69.124927
68.699804
80.428905
61.030030
57.763760
59.606815
70.589845
67.252014
68.247080
65.484582
64.149468
66.499201
75.414832
69.374277
68.437860
66.050947
68.517010
75.493799
69.021989
70.424645
70.124741
62.433366
64.069475
66.499983
71.216581
67.453050
66.963985
70.047413
63.329664
66.334582
66.054484
72.029877
65.213795
65.800561
63.821738
59.488321
65.834139
63.285687
74.402017
64.594502
71.243359
63.606336
74.151935
71.813041
64.415935
72.002397
66.141341
64.257302
65.697087
60.671638
60.617075
63.732617
61.803548
61.108337
63.552941
63.147765
64.831918
62.187632
63.536039
61.685658
63.012478
63.946024
68.796573
73.446210
75.267886
76.405044
71.310385
72.168598
58.256505
63.657561
59.762468
63.207024
51.938776
57.426802
67.342591
66.147310
70.634309
67.019380
73.831281
71.385035
68.119014
66.543612
75.013420
67.657319
70.314968
71.941308
69.260933
69.448957
66.797365
66.600078
67.189742
63.730520
62.419363
58.291272
75.115382
68.042818
66.624822
67.509892
66.142320
68.942855
59.643107
65.538667
63.223889
68.301393
65.352723
64.073229
66.588439
67.463598
61.133698
63.352554
74.890316
69.890070
63.376773
71.732755
61.593117
54.211399
68.779551
71.019554
68.098237
66.996706
69.479180
67.282806
68.399602
62.360989
58.468333
66.983625
67.548407
67.749731
59.268118
62.128912
63.003153
64.384930
68.198956
59.756517
66.997155
72.563042
71.433607
72.759482
70.678294
59.963267
72.994360
69.632630
68.295810
71.137441
70.801148
63.580371
72.939304
61.429520
68.300428
70.244884
66.356214
64.636183
66.259941
65.038379
67.550778
60.267947
69.530728
66.699079
57.603076
70.660601
65.054509
68.090894
72.648063
71.152006
57.503086
60.025243
68.644196
70.221572
68.282437
68.402072
66.071979
72.675657
74.753623
65.901303
66.671284
61.604050
66.804944
71.912528
65.568197
71.959775
69.118313
64.470411
70.980988
72.972532
68.832150
70.610775
73.847967
74.701473
68.747939
70.915250
67.094317
67.318346
68.981328
67.575501
65.802870
66.599691
63.036218
65.069208
63.822237
63.289969
61.447987
70.845736
79.554866
68.061353
62.382518
67.473195
60.314401
58.200581
72.961706
74.651114
76.974599
66.988807
69.606870
68.360134
67.380891
64.015340
68.697028
76.371448
70.063495
65.744198
65.181672
70.151222
65.961120
64.525144
60.586180
63.586359
68.232488
63.252669
59.119043
62.291871
63.524978
60.354335
68.393931
72.683774
69.980726
67.270281
69.889093
70.764760
71.106618
79.034923
65.781078
68.456120
71.554552
70.334027
72.266510
62.729279
65.114471
72.915298
72.799488
75.339514
65.502805
71.308491
78.169281
66.857196
59.487717
69.401896
67.745220
66.405323
70.634444
75.270061
70.141861
66.736060
71.220673
77.076167
72.886833
69.369011
64.607972
70.516408
69.593290
59.978169
67.423345
72.869727
65.406725
63.401880
61.081007
59.001366
64.469845
68.404691
73.960805
80.326004
66.316389
80.076591
76.315535
72.962820
64.880478
75.593719
67.490576
62.860010
62.898498
62.100424
69.704935
61.753626
69.614171
69.117900
69.778452
66.604264
66.374804
63.322655
71.209070
71.713961
66.596465
71.489679
69.918294
68.499353
69.032681
70.695986
70.429251
67.541926
71.394479
68.735337
71.642548
67.235464
66.887351
61.856572
64.405832
66.892092
71.008970
70.623135
73.541831
66.471227
69.055142
62.179986
67.891370
68.599730
65.840180
71.959902
72.994959
64.645975
65.717820
70.737931
73.690956
71.434484
69.045131
69.018957
65.612394
67.887077
71.360506
70.447382
65.287135
68.695769
68.774625
68.055361
66.607670
68.702837
64.420062
66.564587
70.173550
65.777676
69.937099
70.762247
70.957186
63.034426
60.166213
60.447248
74.424389
69.180654
66.511582
72.966552
68.869858
68.437247
65.997078
71.316889
65.482042
72.669643
66.459631
61.280670
66.573180
60.439086
64.734355
70.103603
72.186600
70.534710
67.031559
71.384056
68.143128
61.359191
66.814264
71.500746
68.678889
69.078151
67.088179
60.407121
66.433689
61.567195
68.929796
66.366940
64.060350
68.622006
65.943993
69.010931
70.898197
67.153485
70.273840
71.776168
62.165880
67.814718
62.620846
58.473409
62.151656
68.463420
66.285445
69.873590
68.191861
67.554817
63.815116
59.081346
63.793734
68.671501
68.152351
74.458697
62.086122
65.269475
69.130520
83.316330
67.560307
64.313302
73.274991
73.410114
68.355380
63.990397
61.176155
66.931809
61.304683
63.159603
63.031829
60.651898
65.066525
64.012139
64.967142
71.122772
72.574909
63.549987
55.745568
63.924511
66.481276
66.446646
72.823406
69.265837
72.057611
69.199326
71.646884
63.756026
63.489872
68.859567
67.470164
66.648686
61.681390
61.346630
65.834998
65.848569
63.132540
74.306978
66.226468
65.100028
64.149671
74.385510
70.534728
62.412882
64.879482
63.103043
61.409687
64.227087
57.840370
66.543855
59.559102
59.364486
68.129329
71.867461
74.225493
68.863551
70.996629
62.539605
67.159557
65.538193
65.136676
64.539012
66.039192
62.695433
62.286393
63.601421
69.389744
68.964955
66.708326
66.857192
67.283392
63.081452
61.907702
63.131189
64.462676
64.012659
60.399821
61.334287
73.221214
71.003670
60.082545
68.376828
68.452477
61.246447
63.452550
65.443298
67.907535
69.472890
68.546405
70.717254
70.915280
64.308037
65.748552
68.193079
66.126554
67.424217
64.214755
64.422829
68.030705
66.852284
63.892425
69.220984
65.474537
70.038806
73.413233
71.886075
68.933141
68.391024
68.393633
72.486606
65.750476
68.758529
71.586564
73.929947
67.298715
60.812698
61.976844
67.966598
64.187563
63.058448
66.301550
71.889607
63.689311
65.946588
71.951272
68.055257
61.607999
70.038894
69.828129
66.281826
64.989533
66.649030
67.689981
68.771587
74.732424
68.135528
71.935285
58.570505
67.540434
66.020950
67.462910
67.713412
60.963902
62.157993
60.619912
64.976652
76.391019
62.226164
59.817239
61.229211
65.023082
64.949905
64.779001
62.151530
65.150425
67.925159
65.552054
68.497711
64.832636
66.396918
68.415256
67.825646
65.809120
67.266309
67.955400
73.356198
69.091130
68.077146
70.399441
69.236903
64.916647
69.849718
71.062114
73.073080
68.874455
67.235437
62.169151
65.163489
70.119288
75.945781
69.073707
67.402837
63.099242
59.708529
59.737202
65.815935
73.011856
73.556452
63.822682
67.719584
68.370714
66.238377
65.619119
70.936923
66.879063
69.000255
70.597908
60.744502
61.776057
57.206865
58.527618
60.869457
55.706290
61.243900
66.808826
66.897551
69.548368
74.644179
69.925332
71.304540
73.507320
74.860227
71.258548
72.954284
70.521532
68.747160
62.903843
63.342281
66.807508
65.798611
65.983024
66.405254
72.993990
68.882141
79.819326
72.475719
69.402548
67.317118
74.793738
76.296876
73.996120
67.232477
66.765238
67.903808
77.415884
74.286909
61.171135
65.967288
62.825465
68.506303
65.997498
69.934111
63.255979
71.665127
65.286269
73.792567
66.897600
67.985884
65.307648
72.886709
68.299934
75.798614
76.019050
103.333364
104.197046
143.650831
