50
82.503600
86.634485
88.872683
89.543855
89.622812
89.466560
89.481253
89.604433
89.994538
91.711462
90.255968
89.971237
89.983815
92.147567
89.937630
89.763060
90.814862
90.856998
89.882602
92.346949
91.600282
89.805593
89.549386
90.895614
90.159802
89.576187
89.547509
91.464124
90.230362
90.134088
90.043503
91.873134
89.848804
90.048991
90.121686
90.205148
90.158998
91.312987
90.431711
89.917436
89.781566
92.326716
89.920969
89.914528
89.809133
91.974768
89.896245
89.883367
89.809209
91.924752
89.748439
89.789501
89.841343
91.623167
89.821919
89.903933
91.169758
90.573637
89.925435
89.969415
91.852306
89.737135
89.859445
91.527586
90.174755
89.785608
91.051617
91.654976
89.802111
89.806381
91.359660
90.103764
89.728693
89.948372
91.977684
90.024958
89.927381
91.752042
90.340830
89.915432
89.912188
92.088052
89.707937
89.652186
91.342418
90.390072
89.812242
90.230825
91.542259
89.789870
89.873534
90.786551
90.607338
89.655617
89.981865
92.022593
90.078281
89.631703
90.329234
90.966041
89.710197
89.574335
89.585357
91.749650
89.823705
89.799417
89.736967
91.938564
89.984820
89.732054
90.177500
91.248003
89.828734
89.882045
91.885759
89.941201
89.663829
89.685163
91.517487
89.402254
89.473963
90.989482
90.556709
89.773175
89.906751
91.795297
89.605209
89.650273
91.078802
90.673751
89.773521
89.972540
92.859015
91.648764
90.051019
90.045254
92.081218
89.890052
89.761299
90.657240
90.987729
89.850043
90.137641
89.956964
91.760808
89.846653
90.109163
90.189573
90.202024
90.124382
92.140743
90.268652
90.011498
89.761339
91.563506
90.291948
89.606988
89.748909
89.763863
89.861640
90.242128
91.213339
89.821691
90.086676
90.119751
92.205364
90.219973
90.243917
90.113602
91.954757
89.813147
89.738041
90.445812
91.685985
89.864198
89.831041
90.895267
90.421148
89.780650
89.869455
91.800895
89.685792
89.980579
89.970133
91.938949
89.757414
89.827856
89.532320
91.230169
90.238370
89.788076
89.829196
90.490377
91.296131
89.706356
89.863954
89.793817
91.822720
89.731123
89.763372
89.758567
91.780757
89.806596
89.851330
89.710399
91.771927
90.022163
89.988270
90.928281
90.981530
91.089053
90.836322
89.745998
89.776912
91.403291
90.490792
90.019141
89.904764
90.340664
91.087637
89.637323
89.982476
89.985609
90.535230
90.528751
89.877682
89.737631
89.634778
89.749793
89.994437
89.824627
90.088868
92.001630
90.013695
89.834872
89.732810
91.663524
89.904495
89.997139
89.910681
91.952960
90.567458
89.986437
90.153720
92.543725
89.954204
90.100349
91.293767
90.994165
89.876704
89.829941
91.833757
89.714468
89.704308
89.781259
91.855585
89.789909
89.878038
90.995017
91.294060
89.892483
89.912139
90.662878
90.040557
89.278696
89.276913
89.702059
91.369333
89.736296
89.671917
89.651521
91.521856
89.552269
89.427973
89.922559
90.170530
92.124245
90.226605
89.755051
89.795339
91.026676
90.777522
89.989137
89.833414
91.058226
90.715102
89.864925
89.842019
90.116880
91.283335
90.013743
90.117270
89.974605
90.442054
91.028551
89.807521
90.057224
89.975049
89.707971
89.790381
89.939443
91.775853
89.713979
89.768296
89.870249
91.883152
89.864881
89.412182
89.606763
91.457600
90.258474
89.934078
89.799773
91.732782
89.930786
89.853487
89.969338
91.531515
90.458972
90.983888
92.579540
89.928937
89.925060
89.790392
91.834102
89.725887
89.721595
90.486887
91.549432
89.956023
89.861869
89.872541
91.898974
89.797374
89.888649
90.238906
91.779222
89.886522
89.995818
90.682244
91.447030
89.879864
89.881428
91.782164
89.823351
89.589761
89.591223
91.854475
89.903495
89.750742
90.799070
91.259817
90.106016
90.106855
92.021210
89.895763
89.892661
90.472228
91.335403
89.449562
89.646179
89.715820
89.951262
90.233098
90.204046
91.853334
89.935178
89.879467
90.163010
91.568413
90.014696
89.841807
90.683770
91.256518
90.424342
90.031256
90.723790
90.974535
89.786778
89.879339
90.830903
91.814727
89.925569
90.068625
89.825176
91.890919
89.824840
89.779529
89.834253
90.712274
90.841458
89.803499
89.773050
90.429001
91.308896
89.786441
89.796767
91.742517
90.047555
89.771879
89.880969
91.894911
89.836115
89.759320
89.875863
91.406278
89.602737
90.059589
90.036448
89.953250
89.689468
89.705036
90.926524
91.311213
89.809798
89.686146
89.698948
92.607152
90.760893
90.081044
89.695189
91.751697
89.803845
89.821483
90.155753
91.502424
90.534488
89.840833
89.689281
91.069783
90.745941
89.473214
89.444634
90.490636
90.622463
89.538795
89.676154
90.807763
90.835542
89.917624
89.838490
91.783573
89.806857
89.672913
89.757802
91.957517
89.729029
89.758950
89.758190
91.720104
89.682180
89.712819
89.823565
91.760082
89.697661
89.796825
89.991834
91.910589
89.864896
89.855094
89.702435
91.907304
89.893435
89.894227
89.975007
91.994077
89.767420
89.988060
89.941383
90.168687
91.938711
90.068699
89.571092
89.973001
90.712957
91.920404
90.077385
90.105699
90.034479
91.984261
89.825406
89.907694
89.954896
91.797936
89.953311
89.747464
89.951093
89.888348
89.799591
89.870427
91.371754
89.747427
89.890618
89.800134
89.734586
91.413791
91.205636
90.006560
90.059240
89.851413
90.002713
89.802306
91.857628
89.755245
90.158198
91.828511
90.451351
90.066739
89.930309
92.113423
90.022611
90.023066
90.273862
91.792419
90.113904
90.106485
91.749634
90.700790
90.028096
89.889617
90.031112
90.083259
91.006568
90.757812
89.911087
89.794485
89.733062
89.859923
89.906393
90.039940
90.774466
91.819309
89.952843
89.863294
90.627724
91.362877
89.933497
89.926768
90.648573
92.774669
89.895164
89.610425
89.704450
90.856015
90.526777
89.869009
89.887516
89.942522
91.952935
90.784139
89.706360
92.133627
89.671888
89.632570
89.641504
91.544920
89.614274
89.668579
89.608673
91.445485
89.727347
89.639740
89.651704
91.130477
90.373692
89.700677
89.622845
90.552019
90.717329
89.679969
89.690502
89.738594
91.759200
89.832688
90.321325
89.891233
91.270721
90.519122
89.785821
89.882735
89.858924
91.244628
89.989609
89.465380
89.405476
90.632330
90.773224
89.594061
89.602111
90.666114
90.499890
89.634933
89.595287
90.901582
90.174961
89.691321
89.848572
89.932364
89.883429
89.835246
89.897616
89.923141
91.609383
89.945699
89.766945
89.884775
90.955740
91.035867
90.010989
89.982533
89.937905
89.981366
91.946465
89.963039
89.760422
89.637764
91.802880
90.987651
90.149646
92.296913
90.112088
89.858270
90.386641
91.452247
89.866454
89.821778
92.521563
90.075121
89.919276
89.952105
92.201985
90.223441
89.926150
89.807820
89.988524
92.031371
90.334644
89.990786
91.735783
89.646849
89.762067
91.630511
90.163222
89.740094
91.541217
90.371882
89.798402
91.019831
90.586048
89.573359
90.396682
91.304210
89.910289
89.830633
89.802934
90.813627
90.961628
89.632741
89.678208
89.806131
89.758113
91.430597
89.862815
89.955352
90.038803
90.858835
91.192583
89.946402
89.941876
91.582055
90.237522
90.027009
89.839977
91.777941
89.642807
89.836456
89.846376
90.063374
91.435960
89.826183
89.838273
89.931216
91.883633
89.759301
89.763455
89.781809
91.623965
90.785032
92.344032
90.549026
89.733379
89.958584
91.953624
89.767160
89.752081
89.805490
91.696361
89.996654
89.682208
89.864680
91.768002
89.962762
89.852767
89.761887
90.733561
90.667543
89.898193
89.903790
90.070401
92.185493
90.046806
89.988220
90.052323
92.127404
90.135296
89.970086
89.909493
91.017365
90.690422
89.989930
89.910184
89.271090
89.420828
89.731202
90.328239
91.322754
89.983718
90.005919
91.013228
91.259076
89.939672
89.876387
90.443776
91.143042
89.750768
89.451294
89.366870
91.590583
89.745007
89.833362
89.755927
91.459665
90.085658
89.565662
89.555900
90.888647
90.338582
89.588787
89.599927
91.791631
90.579765
89.869265
89.887064
89.787747
91.642007
89.794528
89.753473
89.765193
90.732854
91.120789
89.828439
89.783015
89.797214
91.655483
89.655147
89.686959
89.755334
90.844158
90.716771
89.762387
89.976061
90.524270
91.502312
89.883900
89.764478
91.091113
90.697822
89.785011
89.902457
90.978864
91.047539
90.023145
89.872411
91.497862
90.155317
89.574442
89.628007
89.779978
91.067434
90.867931
89.938660
89.967388
91.320851
90.495849
89.706525
89.762292
91.881607
89.874334
89.995786
89.926964
91.542528
90.242652
89.829610
89.784974
92.077382
83.867327
87.423907
89.549236
90.291380
90.085991
90.092097
89.952232
89.389078
89.532978
90.045349
90.229291
90.068312
90.004478
90.180065
91.483024
89.959734
89.720356
89.986702
91.820747
89.491495
89.640762
90.084607
89.938059
89.628762
89.841623
89.836348
89.939863
90.409919
92.483446
89.933690
89.994231
89.977941
89.972087
90.779333
90.736072
89.656258
89.677032
90.349132
90.621866
90.841857
90.022032
90.045819
90.248832
91.455570
89.738011
89.720286
90.453646
91.563891
89.992340
89.821147
89.712842
91.802160
89.838116
89.880660
89.754141
90.832277
90.703875
89.638008
89.606241
89.550477
91.368266
89.332094
89.307386
89.571143
90.182028
90.885543
89.590287
89.672502
90.277029
91.048971
89.566436
89.642280
90.920128
90.759345
89.884243
89.957616
90.145383
91.537698
89.702317
89.803071
89.830138
91.859068
89.559257
89.815013
89.818056
89.531278
91.532570
89.747740
91.364660
89.876370
89.579612
89.501353
90.482006
91.094814
90.027036
89.978933
90.053159
89.813191
89.917366
91.952342
89.930420
89.948237
89.986957
89.913671
89.988947
90.146899
89.823815
89.879584
91.786034
89.865523
89.777138
89.722201
91.099672
90.311570
89.745860
89.708219
90.130707
91.344443
89.637368
89.810360
89.640676
91.435134
89.405867
89.400809
89.409993
91.473852
89.383489
89.364279
89.433286
91.723363
89.744636
89.722953
89.616697
91.620439
89.581938
89.623082
89.850781
91.925347
89.882812
89.897791
89.813300
91.529569
90.108789
89.819911
89.695597
91.615253
89.800839
89.758663
90.422279
91.223824
89.739228
89.940485
91.398060
90.046016
89.558481
90.423591
91.513073
89.581185
89.591409
90.032767
91.056080
89.529531
90.132832
90.330968
91.315322
89.731878
89.609390
89.545989
91.739684
89.569147
89.575712
90.014077
91.193298
89.488605
89.818611
90.604409
90.876146
89.572523
89.527185
91.428703
90.282624
89.823397
89.750288
91.761418
89.728199
89.939912
90.240714
90.693958
90.127642
89.543544
89.640257
89.733465
91.560497
89.825212
89.913932
89.869005
90.883165
91.107957
89.968478
89.846401
89.628667
91.712712
89.752095
89.726585
89.605965
91.324772
90.466953
89.993188
89.954446
90.040788
91.911113
89.945867
90.011693
89.935256
89.677623
91.560485
89.728924
89.974227
90.659066
93.127066
91.030670
90.070310
89.993748
91.532976
90.384924
89.933770
90.001240
90.974405
90.677858
89.640910
89.705678
89.958260
90.975112
89.415270
89.370777
89.467321
91.102842
90.087269
89.564173
89.552531
91.544121
89.894246
89.700503
89.743970
91.139832
90.617871
89.796336
90.327723
90.307338
89.951201
89.976879
89.791186
89.831124
89.835772
91.634198
90.022852
90.049526
89.878596
89.669387
89.556495
91.595459
89.603524
89.805121
89.750808
89.871436
91.741646
89.711764
89.727023
89.818839
92.485776
90.410459
90.267283
90.137100
91.020411
90.947221
89.736748
89.755046
89.986121
91.518934
89.698691
89.573773
89.728848
91.514214
89.878586
89.610353
89.536465
89.774603
91.828496
90.011445
89.893086
89.874184
91.423354
90.020579
89.717677
89.842054
92.015698
90.104430
89.728092
89.719192
89.729250
89.849264
89.841024
89.919664
91.705522
90.505878
90.010237
92.387258
90.397049
89.534433
89.182226
89.217169
91.181909
89.330713
89.434586
89.477533
90.125979
91.480662
89.841609
90.052035
89.920242
92.009133
89.946437
89.766647
89.827758
91.113371
90.239715
89.609431
89.709877
90.292716
92.490257
89.960594
89.913095
89.954807
91.447907
90.668736
90.018958
89.885371
90.764651
90.904969
89.801926
89.911111
89.835734
89.863270
91.598488
89.848860
89.804769
89.704273
89.848339
90.075004
89.789332
92.210756
89.890427
89.707204
89.559640
91.444063
89.872204
89.804991
89.944923
90.803757
90.823121
89.734413
89.771143
89.821690
91.576430
89.411419
89.262093
89.397398
89.688192
92.384637
89.739676
89.755938
90.602746
90.852621
91.239021
89.820218
89.819335
89.567171
89.556599
91.373875
89.415176
89.406080
89.584693
90.611702
91.038218
89.709414
89.878978
89.713436
91.642361
89.795099
89.879504
89.626762
90.933988
90.737646
89.753832
89.529452
89.442674
90.831491
91.344219
89.677072
89.694161
89.519486
90.401910
91.213522
90.093036
89.991428
90.076743
91.720258
89.963448
89.723924
89.369336
91.390201
89.378119
89.372198
89.344354
90.965221
89.951012
89.567452
89.579133
89.612579
91.705402
90.029188
89.967018
90.174493
90.085746
89.998559
89.933021
89.825823
89.811652
89.780986
89.685853
91.492117
89.735413
89.707379
89.532112
89.651057
90.317780
91.029366
90.150874
89.673068
89.912760
91.791394
89.826546
89.792146
89.566252
90.416415
90.685604
89.424461
89.369116
89.356746
90.384784
90.423384
89.671574
89.834820
89.684619
91.571083
89.705624
89.650699
89.636036
90.326657
90.805626
89.551046
89.583070
89.544918
90.677908
90.755238
89.609454
89.553231
89.497924
91.534733
89.521273
89.568697
89.563869
91.188004
89.967287
89.519975
89.412130
89.983893
90.788612
89.555481
89.580857
89.688694
91.583952
89.582576
89.874775
90.207532
91.664001
89.911654
89.829903
89.846485
91.641396
89.721215
89.758500
89.706787
91.423208
90.254894
89.722243
89.724825
92.326955
90.349643
89.553293
89.571848
89.551979
90.888998
90.298531
89.582634
89.761774
89.658514
91.584651
89.706463
89.819707
89.802697
91.591242
90.168705
89.884589
89.410452
91.305268
90.183409
89.896519
90.032864
92.036686
89.803366
89.940217
89.956145
92.357677
90.444842
89.929310
89.847583
91.896199
89.880865
89.773703
89.933933
91.711323
89.961334
90.122721
90.427292
91.622790
89.903986
90.376753
91.459670
90.408046
89.675967
89.536515
91.494520
89.571793
89.461937
89.415955
91.914388
89.831854
89.794726
89.870117
91.810478
90.200979
90.028542
92.645685
89.929608
89.891041
89.807578
91.747789
89.792814
89.837770
89.555899
91.454546
89.481366
89.757702
89.752514
91.530652
89.905312
89.950007
89.835336
91.511487
89.943561
89.727297
89.859748
90.900113
90.922986
89.758534
89.608186
90.376042
90.965884
89.769105
89.931031
90.321101
91.456409
89.778056
89.627888
90.296094
91.247697
89.746159
89.764880
89.831806
91.662556
89.769222
89.686020
89.600230
91.670848
89.574890
91.766966
89.774104
89.805652
89.822876
91.640772
90.054263
89.718766
89.740053
90.290858
91.149314
89.641672
89.639761
89.771010
91.198263
91.328614
89.754861
89.674348
89.825116
91.846937
89.785918
89.711505
89.806425
91.599785
89.817211
89.902985
91.049971
90.406719
90.014455
89.967464
89.879671
90.066102
89.941481
89.998709
89.860393
91.678953
89.826938
89.552590
89.586541
89.782943
90.067544
89.965427
91.729814
89.665422
89.666978
91.339315
90.011076
89.692373
89.958205
92.068910
91.254547
90.077548
89.775071
91.812833
89.815612
89.817516
89.908953
89.804215
89.750765
91.483518
90.002462
89.948738
89.887641
89.807178
89.824200
89.814240
90.564070
90.906265
90.118908
89.975622
90.733102
91.145928
89.810507
89.834699
89.799404
91.468191
90.047736
89.835697
89.677291
89.833760
89.499955
91.625579
89.807521
89.821504
89.730885
90.226205
91.445229
89.864249
89.766496
89.671805
90.964307
90.487307
89.713569
89.594392
89.628110
91.580956
89.790972
89.697550
89.644544
89.541079
91.670230
89.646145
89.694516
89.794388
90.605230
90.744570
89.567665
89.548769
89.609872
90.199407
91.054609
89.937099
91.844605
89.717614
89.751661
89.800731
90.994936
90.457746
89.742687
89.815420
90.435340
91.302620
89.781790
89.777860
89.681278
91.682432
89.406334
89.575522
89.717037
90.522602
90.955356
89.626562
89.623962
89.625760
91.538916
89.575698
89.747530
89.750126
89.785798
91.961768
90.003360
90.073825
89.876455
91.022309
90.626781
89.829655
89.727544
90.924754
90.913612
89.559669
89.610010
89.594416
91.628058
89.464757
89.461946
89.429267
90.485268
90.727967
89.621395
89.592716
89.608886
91.337884
89.520076
89.668592
89.549301
90.603725
90.701806
89.580039
89.916834
90.267137
92.115431
89.835461
89.755343
89.751778
89.737126
91.599288
89.666031
89.899518
89.999663
90.105035
90.122189
90.111064
89.971487
91.984734
89.904761
89.830692
89.753633
89.842538
91.712904
89.868973
89.940083
90.308124
90.742984
91.502088
89.880772
90.104749
89.737632
91.774313
89.730913
89.789685
89.740737
90.505210
91.116592
89.918573
89.845425
89.798656
91.719616
89.719048
89.723625
89.593331
84.379408
88.043332
89.901839
90.256995
90.213039
90.006801
89.811741
91.525801
90.510599
90.072913
94.990180
90.073603
90.796107
91.719547
89.984144
89.533522
89.549827
91.472981
90.282161
89.771914
89.640729
91.615500
89.760923
89.800537
89.639686
91.452426
90.459240
90.286683
90.117577
91.875019
89.987406
89.828566
89.819819
89.704731
91.771627
89.580412
89.571613
90.006299
91.406731
89.721146
89.761788
91.220411
91.402401
89.735758
90.193951
91.583552
89.907198
89.786577
90.771581
90.903226
89.754783
89.707736
91.921481
89.745915
89.859752
89.872462
92.023554
89.452556
91.112761
90.471621
89.505820
89.636584
90.164819
91.388416
89.845526
89.833486
89.831655
90.599631
92.334184
89.722017
89.815039
90.016767
89.883929
91.827808
89.652386
89.700857
89.641079
89.934930
92.097981
89.922008
89.891868
90.003423
89.957351
91.688091
89.920153
89.884336
89.991541
89.899436
89.975887
90.124711
90.207764
90.226659
91.542374
90.865477
89.998557
89.703315
90.437925
91.149395
89.675018
89.727195
90.010480
91.540589
89.893091
89.869008
89.659253
90.145064
91.164472
89.731709
89.800694
89.799292
90.664789
90.919455
89.676101
89.594839
89.456965
89.424858
91.477859
89.558450
89.618563
89.722808
89.795611
91.638906
90.057136
89.729403
89.817909
90.299913
91.566595
89.955069
89.734871
89.913154
91.513318
90.421643
89.983079
91.917282
91.474056
90.048071
89.867920
89.670976
89.838976
90.199773
92.013330
90.148244
90.082875
90.076027
92.090169
90.199354
90.198110
90.223973
90.126748
90.181846
90.111997
90.120506
90.816218
91.493556
89.942842
89.833742
89.907883
91.857801
89.920890
89.898299
89.912093
91.744102
90.026998
90.039300
89.970525
90.944680
91.242948
90.021147
89.923995
89.989739
92.022743
90.121348
90.181313
90.087050
91.841989
89.708106
89.863140
89.916837
91.114481
90.640466
89.675708
89.762506
89.927136
91.626409
89.977680
89.887283
89.802680
89.586964
89.806345
89.708109
89.571645
89.893677
89.976045
90.044223
89.540025
92.413549
89.769681
89.870320
90.014780
89.741272
89.947431
91.757759
89.991858
89.813069
89.777986
89.737364
91.748203
89.922969
89.973052
89.907164
89.960907
92.009676
89.934212
89.737438
89.875103
89.759524
91.027845
90.214254
89.376330
89.495766
89.684553
91.920553
89.839736
89.860983
89.801988
90.894571
90.631420
89.834175
89.906211
89.768630
89.737622
89.823465
89.637219
89.636534
91.689311
89.759155
89.754271
89.869615
91.800350
90.186284
89.983599
90.080363
92.518898
90.058662
89.888374
90.233865
92.253657
89.924269
91.637101
90.427199
89.816248
89.867072
90.433444
91.663202
89.905315
90.098990
91.253252
90.832440
89.909137
90.099039
92.235804
89.906323
89.951677
90.636525
91.560167
90.100200
89.939811
92.136200
89.858791
89.735473
90.458280
90.982062
89.930655
89.842953
91.598059
89.803250
89.458141
89.457706
92.010052
89.896905
89.892751
89.983442
91.514252
89.774434
89.711209
89.465036
91.463543
89.653467
89.495498
89.527630
91.680207
89.756938
89.809861
89.902178
91.497627
90.626909
89.834980
89.801908
90.502798
91.189542
89.915236
89.668959
89.945930
91.301644
89.676726
89.575624
89.769835
91.566758
89.785594
91.021793
90.779919
89.726151
89.781390
90.352967
91.469697
89.880944
90.188248
90.033233
91.934484
89.844531
89.606556
89.641924
91.705104
89.785392
89.866515
90.158978
90.020111
91.853497
90.004879
90.004144
89.904354
89.972070
89.859379
91.568632
89.779411
89.890334
89.732926
89.779405
89.876991
91.751477
90.051744
89.726027
89.441583
89.579178
89.761922
91.986874
90.052315
89.733025
89.764328
89.667924
91.477066
90.032975
89.741065
89.596753
89.565058
89.639753
90.045310
91.670818
90.036288
89.807772
89.737082
89.922643
91.096441
90.757676
89.904188
89.798823
89.752206
89.897522
90.144302
89.874252
91.913631
89.823849
89.612020
90.895279
90.468583
90.372826
92.566489
90.006324
89.921121
89.831331
91.863753
89.776166
89.752587
89.673575
91.710130
89.810379
89.763990
89.599084
90.994674
90.192530
89.618398
90.204130
90.311070
91.232112
89.781567
89.937661
90.026991
91.904087
89.687457
89.721538
89.809070
90.530431
91.540140
90.105162
89.904052
89.772001
91.806353
89.933342
90.084143
89.992083
91.363969
90.136402
89.871872
89.827752
90.850931
90.936390
89.843906
90.038120
90.573100
91.319518
89.911434
89.620475
89.745920
91.532186
89.811645
89.779959
89.950417
91.713088
89.803244
89.888179
90.500280
91.597559
90.028872
89.701502
89.716101
89.861452
91.696390
89.909730
89.933963
90.089813
90.100559
91.231444
91.349351
90.185313
89.922216
89.841611
90.788082
91.303930
90.027527
89.929046
90.909215
90.904326
90.000661
90.005553
92.691579
90.076059
89.881369
89.825487
91.153557
90.517866
89.843563
89.848438
89.656005
91.728971
89.993803
89.900128
89.850656
89.895779
90.022969
90.865547
91.509812
90.081924
90.119415
90.056409
92.104518
89.867776
90.101363
89.967093
91.841377
89.789592
89.807509
89.668095
90.662863
90.654329
89.644456
89.719199
90.548792
91.041910
89.797590
89.909178
90.570796
91.196820
90.378628
90.294265
90.323414
90.331471
90.309073
89.875279
91.626489
89.808082
89.780154
89.841118
91.546820
91.943646
90.143068
91.681068
90.622336
89.917205
90.017219
91.420843
90.267286
89.743202
89.797053
91.169826
89.885264
89.632492
89.779902
90.931088
90.602533
89.883603
89.823068
90.966725
90.484372
89.617501
90.011125
91.692243
89.506599
89.600761
90.460383
90.950769
89.938846
89.740662
91.449831
90.382190
89.933870
89.979487
91.797224
89.752430
89.817309
89.801016
91.705741
90.007748
89.773868
89.754152
91.801331
89.795362
89.912641
90.051207
93.117117
90.947121
89.807983
89.873903
89.751758
90.485445
90.935027
89.793550
89.674026
89.813561
91.778111
89.880071
89.924467
89.709148
89.908903
91.475241
89.947934
90.017373
90.054275
89.893631
89.857094
91.350743
89.860391
89.689072
89.776215
89.823789
96.068345
89.581018
89.952172
89.820432
90.417760
91.300547
89.991293
89.942564
89.924365
89.829070
89.841988
89.680174
89.626300
91.492559
89.813320
89.924959
89.870974
90.052529
91.853450
89.725440
89.616077
89.719448
90.976239
91.548604
89.676229
89.661362
89.645212
90.144598
91.899488
89.988284
90.109002
90.068958
90.309410
91.491748
89.901000
89.909559
89.844027
89.853634
91.722848
89.675669
89.665614
89.771473
89.951546
90.039503
91.790248
89.769203
89.630771
89.719807
89.914337
91.877589
89.885457
90.040667
89.979678
91.504991
90.494715
89.918487
89.786688
90.427300
91.206723
89.828977
89.928740
89.854074
91.883283
89.813588
89.848487
89.773026
91.447655
90.172484
90.173319
89.976650
89.874663
89.753956
91.923983
89.844375
89.837153
89.740618
90.816538
90.830605
89.722939
89.717441
90.277478
91.295803
89.950083
89.912912
91.266354
92.461900
89.618935
89.689720
89.572831
91.743760
90.793835
89.738699
89.786661
90.284155
91.469853
89.935216
89.751196
89.766601
91.684134
89.594935
89.584610
89.564712
91.469611
90.656096
89.733178
89.735791
90.298218
91.164043
89.639716
89.737981
89.729893
92.135546
90.364830
89.707647
89.723637
89.603192
91.972476
89.941931
89.855767
89.784886
89.736935
91.733941
89.791155
89.862226
89.934490
89.831365
91.891255
89.801455
89.597720
89.754575
91.333679
90.074160
94.138784
91.510098
91.277870
89.451947
89.485933
89.542818
91.650445
89.631101
89.665039
89.681443
90.476245
91.182556
89.819458
89.776425
89.742215
89.840220
89.884599
89.816471
89.920167
89.646745
91.365457
89.547892
89.898941
89.962037
92.112002
89.936350
89.896386
89.768334
91.676320
90.004252
89.982968
90.023749
91.327717
90.378737
90.376821
89.796906
89.824346
89.816482
91.951379
90.411433
89.894541
89.867766
89.788760
89.738681
89.682208
89.915100
91.339310
90.455518
89.947004
89.977760
90.009433
91.521204
90.461625
90.120719
90.131341
91.875820
89.814474
89.267695
89.362548
89.466225
91.531256
89.711335
89.852318
89.902037
89.818319
90.907878
90.787616
89.886310
89.744375
89.853715
90.327376
91.610449
90.159212
89.762437
89.813569
90.120359
91.238708
89.673814
89.767686
89.761231
89.859692
89.849213
89.747068
91.674159
89.924538
89.809660
89.798515
89.863817
90.197816
90.094372
90.073663
89.993352
90.115603
90.047860
91.918125
89.991063
90.070301
90.069586
90.087931
82.300750
86.307618
88.812880
89.508126
89.450265
89.583677
89.796342
89.984633
89.882291
89.955888
90.133120
92.182528
90.062531
90.030301
90.671060
91.309204
89.825169
89.884468
90.881462
89.729070
89.235873
89.255887
91.060899
90.685813
89.895062
89.879962
89.655021
91.732895
89.543136
89.641264
89.751033
90.066201
91.127735
89.583981
89.667057
89.995870
91.386667
89.710710
89.694061
89.766833
91.664342
89.783583
90.528906
91.313068
90.612868
90.007348
89.700443
89.720810
90.711183
89.246379
89.236687
89.230629
90.646168
90.006694
89.500131
89.597837
89.862441
91.333504
89.772069
89.709468
89.545816
89.861890
91.506167
89.967041
91.043322
91.778637
90.233286
90.018085
90.062472
90.007711
90.274563
91.537511
89.708528
89.717343
89.824006
92.015835
89.860394
89.847837
89.786400
91.273847
90.069946
89.981503
89.848865
90.229205
89.902625
89.959082
89.849103
89.388250
90.027428
90.401809
89.448806
89.541976
89.584724
91.796233
89.728832
89.613261
89.880884
91.796626
89.598328
89.609307
89.710675
91.182440
90.047012
89.555472
89.672200
90.490676
90.684615
89.732662
89.741876
90.117105
91.341106
89.578715
89.597280
90.020907
92.429819
89.748225
89.701745
97.671838
90.192236
89.572875
89.578146
91.058850
90.623598
90.309643
89.799621
91.739382
89.636574
89.569814
89.561366
91.502899
89.864553
89.745100
89.786554
89.915061
91.607323
90.016552
89.984048
89.858393
90.929183
90.444186
89.711298
89.752471
90.800968
91.772635
89.877778
89.831273
89.700731
90.738439
90.488041
89.596947
89.728843
89.884911
91.862322
89.763733
89.686785
89.582925
91.569787
89.631243
89.662440
89.575990
92.034512
90.070330
90.210848
89.692464
89.674770
89.584667
89.817020
89.983672
90.974370
90.690606
89.906580
89.712396
89.816873
89.849195
91.664825
90.061294
89.749360
89.752240
91.762733
89.789851
89.612962
89.610244
90.620274
90.534862
89.608481
89.804209
89.738142
91.763234
89.765512
89.754766
90.683169
91.361544
89.734318
90.137137
89.866576
91.960535
89.746358
89.754941
89.779213
91.624862
89.607459
89.474529
89.397129
90.845236
90.340131
89.690042
89.959151
89.785576
89.869747
89.601871
91.496971
89.558669
89.855886
89.781059
90.910639
90.449886
89.570371
89.432928
89.572741
91.599841
89.812467
90.171104
90.054939
91.265108
90.666623
89.704529
89.688500
89.763891
92.253668
91.059754
89.379123
89.455254
91.550309
89.681855
89.588628
89.557714
90.733410
90.560190
89.646208
89.861054
90.232188
92.267661
90.306047
89.890580
89.804745
91.664664
90.511478
89.995161
89.744103
89.986403
90.229447
91.392851
89.759613
89.810010
89.808407
91.871319
89.891641
89.747216
89.770524
90.612644
91.015873
89.746504
89.889188
89.786888
91.681401
89.585970
89.542118
89.560360
90.421593
90.359600
89.406257
89.382414
89.595566
92.001271
89.870852
89.867539
89.783444
89.901075
89.857610
91.305692
90.308534
89.824601
89.663800
89.582837
91.455416
89.870338
89.882721
90.069842
90.060440
89.837606
89.888886
91.299673
89.595394
89.582012
89.545820
91.621163
89.929470
89.814556
89.796157
89.950023
91.631999
89.669094
89.584127
89.924043
91.446086
89.788498
89.830087
90.115302
91.524978
89.587515
89.604632
89.558938
91.530564
89.693370
89.608359
89.545523
91.556442
90.233528
89.668233
89.558724
90.522910
90.809737
89.758314
89.664034
89.810767
91.396161
89.707738
89.664254
89.557392
90.440668
91.141653
89.920222
89.838315
89.928978
89.943777
89.889779
89.843065
89.892988
89.832085
89.782326
89.846351
89.827196
89.971466
91.578679
89.478617
90.676778
91.337423
89.566574
89.711703
89.678221
89.703401
90.009146
89.800285
89.585969
89.826380
90.213416
91.064814
90.289525
90.001201
90.126745
90.096643
90.092878
89.955002
89.909054
89.968605
89.947736
90.057812
90.048397
89.800377
89.754582
89.826898
90.589917
91.013714
89.875054
89.925872
90.110228
91.961262
90.036620
89.963090
89.997804
90.392208
91.224848
89.663228
89.696479
89.863935
90.827864
90.239531
89.641558
89.566351
89.715230
91.775850
89.904899
89.894623
89.869296
90.809074
90.930477
89.734762
89.741722
89.745180
91.570063
89.599129
89.617292
89.881059
90.508709
91.184251
90.941534
89.764110
91.839100
89.745729
89.847454
89.661153
90.055455
91.270559
89.794201
89.734310
89.769504
91.121812
90.520168
89.831643
89.714355
89.652673
90.440950
91.255632
89.861748
89.792020
89.804594
91.287297
90.224915
89.781553
89.935647
89.865287
91.762546
89.795065
89.780591
89.610965
91.138735
90.283816
89.627795
89.794160
90.439498
91.073284
89.574018
89.441479
89.485480
91.605290
89.682387
89.537072
89.571890
91.258029
90.102786
89.924920
89.659359
89.917539
89.986554
92.027540
89.844422
89.744092
89.735408
89.743370
91.807096
89.828555
89.920149
89.914210
89.959846
91.573284
90.496517
89.857892
89.895747
89.946278
90.180595
89.870283
90.085660
89.862342
91.622269
89.734980
89.805804
90.047018
90.112694
90.106807
91.470453
90.297762
90.235186
89.887803
90.771929
90.779616
89.629936
89.420884
89.420411
91.517238
89.612793
89.592631
89.651982
89.685839
91.297031
89.729737
89.831756
89.757585
89.745874
90.885777
91.084528
89.717328
89.710183
89.692559
89.624338
91.557091
89.708283
89.634912
89.748373
89.854232
89.728466
89.573828
89.724464
89.805748
89.810688
89.570701
90.688299
91.794665
89.540150
89.655064
89.644777
89.620591
91.510386
89.954504
90.107260
89.993558
90.232670
91.558656
89.875375
90.160570
89.605740
91.185515
90.028664
89.765838
89.774366
89.750747
89.929644
90.162798
90.099588
89.930155
91.637454
89.772673
89.829620
89.975685
90.012227
91.430897
90.087315
89.743807
89.603016
89.906984
89.967690
90.000634
89.969186
89.977847
89.713590
89.543570
89.784812
89.969812
90.054191
89.919000
89.870594
89.860646
89.836547
89.692616
89.782400
91.176906
90.249958
89.574895
89.587868
89.599827
89.602380
90.755333
90.482962
90.012737
90.481479
89.893151
90.869040
90.857297
89.784808
89.840627
90.010929
91.351480
90.183513
89.619242
89.710625
89.592182
91.627364
89.673570
89.691290
89.543968
89.603432
90.687980
90.344923
89.547179
89.590748
89.574820
89.660750
91.640531
89.744682
90.372711
89.819011
89.670478
91.813667
89.650437
89.675344
89.618005
89.654684
92.057300
89.834144
89.670924
89.607373
89.749692
91.555747
89.616363
89.568536
89.576275
89.633017
91.625585
89.786236
89.733046
89.694458
89.752470
90.683221
90.570962
89.738308
89.716682
89.726009
89.760598
91.247774
90.087724
89.857530
91.513514
89.587188
89.581264
89.746366
89.605718
90.064090
89.622878
89.791854
89.896524
89.914135
90.013214
90.002016
89.728305
90.979024
90.308369
89.837591
90.053494
90.019617
90.125564
90.082857
91.393172
90.200364
89.862102
89.850201
89.936973
89.877306
91.589702
89.829113
89.880633
89.790629
89.883119
89.855314
89.816980
89.733252
90.298546
91.561163
89.884626
89.888386
90.056347
90.034412
89.849640
89.977189
91.340571
90.624736
89.894021
89.771302
89.757208
89.850820
90.715627
90.847608
89.739364
89.879634
89.849875
89.917061
90.336118
91.107858
89.684013
89.780551
89.835677
89.811874
89.759833
91.654595
89.797669
89.736971
89.677939
89.732094
91.373141
91.117525
89.969932
89.627549
89.688591
90.571875
91.776677
89.864226
89.721366
89.733873
89.845949
90.462326
91.364971
90.016024
89.864344
89.958719
90.020498
91.327654
90.560739
89.828120
89.832987
90.065135
89.944509
91.902612
89.743986
89.891421
90.017115
90.119395
91.983939
90.388133
89.788036
89.946131
89.817949
89.249531
90.331662
90.448605
89.641037
89.583573
89.728220
89.745276
91.678401
89.741672
89.682425
89.578933
89.701948
91.654671
89.789280
89.665004
89.609206
89.678992
91.363272
89.428956
89.415053
89.436831
89.389485
91.403540
89.492514
89.457639
89.409887
89.608554
90.686261
90.632236
89.776279
89.660353
89.965871
90.182454
91.967258
89.786434
89.748468
89.863261
89.630458
91.701514
89.803706
89.799294
89.729333
89.708101
90.892109
90.578844
89.943884
89.843985
89.695694
91.692986
89.905572
90.020836
89.848248
90.408354
91.046719
90.063412
89.796594
89.843125
90.480775
90.925493
89.410074
89.525093
89.571002
89.597538
91.555203
89.734206
89.583910
89.594283
89.563100
89.435079
91.654212
89.736887
89.707120
89.661058
90.547431
91.393424
89.965921
90.234604
