50
88.132024
91.409383
93.986749
93.882078
93.801726
93.956610
94.112799
97.620836
94.710680
94.747324
93.985227
94.053652
96.293431
94.012670
94.003517
95.263919
94.910337
94.034058
96.645955
94.789261
93.781041
93.636272
95.802316
93.844145
94.016822
94.177846
95.668480
93.934544
93.916074
95.307120
94.606599
103.531336
104.275764
105.204751
104.573241
106.948119
102.189975
93.408456
95.407805
94.320829
93.525882
93.603259
95.633214
93.702295
93.623993
93.700641
95.919827
93.937445
94.007485
94.700546
95.254580
93.891680
93.883848
96.003513
93.887352
93.946013
95.510791
94.398953
93.899916
94.662685
94.976779
93.660964
93.739229
96.089576
93.716170
93.937368
95.602645
94.320308
93.816983
94.436711
95.308136
93.699077
93.610214
95.833114
93.785652
93.725308
94.933283
94.691345
93.733013
94.049092
95.633962
93.823372
93.812897
96.064627
93.684690
101.476232
94.463561
94.603359
93.283719
93.403298
95.594818
94.106208
93.864276
95.236349
94.207732
93.775232
93.942319
94.964274
94.542841
93.691476
93.676841
95.246581
94.377878
93.652691
93.527913
95.488351
93.329057
93.568340
95.330465
94.249866
93.723217
93.988567
95.840416
94.023864
93.858148
95.678485
93.971483
93.681626
94.683460
94.655078
93.508404
93.603027
95.713568
93.634747
93.542498
95.553269
96.342599
93.527097
93.461427
95.052236
94.186024
93.669035
94.449572
95.131981
93.700351
99.941297
105.569810
106.383775
105.261160
104.895312
104.971600
94.832059
95.287138
101.842613
104.276562
105.463223
106.646021
104.774768
104.976615
105.008384
103.764941
106.573245
104.763190
93.806986
93.467529
95.041809
94.294378
93.583287
93.545809
95.601101
93.799629
93.828880
95.073591
95.345878
93.790578
93.885123
95.955640
94.016892
93.817999
94.191293
95.564534
93.993646
93.598786
94.447249
94.850679
93.690519
93.937929
94.805828
95.215820
93.819991
93.809231
94.060691
95.226645
93.493670
93.738407
93.815916
95.415516
93.645832
93.583518
94.368309
95.420867
93.812328
93.738508
94.979352
94.518753
94.081472
93.743916
95.608996
93.582090
95.593460
93.495215
93.657430
94.640341
94.586546
93.680813
93.876474
94.055333
95.097452
93.648952
93.585120
93.597211
106.037739
104.187516
104.650773
104.744196
104.781572
104.569143
104.631019
94.011830
94.829033
93.659805
93.701902
94.156183
95.015620
93.403499
93.527629
94.426228
94.637020
93.468377
93.418651
95.922785
93.802871
93.378649
94.537455
94.691088
93.839052
93.843005
95.983524
93.899815
93.788585
94.079047
95.370415
93.514625
93.400392
95.986935
93.496553
93.431561
93.649308
95.626825
93.729390
93.827762
93.518235
95.619706
93.566113
93.598239
93.622265
95.619024
93.801030
93.938358
102.957768
96.191562
95.240369
93.224436
93.274014
93.251202
95.494639
93.388606
93.511918
93.682151
95.714591
93.735893
93.651864
93.716051
95.987360
103.473485
93.288111
93.323359
94.461503
94.466768
93.551785
100.168728
103.357971
104.888101
104.992765
102.870929
93.591792
93.390912
93.522368
95.470951
94.271344
93.899565
93.793203
95.848075
93.777747
93.763434
93.945685
96.049244
93.939776
93.548505
93.441175
95.193564
93.369122
96.365517
94.353073
93.624370
93.651571
95.709509
93.629302
93.457258
93.650650
95.681557
93.467546
93.596205
93.917143
95.352137
93.678903
93.662360
94.344895
94.759713
93.562436
93.554160
95.360982
93.707253
93.674472
94.300546
95.139651
93.634033
93.660915
95.428007
93.769460
93.446583
93.859834
95.150222
93.456553
93.611714
95.689736
93.815039
93.646307
98.200771
104.971046
105.110580
105.267355
105.015956
101.583445
93.284776
95.221324
93.438157
93.737479
94.605053
95.011112
93.578424
93.645088
95.649106
94.229998
93.536058
93.536194
95.742758
93.654454
93.709404
93.693189
96.604499
93.838092
93.456058
93.459888
94.908567
93.993658
93.638748
93.651122
94.372477
94.763918
93.574600
93.562892
94.776213
94.770322
93.560353
93.665029
95.633117
93.564173
93.612659
94.412954
94.871681
93.598933
93.650482
95.694440
94.104418
103.910386
103.933920
103.981566
104.570053
103.329226
95.371132
93.552318
93.363188
93.472385
94.934157
95.023263
93.541366
93.599713
95.394704
93.925833
93.661037
93.627257
95.111114
94.371400
93.744817
93.884264
95.496388
94.152713
93.804451
93.715435
95.790917
93.977609
93.852295
93.606422
95.783577
93.830662
93.519753
94.507559
94.682414
93.590789
93.540910
95.629516
93.751040
93.588710
93.598131
95.974414
93.885412
93.775792
94.123393
95.553731
93.944984
93.889664
93.977075
95.520672
93.658399
93.646430
94.410998
95.263041
93.816850
93.620864
94.719215
94.471545
93.451155
93.541130
101.610746
105.692946
96.705734
93.323554
93.386820
94.964325
94.155292
93.188112
93.291546
94.367799
94.549308
93.624941
93.781712
94.770341
94.904874
93.820985
101.068021
104.607877
104.462925
105.314460
105.897131
104.909664
104.601954
104.320211
105.594234
105.371016
105.036063
104.292874
99.676467
93.273303
95.449948
93.388066
93.420780
95.290468
94.212650
93.653111
93.798993
95.756985
93.687187
93.682772
94.457953
94.985742
93.665857
93.650352
96.455336
95.198914
104.563450
104.050891
104.415247
106.061455
105.277592
104.516863
104.895797
105.443448
104.765228
104.186590
93.786581
94.975811
93.625625
93.614874
95.030457
94.543899
93.894460
93.674779
95.057181
95.121676
98.952557
93.254470
93.477655
95.448492
93.690667
93.672568
93.763059
95.806008
93.906044
93.408261
95.989499
93.446018
93.409029
93.507342
95.732722
93.627753
93.633791
93.529745
95.664094
93.795036
93.820349
93.830030
95.729279
93.636105
93.599287
93.598245
95.601668
93.705170
93.655418
93.593284
95.794953
93.668649
93.677498
93.462914
94.711070
94.131862
93.445284
93.420948
93.475987
95.735994
93.899538
93.839601
93.774487
96.020349
93.713154
93.845593
93.686316
95.783326
93.842481
93.598011
94.076683
120.456390
89.537467
89.639013
89.644917
89.648026
89.630590
89.637808
89.666677
91.578391
89.834998
89.651776
89.681495
91.054735
91.262981
89.890981
90.080397
90.017405
90.070799
92.065250
89.979882
90.008734
89.966907
92.413245
90.806921
89.725273
91.818457
89.872876
90.042367
90.642796
91.334912
89.925579
89.968311
92.160517
89.935881
89.687452
89.826942
91.682246
89.857823
89.962952
89.937922
89.868773
91.965878
90.287754
89.977157
92.153946
89.865999
89.778520
91.655462
90.326885
89.911852
91.642949
90.762302
90.012923
91.244434
90.756717
89.774685
90.608119
91.105611
89.842826
89.871660
89.988034
90.809263
90.625972
89.789489
89.887398
89.875533
89.839068
91.474722
89.859359
89.731998
89.867345
90.936930
90.884045
89.777676
89.826713
91.559471
89.936660
89.629196
89.641852
91.661924
89.837049
89.797540
89.831138
90.240053
91.468464
89.809887
89.668270
89.704032
92.004191
90.022603
90.175625
90.075938
91.593009
91.218757
92.419507
90.862639
90.164206
90.200623
92.068306
90.074513
90.205614
90.259988
92.006647
89.947843
89.791055
89.813642
91.878482
89.812928
89.543929
89.428737
90.910165
90.606777
89.889023
89.738312
90.096695
91.943566
89.875837
89.890522
89.880604
91.798238
89.740780
89.869244
90.066992
91.109205
90.662584
89.963270
89.936614
90.041322
90.037659
90.011758
90.920258
91.697565
89.966345
89.900594
90.889599
90.724955
89.817826
89.897176
90.476144
91.073487
89.848990
89.658137
89.801794
91.692011
89.815445
89.934031
89.950479
91.867951
90.016182
89.828108
90.005313
91.582020
90.409998
89.418399
89.726322
91.965783
90.043504
89.915484
90.074040
89.982436
91.708727
89.525838
89.755687
89.820608
90.991868
91.068553
90.099717
89.804919
89.883456
92.210210
90.083534
90.065702
90.006134
91.384788
90.843354
89.782927
89.908437
90.737029
91.192200
89.951680
89.989164
91.389867
90.418411
89.963867
89.878235
90.833475
90.488379
89.990265
89.826776
91.749400
90.189850
90.096250
89.910305
89.902552
91.472628
90.531270
89.749617
89.932995
91.813293
90.395220
89.925541
89.811911
91.849159
89.952475
90.211164
89.961495
91.963140
89.939401
89.870699
90.083438
91.750599
82.854161
86.616865
88.778274
89.786771
89.776150
89.809382
89.857576
89.738071
89.757419
89.869633
90.040936
90.028322
89.904047
90.274962
91.978444
89.905144
89.868515
89.732247
91.529836
89.424023
89.978485
89.793536
89.818507
89.940499
89.763179
89.632653
89.639785
90.243272
91.771491
89.826783
89.861463
89.940406
90.089974
90.716372
91.377899
90.051566
89.898341
90.421810
90.371930
90.943775
89.707153
89.745396
89.877467
91.797525
89.717611
89.665803
89.936478
91.412045
89.607238
89.718567
89.707640
91.754629
89.712460
89.716734
89.776933
90.474565
90.981565
89.893760
89.885819
89.714086
91.748855
89.754133
89.736244
89.573035
90.341345
91.459553
89.678215
89.727079
89.925108
91.528364
89.643688
89.614956
90.423760
90.844557
89.713074
89.745921
89.741127
91.681836
89.759707
89.643027
89.603015
91.679231
89.777253
90.023530
90.004464
90.055755
91.842487
89.864343
91.353090
90.584474
89.952133
89.809480
90.269182
90.903423
89.768583
89.768853
89.918279
90.023795
89.931392
91.909690
89.747772
89.718534
89.829929
89.764522
89.765981
90.412469
89.922022
89.824718
91.705481
89.996339
89.821101
89.868717
91.115302
90.668884
89.855339
89.970210
90.138376
91.942434
89.932855
89.783925
89.985679
91.948796
89.886426
89.847339
89.741663
91.814760
89.833594
89.800127
89.850521
91.778250
89.669008
89.597172
89.720418
91.756949
89.762939
89.456714
89.425680
91.427319
89.492151
89.763340
89.782978
91.413817
90.051838
89.660769
89.603760
91.471129
89.632791
89.512580
90.265106
91.307602
89.734283
89.807005
91.372996
90.478736
89.949604
90.646377
91.595626
89.529375
89.593103
89.962931
91.145074
89.488759
89.777533
90.107643
91.334726
89.830417
89.898105
89.884800
92.019619
89.788862
89.729130
90.168876
91.770935
90.010540
89.927696
90.765397
91.118123
89.863557
89.962585
91.796945
90.183046
89.876388
90.137229
92.127654
90.173441
90.107658
89.772315
91.407802
90.472635
89.938178
89.864064
89.940699
91.900511
89.786331
89.833839
89.741495
90.596763
90.634492
89.567755
89.777344
89.884974
91.664698
89.293564
89.329461
89.558542
91.409189
90.074272
89.640083
89.825812
90.222594
91.755688
89.903914
89.891793
89.760582
89.830350
91.895254
89.936707
89.918046
90.419736
93.011716
90.804451
89.845835
89.961834
91.512729
90.270077
89.685604
89.622571
90.706170
90.561731
89.572967
89.504620
89.922354
91.357000
89.654601
89.591133
89.577535
91.129849
89.997873
89.634328
90.648322
91.148071
89.370784
89.248290
89.443020
90.730047
90.174299
89.599005
90.043015
89.683587
90.034948
90.149639
90.139807
89.872252
89.852712
91.835969
89.918857
89.780609
89.814607
90.000421
89.959786
91.839007
89.722061
89.609094
89.460558
89.436455
91.477125
89.721212
89.642682
89.706387
92.424124
90.556603
90.235606
89.704865
90.680233
91.025291
89.989901
89.798772
89.887698
91.414531
89.713877
89.751254
89.612390
91.247350
89.879678
89.641915
89.640303
89.768525
91.634526
89.777727
89.918785
89.607871
91.249184
90.061895
89.546884
89.448221
91.549540
89.737481
89.841238
90.177169
90.051033
89.995770
89.909057
89.730306
91.397853
90.487562
90.113430
92.464456
90.501795
89.891601
89.901854
89.963063
91.879765
90.031894
89.965464
89.732779
90.233613
91.466497
89.683502
89.746797
89.734709
91.777585
89.980826
89.779567
89.744448
91.078794
90.536875
89.788168
89.741134
90.171094
92.384226
89.767340
89.839401
89.705733
91.192923
90.395321
89.686645
89.690005
90.484319
91.020855
89.899106
89.666549
89.594665
89.703677
91.865866
90.017724
90.104317
90.030385
90.118731
90.029011
89.941278
92.490598
89.948218
89.795215
89.818357
91.754353
90.074345
89.612810
89.540168
90.640346
90.851392
89.627354
89.753443
89.611573
91.593391
89.603911
89.583377
89.790089
89.897275
92.070446
89.900608
89.864318
90.003511
90.428985
90.889235
89.732972
89.798796
89.916518
89.807137
91.810640
89.950132
90.079400
90.048948
91.170268
91.388310
89.815869
89.787325
89.808540
92.066550
89.865639
89.708082
89.540682
90.561998
90.252009
89.418527
89.505302
89.599753
90.916838
91.381869
89.722601
89.677618
89.595119
90.632807
90.675406
89.626982
89.680053
89.991507
91.494779
89.820960
89.870363
89.948966
91.754800
89.761084
89.748098
89.575391
91.317017
90.385046
90.133174
89.982473
89.909962
91.819599
89.718469
90.026917
89.894584
89.851748
89.866503
89.918560
89.998713
89.940365
89.801726
89.792332
91.692073
90.103655
90.112769
90.202142
89.995879
90.957672
91.280918
90.144408
89.849073
90.126514
91.531050
89.912332
89.897296
89.899329
91.103456
90.947643
90.120304
90.146467
90.044371
91.537085
90.510853
89.939871
89.974903
90.096065
92.109650
89.932625
89.968599
89.911055
90.745670
90.404674
89.861883
89.717397
89.731267
91.459977
90.478574
89.810611
89.885295
89.835284
91.900374
89.928970
89.908522
89.941178
91.929963
89.795963
89.789275
89.791547
91.058432
90.437781
89.581566
89.691084
89.699684
91.873021
89.852092
89.867715
90.543223
90.958295
89.884220
89.831940
89.961842
91.466949
89.798631
89.916673
89.930219
91.886408
89.769346
89.766214
90.645400
92.799033
90.068415
89.810659
89.894498
89.757296
91.874116
89.761699
89.581332
89.639390
89.921761
91.440216
89.841315
89.980615
90.057202
92.014583
90.036132
90.044828
89.949227
91.810399
89.889874
89.986512
90.486139
91.498420
89.881324
89.863830
90.095565
92.490738
89.662042
89.930485
90.268423
91.864810
89.745963
89.748806
90.721805
91.133911
89.755841
89.691893
90.705417
90.834254
90.046023
90.164481
91.935471
89.903862
89.902089
89.975185
92.425121
89.864828
89.818622
90.521598
91.228156
89.715386
89.557500
90.382712
90.745998
89.886231
90.063185
91.434174
89.648735
89.764392
90.141028
91.300814
89.777015
89.776310
90.139232
91.709570
89.955654
89.852989
89.926521
91.955131
89.784537
89.715362
89.849274
91.902024
89.912338
89.982024
90.022901
91.578428
89.986649
89.960124
90.054913
91.542988
90.612096
89.969663
89.858920
90.987841
90.789603
89.730576
89.848216
91.482209
90.622651
89.853025
89.784379
90.707933
90.745623
89.683646
89.706203
89.894264
91.737151
89.912605
91.880984
89.922830
89.927501
89.758856
91.702460
89.754288
89.837432
89.753425
91.166801
90.328642
90.094220
90.106888
90.029837
92.268206
90.626915
89.979771
89.904523
90.538406
91.256440
90.931664
89.860583
89.790785
91.871074
90.252424
90.090471
92.303563
90.353314
90.050504
90.007193
90.014056
90.029597
90.170585
90.043551
90.717361
90.762496
89.610929
89.783356
89.851845
89.793344
89.900237
90.946797
91.038910
90.017582
90.169368
92.055707
89.924531
89.818920
90.667824
92.832539
90.095186
90.038572
90.558471
91.617703
90.114365
90.016605
89.935734
90.134290
89.977114
91.435304
89.818011
89.961782
90.125772
89.997290
89.969158
89.998372
91.730869
89.877589
89.967302
89.776970
91.930566
89.948321
89.922397
89.986133
89.961104
91.765808
89.896484
90.179070
90.203036
90.329881
90.876444
91.252688
90.114077
89.982968
89.914436
91.872120
90.322041
90.133656
90.177070
90.095872
92.114577
90.107649
89.886834
89.663162
90.242779
90.964695
89.633891
89.837123
89.965689
91.310267
90.781124
89.990560
89.829313
89.660012
91.789209
90.032309
90.093376
90.117576
89.916542
91.846547
89.912416
91.374801
90.528977
89.796187
89.914069
89.993942
92.049585
90.066053
90.023057
89.805244
91.813621
89.732697
89.883903
89.820181
91.302099
90.657798
90.045070
90.047414
89.984271
91.917580
89.970613
89.803758
89.630780
91.182703
90.426389
89.788576
90.076245
89.850723
90.855370
90.424728
89.729766
89.823619
89.765286
91.762676
89.812902
89.855862
89.911473
92.450759
90.203702
90.246270
90.015548
91.631639
90.343603
90.226107
90.207629
90.094387
92.062256
90.007205
89.796538
89.686233
91.754794
89.979185
90.208873
90.131327
90.010952
91.704499
89.793036
89.949656
89.952892
91.321150
90.297533
89.723369
89.798320
89.964893
91.528548
90.091007
89.912510
89.794256
89.861441
89.801047
89.903593
89.851715
90.786540
90.800199
90.022023
89.973147
90.269727
92.143008
89.875564
89.850941
89.749455
89.928542
91.979708
89.927723
90.364457
89.971580
91.040962
90.563161
89.670152
90.031600
89.841138
91.632407
89.742595
89.791600
89.837037
91.011507
90.677662
89.703800
89.672836
84.769050
88.507600
90.038735
90.122315
89.868206
89.722933
89.687661
91.944283
89.652018
90.995471
91.962457
89.958310
91.299239
92.088604
90.117021
89.945785
90.013819
91.961250
89.826424
89.921671
89.865395
91.715193
89.698029
89.854645
90.057168
92.021743
89.950250
89.802107
89.968209
92.064696
89.968267
89.977492
89.970155
90.114426
91.375791
89.828806
89.955984
90.895389
90.918718
89.999020
89.839261
91.566933
89.949145
89.567414
90.553908
90.710086
89.808304
89.729619
91.419270
90.234530
89.691366
89.829846
91.971847
89.763977
89.773503
90.296205
91.737381
89.788734
91.386956
89.765885
89.644226
89.607550
90.539255
90.566553
89.520292
89.492248
89.433218
90.559559
91.339172
89.487522
89.597188
89.601566
90.074638
91.346093
89.887983
89.948533
89.337461
89.579180
91.326833
89.623252
89.647952
89.751799
90.019629
91.369505
89.884870
89.940219
89.895946
89.823613
89.861399
89.705004
89.686164
89.815228
91.159005
90.202686
89.904051
89.917648
90.789041
90.753529
89.878972
89.812560
90.287898
91.319804
89.777221
89.889096
89.945401
90.794205
91.074069
90.030864
89.831812
89.865288
91.045748
90.672533
89.851714
89.559013
89.597412
89.735268
91.679598
89.892125
89.860479
89.770782
89.831164
91.965819
90.125053
90.055690
89.863744
90.750242
91.321913
89.952227
89.886420
89.710306
91.749367
90.194893
89.691650
92.591549
91.194688
90.025997
90.080763
90.137687
90.072469
90.685968
91.342213
90.118878
90.950117
90.718794
91.341552
89.649324
89.990719
90.001408
90.192664
90.096521
90.307420
90.077240
91.054180
90.878705
89.893795
89.958663
90.285574
91.379907
89.802502
89.719889
89.623527
91.582327
89.529158
89.747308
89.616883
90.933109
90.401613
89.648892
89.635462
90.208069
91.649405
89.637020
89.476674
89.758518
91.946143
89.890676
89.735220
89.736341
91.083068
90.366970
90.177453
90.144689
89.895283
91.860712
89.790178
89.730546
89.804439
89.714596
89.727641
89.969193
90.002700
89.816388
89.844491
89.839745
89.922227
92.052301
89.989228
90.089918
90.014299
89.942346
90.409943
91.200695
89.923427
89.872795
89.911091
89.970976
91.502493
89.824074
89.872324
89.911978
89.961544
91.957943
89.836878
89.877583
89.672608
89.751544
91.558559
90.220717
89.848806
89.786519
89.908514
91.686868
89.609419
89.718530
89.956215
91.252253
90.221173
90.172134
90.269204
90.148997
90.149292
90.212481
90.195170
90.067197
91.600087
89.999417
89.978102
90.006057
92.060336
89.917067
89.710844
90.673350
91.741922
89.744173
89.911007
90.116527
91.785987
89.785629
91.692981
89.625017
89.594722
89.737119
90.464826
91.008310
89.745108
90.007478
91.437955
90.375806
89.826952
89.642155
91.947410
89.858573
89.781965
90.809905
90.908463
89.716373
89.608544
91.900531
89.747565
89.725673
90.801002
90.701659
89.692967
89.713236
91.814126
89.951503
89.726840
89.844199
91.543482
89.674519
89.729276
90.388709
91.099074
89.783179
89.811591
90.046382
91.610755
89.823444
89.797595
89.867869
91.788359
89.823067
90.053177
90.123275
91.833511
90.204678
89.999715
90.003278
90.997453
90.608053
89.765832
89.801143
90.592806
91.109397
89.618006
89.812141
90.394497
91.370214
89.891898
91.523422
90.628667
89.809892
89.749498
90.715309
91.052988
90.382439
90.016518
89.948427
91.864254
89.968548
89.993813
90.146814
92.112193
90.003046
89.888991
89.567510
89.520940
91.558589
89.580082
89.570926
89.995842
89.730545
89.713631
91.621849
89.843060
89.788259
89.797488
90.044229
90.399773
91.332201
89.808443
89.875619
89.977780
89.994437
89.856415
91.832245
89.682656
89.679199
89.754541
89.704924
91.747047
89.727027
89.657742
89.617761
89.701731
89.769218
90.694664
91.113218
89.620944
89.841291
89.780257
89.696165
91.148478
90.150409
89.709223
89.807661
90.101300
90.108402
89.795676
89.678983
91.684516
89.727951
89.771356
91.488456
90.491553
91.214440
92.251113
89.857035
89.886786
89.839810
91.798301
89.767556
89.706839
89.699337
91.629476
89.663653
89.794527
89.752379
91.571661
89.987779
89.698337
90.015762
90.742795
90.798932
89.923424
89.952929
89.754282
91.754778
89.816800
90.013767
90.040100
90.712481
91.073653
89.825479
89.759726
90.040809
91.466678
89.754763
89.801482
89.617939
91.653012
89.689231
89.743034
89.975708
91.418037
91.044389
89.812237
89.714903
90.789140
90.741002
89.624873
89.633184
90.309831
91.438932
89.729546
89.690963
90.028964
91.329556
89.926200
89.965144
90.305040
91.938544
90.048427
90.014348
90.270505
90.394196
91.722359
90.112460
90.022568
89.933883
90.205848
91.766310
91.025923
90.017062
90.155595
90.237510
90.991756
90.775076
89.754456
89.892808
91.358169
90.385979
89.965088
90.507331
92.371136
89.977971
89.665699
90.002049
91.753391
90.147891
89.884573
89.903830
90.163681
91.667671
89.910271
89.772425
89.801227
90.219489
90.071449
90.580725
90.684516
89.943724
90.015802
90.472494
91.553095
89.893590
89.833751
89.823299
91.796670
89.949951
89.963660
90.046954
91.207300
90.256907
89.910106
90.100013
91.190022
90.513472
89.726499
89.575372
90.568286
90.638014
89.742131
89.726418
89.573803
89.575339
89.761027
90.051305
91.945227
89.929316
89.897702
89.844762
91.922414
92.459480
89.672433
91.637255
89.976482
89.652882
89.731250
91.711877
90.013638
89.897781
89.901292
91.892455
90.005071
90.138705
89.967176
91.325735
90.450323
90.064803
89.896387
91.555136
90.369656
89.687529
90.295100
92.038742
89.999479
89.925484
91.302065
90.856022
89.914921
89.822504
91.843044
89.982071
90.113204
90.266384
92.101567
89.896714
89.781859
89.878256
92.001200
89.866147
90.044314
90.019448
91.758401
89.650838
89.738195
90.482738
92.702715
90.154873
89.836903
89.919539
89.912552
91.285233
90.638392
89.845182
89.891945
90.067269
91.898773
89.950778
90.034114
90.002549
90.568462
91.152554
89.804492
89.832191
89.886453
89.967931
89.846781
91.610124
89.869216
89.867134
89.723585
89.913709
89.938828
89.865525
89.861474
89.933879
90.888676
91.004793
90.087897
90.047877
89.920204
89.808314
89.753863
89.759327
89.783898
91.479102
89.835854
89.632942
89.807449
89.869886
91.646915
89.828165
89.779712
89.776907
90.053665
91.500510
89.533495
89.629188
89.839888
90.252939
91.889265
89.801755
89.742912
89.860441
90.463477
91.007546
89.851653
89.732464
89.819265
89.821326
91.619152
89.618141
89.637545
89.490710
89.611873
89.868238
91.576973
89.730077
89.768779
89.590045
89.493166
91.792106
89.854875
89.865714
90.005256
91.652006
89.999429
89.793852
89.850427
90.724830
91.046692
89.927347
90.013298
89.985047
91.936924
89.835322
89.743579
89.673773
91.834119
90.135192
89.611244
89.978581
90.080295
89.915514
91.882559
89.886799
90.028423
89.880717
91.132810
90.531876
89.810933
89.938277
90.537287
90.916577
89.574974
89.565199
91.345521
92.354429
89.782759
89.762492
89.706206
92.168045
90.643423
89.630370
89.590681
90.287390
90.897013
89.622294
90.027436
90.119090
92.205812
89.995777
89.650353
89.456028
91.113622
90.032414
89.914532
89.955141
90.696991
91.112933
89.864434
89.836424
89.769006
92.458765
89.910190
89.697697
89.702164
89.845728
91.912556
89.905771
89.991890
89.996166
90.247168
91.585905
89.922869
89.918891
89.847921
89.842514
91.725176
89.826102
90.017182
90.066215
91.790099
89.666110
89.674939
89.978283
91.934034
89.767815
89.722003
89.576874
91.754477
89.752635
89.724103
89.723568
90.500088
90.918605
89.639072
89.549451
89.601544
89.537040
89.525515
89.643287
89.614985
89.646990
91.812472
89.850344
89.981968
89.882275
91.714508
89.619667
89.620303
89.773901
91.991594
89.882082
89.708643
89.715403
91.193964
89.947358
89.737548
89.607200
89.592693
89.655627
91.666404
90.013687
89.424241
89.554304
89.564083
89.644704
89.774642
89.878653
91.239112
90.184601
89.837813
89.608417
89.691915
91.378112
90.346313
89.950298
90.038734
91.671242
90.317174
90.046333
90.029318
89.673534
91.490814
89.667017
89.730954
89.708173
89.749310
90.914329
90.601191
89.760268
90.047707
90.026158
90.152031
91.439881
90.218633
89.960842
90.038288
90.587771
91.471846
89.823977
89.814405
89.745922
89.803449
90.015082
89.740293
91.792754
89.915336
89.921645
89.786399
89.856464
90.439985
89.880745
90.068743
90.010319
89.812802
89.816264
91.871542
89.887358
89.883548
89.684764
89.549161
86.368219
90.778526
93.316977
93.766568
93.798331
93.675809
93.748045
101.985626
98.876716
93.318641
95.236730
94.846010
94.532680
93.408055
95.694181
93.770714
93.834434
95.160089
94.502452
93.849129
93.847129
96.160719
93.971556
93.799444
93.784414
93.699971
95.706340
93.712780
93.766147
93.734312
95.910007
93.715833
93.575885
93.594270
95.600044
93.630391
93.566472
93.692436
95.900703
93.811728
94.174968
95.177415
94.487330
93.679432
93.631507
94.868028
94.746723
93.852836
93.848901
94.013868
95.730517
93.742566
93.705763
93.746200
95.991913
94.060710
94.109538
94.103165
93.996021
95.875511
96.314090
106.354674
105.834846
105.070190
95.178009
93.397248
93.398189
95.596300
93.655865
93.822685
93.743971
95.179228
94.171803
93.593438
93.684357
99.448174
104.231632
104.552294
104.274316
103.570291
100.309386
104.066411
96.559765
94.360762
94.631907
93.699231
93.758115
94.452690
95.228118
93.598466
94.568686
93.998254
95.233155
93.586879
93.637714
93.993242
95.278221
93.655586
93.617522
94.013453
95.429011
93.657479
93.618045
93.965041
95.478754
93.769342
93.824155
94.681928
96.152761
93.818033
93.932721
96.143909
93.625641
93.622032
93.596503
95.518251
94.086406
93.682956
94.642144
94.742628
93.666314
93.744956
94.908653
94.386931
93.596262
93.849579
94.043488
95.864513
93.950870
93.761792
93.703822
95.262928
94.145840
93.746219
93.568526
95.751939
94.766966
93.694769
93.594281
93.651702
95.739945
93.738942
93.709083
93.707842
95.748009
93.827283
93.866234
93.731707
95.652720
93.585753
93.594642
93.491582
105.376567
104.576424
104.262897
104.376798
104.593034
104.539041
103.921150
105.957492
103.786314
104.415282
102.656268
93.313874
94.658298
94.197331
93.505027
93.621608
95.593334
93.548679
93.578124
93.516347
95.094935
94.059890
93.758468
93.688951
94.853047
94.565360
93.653764
93.901427
95.660030
93.788056
93.723898
94.046113
95.535884
93.447158
93.361329
93.332488
95.138936
93.945279
93.504617
93.616104
95.105279
94.345651
93.670017
93.724142
99.689436
104.801673
107.494449
103.291799
93.190738
93.507104
94.641570
94.804884
93.918618
93.934015
93.858219
96.086701
94.255632
93.236051
93.310117
95.772926
93.405931
93.491780
93.600412
94.642647
96.921087
93.788183
93.806794
94.897955
94.789845
93.988332
93.978747
94.596404
95.240535
93.759720
94.588593
97.749966
95.280554
93.595369
93.247206
93.394833
96.100583
101.111657
104.122087
98.463407
93.117691
95.359020
93.359003
93.423489
93.467164
95.627104
93.716625
93.684509
93.718503
94.806251
94.670476
93.715740
93.793089
93.888368
95.312206
93.593112
93.583646
93.637560
95.720835
93.806527
93.737115
93.757911
94.851577
98.724161
104.004233
97.195767
93.287570
93.316041
95.256929
93.484049
93.336892
93.384917
94.949640
105.488160
104.921706
104.324036
93.114413
93.176876
93.359212
95.521733
93.438752
93.444473
93.541131
100.548698
96.155133
93.193810
93.178270
94.929089
94.402214
93.635720
93.524144
95.601470
94.029422
93.926030
93.759448
95.694856
93.825789
93.811134
93.604924
95.543659
93.481274
93.573622
93.807398
95.940743
93.969111
93.702334
93.683170
95.402289
93.932077
93.688328
93.852323
95.318956
94.290465
93.611923
93.685544
93.694941
98.885601
104.698764
104.827894
104.507955
104.467405
104.841925
104.565857
104.244874
104.474072
105.192977
104.664972
105.408361
105.896786
105.388353
106.627276
105.123331
104.717083
104.302103
104.848060
104.241559
104.404386
104.255028
106.179148
105.176319
104.781815
105.287784
104.868152
104.539756
104.534453
105.186135
104.747516
104.183057
103.754884
104.485175
104.779305
104.306018
103.113312
93.240261
93.264481
93.417866
94.701059
94.202199
93.573391
93.646748
93.680668
95.680766
93.795881
93.771192
93.914022
95.431875
94.206567
93.815385
93.791347
94.400780
95.170644
93.747163
93.727442
93.677332
95.841436
93.720941
93.631510
93.634192
94.826785
94.443380
93.542678
93.513125
93.723766
95.329725
93.534317
93.883728
96.068693
93.629711
93.481866
93.539553
94.485239
94.616616
93.539053
93.688010
93.819851
95.859414
93.922943
93.681509
93.791080
96.572487
95.048438
93.048340
93.488525
93.539574
94.591394
94.619558
93.718706
93.594170
93.521940
95.657481
93.883988
93.849468
93.817936
95.915864
93.904918
93.836473
93.728245
95.439998
94.089825
93.627627
93.683378
95.028696
94.227602
93.706832
93.742297
94.697920
96.352428
95.036571
93.498974
102.439493
94.498544
95.237214
93.506964
93.644679
93.900079
94.094713
95.480215
93.663121
93.732759
93.712762
93.751546
95.410549
93.633975
93.568192
93.520476
103.119299
104.396121
104.105755
104.313685
106.196798
103.727066
93.184397
93.223472
93.164439
94.141043
94.039699
93.264657
93.251329
94.317602
94.698303
93.481817
93.505304
93.431551
95.446148
93.765285
93.865936
93.835093
93.588918
95.723841
93.797851
93.800205
93.723130
93.795436
95.777966
93.781649
93.747161
93.898041
93.910333
95.894039
94.035522
125.578097
94.031635
93.825619
93.516416
93.691015
93.447928
93.629598
93.814024
93.831302
96.915998
94.072249
93.848608
93.951408
94.029460
95.936882
93.825039
93.483591
93.394957
94.003692
94.923887
93.446853
93.972544
93.961299
95.860577
93.969261
93.913791
93.956729
100.172153
101.729747
93.125013
93.383149
95.296261
93.377222
93.543700
93.484082
93.503475
95.236527
93.943746
93.753436
93.723345
101.916041
103.877878
104.270277
103.496380
104.373994
105.031558
104.218534
104.305183
104.175663
103.682692
103.559274
104.401021
100.567578
93.259885
95.419250
93.486285
93.685227
93.798237
93.718546
93.851577
95.562716
93.529078
93.593748
93.831355
93.613781
95.565827
93.624125
93.727457
93.536482
94.848324
94.724395
93.763327
93.704122
93.839550
96.103036
94.042551
93.972785
94.031737
93.892807
95.812852
93.843074
93.634357
93.721644
93.683737
95.023845
94.398352
94.100033
93.670312
93.522499
95.770969
93.604832
93.567623
93.575999
93.611025
95.753282
93.649649
93.671237
93.658091
93.735193
95.623062
93.772006
93.703191
93.849329
94.407960
95.164650
93.840696
93.719203
93.895990
93.959090
95.706515
93.882517
93.819317
93.682847
93.768835
95.115378
101.406813
104.810959
105.591086
105.000033
104.831272
104.842394
104.520521
104.917409
105.075876
105.042636
105.245857
105.250755
104.525922
106.294590
104.766298
95.585174
93.449962
93.296614
93.392243
94.384016
95.043844
93.589440
93.523747
93.489862
93.681929
94.907938
94.115054
93.508719
93.569277
93.642837
93.860149
104.585655
100.955274
94.847635
93.893477
93.495716
93.325280
93.366842
93.364456
93.277896
93.700141
95.166473
93.722672
93.736983
93.634240
93.680250
94.121424
94.956622
93.574970
93.474092
93.698346
93.630956
94.770892
94.716732
93.741659
93.721419
93.772121
93.722196
94.244965
94.647961
93.511404
93.526866
93.715823
94.052467
95.740846
93.608955
93.778163
93.507926
94.565735
95.506094
93.507301
93.579087
93.526272
93.648378
94.380548
94.605918
93.592948
93.733043
93.533335
93.611920
95.741354
93.783714
93.738152
97.571678
93.189631
94.288207
94.259819
93.491093
93.465431
93.388842
94.816543
94.778830
93.829215
93.871441
93.938982
93.877911
95.040642
94.509367
93.743532
93.635702
93.781495
94.016512
95.702671
93.724138
93.790912
93.814554
94.285886
95.329125
93.905736
93.958492
93.780352
95.149245
94.251067
93.695121
93.802530
93.790993
95.636154
93.863131
93.982562
93.831145
93.780556
95.501373
96.391497
93.106311
93.307468
93.273464
93.980937
94.796205
93.328095
93.513573
93.680684
95.362120
93.853486
93.693442
93.506391
93.606705
95.369072
94.584039
93.470747
93.512572
93.484913
95.315470
93.392156
93.387824
93.551824
94.904539
94.201342
93.554271
93.411925
93.473237
95.548858
93.538725
93.688313
93.961698
93.775134
94.683704
94.471637
93.735213
93.849818
93.829329
93.852670
95.831972
93.936771
93.851573
93.840299
94.878756
94.581187
93.785604
