50
72.133359
72.286747
72.182954
72.148579
72.147815
72.164772
72.183685
72.161242
72.137723
72.174444
72.166515
72.244174
72.235172
72.125584
72.140934
72.134698
72.159135
72.199556
72.198324
72.146458
72.114452
72.165570
72.101276
72.106645
72.633318
72.108111
72.091380
72.124178
72.114895
72.151471
72.172379
72.214750
72.205020
72.212085
72.218443
72.318975
72.199695
72.190573
72.650367
72.473789
72.261459
72.169978
72.160081
72.160577
72.169013
72.165040
72.200735
72.242902
72.177435
72.151951
72.157335
72.133882
72.251012
72.173273
72.169829
72.168602
72.127387
72.154422
72.159973
72.271305
72.376816
72.163031
72.155006
72.203770
72.162730
72.179125
72.162969
72.253442
72.134939
72.173481
72.145676
72.159564
72.201466
72.216923
72.209161
72.241315
72.196199
72.187363
72.197178
72.190482
72.205928
72.182322
72.202182
72.220876
72.140381
72.145105
72.161545
72.163127
72.169827
72.765229
72.142202
72.158410
72.200366
72.197984
72.296464
72.208710
72.171849
72.147305
72.168991
72.151088
72.149043
72.166255
72.211991
72.184447
72.192368
72.333963
72.170440
72.170583
72.168325
72.160486
72.171820
72.163849
72.155386
72.145468
72.261456
72.163686
72.157772
72.163561
72.156508
72.186637
72.150870
72.140449
72.215429
72.156263
72.168746
72.163777
72.168573
72.166685
72.178910
72.181988
72.173499
72.162888
72.156250
72.168315
72.143329
72.151855
72.160908
72.204288
72.272406
72.223670
72.156754
72.152957
72.163131
72.152733
72.148189
72.181293
72.128925
72.148417
72.142996
72.255377
72.337498
72.354345
72.350936
72.286052
72.309890
72.303419
72.302216
72.304989
72.303747
72.312797
72.304782
72.294911
72.335261
72.331971
72.322909
72.307831
72.324041
72.315736
72.310985
72.327221
72.320786
72.307620
72.305134
72.288855
72.288054
72.303251
72.352959
72.355190
72.319715
72.329124
72.307984
72.325455
72.306552
72.308328
72.305794
72.349338
72.324259
72.309883
72.318911
72.307835
72.364585
72.303476
72.315059
72.323393
72.308866
72.303141
72.319232
72.525938
72.362520
72.294269
72.303450
72.288253
72.335186
72.280656
72.287176
72.389232
72.323333
72.305207
72.350344
72.297328
72.308340
72.327571
72.297496
72.322972
72.327358
72.300319
72.324147
72.337680
72.371537
72.320437
72.324213
72.322409
72.315944
72.286564
72.337186
72.371581
72.326128
72.310752
72.355943
72.267880
72.275220
72.293198
72.664978
72.419390
72.335013
72.303504
72.340254
72.327578
72.377019
72.351257
72.320342
72.289016
72.309476
72.305515
72.307891
72.327209
72.358942
72.319259
72.320331
72.620797
72.377924
72.312984
72.326536
72.339443
72.328368
72.305042
72.307502
72.299534
72.342177
72.312872
72.432812
72.314125
72.316738
72.362352
72.303755
72.307166
72.318588
72.309991
73.312378
74.165040
74.182314
74.137610
74.105990
74.151687
74.163783
74.426453
74.197512
74.103286
74.120586
74.219894
74.257169
74.100928
74.109067
74.145340
74.121449
74.115169
74.120216
74.139677
74.070486
74.090857
74.063692
74.075074
74.070629
74.124925
74.064468
74.134827
74.108670
74.093597
74.089421
74.103938
74.120720
74.118360
74.105365
74.226124
74.164337
74.090517
74.090863
74.091211
74.092072
74.114986
74.136015
74.095784
74.128083
74.127072
74.192902
74.109064
74.104843
74.652171
74.153096
74.085978
74.089823
74.079358
74.120291
74.398017
74.156556
74.117202
74.107846
74.124290
74.125162
74.074969
74.156135
74.090924
74.092869
74.101814
74.132705
74.054950
74.120504
74.094493
74.126555
74.085501
74.197131
74.095415
74.089517
74.095856
73.870042
73.729298
73.867150
73.748680
73.774824
73.752425
73.805319
73.920279
73.780545
73.814297
74.086674
73.781257
73.776926
73.918474
74.263289
73.801843
73.797995
73.804774
73.797683
73.848242
73.809935
73.780639
73.892212
73.825785
73.825833
73.801132
73.818969
73.858123
73.844778
73.823362
73.827463
73.792584
73.907244
73.807815
74.152060
73.819121
73.858455
73.838545
73.824939
73.813391
73.828205
73.824564
73.841832
73.776000
73.780926
73.839543
73.833354
73.876684
73.870687
73.851654
73.870287
73.805243
73.818451
73.876414
73.853923
73.819031
73.868975
73.794867
73.852730
73.825086
73.860411
74.174652
73.821031
73.795514
74.098085
73.866153
73.827492
74.102177
74.078017
73.778797
73.884364
73.849971
73.699640
73.774879
73.826038
73.890198
73.848982
73.776628
73.903397
73.811618
73.817571
73.818617
73.814501
73.816981
73.940310
73.783499
73.840145
73.868701
73.918141
73.875123
73.805444
74.256302
72.113372
72.120427
72.138531
72.120349
72.097206
72.108581
72.500522
72.266906
72.271079
72.308213
72.303477
72.271861
72.289874
72.260282
72.316728
72.268333
72.263907
72.270555
72.265978
72.248855
72.255588
72.276473
72.270796
72.231915
72.273138
72.260708
72.275237
72.295439
72.295253
72.288105
72.292227
72.278661
72.245613
72.266043
72.268794
72.254908
72.261612
72.307889
72.249289
72.239448
72.239920
72.798762
72.271675
72.287073
72.289889
72.269646
72.260199
72.266169
72.264760
72.335276
72.283551
72.254499
72.270163
72.254644
72.334003
72.288290
72.287108
72.297506
72.323526
72.272109
72.251986
72.255766
72.274450
72.265664
72.282918
72.278222
72.248128
72.244423
72.257659
72.319693
72.260565
72.281036
72.319061
72.268989
72.311299
72.257812
72.290447
72.269502
72.249029
72.278309
72.273177
72.248322
72.279872
72.261984
72.301040
72.266134
72.351706
72.259142
72.246958
72.249293
72.257659
72.273471
72.290277
72.275952
72.241436
72.237854
72.244651
72.376020
72.386513
72.361493
72.350861
72.348612
72.356152
72.734512
72.359755
72.357250
72.417761
72.353823
72.352860
72.342108
72.404036
72.348103
72.358918
72.335444
72.347694
72.344761
72.349770
72.373068
72.346211
72.323564
72.433239
72.336724
72.341990
72.344774
72.344543
72.396449
72.327682
72.347365
72.327140
72.327912
72.347497
72.342202
72.361359
73.706594
73.782118
73.776030
73.725221
73.733506
73.738979
73.788163
73.698242
73.309973
72.101105
72.118608
72.114929
72.105304
72.094479
72.111564
72.111322
72.127300
72.109722
72.102631
72.172250
72.158286
72.101146
72.112549
72.134475
72.115974
72.107647
72.115857
72.105255
72.122241
72.137012
72.117689
72.104778
72.171534
72.104920
72.105822
72.111685
72.133598
72.109555
72.131179
72.127235
72.107996
72.085170
72.128316
72.113320
72.118456
72.399380
72.183213
73.269347
73.811679
73.848012
73.859444
73.909276
74.102837
74.120753
74.084176
74.126121
74.163385
74.102881
74.084056
74.174313
74.086478
74.091091
74.093686
74.116558
74.077906
74.110829
74.127830
74.107709
74.083315
74.088470
72.746520
72.168285
72.161942
72.159602
73.675174
74.119575
74.098879
74.098152
74.127354
74.086759
74.084389
74.081694
74.111273
74.067420
74.083241
74.083359
74.079391
74.074354
74.077909
74.064329
74.083628
74.335050
74.127498
74.073562
74.102007
74.079430
74.433488
74.112027
74.070303
74.100155
74.077126
74.134559
74.084776
74.093251
74.069280
74.082450
74.073746
74.094936
74.074663
74.086752
74.087103
73.997021
74.083269
74.080764
74.093732
74.086096
74.081420
74.156274
74.087542
74.127038
74.088108
74.098721
74.073883
74.080402
74.088478
74.066937
74.070940
74.062645
74.110722
74.060134
74.085565
74.065432
74.081894
74.061539
74.117249
74.091877
74.109931
74.085236
74.097809
74.075695
74.088014
74.095988
74.357711
74.066625
74.077666
74.083981
74.058935
74.041082
74.067267
74.070943
74.065843
74.074190
74.030549
74.063779
75.259657
74.099875
74.067092
74.082741
74.061870
74.053761
74.060691
74.060406
74.066917
74.073872
72.350387
72.196969
72.178660
72.199572
72.193034
72.185056
72.178925
72.211686
72.203833
72.178064
72.191888
72.178321
72.187790
72.177431
72.181718
72.225319
72.178844
72.170252
72.257495
72.249306
72.178979
72.243573
72.190067
72.172182
72.178229
72.165066
72.167610
72.217911
72.209708
72.178539
72.170965
72.194612
72.171466
72.178357
72.172757
72.174975
72.171868
72.181625
72.177253
72.192083
72.177573
72.169943
72.195736
72.166868
72.177685
72.196211
72.992286
74.115799
74.097445
74.081044
74.098775
74.095725
74.082990
74.088912
74.113059
74.110133
74.117161
74.090991
74.092694
74.091968
74.087222
74.077070
74.083340
74.108663
74.063582
71.496459
71.443093
71.484211
71.440696
71.427904
71.425723
71.426424
71.442134
71.477829
71.487666
71.440114
71.468292
71.466492
71.451030
71.466411
71.486236
71.441678
71.438541
72.519656
71.501767
71.457321
71.499258
71.465291
71.490738
71.511964
71.463681
71.489843
71.501012
71.545285
71.385365
71.316693
71.316922
71.347231
71.321557
71.302708
71.317561
71.317029
71.327425
71.370117
71.418072
71.321354
71.312622
71.323214
71.355284
71.320160
71.325367
71.360814
71.358926
71.271047
71.269250
71.308922
71.296245
71.267575
71.676411
71.374022
71.330440
71.316094
71.372332
71.320841
71.359009
71.368811
71.324936
71.308207
71.325413
71.311293
71.313393
71.331892
71.313777
71.371584
71.317804
71.379912
71.318306
71.316341
71.301718
71.317061
71.340339
71.356778
71.313194
71.315303
71.319671
71.320471
71.328960
71.777074
71.323380
71.366591
71.334493
71.349246
71.338139
71.309505
71.326812
71.314946
71.316222
71.328121
71.311793
71.307753
71.391363
71.403546
71.300788
71.333689
71.413722
71.317213
71.315101
71.317305
71.319860
71.315627
71.308385
71.331334
71.304781
71.304880
71.387955
71.323972
71.310096
71.322768
71.315741
71.316595
71.320376
71.349832
71.312876
71.306161
71.321335
71.322201
71.725859
71.329344
71.352905
71.345832
71.330375
71.344685
71.288032
71.253610
71.324649
71.315740
71.379761
71.365641
71.366864
71.322481
71.327586
71.311287
71.326813
71.338897
71.328985
71.350950
71.372270
71.324004
71.330646
71.322124
71.367261
71.328688
71.325402
71.309565
71.540175
71.458948
71.334955
71.384140
71.313320
71.329157
71.328486
71.322637
71.322575
71.321624
71.322276
71.326720
71.328722
71.317077
71.327575
71.356730
71.353085
71.357239
71.321198
71.333177
71.325665
71.318345
71.335662
71.328444
71.310451
71.315313
71.357441
71.317958
71.368338
71.313651
72.535503
71.311918
71.343972
71.326032
71.331326
71.314634
71.311968
71.309512
71.332093
71.328808
71.300297
71.338409
71.310979
71.316283
71.326541
71.331344
71.321293
71.370095
71.331798
71.323709
71.331969
71.328213
71.322453
71.317722
71.316124
71.402940
71.328145
71.320283
71.334148
71.362213
71.313541
71.309537
71.320617
71.323121
71.313426
71.292426
71.213598
71.212557
71.213445
71.320135
71.328939
71.299894
71.326533
71.260345
71.294515
71.319987
71.338608
71.365477
71.306171
71.321298
71.306180
71.311899
71.309124
71.323265
71.311373
71.322211
71.336334
71.337720
71.322333
71.313278
71.317880
71.300487
71.317290
71.319631
71.310387
71.316828
71.310847
71.317066
71.326145
71.323980
71.324264
71.526726
71.416357
71.372637
71.374888
71.316948
71.324385
71.316702
71.311908
71.371267
71.330412
71.320339
71.329135
71.300337
71.310604
71.414453
71.329772
71.311997
71.756841
71.325442
71.374193
71.310164
71.314031
71.318166
71.318605
71.315009
71.315615
71.312497
71.351078
71.326360
71.309744
71.334076
71.327638
71.294195
71.342001
71.353742
71.324055
71.359549
71.325459
71.307088
71.306306
71.331153
71.314946
71.409323
71.410173
71.344961
71.359887
71.366521
71.318794
71.316161
71.365851
71.347090
71.228423
71.760789
71.353908
71.314578
71.489985
71.398365
71.326544
71.385706
71.401466
71.313183
71.354251
71.367991
71.326477
71.362152
71.311190
71.388889
71.326252
71.313523
71.307591
71.335982
71.351468
71.319791
71.318978
71.357525
71.342592
71.305591
71.331932
71.410336
71.359466
71.367904
71.384880
71.325791
71.379004
71.792079
71.365878
71.363732
71.396798
71.393478
71.314019
71.401961
71.390268
71.309174
71.362591
71.418008
71.355044
71.371106
72.592161
71.478000
71.427734
71.326435
71.349495
71.327472
71.359148
71.363131
71.355955
71.362842
71.266732
71.328360
71.344151
71.309255
71.323798
71.371659
71.361834
71.325838
71.465458
71.358978
71.317156
71.367640
71.389064
71.353897
71.337751
71.402673
71.309709
71.312874
71.407600
71.354845
71.373655
71.654242
71.358376
71.318483
71.379564
71.399084
71.308254
71.314063
71.392979
71.326676
71.312552
71.313109
71.352831
71.320337
71.356340
71.323993
71.331565
71.323921
71.412572
71.315488
71.322966
71.307682
71.310242
71.320814
71.329653
71.320990
71.364684
71.322226
71.351485
71.459528
71.304938
71.312022
71.362209
71.312026
71.305209
71.325532
71.371290
71.312183
71.361089
71.352670
71.367135
71.325240
71.327578
71.369119
71.356087
71.327697
71.351685
71.329403
71.362873
71.308619
71.309278
71.307017
71.317861
71.320942
71.397107
71.356961
71.315042
71.348680
71.324664
71.258507
71.328429
71.307320
71.359459
71.319164
71.390813
71.323156
71.325997
71.305801
71.385605
71.308997
71.355095
71.334853
71.310979
71.318338
71.364164
71.324345
71.357788
71.308470
71.311137
71.308711
71.319407
71.326592
71.410097
71.359923
71.321294
71.311036
71.316870
71.327788
71.303240
71.333177
71.364284
71.350469
71.376788
71.323024
71.312288
71.399333
71.311228
71.304982
71.360404
71.583434
71.394458
71.318648
71.328226
71.649054
71.309493
71.364626
71.325385
71.352661
71.367230
71.318805
71.311840
71.435724
71.317251
71.319074
71.309285
71.320842
71.310689
71.309486
71.300876
71.309533
71.321238
71.307884
71.306767
71.308254
71.380192
71.314653
71.309392
71.353920
71.309075
71.305007
71.309892
71.311469
71.303778
71.302472
71.293611
71.313771
71.348788
71.316766
71.315882
71.322207
71.367160
71.311631
71.414595
71.309228
71.320665
71.308467
71.300705
71.363689
71.323845
71.308274
71.322863
71.306068
71.306415
71.325884
71.321231
71.316051
71.478389
71.310704
71.309288
71.314765
71.311865
71.308364
71.311055
71.313640
71.309216
71.316627
71.315216
71.482884
71.310818
71.316138
71.301813
71.304798
71.316216
71.307612
71.315020
71.306595
71.320556
71.309706
71.846971
71.401614
71.312732
71.394196
71.340617
71.300940
71.320168
71.345804
71.317441
71.304149
71.334592
71.313863
71.300303
71.358962
71.313870
71.305430
71.327221
71.314338
71.348317
71.314867
71.311255
71.303386
71.305030
71.318026
71.315164
71.304100
71.317521
71.307877
71.312456
71.313749
71.293379
71.327692
71.309776
71.326837
71.360012
71.352907
71.304118
71.315703
71.309916
71.312227
71.290377
71.304504
71.303600
71.312397
71.301350
71.323678
71.302819
71.314359
71.323273
71.296773
71.311319
71.290926
71.283394
71.317952
71.315824
71.300624
71.294673
71.289001
71.313164
71.315839
71.303793
71.310317
71.312575
71.292740
71.294356
71.309742
71.284148
71.304897
71.291156
71.351573
71.300402
71.295977
71.337424
71.309654
71.304207
71.303929
71.307315
71.308217
71.303564
71.307829
71.305813
71.311362
71.313311
71.302770
71.307879
71.301050
71.295718
71.384312
71.314427
71.304799
71.382265
71.290921
71.290239
71.295245
71.295466
71.290231
71.297191
71.294355
71.299848
71.292382
71.307227
71.306514
71.302044
71.303074
71.314797
71.298793
71.295183
71.351387
71.348256
71.308989
71.307721
71.314307
71.321728
71.683787
71.330766
71.319634
71.328394
71.321165
71.323381
71.343323
71.315933
71.329802
71.324625
71.360079
71.312188
71.364881
71.307680
71.311966
71.322610
71.325245
71.315672
71.364220
71.324313
71.598220
71.322130
71.309293
71.311782
71.328019
71.305146
71.308344
71.300009
71.348820
71.313493
71.322718
71.324129
71.315332
71.332234
71.313084
71.299832
71.316642
71.318201
71.288513
71.312787
71.320111
71.317074
71.306520
71.310650
71.311585
71.324173
71.326123
71.322615
71.302727
71.315096
71.303458
71.306042
71.323818
71.302183
71.311552
71.313690
71.348167
71.321010
71.330362
71.307304
71.319158
71.345075
71.310905
71.319918
71.317009
71.310764
71.338403
71.316806
71.310305
71.320298
71.315696
71.314888
71.316337
71.374349
71.336122
71.358207
71.302361
71.299288
71.321185
71.308391
71.305150
71.322748
71.307334
71.310456
71.317832
72.004896
71.452467
71.483490
71.504693
71.662855
71.451926
71.488583
71.453301
71.467662
71.479075
71.462411
71.485386
71.460138
71.437671
71.859385
71.507965
71.462617
71.457170
71.437412
71.473362
71.439833
71.446623
71.446722
71.464330
71.474038
71.450035
71.450171
71.451716
71.521106
71.525981
71.456854
71.448327
71.490870
71.446376
71.447173
71.455167
71.480041
71.440844
71.468647
71.450481
71.442086
71.414411
71.466273
71.438520
71.473260
71.391233
71.407583
71.405552
71.407802
71.352080
71.422936
71.464535
71.373168
71.416315
71.363334
71.376145
71.461774
71.493409
71.439114
71.374644
71.385488
71.386851
71.372666
71.430279
71.372789
71.363785
71.470591
71.359061
71.408317
71.418930
71.379810
71.449299
71.380817
71.371991
71.390184
71.364849
71.364471
71.359416
71.374821
71.351697
71.378642
71.361254
71.371669
71.973654
71.413098
71.352653
71.380120
71.370690
71.362343
71.383551
71.363806
71.358741
71.362436
71.366485
71.366607
71.411734
71.367178
71.364184
71.367989
71.385517
71.360684
71.362828
71.364922
71.365990
71.356715
71.363210
71.367340
71.358121
71.370967
71.359670
71.356873
71.357258
71.399841
71.407536
71.408057
71.362248
71.386214
71.361462
71.350345
71.354942
71.359937
71.367018
71.411656
71.370530
71.400917
71.359582
71.765727
72.178687
71.374628
71.372900
71.355210
71.349045
71.373753
71.349145
71.371548
71.362644
71.347803
71.360798
71.350258
71.347764
71.352202
71.363993
71.374466
71.377110
71.457444
71.585109
71.942680
71.348295
71.375967
71.355822
71.359003
71.398360
71.366261
71.355059
71.354723
71.496875
71.366201
71.353664
71.377486
71.352318
71.364722
71.354426
71.373250
71.363314
71.367775
71.358887
71.358132
71.361421
71.356596
71.394940
71.352752
72.013835
71.394790
71.365887
71.416389
71.414512
71.408379
71.384565
71.361015
71.381079
71.373851
71.402999
71.363523
71.408105
71.418395
71.349006
71.397361
71.355306
71.359231
71.351685
71.402899
71.400111
71.356892
71.349263
71.399266
71.349644
71.351455
71.359823
71.369601
71.360436
71.517616
71.410976
71.380363
71.366647
71.364283
71.350350
71.362805
71.368977
71.355126
71.444371
71.360581
71.352504
71.408179
71.358456
71.353730
71.365505
71.350866
71.365882
71.359260
71.356151
71.353133
71.440605
71.391926
71.355143
71.343902
71.419584
71.343437
71.374392
71.365633
71.363258
71.413550
71.389962
71.352593
71.372918
71.362568
71.370237
71.363892
71.359450
71.368013
71.353438
71.529295
71.361354
71.375682
71.348951
71.349388
71.354463
71.402571
71.355324
71.356738
71.355924
71.429423
71.391587
71.352795
71.360350
71.364247
71.358052
71.487042
71.366665
71.369848
71.362609
71.364262
71.349292
71.352536
71.359666
71.358941
71.360561
71.338461
71.407340
71.356069
71.349783
71.341593
71.363598
71.350017
71.355892
71.356991
71.359887
71.352643
71.368237
71.364940
71.348419
71.387734
71.438803
71.347590
71.383717
71.376585
71.362899
71.362178
71.365613
71.344050
71.352938
71.368157
71.368608
71.377969
71.366125
71.347675
71.692984
71.516332
71.369754
71.359874
71.349044
71.394627
71.337097
71.366495
71.366919
71.361852
71.338827
71.352609
71.355940
71.348546
71.349842
71.355873
71.363372
71.370473
71.413571
71.359971
71.361486
71.363649
71.407526
71.368107
71.366430
71.353140
71.354072
71.364521
71.461315
71.418773
71.360783
71.357566
71.366623
71.351230
71.357311
71.343463
71.396306
71.349083
71.339702
71.353779
71.362355
71.401135
71.484920
71.377557
71.376802
71.352592
71.370068
71.368827
71.353720
71.395654
71.365301
71.353223
71.362835
71.354592
71.373302
71.387800
71.356235
71.375945
71.373284
71.398203
71.352565
71.353133
71.390112
71.400600
71.343566
71.350606
71.367105
71.351057
71.452338
71.363369
71.362310
71.364760
71.382987
71.371131
71.445928
71.371185
71.346186
71.354297
71.373451
71.372810
71.374136
71.366905
71.345575
71.351131
71.383140
71.356591
71.352498
71.352018
71.364533
71.350983
71.345146
71.418311
71.356327
71.364666
71.402561
71.344289
71.373432
71.356438
71.376016
71.349481
71.371189
71.363841
71.353264
71.370385
71.753289
71.387213
71.372691
71.374319
71.376605
71.331887
71.364233
71.367298
71.409469
71.379528
71.360168
71.384088
71.361662
71.359503
71.356482
71.362057
71.361903
71.367293
71.359454
71.404659
71.352873
71.396430
71.359333
71.359779
71.375426
71.442526
71.462454
71.358122
71.413267
71.368914
71.354101
71.408914
71.346152
71.362349
71.354050
71.404933
71.373362
71.363161
71.349970
71.375746
71.365964
71.396979
71.376981
71.394462
71.414104
71.375574
71.370834
71.372371
71.380107
71.403511
71.413602
71.359924
71.417461
71.363569
71.389017
71.360507
71.358693
71.401191
71.367512
71.360850
71.399261
71.366528
71.401379
71.374000
71.357015
71.510730
71.409032
71.364922
71.991569
71.357995
71.403606
71.350063
73.476594
71.616479
71.478564
71.482811
71.544434
71.480106
71.592457
71.568387
71.431724
71.535208
71.500899
71.411714
71.417984
71.360491
71.363500
71.369909
71.376534
71.355431
71.355540
71.361973
71.416310
71.432905
71.353420
71.472507
71.435751
71.353114
71.400357
71.382790
71.386016
71.529078
71.396751
71.363649
71.358274
71.367639
71.452332
71.404127
71.387450
71.354343
71.873608
71.437574
71.477893
71.498141
71.522387
71.514875
71.473131
71.448561
71.381024
71.550785
71.410595
71.387665
71.451183
71.502382
71.418461
71.412589
71.416477
71.375988
71.475174
71.497414
71.441372
71.402141
71.486336
71.438507
71.363227
71.360074
71.587115
71.469442
71.449102
71.492090
71.371863
71.349980
71.479976
71.367847
71.399480
71.491643
71.373124
71.395132
71.371390
71.495419
71.356711
71.402742
71.636035
71.498815
71.360691
71.426406
71.367030
71.402605
71.454096
71.443805
71.358459
71.453658
71.468685
71.422684
71.515404
71.369744
71.405888
71.461120
71.512347
71.407002
71.415813
71.445985
71.363095
71.407906
71.460229
71.345727
71.479697
71.426553
71.370697
71.516519
71.493887
71.432922
71.442121
71.357360
71.516726
71.421871
71.441994
71.413273
71.406738
71.396241
71.384801
71.343525
71.428293
71.594099
71.493718
71.384075
71.389992
71.346611
71.438235
71.396670
71.355501
71.422848
71.487137
71.430691
71.456378
71.480793
71.347326
71.439088
71.387636
71.355699
71.349329
71.347444
71.358484
71.353459
71.332609
71.401153
71.334674
71.433176
71.933832
71.362303
71.390776
71.416738
71.346117
71.348276
71.357413
71.378416
71.411246
71.402758
71.446049
71.364582
71.370811
71.836394
71.579147
71.445253
71.431890
71.349991
71.407479
71.398835
71.372560
71.361368
71.490823
71.389710
71.417711
71.363113
71.357924
71.450638
71.408525
71.503566
71.372443
71.582795
71.361985
71.369531
71.382861
71.366424
71.378384
71.402586
71.479348
71.403567
71.351232
71.416231
71.369906
71.432155
71.380976
72.770591
71.429885
71.494353
71.545220
71.489986
71.502723
71.489405
71.502821
71.488390
71.527040
71.489333
71.633326
71.530302
71.479092
71.479685
71.448590
71.380560
71.353001
71.410307
71.355674
71.401083
71.409834
71.365026
71.361638
71.385692
71.364990
71.389985
71.369662
71.873147
71.542726
71.408024
71.393868
71.350011
71.609650
71.356280
71.444279
71.381373
71.401305
71.413196
71.391390
71.670684
71.415052
71.516316
71.466987
71.467250
71.361991
71.493793
71.368362
71.434017
71.516690
71.399943
71.355084
71.398227
71.513076
71.408047
71.439882
71.485606
71.409323
71.360915
71.415161
71.341513
71.392798
71.426644
71.408250
71.384822
71.386480
71.414397
71.449071
71.389081
72.028232
71.628198
71.447982
71.395822
71.355590
71.413635
71.333340
71.347527
71.388322
71.359701
71.392716
71.411870
71.342088
71.398085
71.380102
71.390966
71.356098
71.405346
71.357830
71.454409
71.354711
71.404578
71.350283
71.402709
71.339460
71.390667
71.367990
71.358391
71.404150
71.489804
71.397801
71.356045
71.374822
71.350871
71.400265
71.457090
71.394263
71.449560
71.401420
71.388842
71.404530
71.397961
71.360270
71.388296
71.344055
71.341751
71.388364
71.352149
71.345457
71.344603
71.355092
71.383391
71.428908
71.339013
71.400153
71.356168
71.379602
71.360778
71.346457
71.386861
71.352028
71.344578
71.365364
71.344176
71.337649
71.349713
71.400623
71.331079
71.380472
71.425695
71.443031
71.345466
71.368879
71.382417
71.346727
71.393812
71.808340
71.512175
71.437674
71.424614
71.396788
74.584932
71.575471
71.594918
71.640651
71.477531
71.427227
71.390551
71.383774
71.379942
71.379136
71.424163
71.426777
71.374065
71.360463
71.370567
71.387748
71.356699
71.409076
71.346777
71.381791
71.366820
71.365762
71.356022
71.394606
71.370210
71.366163
71.363025
71.413512
71.341218
71.411377
71.370786
71.479720
71.316935
71.317628
71.367031
71.308461
71.311237
71.318196
71.318627
71.306685
71.377531
71.311132
71.370430
71.362472
71.344461
71.314845
71.352090
71.458132
71.377640
71.319948
71.316170
71.348247
71.347694
71.306226
71.315301
71.353940
71.430483
71.332426
71.336070
71.319171
71.314587
71.313942
71.307732
71.320652
71.325207
71.302803
71.317572
71.365947
71.320108
72.272226
71.309490
71.485325
71.416289
71.321615
71.322735
71.515069
71.763909
71.313818
71.322645
71.367583
71.312627
71.331485
71.390953
71.316267
71.314061
73.024265
71.354531
71.390711
71.357508
71.316161
71.316249
71.310086
71.344181
71.329011
71.353152
71.375233
71.371560
71.307078
71.321226
71.356237
71.333670
71.308413
71.391981
71.311045
71.319766
71.313423
71.306821
71.361813
71.310322
71.305886
71.317785
71.315439
71.304401
71.364762
71.400475
71.307918
71.340264
71.305747
71.300248
71.298963
71.379314
71.291803
71.293561
71.302743
71.343263
71.304563
71.299495
71.379586
71.324881
71.305045
71.299628
71.319176
71.309951
71.936266
71.303621
71.317900
71.322711
71.301230
71.305564
71.337676
71.311766
71.321208
71.317499
71.366624
71.321645
71.311610
71.327264
71.324290
71.385077
71.299312
71.300225
71.374521
71.311888
71.293962
71.298089
71.379919
71.371929
71.319374
71.330287
71.399892
71.328028
71.285469
71.201911
71.201613
71.191151
71.312468
71.319829
71.338261
71.325920
71.310316
71.495164
71.367240
71.314448
71.338879
71.356905
71.293376
71.356929
71.300542
71.305645
71.307525
71.372619
71.309667
71.305886
71.427316
71.330514
71.311414
71.314422
71.301276
71.315387
71.360941
71.370722
71.334103
71.317169
71.289706
71.316425
71.325590
71.324599
71.363580
71.375582
71.339211
71.325435
71.321961
71.317663
71.931991
71.331295
71.315599
71.331105
71.323188
71.412032
71.334998
71.348196
71.341330
71.256111
71.221539
71.236371
71.545632
71.339647
71.357389
71.378125
71.389786
71.349006
71.360024
71.336472
71.319503
71.400697
71.325735
71.342951
71.313725
71.343732
71.321681
71.745814
71.372343
71.325769
71.323795
71.382106
71.320487
71.374547
71.328293
71.400514
71.454461
71.351670
71.325853
71.312449
71.311708
71.365003
71.320305
71.317045
71.366665
71.320348
71.311670
71.331304
71.333459
71.328231
72.711070
71.358930
71.337108
71.374625
71.338491
71.342282
71.335980
71.365307
71.342886
71.351065
71.324247
71.333565
71.317081
71.329356
71.323684
71.273371
71.264507
71.273141
71.510288
71.340430
71.332691
71.321562
71.315107
71.354673
71.330637
71.611319
71.331687
71.345185
71.331471
71.488964
71.326556
71.329486
71.325321
71.336637
71.332126
71.331825
71.329749
71.329316
71.328704
71.255370
71.215404
71.212383
71.306090
71.317328
71.338922
71.334347
71.290649
71.226419
71.267678
71.318811
71.329112
71.328899
71.328487
71.323833
71.336073
71.328987
71.338060
71.355060
71.322161
71.414349
71.315460
71.311882
71.316132
71.331109
71.310487
71.329622
71.319213
71.313269
71.333368
71.323243
71.340244
71.325097
71.331699
71.316101
71.374526
71.325984
71.327813
71.324251
71.310529
71.324768
71.336469
71.314073
71.320321
71.311950
71.333570
71.324190
71.334633
71.346610
71.341119
71.331660
71.311006
71.322502
71.320230
71.311440
71.308220
71.320053
71.388482
71.315959
71.383254
71.308921
71.320950
71.334361
71.312044
71.780653
71.321912
71.316491
71.345976
71.347069
71.338494
71.336890
71.348303
71.332946
71.323714
71.422401
71.340901
71.379252
71.329255
71.329551
71.327571
71.326172
71.322126
71.326799
71.326666
71.330866
71.311189
71.323373
71.343111
71.340877
71.327833
71.343561
71.403664
71.320297
71.328865
71.340760
71.320442
71.318465
71.322166
71.310707
71.325254
71.326048
71.306215
71.344135
71.312353
71.321805
71.807574
71.359152
71.335335
71.324428
71.320677
71.327028
71.322589
71.302011
71.317909
71.321017
71.405033
71.327926
71.337751
71.340896
71.791580
71.336567
71.339632
71.333722
71.334277
71.340419
71.320879
71.321658
71.343773
71.328723
71.318800
71.383218
71.351628
71.392151
71.361479
71.318344
71.302855
71.320499
71.373902
71.600358
71.368988
71.458019
71.377959
71.278514
71.330041
71.402997
71.339072
71.347760
71.484218
71.329805
71.331928
71.331660
71.333008
71.301294
71.355379
71.303636
71.353776
71.298493
71.303278
71.336850
71.312561
71.346821
71.308753
71.310208
71.350885
71.302139
71.356820
71.302941
71.310163
71.346064
71.289309
71.304818
71.426265
71.300111
71.362990
71.313422
71.337210
71.307763
71.286386
71.295373
71.306622
71.341733
71.300252
71.315717
71.299723
71.306364
71.312959
71.305792
71.322730
71.355873
71.298643
71.312252
71.324216
71.310942
71.360135
71.319811
71.358761
71.308569
71.354362
71.296074
71.334232
71.306209
71.312632
71.311905
71.370973
71.310546
71.321745
71.318247
71.305298
71.314039
71.310909
71.339105
71.291828
71.307742
72.044198
71.832187
71.361731
71.312971
71.331568
71.309717
71.311615
71.316674
71.309518
71.309737
71.310506
71.292083
71.355829
71.293751
71.340720
71.370940
71.329709
71.336422
71.317674
71.746162
71.313769
71.309379
71.321220
71.322562
71.385985
71.233081
71.295188
71.333349
71.318171
71.348998
71.322780
71.379646
71.314490
71.357977
71.902292
71.308799
71.360443
71.353389
71.329440
71.351753
71.339391
71.421699
71.362979
71.360564
71.384733
71.392393
71.387120
71.365415
71.420721
71.319387
71.319419
71.319692
71.311584
71.404254
71.321316
71.339302
71.378818
71.429229
71.339589
71.326388
71.345479
71.631209
71.398061
71.332590
71.352042
71.319703
71.328725
71.323142
71.334941
71.323938
71.401654
71.320840
71.436018
71.358910
71.331231
71.320114
71.317167
71.325172
71.333362
71.405725
71.368326
71.303888
71.353909
71.325814
71.361003
71.311738
71.374430
71.439722
71.340856
71.373263
71.515926
71.436174
71.369828
71.327754
71.334277
71.400098
71.343872
71.329057
71.465917
71.378955
71.386384
71.324777
71.364460
71.334191
71.757020
71.396433
71.310468
71.321820
71.349165
71.319600
71.435456
71.373260
71.315846
71.421071
71.349338
71.357628
71.323147
71.443154
71.321955
71.408728
71.387250
71.311007
71.330869
71.313368
71.336970
71.327946
71.435859
71.330023
71.334833
71.362534
71.333615
71.376082
71.806326
71.404440
71.356346
71.363807
71.503820
71.363622
71.391667
71.426447
71.321109
71.313941
71.339202
71.401651
71.329540
71.335478
71.447553
71.325001
71.453053
71.452759
71.308622
71.459712
71.328986
71.332697
71.427938
71.363502
71.338934
71.329330
71.631692
71.376080
71.487342
71.334997
71.343760
71.321341
71.397998
71.346569
71.328220
71.399963
72.163270
71.937302
71.354209
71.385518
71.397776
71.415964
71.370597
71.316542
71.414059
71.317726
71.325298
71.371938
71.628989
71.358385
71.386471
71.332922
71.364406
71.328348
71.484820
71.219540
71.283635
71.455824
71.363854
71.329295
71.356743
71.436612
71.307836
71.373298
71.351083
71.367750
71.378721
71.455208
71.413417
71.362140
71.316480
71.306621
71.335120
71.318983
71.334040
71.354219
71.312278
71.334602
71.331845
71.317721
71.351922
71.311845
71.454188
71.280036
71.285497
71.371090
71.326855
71.322677
71.361434
71.403038
71.373663
71.334132
71.413336
71.364182
71.345795
71.364520
71.403778
71.315369
71.313567
71.315953
71.312464
71.404981
71.422911
71.372723
71.333713
71.357973
71.377624
71.327205
71.389943
71.368951
71.355765
71.443407
71.355476
71.375179
71.359403
71.363154
71.328183
71.348991
71.342125
71.332029
71.433025
71.318115
71.340873
71.407656
71.424865
71.360915
71.369855
71.377741
71.363914
71.344590
71.378307
71.480419
71.384996
71.407617
71.441682
71.329333
71.368002
71.350914
71.514464
71.215733
71.665393
71.341280
71.328441
71.346061
71.327902
71.353987
71.437217
71.322719
71.339065
71.521543
71.343055
71.317628
71.333819
71.362751
71.349317
71.343121
71.252602
71.357263
71.442701
71.366992
71.367161
71.370702
71.428890
71.340646
71.386869
71.513189
71.464702
71.329770
71.425097
71.374534
71.321268
71.452948
71.364052
71.423352
71.423631
71.389342
71.370379
71.376086
71.398530
71.291139
71.458960
71.386653
71.459049
71.720458
71.323323
71.322505
71.328021
71.323577
71.346029
71.341190
71.328802
71.323208
72.122200
72.111940
72.126621
72.139419
72.110420
72.154099
72.114453
72.132614
72.166911
72.184583
72.103493
72.125520
72.113784
72.107840
73.036999
72.281025
72.115629
72.125211
72.113595
72.101372
72.095311
72.088845
72.130790
72.151056
72.092714
72.092157
72.185674
72.118003
72.091390
72.145876
72.177497
72.134586
72.134628
72.142287
72.133728
72.323811
72.138505
72.266278
72.168098
72.144284
72.159663
72.139283
72.147248
72.135835
72.134507
72.150758
72.133253
72.154648
72.127594
72.135535
72.205652
72.153659
72.144816
72.148638
72.210239
72.151943
72.144196
72.155984
72.142700
72.147505
72.148228
72.143973
72.153033
72.148321
72.190277
72.217024
72.155648
72.200155
72.146173
72.148648
72.185723
72.148022
72.137735
72.140732
72.121355
72.140974
72.140566
72.122046
72.155329
72.171326
72.153099
72.137432
72.140748
72.095720
72.109528
72.103403
72.090634
72.102454
72.127225
72.097674
72.090455
74.485082
72.090440
72.179695
72.127827
72.081001
72.096425
72.100523
72.130226
72.089539
72.104567
72.099776
72.092730
72.091876
72.087536
72.079133
72.094485
72.087381
72.076905
72.235453
72.065089
72.066297
72.056928
72.103357
72.063700
72.049367
72.139723
72.071070
72.050720
72.098486
72.244981
72.499428
72.504596
72.060182
72.066595
72.071590
72.074822
72.115015
72.052707
72.061058
72.070043
72.066004
72.103738
72.050027
72.066167
72.063442
72.081059
72.070050
72.082533
72.087049
72.084415
72.081881
72.059429
72.058110
72.071583
72.057775
72.084021
72.048816
72.137787
72.072147
72.062940
72.178915
72.061654
72.061635
72.057482
72.060421
72.070199
72.059126
72.054491
72.061575
72.053634
72.061138
72.106044
72.060178
72.059274
72.126907
72.065217
72.064513
72.055817
72.105787
72.069331
72.046069
72.069132
72.053167
72.036170
73.089764
72.267456
72.207482
72.202514
72.213473
72.195315
72.912689
73.695896
73.624255
73.672856
73.624157
73.703864
73.729825
73.679279
73.610595
73.631669
73.708560
73.678077
73.687160
73.702713
73.717741
73.626953
73.613183
73.642138
73.603610
73.657991
73.646598
73.672280
73.780918
73.752077
73.736000
73.678720
73.712611
73.743474
73.670425
73.695201
73.659349
73.719493
73.646914
73.643662
73.647997
73.643957
73.688648
73.697022
73.727144
73.699610
73.630326
73.692031
73.662106
73.687577
73.651448
73.698210
73.630704
73.647633
74.160130
73.702477
73.665993
73.649671
73.999283
73.607439
73.671989
73.674110
73.664648
73.631920
73.676745
73.702718
73.722852
74.242675
73.709424
73.899926
73.694334
73.721346
73.684054
73.815147
73.744714
73.739849
73.703559
73.753009
73.774302
73.773219
73.713096
73.763871
73.721558
73.690673
73.834404
73.999043
73.983152
73.989555
73.997610
73.966631
73.862526
73.780778
73.812182
73.818370
73.821537
72.994972
72.133878
72.091472
72.092669
72.275955
72.100353
72.091835
72.121493
72.103054
72.101613
72.081747
72.076315
72.087655
72.076505
72.064473
72.137440
72.078703
72.127465
72.119746
72.073552
72.116318
72.076112
72.079215
72.073558
72.114728
72.075831
72.080875
72.079271
72.129236
72.084745
72.087815
72.091483
72.057515
72.069202
72.108891
72.075131
72.078991
72.090459
72.120370
72.135126
72.065612
72.069646
72.063865
73.781380
73.888234
74.149340
73.857549
73.847891
73.874460
73.916259
73.866860
73.861104
73.883822
73.836393
73.870623
73.888469
73.891570
73.866662
73.854381
73.903611
73.851551
73.902077
73.858956
73.867090
73.817665
73.845407
73.879741
73.857708
73.855669
75.583444
73.875815
73.858424
73.870591
73.869447
73.859190
73.874369
73.864099
73.856473
73.908145
73.916698
73.852109
73.857496
74.035136
73.859725
73.837395
73.942360
73.878508
73.853069
73.858260
73.847699
74.218634
73.878976
73.962410
73.951280
73.868141
73.849188
73.875583
74.307649
73.903233
73.858440
73.882655
73.835659
74.248746
73.842007
73.851767
73.858966
73.891647
73.871203
73.856928
73.903755
73.856818
73.938764
73.841020
74.370419
73.874005
73.875166
73.870101
73.872838
73.895436
73.868105
73.855673
73.863057
73.853758
72.462206
73.844088
73.865822
73.878294
74.125741
73.880001
73.888016
73.916370
73.872698
73.872176
73.857881
73.875606
73.871425
73.885566
73.864635
73.868966
73.835590
73.850411
73.854287
73.851953
73.871492
73.870703
73.873059
73.881944
73.904854
73.886065
73.871830
73.885965
73.921136
73.774101
73.855782
73.864020
73.869015
73.873554
73.866156
73.869145
73.873167
73.882117
73.847161
73.862227
73.870697
74.316143
73.868242
73.887961
74.356492
73.912131
73.858953
73.851409
73.873029
73.872595
73.864911
73.884314
73.839912
73.857790
73.874193
72.516521
72.101524
72.120071
72.089442
72.094243
72.073586
72.085688
72.079824
72.079227
72.080695
72.147443
72.083512
72.074078
72.188206
72.075771
72.073254
72.065439
72.135172
72.057499
72.080228
72.074666
72.084618
72.075106
72.161936
72.096921
72.099458
72.086822
72.135805
73.695219
73.919303
74.180849
73.910042
73.886620
73.925012
73.900949
73.895851
73.902818
73.913487
73.922041
73.913885
73.897604
73.893239
73.864668
73.870051
73.890204
73.871712
74.551238
73.861142
73.878867
73.868200
73.889319
73.885816
73.891257
73.859523
73.909220
73.893549
73.906635
73.876632
73.897367
73.904436
73.905154
73.895752
73.918999
73.894393
73.914135
73.911500
73.918567
73.915423
73.902497
73.924542
73.893617
74.543181
73.883731
73.895225
73.883890
73.924530
73.922167
73.922916
73.896817
73.907464
73.934136
73.903562
74.218676
73.956312
73.935839
73.917447
73.974014
73.977097
73.980732
73.996824
73.959048
73.979373
73.950983
73.960782
73.972981
73.973855
73.984100
73.990530
74.069731
73.980483
73.964989
73.968393
73.953415
73.976395
73.972651
73.971889
73.955092
73.944807
73.971643
73.998081
74.019687
73.969752
73.960282
73.945362
73.967519
74.015418
73.971192
73.979366
73.949710
73.938191
73.944023
74.455512
73.943967
73.940941
73.970445
73.954989
73.952555
73.943258
73.948180
73.944635
73.954760
73.961468
73.939996
73.939176
73.932129
73.926602
73.952884
73.939064
73.965669
73.915624
73.941642
73.917050
73.955340
73.925868
73.935482
73.936409
73.956934
73.954375
73.958541
73.929628
73.948020
73.966217
74.082208
73.935448
73.962387
73.930082
73.978548
73.981053
73.964942
73.950004
73.959447
73.926656
73.943807
73.974585
73.966533
73.949797
73.941707
74.364407
74.024944
74.003880
72.919578
72.138465
72.129662
72.093927
72.107078
72.089952
72.100735
72.100918
72.086970
72.079882
72.041793
72.056847
72.045254
72.051507
72.076178
72.070224
72.074912
72.065928
72.063396
72.041784
72.227505
73.726860
73.771284
73.706360
73.730243
73.753191
73.717407
73.709234
73.691245
73.729101
73.705327
73.717928
73.684011
73.700622
73.744027
73.766478
73.725766
73.776701
73.780744
73.741317
73.673645
73.731074
73.696782
73.795217
73.667926
73.693558
73.744435
75.172279
73.771484
74.100213
73.749139
73.718938
73.683359
73.707261
73.656162
73.716774
73.894842
73.981632
73.964735
73.964308
74.000946
73.976501
73.961067
73.966629
74.424069
73.984617
73.970582
73.958827
73.954307
73.978970
73.987770
73.983178
73.989245
74.019022
73.969029
74.013453
74.006506
73.963963
73.972264
73.962901
73.974756
73.993681
73.973713
73.965757
74.003774
73.974537
73.979962
74.034359
73.986142
74.026382
73.977094
74.146434
73.981566
73.988253
73.976279
73.979923
73.978481
73.994147
73.980310
73.971967
73.959281
74.024131
73.979297
73.958425
73.965694
74.283796
73.971518
73.965507
73.987935
73.939909
73.970203
74.035286
73.964500
73.962857
74.029171
73.960500
73.952368
73.931085
73.962019
73.952537
73.964302
73.955470
73.959204
73.957232
74.334799
73.965776
73.961602
73.963873
73.992207
74.024488
74.347144
74.067744
73.975819
73.979589
73.968183
74.450456
73.984050
73.989148
74.045093
74.019925
74.314501
73.989995
73.989030
73.969222
73.962263
74.195621
73.979404
74.037351
74.000252
73.947926
74.017856
73.999660
73.973697
73.969571
73.958237
74.000146
73.988466
73.970776
73.974954
73.965013
73.968928
73.986497
74.003513
73.982275
73.994900
74.016688
73.995566
73.988370
73.982216
74.006078
74.021307
74.542259
73.999827
73.979612
73.973066
73.976773
73.987317
73.977769
73.905182
73.946939
