50
40.557968
35.956807
43.560150
41.738090
42.653584
41.451805
43.750800
51.783631
46.531007
47.010510
48.294559
43.015767
43.937266
38.475328
33.994384
41.401444
41.741236
41.564300
42.620316
40.356998
41.917826
40.744424
35.433237
35.200786
37.589917
36.346658
34.770043
42.154986
35.950017
37.847884
43.559724
42.230471
44.693890
41.989592
35.270966
35.659198
37.014663
41.835254
38.565179
42.725112
41.715117
40.480624
41.131325
42.106446
41.732692
41.225570
44.665980
34.637188
39.057886
39.868412
40.682878
39.564075
42.543319
41.006204
40.960117
41.242091
42.742506
42.967471
42.651506
42.997500
41.207013
42.380029
41.511001
40.256388
44.879715
38.825311
37.310428
39.034283
45.859568
46.817668
46.281654
44.180977
45.084331
45.057819
42.584596
43.326789
37.740503
45.786261
50.819814
45.522609
45.590942
44.831388
43.687015
46.573781
45.224768
44.185059
45.226438
46.842742
45.220713
44.129663
44.632184
41.135161
39.011347
38.061053
42.355853
44.362502
43.773674
44.054882
45.601208
43.953099
38.824544
39.396315
39.998669
42.777440
44.452339
42.597601
42.226670
46.815249
45.968681
42.035437
47.498703
43.683119
44.713240
47.804711
46.535923
47.435362
45.354517
42.119548
45.713077
44.288705
45.367349
42.094649
46.444577
48.898162
52.299826
53.120968
51.898349
44.755857
47.170599
43.150688
45.351921
44.818441
46.089433
46.557762
44.669747
39.847990
40.511974
41.174502
37.797931
40.257161
38.099861
54.185684
51.276465
53.689419
58.843029
56.601778
38.850552
42.477985
47.235205
40.052607
44.529209
42.976179
40.745382
41.129397
41.471659
39.305816
40.666747
45.940390
46.427873
46.881603
45.288946
42.675998
37.719026
39.655375
39.894679
37.919556
45.615430
46.410401
49.971478
36.266577
42.225123
44.681871
44.048543
43.301745
44.853913
40.369602
37.434396
43.015665
39.029961
46.177435
44.784128
47.383680
41.081134
42.247813
40.355789
44.665761
47.494418
56.676970
45.944948
44.189662
45.750801
43.431365
43.612117
44.683131
45.590120
46.101552
45.491015
49.646624
49.283918
43.465673
43.605984
42.993687
47.211644
46.192577
50.140402
45.270939
43.410243
46.849366
44.531798
61.233025
57.401487
45.819487
44.696841
44.889540
44.438932
44.772664
43.435204
42.875463
44.291666
38.306367
42.474232
45.882002
45.938799
45.572491
44.989502
45.388680
45.423389
44.930418
48.327378
45.543181
46.340725
45.392769
43.701758
47.182763
43.178971
44.317189
46.780890
42.867547
46.338831
47.973315
45.577853
39.428547
38.598376
43.017616
46.040629
44.770892
44.618138
46.056622
47.024772
44.881362
42.201751
42.883607
43.835190
46.572426
42.225457
44.600495
43.304160
46.228752
44.035191
45.084777
45.503790
45.413006
46.613416
44.834992
51.478333
54.804699
54.702391
43.611549
44.181688
45.877194
43.384145
47.493812
44.146643
44.308412
44.882797
44.150818
45.852666
45.687474
45.458396
43.492397
46.508398
44.999001
44.540589
45.774626
44.515643
45.890970
45.220599
43.544497
46.038964
45.216977
42.561782
46.364759
43.237848
44.836537
45.517927
44.363744
43.520172
45.470655
44.127465
44.866667
49.858840
43.423717
44.965961
42.181913
43.335775
42.867593
43.390168
43.719316
43.831516
43.364214
42.520924
48.113029
44.822254
45.812300
46.333215
43.070139
46.083123
45.765243
45.335875
43.947600
43.115719
41.844640
44.212002
44.368632
42.732917
43.712718
44.666996
44.793305
42.539562
43.255499
44.131131
43.587024
44.000723
42.412164
43.958727
42.761461
37.457919
44.269266
43.270284
42.431016
44.358989
45.455988
45.817839
45.740124
46.826789
48.226269
45.037645
42.236163
38.284405
41.642717
41.403752
41.622099
43.700794
43.986496
46.334690
46.126071
46.086219
46.147949
47.175239
46.177652
48.214160
52.887787
55.742817
52.656940
45.733079
45.061330
47.653200
45.338090
47.629890
46.713130
48.115455
51.031182
48.793303
45.335649
44.026540
42.311018
45.126423
42.731878
44.801287
44.349684
45.556351
43.291743
43.799624
46.096822
43.121235
45.355179
46.057252
43.066425
45.131963
47.153389
45.884501
47.982124
42.563214
41.219922
40.493029
36.880213
37.725040
36.396398
43.641327
45.319863
45.320375
44.588399
43.306523
43.893211
46.378323
39.993247
38.856460
38.851241
42.679035
46.022337
46.289092
39.893532
38.972649
44.165563
43.311813
45.045636
44.647379
46.124021
46.148839
44.609209
44.622327
45.309145
54.323946
46.673360
52.550874
54.022969
51.093379
44.843637
43.216375
42.926765
41.285075
44.948882
44.447403
46.121356
45.361082
46.155855
45.195625
45.540566
45.860105
46.748641
45.987234
46.424316
46.482693
45.084262
45.254891
45.607321
43.360631
44.272411
48.120713
44.249572
42.585892
43.974782
43.140953
45.737139
52.777544
46.284597
40.055672
39.958757
39.531516
41.266176
38.541203
39.340777
38.090904
40.331574
48.402240
45.253910
51.678117
47.866264
45.833850
45.827150
43.528900
46.074788
48.408220
45.243500
45.523309
44.003202
40.128391
45.451617
45.088660
43.972154
41.914907
45.497885
46.479262
44.648991
45.452037
47.925751
44.938032
45.359392
43.607211
44.698982
48.535206
54.437700
44.194733
43.560352
41.203060
40.265048
45.866463
45.571279
44.421476
46.043965
46.095464
44.266455
53.308670
45.049388
44.739502
45.164193
45.038363
43.619834
46.193495
50.823264
45.355095
46.280634
44.639990
46.876150
49.905180
50.705614
43.554438
44.880319
44.908795
46.351803
47.848105
43.038622
47.658093
49.780544
50.599043
53.005394
47.560014
46.219746
43.896151
38.207906
39.055314
39.461818
40.847791
45.619355
45.243404
44.488776
44.394244
44.803102
38.736273
44.964869
44.197323
46.075896
44.103762
45.694880
46.467914
44.706559
44.824523
43.520731
46.822704
46.391788
46.523568
45.094039
43.156297
39.909913
43.393149
45.357618
45.095740
44.419081
44.810257
43.902670
46.670215
45.998468
52.282241
53.880832
53.706087
50.487505
52.088463
48.615966
44.844401
45.130610
46.509785
43.833173
45.432881
44.972017
44.384270
47.990900
54.942065
54.037356
50.237656
45.979411
43.918304
43.452223
43.351525
42.662064
43.322033
40.351049
42.817619
40.833951
42.502122
42.061063
43.266249
43.982672
38.800314
46.286151
50.512510
50.178758
47.136493
41.713559
51.187106
54.392013
47.672521
41.561290
39.975254
50.384966
57.971573
51.751487
43.237349
45.959659
52.937409
47.202080
43.745734
37.941198
44.263745
45.265322
45.149695
46.627662
45.587230
46.233598
43.543268
45.124586
46.256566
57.722109
49.619145
56.039657
46.541221
43.290204
44.221434
53.681058
46.058439
43.009496
56.926613
49.011718
44.163580
41.557869
42.348812
40.628618
47.207158
47.291164
46.078522
45.467860
46.506203
45.088978
45.361884
47.878323
43.923014
48.644566
51.235616
45.410097
45.441651
44.816594
44.760745
46.814357
57.152243
55.053567
55.282722
46.142061
43.254572
45.910444
52.998018
46.747285
45.850589
41.067805
38.944592
38.388333
41.110650
39.188622
45.600741
43.106957
41.186444
45.785878
45.718776
44.743492
44.874043
43.376780
42.653089
44.519958
46.137379
44.796750
43.462519
45.505922
45.039987
44.543302
45.539915
44.102841
43.852446
46.936188
41.869391
40.280105
38.759817
42.042522
44.375027
44.682762
45.264402
46.670498
44.561026
48.564328
48.151872
50.863429
50.301484
51.505608
51.516559
50.328673
55.578478
44.954992
42.773582
51.384558
50.382735
48.802461
45.084151
47.812621
52.011157
52.821470
54.230448
51.025756
50.241048
51.747223
49.296397
45.309356
46.978205
46.297088
46.564285
43.842814
44.013132
43.556118
47.383171
45.789223
45.401913
44.204526
53.611964
45.033123
40.209707
36.800855
37.897069
36.398864
38.930439
45.775652
47.008677
45.035357
47.314466
47.570003
44.111155
43.857933
40.072925
44.920122
44.538926
45.745783
44.386673
43.886750
43.802596
45.601286
48.768164
43.016079
42.307598
50.071136
53.718859
44.684315
48.310076
46.044780
47.292648
43.221378
43.241467
45.081780
47.593326
42.686490
45.148385
45.845322
46.275281
44.883760
45.935152
45.378534
43.431249
47.221007
44.361356
45.150144
44.152730
38.408978
43.062959
45.359167
46.119253
46.138594
44.227828
44.716983
44.686066
43.985409
43.226381
50.393849
50.910382
49.221153
38.656574
40.943662
43.249063
48.200137
54.807887
73.931785
115.291032
43.041148
42.235814
46.775453
48.270670
50.964590
45.813917
51.357781
51.856937
51.234718
44.897538
42.435060
41.020942
41.003983
41.176794
36.549628
38.336726
37.746875
41.073059
44.088418
44.401827
36.141140
35.128595
39.898623
42.316615
42.991959
44.963629
41.295631
40.331154
43.505188
44.071423
40.627548
43.375925
42.571968
38.119623
37.871462
42.332143
35.724985
41.528003
43.534508
41.376627
42.133068
41.967354
42.180427
42.849149
41.668101
43.814113
42.316509
40.970324
34.868160
38.159759
41.895257
41.668579
46.577993
52.195543
44.043157
41.118303
42.199277
41.799973
44.249207
36.685951
39.993074
48.014600
43.445486
43.208495
50.837413
44.841263
49.198998
50.724385
49.055653
49.495193
50.485895
50.502983
52.431298
48.016124
45.402491
44.079119
45.121061
46.869387
43.344780
53.835768
49.547766
45.873147
43.094568
44.665446
44.358925
42.843934
44.216282
54.250160
53.614828
45.326588
44.215525
48.048907
45.670152
44.724934
44.528872
44.261221
44.237026
42.342440
41.582613
40.296789
36.536277
46.753453
44.708966
45.141373
49.436874
53.231036
54.764390
45.432582
42.628593
43.528292
47.206225
49.570804
44.174012
50.243247
55.925287
55.854424
48.124597
43.040118
44.339165
45.424164
47.100152
49.099902
46.593357
45.438609
43.121941
43.692638
44.899531
45.401095
48.447980
47.868648
53.693771
39.970750
41.034210
36.892390
38.478161
39.808031
44.714257
48.904144
51.372581
43.185743
39.205086
43.247125
51.223342
50.342368
51.706183
53.070744
49.077968
43.522211
39.365100
41.506597
45.887882
44.872438
44.359445
47.546958
40.955132
40.665801
45.378307
40.095924
39.206319
40.270807
39.976940
38.339497
43.094383
47.163262
39.386030
36.847673
37.352837
41.974680
38.315619
42.375179
43.902989
57.685389
44.411417
46.048259
43.468447
43.616734
44.131324
45.531038
47.940987
44.201988
42.765207
45.531366
39.087160
37.820841
44.065952
42.763409
45.779489
40.861130
42.973684
44.676704
43.720398
46.161221
46.356017
38.395278
38.169861
39.370842
40.198650
39.317568
37.690351
37.489332
38.321284
44.152402
44.423482
43.865616
44.080211
39.801701
38.789060
38.908442
39.539496
46.062260
40.217360
37.064451
38.610298
42.687424
44.318750
45.810146
49.258369
50.596868
50.195939
52.980173
48.118298
44.978025
46.781677
37.706800
43.739207
45.879970
45.584678
43.030167
45.983982
46.609323
42.376515
43.318306
45.433421
45.303679
40.446177
39.446583
39.571150
39.853718
40.451149
39.986840
41.913019
43.033824
45.226746
46.075553
46.912841
44.167315
45.006277
43.290572
45.385930
45.816807
44.823329
46.061769
49.022013
45.360972
43.169929
45.791557
44.819067
43.802198
47.580511
44.482180
44.944195
45.328031
43.281486
46.854901
46.878063
43.984127
36.047668
42.510082
45.539524
48.440199
53.897527
51.485152
51.514963
42.305471
44.264621
45.225721
44.352743
46.428808
52.979926
49.127793
42.526662
38.364085
38.934172
40.841457
48.584733
44.990953
46.156225
45.528103
43.761978
42.104434
44.364808
44.732695
43.298178
45.223006
46.845094
54.882169
52.382580
50.311008
42.848089
42.435383
43.967961
44.215671
51.598665
46.487400
42.644188
50.717680
44.695985
46.833808
44.837743
46.592500
43.229930
45.422449
43.690526
52.017714
53.145049
44.027911
46.372682
45.973126
46.301530
45.701929
45.535262
45.660506
45.615275
39.680959
47.623341
47.234979
45.003590
43.310951
43.409970
43.930891
45.277843
43.508097
47.372410
45.717313
44.963898
48.528691
42.401144
37.797317
37.971365
38.677284
39.611449
43.745382
44.589343
45.375952
46.785198
44.133469
46.433501
43.825986
45.029571
46.229224
44.927493
45.097857
44.551713
44.649531
43.629530
47.381999
45.117618
45.829681
43.780324
41.667704
41.556994
42.648721
45.071024
47.182008
47.978377
45.653848
46.267092
43.764852
46.233375
44.840451
44.832691
47.181656
45.356540
45.971000
48.710550
46.645882
45.676012
44.471872
46.265119
42.278173
43.208995
45.627028
45.693170
41.617734
39.574671
43.868540
42.093716
43.334010
46.833014
45.340865
42.990056
46.817603
45.198698
37.007517
43.818844
47.653161
44.617230
45.318530
45.252023
44.020305
44.148703
47.628193
42.157308
44.433299
46.655177
45.829525
42.760260
48.540118
49.477971
44.533732
38.475789
39.171858
38.265824
35.409103
39.412586
42.555228
39.093405
38.627576
46.819251
41.752808
46.056596
44.768506
46.227107
51.883466
52.482195
46.160806
44.774265
48.331356
48.669171
50.589169
51.120314
49.559889
48.252195
49.580956
47.785486
49.970202
42.525802
43.905570
44.159848
43.856098
43.116394
45.123839
45.388928
47.453413
49.106415
42.902794
44.802376
45.511960
44.357609
45.656286
46.006298
46.158061
45.010216
43.987039
44.453268
43.242041
44.390803
47.429580
42.923318
44.946797
43.844222
46.411998
44.623187
39.172872
41.531001
37.372758
37.334141
37.939227
39.713999
43.545815
46.184152
45.119288
46.957171
51.974099
40.604584
44.797675
46.896961
42.752398
36.187862
40.879254
44.132623
51.388811
54.874225
52.905604
53.313717
52.966899
50.556419
44.854492
51.720463
51.503650
47.736663
50.412825
49.603214
47.121946
50.482118
45.683935
45.742108
46.216141
43.602650
45.324932
42.886659
41.997707
44.817267
46.074733
44.543763
44.710528
44.877812
44.474826
45.626986
47.365058
50.468259
51.171696
49.883920
50.051514
51.871257
53.862659
55.482869
53.762291
52.067377
46.712254
44.325091
44.504186
43.768373
40.662147
39.713803
41.698263
36.614034
37.365203
44.123706
45.539485
44.409555
43.508428
45.526834
42.763850
46.763049
46.397431
45.824057
46.192475
41.771283
44.428118
44.715266
44.220883
44.076199
45.635723
45.112266
43.579456
44.396650
47.124529
43.190624
49.332786
49.341462
50.005578
43.393469
44.724325
39.771396
40.046699
42.947333
37.033771
39.648748
43.970744
52.100725
47.989134
38.559111
43.418302
45.647284
49.349343
47.298804
44.861241
45.037352
44.421603
42.124341
39.911337
39.272228
37.498441
37.107856
37.957317
41.144257
38.923295
44.954884
48.079209
43.275478
43.947464
52.683165
53.447029
44.111817
45.002290
44.831296
44.530519
42.404769
44.900699
45.426598
46.541047
48.361630
47.060098
43.316385
46.139592
51.452912
49.187442
46.910519
46.686447
42.945859
39.715274
39.832150
40.830041
40.957419
38.674452
42.322027
46.839130
43.967491
52.337334
48.246067
42.560867
45.544048
45.742256
42.922218
41.508246
44.871531
46.088476
45.141831
45.624952
47.368790
44.867514
45.750444
46.908212
51.264880
51.603923
50.195750
53.755761
54.164266
52.532904
41.220244
39.850682
37.950455
40.901043
46.282415
45.197346
37.912149
50.433098
51.693832
50.058495
47.977799
46.989270
45.856076
43.987237
45.774497
43.814639
44.007007
46.322376
44.814714
45.667718
46.320680
53.364209
54.139801
47.013783
44.543481
45.402228
47.111239
43.844363
44.551598
41.776913
47.904143
52.389118
52.891777
51.220852
40.351867
39.028902
39.509735
41.552497
46.264553
44.108237
44.267560
43.858462
44.810867
44.655788
44.432467
44.073382
45.064516
44.110071
42.198925
45.376421
39.832952
41.645357
37.844449
46.010022
43.827177
42.873217
37.783363
42.793496
45.653211
43.800800
45.682721
52.746604
50.593045
49.714380
49.283200
40.513919
38.583268
38.598793
44.150596
42.881540
45.627149
43.917433
43.873249
47.456755
42.471126
46.196017
45.354212
44.519948
44.730167
44.707877
46.711195
39.655337
40.615416
43.047695
44.981851
44.365778
46.115712
46.178505
43.734050
45.110210
42.528585
46.458366
44.059559
44.782109
44.550190
44.197588
46.111659
44.166647
47.746142
45.720169
45.599181
45.039124
44.220178
44.030972
46.178279
44.461576
44.536090
47.865157
46.067095
45.322082
43.229214
51.261213
51.313032
54.879288
47.103183
44.142265
44.552745
45.620822
43.797355
40.186319
40.879361
40.286797
44.516365
43.180120
44.531305
43.370614
46.554001
45.570970
44.618395
38.297828
39.131065
42.920662
50.763910
45.033424
45.508833
45.996496
46.035004
44.281741
43.503273
44.654198
45.702939
43.548818
45.294968
45.854476
47.535608
45.053638
37.635975
37.942212
43.246242
44.148585
45.113200
45.900932
38.697173
40.761757
44.250977
43.165088
42.314656
37.500399
44.149124
43.311507
42.392721
39.400499
38.007931
39.944974
40.339293
49.225478
57.483793
49.864027
48.003485
49.006545
45.962014
50.348099
43.310848
41.971670
47.529757
41.133067
38.303513
38.790967
41.970032
41.257127
41.515469
40.864743
41.941671
42.483869
37.968061
35.979197
35.231678
35.259591
37.272271
38.928464
41.372845
42.100735
43.615329
43.003638
46.876676
43.053350
40.974409
40.651443
46.206457
51.178191
46.702558
46.552314
45.955714
45.235097
44.022661
45.173667
43.419008
43.313278
43.787779
42.245673
44.179710
40.616888
38.018911
40.603783
43.418386
42.792287
51.286732
44.687246
43.594795
44.596701
41.942060
40.173914
43.191080
45.981385
45.092186
45.747664
43.832604
44.464209
54.879481
59.962430
58.426917
44.578311
44.761634
46.120179
45.989898
45.388348
44.179915
45.209409
43.639227
44.216682
47.299958
39.978324
38.871582
38.820534
37.820656
45.588207
45.153103
49.569028
46.559550
43.938499
44.783779
46.529815
45.111330
43.439559
44.962686
44.278933
50.313372
43.976833
44.171649
50.031466
48.445996
43.006926
43.725182
43.615783
41.906034
43.344881
44.705917
42.867480
42.496634
41.009530
47.738519
53.271014
45.795495
45.175539
48.838320
51.001086
44.443359
40.482973
38.478691
38.942180
45.286928
39.020509
38.344043
37.805388
42.967602
44.939108
44.960930
46.791195
44.749664
41.202208
42.305681
43.157616
42.795344
44.505321
43.769845
37.757158
44.551381
46.364161
47.335664
44.711337
44.030319
40.320080
40.235173
46.303643
44.279086
44.108254
44.739238
44.578767
45.279384
58.133501
44.733368
46.268419
44.500467
50.264153
48.848922
42.518022
37.980775
36.964822
37.953835
48.052462
47.733927
43.866252
39.269288
36.816967
39.142891
45.805070
47.011334
45.491029
46.490621
44.454684
41.798096
40.076244
44.587077
44.309378
43.694831
45.425071
45.371289
44.231121
46.709326
54.649233
44.923301
44.397837
41.736160
45.041415
44.448488
46.373036
47.178410
45.163908
43.448164
47.976847
44.000104
44.991370
43.621750
43.634219
45.984098
47.391878
42.206644
43.318630
40.677553
37.181773
44.948584
41.777303
41.868573
44.522352
44.474654
43.019597
47.487882
46.346531
45.099163
46.079758
46.139880
44.329061
42.679454
38.304271
42.855282
45.390398
41.366975
39.475875
44.110658
44.760289
45.087042
42.728306
43.365880
44.807348
42.876284
38.750450
41.259752
45.419742
46.107949
45.631891
43.385491
48.016154
48.958361
45.379965
40.744005
53.985995
56.184319
43.764092
42.927238
43.802748
45.849711
46.292491
47.894926
45.704309
47.130718
44.680299
46.826529
45.350128
49.225022
50.816181
51.848890
48.232060
43.211702
42.282321
46.051910
45.114510
43.217158
41.891977
42.533526
47.269954
52.523537
50.228713
53.200004
46.678416
48.946858
44.587678
42.993760
44.612630
51.102942
50.419640
49.538867
40.395373
41.321586
44.785153
39.770840
39.860895
43.304527
56.029973
45.111707
44.081887
39.837706
39.078596
38.116155
39.311751
38.135539
38.988283
39.865178
51.333503
46.104859
46.256301
44.479447
43.374396
55.179040
53.358778
53.194152
53.839271
51.142935
51.111831
51.387084
52.018631
50.406395
44.943798
44.764610
45.816416
43.588567
45.322308
43.347798
40.787775
41.809921
44.933147
41.978653
38.553367
40.504518
42.703109
44.305800
42.023698
42.675067
44.369038
44.893982
51.661251
52.409031
52.250305
51.367926
46.322045
39.922935
38.634090
38.549067
39.656279
43.229961
44.393200
38.775835
40.217777
37.289847
38.429303
38.772284
39.828656
45.375170
45.275259
44.050647
43.691222
42.942454
45.471259
44.940595
46.216385
45.982150
44.374551
46.815555
47.995638
45.467088
46.939179
46.982708
44.726541
44.674559
43.637163
44.274620
46.037260
45.147094
44.171792
39.600917
40.545008
41.576504
45.894321
45.338055
45.168372
45.475261
38.094868
42.171689
39.520740
43.126269
44.124359
45.335667
41.569753
39.941295
45.073455
44.132415
48.780419
44.096252
44.211803
39.256907
37.024756
44.048934
44.205423
39.922830
38.495660
40.124294
46.451865
43.050651
46.736413
42.498884
43.930819
45.466174
54.633444
55.264739
44.240157
45.009181
44.165675
44.598285
46.787531
45.679635
45.670921
45.979916
45.299231
43.788643
42.472438
45.411365
43.159569
45.201951
44.209950
43.005821
47.895669
45.371536
46.518420
46.100597
48.072398
50.390404
46.052793
45.886433
44.860235
46.029211
45.195569
44.920342
43.325474
45.228047
43.532340
45.695008
44.913512
38.565075
43.100672
39.435823
41.123103
38.612182
52.094112
51.227263
47.969771
45.445342
46.866764
45.065543
43.494128
42.999633
44.539614
44.323607
48.031262
45.010124
45.658462
50.439136
48.836638
47.906491
42.704647
43.903367
46.237581
47.370925
44.291064
47.380251
49.663983
48.571977
44.138934
46.392422
47.126060
44.875227
37.778417
41.629898
41.951610
43.701628
44.395553
47.619305
44.357889
43.039490
43.359331
44.095182
45.967168
44.343843
45.070495
48.321772
54.830148
42.225377
43.738439
44.431608
45.726800
45.139150
45.232857
45.839740
42.841768
44.359297
45.192944
44.855082
46.326235
44.811165
45.875015
43.325113
46.535214
44.186513
55.031363
52.202315
51.230126
54.420243
43.528514
46.140618
45.855765
44.560465
40.150800
40.906286
40.990562
39.275653
36.968392
45.220027
45.937897
42.494349
44.877626
45.720854
45.939436
43.949439
42.788204
39.409543
38.337877
37.628493
39.691081
45.045442
43.642664
40.281236
38.464147
40.019187
38.906962
39.726480
39.891808
40.765070
44.301286
44.454810
45.263519
44.152533
45.881454
45.144575
43.607632
42.464676
44.120305
42.752718
39.282924
39.553184
39.847077
38.996589
41.506593
39.782430
38.882929
45.088955
44.295064
45.804715
43.789506
43.427683
45.413530
45.547684
45.665214
49.094594
49.055883
51.029168
49.151318
41.467830
41.822010
42.156143
44.168763
43.767035
44.612832
44.565740
41.654714
43.623426
48.417163
51.254990
43.561548
45.867961
45.947742
43.187627
45.060316
47.800546
44.174720
42.442183
50.388585
46.822326
48.467691
49.581973
45.543375
39.710571
43.309170
44.294779
49.571197
39.482429
43.944423
48.812080
41.790064
44.704036
45.187214
45.876813
44.985255
45.448619
46.345105
44.573729
44.611610
51.694315
49.801339
44.044359
43.848230
45.346130
44.135234
45.256575
45.042214
42.392616
44.373845
44.923934
46.310871
50.885787
44.037071
46.960740
44.309992
44.521499
45.752546
41.713925
41.641044
46.578104
47.341758
47.842991
49.997800
50.413015
47.400027
45.845729
44.203661
44.525837
46.181998
46.316845
45.370851
39.997770
43.710686
49.260351
50.777675
51.029801
50.489315
45.487308
48.143414
51.102215
50.992597
48.278153
43.451339
44.211885
42.287350
45.855943
41.841907
36.524232
40.464368
43.624614
43.621633
45.062444
51.548377
51.902119
45.843324
45.245389
45.367244
47.135065
41.292214
39.227980
40.399686
40.146031
42.517771
39.926334
43.219313
40.322156
39.107625
39.348689
40.772190
42.594080
42.196998
46.012464
43.104982
43.532066
38.142347
40.610807
42.874461
43.025938
46.094390
45.489141
44.615006
46.630833
45.344901
42.882734
40.203318
39.817475
38.246645
40.988119
39.198864
42.686007
46.440260
44.845438
43.937663
51.494469
49.462814
48.417053
44.563272
44.386887
51.377192
52.113142
52.396157
42.828872
45.534310
43.135020
46.636911
44.919119
44.413860
45.816806
44.936546
45.062713
45.719600
45.244958
45.378033
46.608323
43.806679
44.804904
44.318293
46.189258
45.243857
40.760654
47.218865
45.019916
44.382061
48.440408
45.182464
42.495195
44.302520
46.349491
47.148023
44.632650
43.928913
38.776663
36.932072
37.862295
45.115652
51.912966
43.412269
44.286156
47.744868
43.975213
43.312066
45.191040
44.389958
44.687238
45.199223
48.026240
45.966804
42.906926
38.965180
38.836952
38.919235
46.730737
50.837434
50.525486
45.599650
37.931489
42.460176
44.578693
46.280985
43.320420
45.403394
45.321068
45.261259
45.456400
38.388991
38.070512
41.278990
45.251491
45.385436
43.962952
51.052685
43.567415
44.958105
37.051200
43.805785
46.257825
44.883787
45.682659
45.420997
43.418435
44.657770
46.573264
43.331228
43.345589
43.652049
44.639153
41.840167
41.145554
47.670256
46.515967
43.989227
47.920579
46.164224
45.779314
44.395080
44.222424
45.167591
44.517058
39.038808
42.839649
45.191129
43.973578
44.845294
46.971288
45.099244
44.627123
48.979347
42.901525
40.376583
45.081394
66.651776
85.186532
35.320258
34.039301
36.623886
46.024011
42.134999
39.935088
36.517064
35.492939
41.057649
42.713695
41.334329
43.704477
41.749279
42.291537
44.004962
37.350317
47.258075
48.162153
44.681890
44.787046
44.106228
37.680495
43.201502
44.329063
50.129255
42.957014
43.351690
40.970622
42.265387
42.434535
35.044417
40.771118
44.085260
42.803684
38.977621
37.449509
44.964318
44.069277
45.106802
45.528532
44.580428
45.108149
46.239268
44.208843
43.360212
42.603309
42.362644
45.276370
44.647902
49.733031
45.021297
47.501677
52.723792
51.170730
46.658899
53.685843
47.623266
43.966164
46.363247
44.159564
44.402296
44.535420
45.445858
58.940364
58.575381
53.189817
46.481465
42.560415
47.550736
50.283231
48.797892
44.800524
41.645585
38.626939
39.063536
45.052099
41.971437
44.434320
46.293422
43.555886
47.588401
43.899083
40.829422
39.765112
41.523722
46.502901
44.141866
50.339800
42.846037
40.441722
37.802216
38.688734
44.742330
46.018260
38.334101
39.724156
38.967151
37.736891
39.708470
42.007806
45.405696
47.820601
43.337668
45.313312
45.814777
45.313086
44.833115
48.043682
46.298093
45.572775
45.280697
43.940922
47.180915
45.207381
44.274448
44.616181
46.362471
45.115996
47.215721
42.628023
38.460290
37.232002
39.557500
39.595534
41.218573
41.328449
44.678192
46.768614
46.801949
44.487112
38.525326
37.500313
37.619525
37.670433
39.149346
41.396313
42.767095
45.264651
44.391717
43.999728
44.190863
47.473087
44.760804
46.769112
42.933554
42.081068
44.238690
44.478380
48.090600
44.599801
42.530160
44.392698
45.576803
36.662917
44.811911
40.548439
37.216425
37.990381
37.202707
38.956671
42.340418
44.018714
46.573111
46.414876
46.487590
43.985336
45.957943
45.922554
44.667062
43.251693
39.013016
38.738282
47.574740
46.122128
52.955376
47.051228
39.481240
40.175814
38.637920
43.957315
47.444303
51.296951
43.289282
44.836791
44.106346
42.837484
43.100114
45.490380
42.242391
39.982254
40.464618
37.549111
42.539857
48.895486
47.027644
45.602708
44.206450
39.816707
39.243911
45.171297
46.811109
46.539889
44.373092
47.978102
41.987284
41.532899
47.893429
48.097237
45.656077
48.015799
47.485674
38.080625
38.170948
43.919151
48.182180
49.025221
45.715243
40.458343
39.656586
43.763942
46.331190
44.792567
46.121477
44.050924
45.108543
47.332909
42.251604
47.769046
43.256435
39.103300
47.154028
48.008586
45.181785
43.426259
41.817552
44.134168
50.546564
43.106700
43.628267
38.509517
44.840427
44.420315
46.078722
45.019975
46.271251
51.776100
49.702312
47.718664
53.574280
53.341977
52.222392
44.533840
44.848448
45.108639
45.764387
43.478873
46.321357
48.510654
42.631660
47.031829
48.992342
48.197269
47.354773
43.963501
45.174130
43.637236
43.667620
43.120895
44.830900
48.439529
44.884200
46.027726
49.228568
49.255252
46.151113
47.302365
42.617953
50.055508
51.860093
51.668138
48.882782
44.526163
44.707552
45.178864
45.118505
44.766868
44.598293
45.100050
44.713498
36.174540
43.753370
44.927267
44.635195
47.791451
46.162472
43.961192
43.461376
43.228427
44.917699
44.561131
45.982398
43.254635
44.181251
43.140910
44.976759
41.401877
40.513750
44.082205
42.311985
42.830399
43.685794
41.675210
42.471895
40.502235
42.238902
39.058985
38.798698
35.837028
45.185020
50.193088
46.534419
47.929808
45.752720
45.004581
43.313980
46.283186
48.081867
47.913444
52.314554
49.911504
45.057424
43.790092
45.699361
43.096079
46.767445
50.589904
45.673855
46.653740
40.488722
39.414376
39.717119
41.873419
42.921312
44.550562
49.094075
55.383266
43.949411
42.727816
45.395723
44.757587
44.621583
48.071832
46.670895
46.482532
45.395362
50.334952
46.016330
47.816037
44.431735
40.953692
38.656707
44.824627
41.493280
38.052937
41.343163
44.878886
43.954911
37.003252
38.521956
36.485501
44.365197
43.998684
44.467836
43.161305
38.184249
39.768547
40.586962
38.174518
37.366598
40.181290
38.484930
40.477242
38.336421
38.520628
39.043099
37.992736
42.504223
39.983359
43.953331
42.979060
55.407304
56.080053
53.960986
52.401145
44.623867
43.484644
45.229985
45.809548
43.811600
44.268030
44.563213
44.017603
43.288077
45.322274
44.028963
45.059593
45.142625
43.970533
46.289490
45.177151
42.869676
45.110303
49.666311
50.745283
53.024633
48.495390
43.426876
43.281723
43.905083
46.991977
44.955357
44.599582
43.867241
44.803523
43.490312
50.910652
53.725182
50.257751
48.437784
52.659454
49.597541
45.652198
44.167204
44.356398
44.984252
41.824423
43.984438
45.547743
50.085766
50.168911
52.304799
50.536387
46.348978
44.921194
46.639196
45.132850
46.576086
46.022858
46.401826
45.477427
44.594118
45.320343
44.853007
42.771542
44.518741
46.554518
40.504752
37.695794
39.251103
47.037675
42.342824
35.220937
38.087021
39.126062
43.040718
46.652775
45.732125
45.266871
41.139048
43.427074
47.411066
53.839609
45.117116
43.662031
39.014940
40.162014
48.004180
46.788126
45.641142
45.951897
46.238335
43.093617
44.600111
44.811231
44.867218
38.109541
37.879906
37.837003
45.572079
43.976205
45.825740
46.528842
44.779952
44.188671
42.430571
47.699857
48.634457
44.389833
45.545323
45.578182
44.118760
45.050481
46.538786
50.817636
56.534385
51.531339
41.822757
39.281608
40.835880
40.975607
39.020496
41.519657
43.488646
37.369651
37.601331
43.022112
45.464555
43.365692
43.164823
44.458434
45.063776
43.482119
42.564272
44.191909
44.129814
43.361090
40.685868
37.399407
45.669169
41.417297
40.070053
38.721563
37.899340
44.131091
43.313716
43.933418
46.972725
43.688440
39.262036
38.587344
37.690994
43.588372
43.204607
44.532826
48.200683
53.764423
45.627228
44.955416
40.783884
38.108437
39.008499
39.711785
45.640709
40.758967
40.771615
44.718719
43.564728
37.821594
38.570953
39.564113
42.056177
47.816756
49.106536
44.397896
45.785000
45.873438
39.667393
37.793469
39.047640
39.524522
42.760500
42.184231
38.416475
38.604558
44.132598
44.643830
51.431937
46.568491
52.622536
48.935694
46.738431
41.708590
43.639470
43.394152
44.244106
46.812299
43.476013
44.000796
47.212912
44.119192
43.518346
49.402409
51.896861
51.009643
47.879943
44.981891
47.056558
43.880945
45.299157
38.943550
38.563942
38.809579
39.503244
39.897167
42.993813
46.192018
45.420950
44.643638
45.444851
44.637753
46.836077
45.874885
44.067317
46.250871
47.066994
43.608673
45.564057
43.388354
42.763458
38.474437
39.263641
41.927841
44.952266
38.432831
38.220745
36.124945
43.334483
44.937786
43.633517
43.391441
44.315815
45.286702
43.845428
43.844507
44.424880
42.426531
44.212207
44.990102
44.297806
46.577453
43.431882
45.878816
43.851477
45.884412
42.604903
45.187708
46.832644
50.054549
48.126530
45.286796
44.145096
45.667984
45.548507
42.677793
36.408761
47.010554
46.458624
41.402814
43.770559
41.693959
41.011333
40.438526
49.207454
51.511644
50.401633
50.527959
52.468374
47.027197
46.282039
45.725264
43.444247
43.605380
50.051053
48.820307
45.526809
45.231985
43.374395
44.864056
44.228100
44.265644
44.269611
43.946687
45.065884
47.330642
45.157200
42.964495
45.328555
43.979535
41.912968
44.674085
44.329330
44.193267
44.059445
43.709941
44.184404
45.340088
45.665031
45.623285
44.161718
44.742498
44.005580
43.835484
44.461393
44.186389
44.145623
43.787339
45.442840
46.249114
43.190558
44.950085
44.353844
46.445842
48.235965
44.395370
46.006634
44.970351
39.561072
39.497910
39.829305
44.019486
47.566009
46.453523
45.195720
43.889909
45.850916
43.958012
42.513880
42.716007
41.134052
40.931348
39.469326
43.490610
44.289497
41.474588
38.765620
44.312998
43.719836
44.987239
38.778146
40.566506
43.437712
45.144196
44.293520
46.000673
47.005765
43.765286
43.513196
45.125627
45.771623
45.958262
46.274716
48.048258
43.613069
44.935001
44.178481
44.808475
40.759954
41.605520
42.012628
45.868605
44.187222
44.264238
46.110328
44.987087
41.512262
44.929771
45.875494
44.303193
44.285172
43.139975
45.043218
44.886848
45.627217
43.570646
45.586166
44.295442
45.282329
45.746565
47.182205
44.732398
42.512609
38.394694
45.255420
39.310877
38.878373
38.965775
39.901486
39.758875
45.133540
44.327178
44.529486
56.108719
51.406040
52.865960
53.609025
51.590841
51.618524
53.015494
44.439299
42.677811
41.946548
43.884765
45.964239
46.402643
47.705187
109.039445
