50
81.184646
86.332338
88.718534
89.999616
89.999929
89.991700
89.954641
90.017877
89.913097
91.396424
90.854665
90.037809
89.913890
91.740226
89.746314
89.629551
90.492334
91.761509
89.906370
91.611081
91.898530
89.545642
90.002622
91.118429
91.282460
89.851055
89.746063
90.814971
90.525156
89.527816
89.666032
91.352041
90.071982
89.800201
89.660231
89.697354
89.653028
90.498427
91.217497
90.031709
90.494004
91.755526
90.374655
89.850642
89.976468
91.506930
90.359166
89.969864
89.941013
91.535648
90.112203
89.708360
89.821339
91.990029
89.746494
89.671872
90.112355
91.069115
89.649938
89.618916
91.777209
89.743475
89.602533
90.787909
91.034078
90.000412
90.083966
92.582200
90.198451
90.015237
90.865399
90.948708
89.899481
89.788593
91.737446
89.797524
89.941997
90.901926
90.837565
89.854337
90.042411
92.121743
89.901435
89.928024
90.847836
91.189240
90.010878
90.151214
92.236521
90.111630
90.070735
90.326102
91.849840
90.214201
90.155517
91.853031
90.170339
90.190814
90.210414
91.807374
89.994047
90.123854
89.966085
91.998703
89.957363
89.986810
89.960114
92.277753
90.071372
89.852686
90.112816
91.801933
90.051375
90.123046
91.717200
90.480314
89.860653
89.841764
92.209119
89.914134
89.762435
90.693761
91.032945
89.800516
89.893060
91.976425
90.001288
90.014287
90.870607
90.952668
89.903782
89.893999
92.557752
92.007104
90.013791
90.042931
91.738065
90.283370
89.903592
90.480482
91.130722
89.825954
89.859922
89.824836
91.743292
89.701292
89.771246
89.858960
89.921485
90.092346
91.817273
90.163969
90.026625
89.944096
91.232120
90.892210
89.844050
89.852823
89.846154
89.785819
90.205370
91.892443
90.196491
89.974414
90.039827
91.725964
90.247260
89.629253
89.497816
91.545602
89.460851
89.505234
89.786164
92.048200
89.811223
89.695531
90.657516
90.975748
89.743643
89.821852
91.643937
90.125922
89.880696
89.793455
91.653134
90.015695
89.775019
89.830690
90.794494
90.557745
89.644530
89.662593
89.752276
91.311804
89.792875
89.991926
89.740249
91.864011
89.894835
89.917039
90.052214
91.899707
89.868402
89.843194
89.831855
91.887652
89.979609
89.859149
90.667457
91.093846
90.346429
91.413918
90.092352
89.818150
90.991147
90.666809
89.793221
89.862767
90.218151
91.765817
89.821024
89.854926
89.729328
90.181971
91.065910
89.855608
90.014966
90.081102
90.274495
90.210567
90.024931
89.968484
92.029767
89.900887
89.629922
89.629639
91.283955
90.606953
89.965553
89.961447
91.495742
90.455148
89.869449
89.958468
92.065853
89.926517
90.010630
90.695003
91.088174
89.642315
89.513157
91.083981
89.954225
89.573065
89.486036
91.594457
89.874956
89.933303
90.739633
91.696095
89.875613
89.878852
90.941354
91.096351
89.950732
89.979673
89.997707
91.993152
90.111795
90.157989
90.051279
91.899498
89.958715
89.884653
89.798113
89.820971
91.580254
90.324781
89.968548
89.975093
90.819970
91.169894
89.983466
89.947508
90.998909
90.871767
89.691625
89.765365
90.201384
91.561010
89.635701
89.755670
89.806986
90.460653
91.240433
89.977348
89.957394
89.829107
89.954844
89.989311
89.998285
91.840528
90.030360
89.808381
89.820542
98.160510
90.050110
89.692936
89.749713
91.679333
90.274183
89.940926
89.865303
91.759940
89.901384
89.823074
90.081955
91.508769
90.571709
90.743118
92.269979
89.654400
89.612983
89.696021
91.940723
90.049351
90.073429
90.480087
91.692321
90.172900
90.025937
90.059552
91.927695
89.813263
89.801728
89.974389
91.839193
89.938012
89.822720
90.478456
91.408965
89.963192
89.961311
91.840993
90.037818
89.840931
89.705409
91.674226
89.669672
89.610409
90.351462
90.739128
89.468553
89.514023
91.742774
89.620060
89.611379
90.202559
91.973494
90.153507
90.202046
90.164595
90.026653
90.066890
89.894918
91.708631
89.746502
89.767573
89.891069
91.533023
89.696590
89.741864
90.459803
91.093391
90.199821
89.972962
90.546628
91.152716
89.969312
89.685205
90.642079
91.904109
89.862756
89.921214
89.879995
91.756116
89.928777
89.889523
90.095720
90.654906
91.030704
89.735854
89.713241
90.448074
91.508161
89.936210
89.918745
91.712052
90.161140
89.808532
89.769939
91.820798
89.904528
89.872555
90.005179
91.775649
89.832401
90.102528
90.073556
90.132908
89.929042
89.995710
90.641307
91.078166
89.827966
89.859978
89.835537
92.870274
90.670270
89.831388
90.050971
92.190327
89.971002
89.825058
89.704682
90.848940
90.477453
89.721928
89.959398
91.042092
90.689048
89.854639
90.072713
90.790014
90.827711
89.750614
89.646855
90.825504
90.921035
89.779052
89.913857
91.826486
89.717355
89.713477
89.869940
92.210759
90.060658
89.978099
89.905989
91.626680
89.666511
89.621173
89.739635
91.830885
89.982241
89.792524
89.846379
91.776394
89.671671
89.543855
90.773009
91.668323
89.516605
89.863640
90.084249
92.042779
89.803205
89.704728
89.861814
89.737478
91.589396
89.874294
89.946032
90.053020
90.353288
91.842234
89.962062
89.913227
89.998332
91.947654
90.079667
89.883977
89.785617
91.859387
89.890190
89.915517
89.990487
89.905145
90.044064
90.047455
91.634476
89.860256
89.922422
90.236928
90.327996
91.778720
91.229015
89.918491
89.864711
89.923493
90.001338
90.111161
92.244940
90.302473
90.390400
91.911454
90.131145
89.963532
89.908508
92.129622
89.971552
90.037266
90.651307
91.939664
89.806327
89.661649
91.858513
90.284132
89.918501
90.124316
90.190015
89.687524
91.066132
90.636458
90.076831
90.020717
89.918949
90.230597
90.208004
89.853752
90.333219
91.289905
89.631163
89.571292
90.387752
91.023349
89.667376
89.656127
90.273026
92.512041
89.793426
89.794657
89.791802
91.287899
90.962331
90.208743
90.132857
90.037965
91.918025
90.010000
89.777450
92.408505
89.952620
90.114374
90.155250
91.982672
89.985589
89.915797
89.718025
91.732910
89.792722
89.776122
89.778411
91.457761
90.374743
89.807630
89.773490
91.046272
91.120874
90.102191
90.178736
90.034693
92.008410
90.122898
90.112155
89.956472
91.685370
90.768940
90.406365
90.073488
90.039290
91.911110
90.120626
90.108050
90.240154
91.422236
90.557862
89.974005
89.910083
91.438686
90.508872
90.047442
90.091527
92.123622
90.157128
90.070863
89.983327
89.929380
89.859095
89.905618
89.799210
89.585527
91.976880
89.979881
89.902412
89.876598
91.233876
90.267095
89.712326
89.765676
89.901549
89.737711
91.717248
89.859884
89.907038
89.754240
92.382651
90.073779
90.109205
91.359273
89.782036
89.733822
90.786435
91.092679
89.998805
90.003137
92.569431
89.939057
90.026633
90.178135
91.662115
89.842004
89.885493
90.073383
89.952064
92.147324
90.097717
90.211746
92.065074
89.941412
89.957673
92.189700
89.818422
89.835236
91.993123
90.129602
89.976627
91.794876
90.536409
89.975388
91.071272
90.699590
90.028693
90.183664
90.051253
91.499564
90.716912
90.003216
89.974443
89.887064
90.739807
91.223676
90.021829
89.833158
89.713244
91.691395
90.699518
90.076583
89.922004
92.113187
90.148571
90.325888
90.350931
92.101432
90.308724
90.216272
89.934510
90.884639
90.732660
89.727178
89.848188
89.939990
91.725352
90.279122
90.250206
90.213967
92.730894
90.287312
92.973109
90.196645
89.949312
90.088559
92.267641
90.122415
89.990001
90.033259
92.153302
90.171588
90.057362
90.153402
92.029031
89.764578
90.071644
90.163697
92.521565
89.950826
89.891160
89.833815
90.951515
91.098631
89.678756
89.677225
89.826605
91.877256
89.903423
89.961540
89.922115
91.870507
89.827670
89.779543
90.006792
90.301160
90.198913
90.193575
91.486687
90.626591
89.951292
89.843004
91.934488
90.185083
89.853611
89.773935
91.446958
90.349419
90.020163
89.999391
90.404099
91.659231
89.984984
89.828624
89.569556
91.858711
89.840719
90.002104
90.048095
92.201662
90.190472
90.057781
90.279934
92.398942
89.831926
89.818284
89.858135
90.196847
91.827344
90.300405
90.262284
90.104218
91.773384
89.724817
89.681788
89.901397
90.248828
91.519781
89.857635
89.801657
89.749959
91.861294
90.029913
89.823444
89.934538
91.821508
90.180383
89.703618
89.616133
91.674085
89.690977
89.745628
89.840562
92.266557
90.009144
89.837429
89.725490
91.690388
89.689353
89.797430
90.011332
90.231967
92.237476
89.856617
89.867922
89.828293
92.142660
90.092893
89.991696
90.386827
91.850145
90.071611
89.894759
89.865873
92.087180
90.002639
90.073718
90.952843
90.950705
78.902190
84.698884
87.168016
89.247294
89.995335
89.914488
89.847207
90.211671
90.179762
89.936354
89.962202
89.923832
90.100341
90.011682
91.011802
90.902816
89.804089
89.833184
90.388049
91.577694
90.175876
89.761145
89.922251
90.011173
89.809667
89.754597
89.847872
90.036051
90.821455
92.059702
89.813968
89.924309
89.906760
89.749598
91.232161
90.103946
89.825202
89.765617
90.116588
91.551940
90.334953
89.867443
89.740830
90.715048
90.906487
89.942115
89.858326
90.884595
90.653183
89.779540
89.866446
90.239967
91.624964
89.893817
89.801633
90.053627
91.861769
90.268765
90.023749
89.915021
90.168582
91.857484
90.016100
89.873483
89.780179
91.555035
90.429808
89.842376
89.808255
91.207420
90.383187
89.711116
89.494928
91.449024
89.717168
89.424721
89.599137
90.753318
91.173440
89.946269
89.915626
90.367526
91.156343
89.781473
89.809305
89.848004
90.041553
91.778761
90.046232
91.999557
89.950182
89.858086
89.929350
91.486627
90.051537
89.798906
89.896890
89.834444
89.872967
89.628370
91.495379
89.972651
89.900611
89.828051
89.892892
90.429032
90.050311
90.125178
90.275092
91.684030
89.881813
89.855516
89.817306
91.923588
89.872995
89.928627
89.864140
90.922924
90.760386
89.871287
89.788041
90.702704
91.046711
89.709723
89.756185
90.026281
91.532434
89.592738
89.412997
90.690398
91.308790
89.900793
89.728822
90.329524
91.089061
89.852161
89.994242
90.067229
91.541165
89.625719
89.740707
89.734990
91.817688
89.895266
89.872953
89.941367
91.903702
89.868717
89.954223
91.710361
90.260641
89.844293
89.729204
91.779372
89.727698
89.785476
91.721032
90.860515
89.856784
89.666605
91.249409
90.122906
89.910705
89.975376
91.469036
90.156982
89.832966
89.950490
90.660636
90.944062
89.948533
89.751687
91.312969
90.137039
89.855498
89.765456
91.867641
89.811552
89.628932
89.656629
91.462968
89.461131
89.473403
89.907510
91.306304
89.637417
89.583748
89.655618
91.718792
89.641057
89.622609
89.742360
90.348160
91.107161
89.624024
89.592520
89.550651
91.723316
90.080445
89.962373
89.917769
90.878474
91.116163
89.936824
89.747653
89.779984
92.322518
90.151915
89.949083
89.813885
90.991736
90.478427
89.697066
89.809252
89.868114
90.944247
90.589260
89.875373
89.606685
91.015225
92.367742
89.965625
89.975037
90.027300
92.144651
90.157828
89.908525
89.864862
91.916550
89.707813
89.803320
89.760243
91.419270
90.324204
89.866728
89.918173
89.926941
91.983307
89.977111
89.855766
90.117957
91.646237
89.884943
89.887553
90.000830
92.077300
89.920645
90.195440
89.798323
89.749528
89.832904
89.764756
90.004027
89.917213
90.580382
91.026288
89.936475
90.039114
89.862416
90.007496
91.028921
91.339205
90.153292
89.562746
89.785102
90.669605
90.934538
89.763245
89.730364
90.522181
91.957977
89.531839
90.160467
90.002118
91.815182
89.907317
89.838382
89.860666
91.430687
90.376190
89.888861
89.828028
90.006923
91.702370
89.671839
89.902380
89.853069
90.398912
91.230994
89.843237
89.677363
89.869056
91.788178
89.875135
89.898477
90.583413
91.055553
89.889199
90.007629
89.832955
89.812464
89.919789
89.845774
89.812224
91.700901
89.829435
90.547632
92.206448
90.133267
90.332435
90.378005
90.708985
91.117057
89.688393
89.852793
89.940654
91.509092
90.213510
89.996546
90.024573
91.082093
90.691113
89.736815
89.786762
89.870264
91.729157
89.741644
89.727625
89.733491
91.601107
90.862795
89.973477
89.881140
89.999401
91.848242
90.064205
89.816221
89.974372
92.010517
89.833642
89.848193
90.015733
89.923526
90.483474
91.129793
89.822737
89.594813
89.620463
89.710911
89.712691
91.256461
91.041312
90.069247
90.169566
90.512072
91.691966
90.054676
89.946193
89.687621
91.265299
89.633378
89.876618
89.868944
90.908994
90.655567
89.857249
89.736981
89.673059
91.260620
90.889324
89.928921
89.896810
89.886555
91.874505
89.871987
89.802732
89.981883
89.763518
90.423415
90.973802
89.858570
89.740748
89.683809
92.519332
89.832923
89.964512
89.843120
90.992840
90.211063
89.651420
89.734815
89.613908
91.607598
89.659503
89.708099
89.832810
89.902025
92.823012
90.058232
89.929592
90.001799
90.072291
91.528956
89.546441
89.633862
89.863725
91.882206
90.141270
89.944904
89.935759
90.481576
90.815471
89.598167
89.729314
90.360970
91.589749
89.727520
89.621492
89.434565
90.794397
90.358651
89.743335
89.730464
89.895580
89.716807
89.834912
89.874650
89.819900
89.819742
89.712816
90.873237
90.580875
89.849243
89.960944
89.841242
89.835431
92.205597
90.052731
89.908563
89.840193
91.591336
89.821602
89.888631
89.801261
89.847282
92.072591
89.657858
89.731718
89.652944
89.539921
91.377415
89.463078
89.567435
89.588628
89.987010
90.658727
89.419099
89.652476
89.978560
91.946515
89.838071
89.819965
89.757984
89.646309
91.831828
89.888838
89.726813
89.848326
91.284290
90.769000
89.812727
89.980069
90.581881
91.411520
89.949367
89.867508
89.736027
91.718825
89.766730
89.788293
90.070026
91.203623
90.839241
90.199213
90.092314
91.893762
90.015300
89.747210
89.250434
91.053154
89.983104
89.632669
89.536076
90.324330
90.934599
89.750300
89.784102
91.740963
91.570026
89.726919
89.587033
89.594697
89.925917
91.283694
89.671920
89.733562
89.888453
91.576490
90.347787
89.796967
89.653049
90.432719
90.918469
89.627884
89.773725
90.645543
91.190263
89.705190
90.015005
91.293847
89.974797
89.526015
89.454709
91.036978
91.131202
89.626325
89.599219
90.902818
90.373534
89.570088
89.662127
91.573447
89.713848
89.626816
89.568237
91.572758
89.415859
89.464495
90.387760
91.632301
90.147850
90.121110
90.558184
90.281876
89.457180
89.602382
91.368339
90.237626
89.787392
89.777195
91.475206
89.608271
89.734433
91.523623
90.581623
89.698892
89.584075
91.450652
90.097326
89.588296
89.664373
91.004284
90.554294
89.626924
89.627795
90.055980
90.790675
89.565325
89.590558
90.241212
91.202145
89.695018
89.620961
89.505128
91.476906
89.477574
89.593736
89.617583
91.608556
89.646343
89.645691
89.654197
91.697725
89.448578
89.563634
89.633924
91.680503
89.732425
89.806001
89.659543
91.313069
90.189997
90.017984
89.921703
90.751652
90.817095
90.352923
90.920818
89.570846
89.646105
90.261128
91.274282
89.818407
89.918083
89.749959
91.518189
89.548245
89.637000
89.709143
89.795312
92.624753
89.761057
89.827285
89.869701
91.149563
90.562613
89.998423
89.842153
90.394411
91.322272
89.949193
89.878683
91.764498
89.601252
89.635687
89.812325
89.832467
89.808486
89.660576
89.730917
90.876706
90.814481
89.969457
89.859948
89.653166
89.833333
90.014286
91.570056
90.687480
90.112508
90.394475
91.487646
89.742816
89.901965
91.287870
92.535774
89.949071
90.260529
91.215839
91.026398
89.885088
89.754492
89.762641
89.826443
90.682486
91.114420
89.893767
89.848916
89.809008
89.799441
89.920346
89.975370
91.802362
89.858834
89.625446
89.771019
91.967061
89.782167
89.645899
89.963879
90.343429
91.387391
89.972087
89.865774
89.771603
89.554424
90.555528
90.265956
89.475826
89.566977
89.730221
91.616945
89.630503
89.718936
89.750393
89.755952
91.686532
89.861926
89.897410
89.980320
90.864107
90.959951
89.855112
89.950328
89.951705
91.302224
90.251844
89.685682
89.601958
89.418806
91.462789
89.402387
89.417167
89.480034
89.545527
91.542065
89.697183
91.271374
90.342518
89.661014
89.603208
89.610008
91.496857
89.241815
89.379956
89.847367
91.831324
89.723124
89.580418
89.468619
90.548854
90.004772
89.433556
89.645974
89.949301
92.083710
89.710177
89.669370
89.677348
90.983218
90.688089
89.775053
89.857332
90.186817
91.261088
90.723950
89.772568
89.614314
89.605729
91.774745
89.748644
89.726511
89.731664
92.483430
89.927496
89.875801
89.720175
91.408178
90.417276
89.766868
89.761336
89.623263
91.651490
89.615967
89.590890
89.686921
91.667232
90.340736
89.646279
89.485511
89.699678
91.582634
89.709672
89.723799
89.851935
91.166040
90.693020
89.938111
90.013136
89.913116
91.168910
90.217466
90.064789
90.070159
90.047651
90.007693
90.024584
89.981837
90.655621
91.092895
89.904291
89.756014
89.734059
91.531260
90.310522
89.993026
89.911379
89.867392
91.633093
89.804383
89.970977
89.921066
90.948464
90.921850
89.851689
89.615232
89.797279
91.717229
89.782893
89.755444
89.622393
90.517564
90.976316
89.873472
89.790561
83.482150
87.604274
90.133009
89.777275
90.048769
90.227172
90.101507
91.579772
90.607718
90.123425
93.928443
89.947266
91.441513
91.932335
90.151983
89.651833
89.562355
90.960379
90.334674
89.630208
89.354213
91.542190
89.916659
89.756374
89.698832
91.193576
90.113832
89.520412
89.424354
91.070597
89.813219
89.638182
89.874810
89.899333
92.047328
89.892960
89.925833
90.256669
91.828763
89.902317
89.772776
90.772648
90.822960
89.706282
90.023773
91.850336
89.897156
89.997673
90.626029
91.129513
89.914966
89.866366
91.575983
89.781415
89.750336
89.797644
92.001476
89.842808
91.047666
90.922384
89.922309
89.906446
90.143182
91.659032
89.839289
89.854634
89.882694
90.389012
92.596514
90.102384
90.107706
90.003139
89.841952
91.974920
89.993480
90.134246
90.202006
89.885082
91.924196
90.023658
90.096535
89.939818
89.863612
91.695042
90.046055
89.205931
89.242314
89.244353
89.250648
89.260915
89.530053
89.714950
90.759405
90.851449
89.905466
89.836368
90.089867
91.314547
89.755034
89.887615
89.886343
91.572808
89.597957
89.584927
89.596736
89.930823
91.396146
89.782001
89.937573
89.708750
90.197333
90.993846
89.697672
89.757464
89.847322
89.903221
91.574387
90.358502
90.120577
90.023600
89.875526
91.461780
90.347408
90.021941
90.012385
90.124259
91.546859
89.738378
89.859687
89.847285
91.238979
90.837223
90.390722
92.179461
91.662837
90.033631
90.233767
89.927563
89.889271
89.790719
91.780466
89.970144
90.337690
89.885790
91.854194
90.063854
90.375488
90.318779
90.305301
90.250693
90.002396
89.868504
90.301211
91.473163
89.899675
89.861048
89.867945
91.811756
89.779549
89.684592
89.770239
91.541687
90.280049
89.870167
89.987480
90.743567
90.884636
89.710279
89.917088
89.950319
91.755171
89.919397
89.973753
89.747855
91.703811
90.028408
90.285610
89.868843
90.694279
90.777834
89.726882
89.779625
89.750563
91.429249
90.369234
89.947641
89.743714
89.690263
89.601466
89.917877
89.759003
89.642774
89.618148
89.712802
89.955304
92.206025
89.894279
89.785734
89.864160
89.840296
89.831194
91.739292
89.814208
89.873323
89.813772
89.975253
91.827551
89.704172
89.768448
89.596998
89.829775
91.851888
89.761096
89.660417
89.593176
89.604670
90.655419
90.482321
89.606406
89.572298
89.585519
91.596432
89.582600
89.577056
89.431442
90.325386
90.497424
89.521202
89.650802
89.585906
89.751121
89.732917
89.719697
89.572322
91.611496
90.701884
90.038778
89.922547
91.465894
90.188134
89.823253
89.903110
92.282430
89.889482
89.955274
89.783850
91.977195
89.840686
90.971141
90.506907
89.715935
89.607335
89.625124
91.913836
89.857123
89.882677
90.495746
91.281166
89.934494
89.790140
91.299476
90.131953
89.725095
89.937482
92.658378
89.489789
89.753940
91.718401
89.904251
89.608337
89.970104
91.665795
89.897486
89.725598
90.958538
90.666521
89.865718
89.896506
91.970729
90.210655
89.805699
90.044255
92.160172
89.984782
89.932880
89.881656
91.821352
89.977669
90.078539
89.912447
91.950970
89.881579
89.842800
89.791549
91.044356
90.851649
89.859262
89.845089
90.101542
91.637474
89.900300
89.893028
89.977691
91.901732
89.793306
89.727390
89.975627
91.984474
89.782000
90.719780
90.988227
89.649509
89.798406
90.002371
91.789761
90.070491
90.074252
89.943169
91.993325
90.128074
90.078544
89.927751
91.347787
89.889652
89.728945
89.811941
89.788834
91.331955
90.061776
89.710398
89.667539
89.863057
89.807592
91.794231
89.895449
90.098039
90.115465
89.878039
89.771724
91.619393
89.710810
89.741030
89.693942
89.766067
89.821069
91.354764
89.961100
89.654989
89.758162
89.841460
91.188040
90.371037
89.932347
90.097554
90.193400
90.047515
89.895416
91.699093
89.690282
89.738943
89.726309
89.569058
90.269001
90.862536
89.966039
90.083073
90.276190
90.242182
89.982045
89.924506
91.585475
89.866357
89.760224
90.718684
91.253164
90.519198
92.970393
90.161086
90.007637
89.937119
91.927825
89.779316
90.012951
90.049098
91.668788
90.218538
89.923585
89.860870
91.163912
90.680737
89.926928
90.301727
90.491648
91.640783
89.764169
89.750696
89.683772
91.828702
89.991074
90.073978
89.986037
90.244393
91.402567
89.645157
89.721239
89.789819
91.932888
89.868701
89.920027
89.779244
91.174251
90.581805
90.074511
90.082788
90.828850
91.292089
90.104933
89.849170
90.295019
91.241088
89.857037
90.032012
89.951289
91.802101
89.863616
89.992472
90.068841
92.028425
90.124639
90.056485
89.984363
91.693258
90.554472
90.561062
90.331615
90.306310
92.059463
90.263251
90.306301
90.230295
90.189035
91.295877
91.029891
89.764932
89.884126
89.780696
90.224829
90.946299
89.801516
89.918626
90.962998
90.837282
89.934596
89.751598
92.076616
89.505100
89.765243
89.675316
90.782631
90.364328
89.835047
89.882224
89.920499
92.069767
90.056702
89.969101
90.316731
90.038419
89.878240
90.500816
91.280785
89.849962
89.752518
89.723205
91.718261
89.589855
89.594347
89.677010
91.861452
90.035667
89.988807
89.946118
90.819692
91.215509
90.388162
90.005887
90.645318
91.357468
89.786698
89.679544
90.258336
91.338824
89.991360
89.975462
89.975173
90.014480
89.964452
89.940134
92.207314
90.010230
89.997730
89.930756
91.250271
92.503259
90.042208
91.089926
90.584007
89.776112
89.715251
91.153334
90.532839
89.888252
90.052713
91.395593
90.474445
89.867031
89.840369
91.038509
90.780649
89.847603
89.698527
90.934826
90.880978
89.933477
90.147990
92.019679
90.037474
89.975806
90.754025
91.185037
90.153833
89.880821
91.716762
90.322016
89.931499
89.675883
91.750280
89.724971
89.802442
89.804803
91.645237
89.848941
89.718236
89.628319
91.873781
89.979547
89.974520
89.705983
92.535477
90.566800
89.880058
89.892703
89.893449
90.685621
91.231871
89.768842
89.866843
89.751843
91.440020
89.806208
89.635770
89.843109
90.002555
91.776695
89.787165
89.360906
89.481856
89.656061
89.952033
91.510481
90.410520
89.851756
90.097713
89.995450
90.432122
90.138368
89.787363
89.647641
90.316279
91.612580
89.751214
89.732395
89.929045
90.042100
90.191384
90.101740
90.220788
91.708391
89.838480
89.759855
89.733203
89.809735
91.789070
89.848144
89.876080
89.789196
89.664005
91.849833
89.794942
89.590584
89.600092
89.972272
91.506940
90.035329
89.872179
89.711480
89.881652
91.507920
89.739888
89.792824
89.627674
89.635435
91.555570
89.804901
89.737377
89.773867
89.619649
89.633488
91.618324
89.733438
89.802058
89.836396
89.853651
91.624909
89.563902
89.601703
89.589982
90.792396
90.341422
89.661597
89.703649
89.943000
91.539575
89.908318
89.834656
89.648113
91.591676
89.668374
89.599629
89.742030
90.972457
90.984789
90.400683
90.267996
89.909169
89.851678
91.420290
90.199489
89.700338
89.597227
90.246340
91.030188
89.776846
89.701942
89.676984
91.559897
89.609722
89.593070
90.658628
92.644597
90.132786
89.638030
89.627106
91.221167
91.413143
89.710050
89.661602
89.770844
91.763469
89.836494
89.798457
89.752631
91.542268
89.748675
89.645315
89.787823
90.453399
90.894277
90.185940
90.008296
90.092187
91.935825
89.778600
89.779955
89.765600
91.726059
90.823285
89.956043
89.992564
89.996648
92.323407
89.929165
89.842357
89.978267
89.613839
91.468993
89.637688
89.594027
89.711865
89.992703
91.922790
89.953389
89.834887
89.802750
90.909848
90.396064
89.609785
90.249747
91.678094
89.710830
89.647782
89.821919
91.431505
90.276995
89.859517
89.868397
89.798327
91.741709
91.007927
130.618760
89.635864
89.769935
89.682465
89.715645
89.760792
90.190860
91.709112
89.822288
89.779649
89.949411
91.810605
89.717518
89.812229
89.707143
91.812919
89.703070
89.664573
89.567535
91.540859
89.711767
90.363342
89.802216
89.638133
89.587296
92.128552
89.824551
90.115587
90.076855
90.077878
89.876671
89.918279
89.887832
91.667302
89.860116
89.979667
90.191055
89.974541
91.916245
89.829231
89.229326
89.384319
91.457124
89.474479
89.554181
89.478959
89.584241
91.334978
89.623934
89.570207
89.856139
89.846255
91.720853
90.040546
89.874026
89.667234
89.758422
90.808559
90.641838
90.309746
89.822170
89.880108
91.015032
90.895336
89.801966
89.835083
89.872965
89.781049
89.761404
89.753623
91.573603
89.802183
89.941116
90.015620
89.917358
89.935278
89.898730
89.767567
89.841620
89.863320
89.853370
91.650285
89.761774
89.704845
89.627515
90.850200
80.982116
86.217075
88.448959
90.335823
89.993068
89.984560
89.935443
89.988569
90.243403
90.570891
90.351500
92.075712
89.812795
90.138900
90.317117
92.058555
89.841431
89.811264
90.537224
91.095071
90.020784
90.156802
91.099159
91.407680
89.862373
89.879074
89.937682
91.339660
90.567372
89.846675
90.041965
89.950601
91.949918
90.104746
89.957464
89.862261
91.884912
89.802253
89.805060
89.869781
92.039256
89.915382
90.168700
90.533306
91.015317
89.786354
89.760953
90.021337
91.972043
89.830387
89.835859
89.753405
90.789783
91.174329
90.064765
89.898491
89.911806
91.329985
89.291545
89.326265
89.510694
89.491027
91.485525
89.451647
90.045915
91.773444
89.760084
89.923825
89.839092
89.771510
89.762423
91.859377
89.849057
89.929598
89.811445
91.381520
90.279103
89.863309
89.837402
90.952505
90.680627
89.967131
90.102739
90.211869
90.006438
90.014545
90.076320
90.332634
90.445006
91.425331
89.732251
89.464634
89.485923
91.735283
89.752978
89.792221
89.960708
91.574729
90.064799
89.703114
89.741574
90.967762
90.578642
89.804227
89.665605
90.117275
91.087921
89.681372
89.922030
89.962701
91.796920
89.803702
89.713248
90.009733
92.661224
89.983878
89.833623
91.194976
90.797683
89.827545
89.809685
90.657701
91.251602
90.215565
89.963334
91.745206
90.263383
89.928336
90.004308
91.489915
90.289775
89.817520
89.965364
89.837644
91.776925
89.840212
89.833649
89.854249
90.874468
91.095366
89.980400
90.088944
90.931333
92.309197
89.860550
89.884560
89.861504
90.579457
91.377684
90.111030
90.085302
90.075863
92.098275
90.134001
89.930849
89.893855
91.799479
89.870732
90.001401
89.944138
91.703860
90.393691
90.282015
90.152473
90.151248
90.085966
89.981729
90.002035
90.697741
90.910157
89.899163
90.067740
90.010940
89.952811
91.722875
90.315150
90.171539
89.954064
91.869179
89.766681
89.867438
89.914662
90.930129
91.022147
89.833002
89.772603
89.743485
91.853398
89.865133
89.833720
90.303088
91.265706
89.639177
89.901965
89.699114
91.870301
90.032782
89.903093
89.876709
91.959934
90.061431
90.015348
89.926339
91.234361
90.561236
90.067495
89.921583
89.843064
89.965195
90.082949
92.161509
90.056708
90.032340
89.974795
91.200755
90.538004
89.800488
89.720059
89.918650
92.085403
89.994039
90.149004
89.881441
91.453458
90.660052
89.932802
89.881451
89.712539
92.327913
91.208950
89.867798
90.010616
91.937570
89.988331
90.058662
90.013247
91.159097
90.466840
89.888417
89.956489
89.958966
92.182341
90.265154
90.069995
89.885423
92.137900
90.391493
89.833151
90.111003
89.890802
90.574018
91.402883
89.988363
89.900852
89.776942
91.722784
89.768290
89.911696
89.952663
91.001321
90.975922
89.872103
89.380416
89.406571
91.691678
89.858700
89.969611
89.963148
91.288455
90.614111
89.792644
89.871377
89.879488
91.778032
89.788256
89.822587
89.826697
89.802628
89.825397
91.985593
90.103196
89.954551
90.087499
90.348485
91.354828
89.939236
89.782098
89.959798
90.045101
90.225770
90.554569
91.218404
90.005591
89.979963
90.258315
91.551450
89.909786
90.062803
90.020252
90.904662
91.402999
90.005182
90.041603
91.002550
91.064088
89.909329
89.921375
90.866911
91.027947
89.614812
89.866364
90.044935
91.767682
89.874824
89.918079
89.835512
92.450618
89.486761
89.489753
89.613401
91.372335
89.941419
89.633998
89.674718
90.576584
90.932565
89.839837
89.848541
89.939304
91.415652
90.398207
89.935843
89.877719
89.895455
89.885992
90.081206
90.033327
89.806895
89.860410
89.891418
89.780855
89.888637
89.962325
91.745840
90.106083
91.603730
91.011636
90.061852
89.923254
89.970039
89.875616
89.842454
89.931828
89.791264
89.651328
90.972096
90.538152
89.848138
89.745647
89.752497
90.075097
90.081681
90.067426
89.981460
89.871607
89.778704
89.948110
90.109679
89.968836
90.043575
89.891367
91.385031
90.265092
89.835241
89.954723
89.852842
91.639348
89.694851
89.921721
89.732252
90.971408
90.807507
90.027828
89.750862
89.844481
91.903616
89.923598
89.632847
89.797453
90.399460
91.245252
89.766463
89.696816
89.818827
91.553636
90.202493
89.841186
89.995239
90.160342
92.009149
89.832655
89.857798
90.051063
91.432965
90.286787
89.904359
91.388929
91.465255
89.955121
90.023497
90.023831
91.310838
90.397886
89.873069
89.923510
89.887880
91.912892
89.907943
89.829492
89.866818
89.736517
91.438435
90.484896
90.111617
89.827840
89.975402
91.964686
90.018359
90.131264
90.064763
90.795473
91.565734
90.069458
90.021028
89.913566
91.970920
90.022019
89.969599
90.164438
91.691167
90.373886
89.982802
90.120541
90.983341
91.258861
89.966815
89.868774
89.821575
91.941212
90.339601
90.133424
90.159472
90.126667
91.055859
90.896825
90.095156
89.923745
89.809061
90.388506
91.361030
89.890908
90.067248
89.827256
89.908427
91.729211
89.748944
89.914913
89.830932
89.948465
89.878797
89.797683
89.676971
90.570950
90.832839
89.907277
89.987539
89.930739
89.940372
89.938542
91.840012
89.837790
89.884008
89.896359
91.767941
89.794937
89.668973
89.826902
90.336797
91.926343
89.977390
89.866102
89.978350
89.985199
91.618351
89.869448
89.889698
89.831353
89.962151
91.651896
89.741935
89.709035
89.560204
89.478915
90.425952
90.718316
89.628306
89.419107
89.345712
89.685181
89.679795
89.667378
89.824365
89.713076
89.763274
89.848134
92.270910
90.944345
90.044598
89.977010
89.964876
91.100746
90.562997
89.682317
89.789235
89.820555
91.396127
90.254418
90.295195
89.947647
89.891892
91.615503
89.656275
89.727188
89.833256
89.870994
89.775410
89.914603
89.974760
91.567201
90.431409
89.643845
89.798781
89.798069
89.908317
91.940007
89.884239
89.749167
89.622806
89.624639
89.641717
89.728335
89.927936
90.012736
90.053034
89.851537
89.821177
89.628883
89.811955
89.945854
89.905929
89.965418
89.882825
89.897764
90.039552
91.800960
89.930559
89.869733
89.867585
89.721907
89.799803
91.643461
89.870424
89.917971
90.408280
89.994097
92.083433
89.995832
89.823628
89.756441
89.806220
91.863113
90.162602
89.985300
90.039065
90.537621
90.770908
89.451268
89.496710
89.482051
89.600840
91.737147
89.922348
89.874140
89.616301
89.598268
91.041450
90.302616
90.098868
89.639526
89.812845
91.278217
90.585392
90.007404
89.919214
89.961472
91.368549
90.388263
90.001755
89.961197
89.820211
91.099244
90.814050
90.055007
90.025045
89.884734
91.001280
90.816902
89.877072
89.856769
89.984591
90.013998
91.953399
90.183889
90.139757
90.074767
90.001015
90.240627
91.589587
89.848344
91.944392
90.298063
89.995022
89.717913
89.765826
90.240076
89.958414
89.625805
89.815786
89.522006
89.567685
89.901695
89.841238
90.031815
91.723692
89.863076
89.878091
90.026882
89.861670
89.828967
90.234416
91.343145
89.914057
90.119894
89.938772
89.895930
90.434207
91.183461
89.853873
89.917765
89.933224
90.171715
90.045928
89.846854
89.979723
91.772047
89.926839
89.984147
89.806521
89.800607
89.764051
89.939406
90.091195
91.681391
89.757644
89.790487
89.917323
90.086151
89.952971
91.852350
89.975618
90.020671
89.884338
89.801830
89.900485
91.799764
89.851746
89.748139
89.666884
89.630615
89.778498
91.037464
90.429036
89.777218
89.813549
89.763205
90.365132
92.195380
89.891795
89.947724
89.831714
90.484739
91.667040
90.533076
89.965254
89.900800
89.846646
89.676988
91.703740
90.122891
89.979570
89.882560
89.914355
90.072968
91.504112
89.697812
89.871693
89.799395
89.974989
91.159327
90.835019
90.125550
89.990025
90.058410
90.639209
91.303959
89.914394
89.865717
89.667264
89.762666
90.018677
91.721214
89.877807
89.828391
89.891806
89.795700
90.907541
90.786084
89.806360
89.804730
89.812422
90.637620
90.864333
89.677287
89.703084
89.817892
91.011696
90.530414
89.734792
89.661979
89.648804
91.062043
90.204877
89.818827
89.778246
89.935821
90.117625
91.731375
89.949373
90.083507
90.200329
90.313709
91.395203
90.793414
90.058391
89.980760
89.956266
91.869642
89.993684
89.915501
89.821440
89.783107
90.304153
91.318903
89.578329
89.741152
89.793335
91.906417
90.011618
90.118187
90.077682
89.983878
91.917022
90.072987
90.162626
90.121472
90.039858
91.719307
90.011283
90.076974
89.853368
89.862475
91.094626
90.597740
90.003532
89.878954
90.082292
90.064415
91.728914
90.093176
89.753441
89.836061
89.928906
91.977200
89.985732
89.965324
