50
83.775296
86.950128
89.701831
90.017493
90.064914
89.954269
89.984765
89.932692
90.075653
91.992396
89.265888
89.426780
89.843707
91.358195
89.722023
89.640886
91.279651
90.019057
89.699344
92.547740
90.766868
89.641558
89.736124
91.780452
89.647732
89.609959
89.692472
91.849408
89.713898
89.638991
89.431484
91.614955
89.856260
90.166149
90.186030
89.847057
89.851440
91.707773
90.075381
90.255495
90.414546
92.194869
89.930995
89.743000
89.684404
91.794594
89.871503
89.807002
89.874609
91.838066
89.640018
89.578030
90.240889
90.968834
89.834176
89.875628
91.682961
90.060014
89.586399
90.272368
91.269393
89.702959
89.729079
91.676766
89.713830
89.690031
90.707154
90.950524
89.567688
89.591537
91.773355
89.722927
89.635203
90.179619
90.966898
89.415133
89.431587
91.514761
89.441480
89.385972
89.750271
91.168111
89.412337
89.394448
91.273319
89.679247
89.430319
90.097389
90.922935
89.451347
90.451570
91.335652
90.925846
89.994806
89.767230
91.909013
90.058125
89.802669
90.965606
90.848745
89.755585
89.753177
90.124351
91.518802
89.597626
89.622963
89.591148
91.728639
89.501816
89.879165
90.984524
91.075440
89.972781
89.775479
91.902861
89.882596
89.820788
90.119425
91.355108
89.662658
89.871743
91.536838
90.400759
89.988760
90.336472
91.697872
89.970352
89.935265
91.332068
90.142356
89.682894
90.161995
92.732754
91.366069
89.777482
89.776195
91.962650
89.789178
89.711443
91.060864
90.905849
89.869752
89.676186
90.371698
91.785725
90.017274
89.721081
89.677526
89.831060
89.872920
91.899494
89.886448
89.880514
89.962557
92.002537
90.339222
89.944662
89.892575
89.634409
89.792607
90.545698
90.967364
89.876421
89.577463
89.570752
91.885201
89.668988
89.761922
89.836175
91.761827
89.583433
89.698440
96.990160
90.810326
89.420560
89.444746
91.206222
90.335697
89.903071
89.798424
91.879588
89.862198
89.907464
89.956176
92.040812
89.910950
89.778773
89.787188
91.487594
89.816700
89.814077
89.778635
91.004839
91.004344
89.901714
89.953487
90.260426
91.582954
89.712799
89.558054
89.640152
91.399222
89.459805
89.716170
89.911627
91.358258
90.067185
89.976191
91.698253
90.591071
91.225430
90.510173
89.786222
89.802373
91.946919
90.097961
89.927002
89.902142
90.804520
90.998673
90.103100
89.955089
89.840044
91.622957
90.857662
90.126992
89.992813
89.902870
89.747762
89.732889
89.845840
89.852401
91.782053
89.733054
89.917721
89.852783
91.878192
89.853499
89.819613
89.821292
91.803139
89.747409
89.802496
89.832926
91.893326
89.583422
89.667011
91.144999
90.233246
89.592446
89.990340
91.918725
89.795359
89.897549
90.030750
92.110263
89.912408
89.952142
91.305568
90.831986
89.659637
89.636704
91.421389
90.218625
89.897128
89.875975
90.725978
91.199936
89.747054
89.640422
89.597881
91.500649
89.615327
89.695570
90.217749
90.074815
91.876265
89.952459
89.869313
89.756543
91.507398
90.342242
89.817659
89.775767
91.382897
90.124776
89.868409
89.684783
90.540157
91.103766
90.384848
90.019769
89.923650
91.457493
90.679020
89.934845
90.021077
90.165851
89.893419
89.970808
89.915570
91.923947
89.923780
89.857281
89.902186
92.813721
89.794957
89.626036
89.345996
91.463409
89.435795
89.474201
89.628537
91.779254
89.819010
90.094601
89.957778
92.159560
90.127616
91.280023
91.906300
89.909521
89.934942
90.150974
91.434850
89.480399
89.812615
90.255089
90.642173
89.495688
89.775276
90.161273
91.381373
89.828572
89.849011
90.289925
91.357818
89.763777
89.761406
90.435512
90.627857
89.668452
89.667704
91.771065
89.754603
89.791846
89.965883
91.931798
89.937132
90.022557
91.377820
90.824345
89.577677
89.665095
91.718454
89.634134
89.720913
91.056987
92.085628
90.471330
90.061052
90.115009
90.086219
89.939001
90.276973
91.319485
89.769192
89.720938
90.338307
91.174407
89.805316
89.821584
90.961025
90.814318
90.398721
89.810060
90.893519
90.772151
89.834516
89.903027
91.254933
91.605871
89.896094
89.958923
90.029070
92.006854
89.951527
89.879651
89.796446
91.133903
90.557455
89.752081
89.919540
90.773031
91.193728
89.927635
89.945415
91.878027
89.646072
89.709156
89.974866
92.067608
89.912615
89.785378
90.777681
91.583470
90.422666
90.181723
90.076387
90.038173
89.936419
89.779996
90.996139
90.517730
89.976642
90.033131
89.996323
92.667914
89.918529
89.720063
89.700833
91.741562
89.655434
89.581024
89.486714
91.307529
90.099897
89.852276
89.753724
91.392095
90.024312
89.756738
89.759928
91.129983
90.453786
89.854306
89.574379
90.987614
90.368352
89.770288
89.898730
92.303755
89.966168
89.802212
89.892889
91.801314
89.790168
89.691706
89.837558
91.685340
89.657925
89.772818
90.094543
91.242450
89.607352
89.590382
89.618335
91.583502
89.580982
89.615825
89.902631
91.941628
89.826427
89.878614
89.805671
91.779347
89.788700
89.703714
89.798488
90.232158
91.992055
90.243568
90.149764
89.829616
90.701140
91.287080
89.766174
89.641372
89.778620
91.422303
89.628007
89.653063
89.640606
91.869997
89.708074
89.695900
89.778980
89.621836
89.782418
90.187256
91.429049
90.079820
89.953965
89.920067
90.025217
92.032714
90.615892
89.573884
89.863368
90.229701
89.885321
89.843299
91.574242
89.638550
89.740020
91.721874
89.629722
89.660119
89.595440
91.750532
89.574330
89.443836
89.884764
91.196419
89.419858
89.528149
91.764112
90.370597
90.111267
90.002351
89.850091
89.924621
91.066738
90.501290
89.910597
89.809698
89.838793
90.080454
89.990839
89.998490
90.293812
91.234389
89.727041
89.813837
90.506741
91.150032
89.957503
89.871221
90.463350
92.556508
90.182872
90.229066
90.079010
91.014979
90.644078
89.670529
89.819006
89.444782
91.691851
89.656198
89.768229
92.382505
89.923108
90.058178
89.925611
91.969716
89.803337
89.873626
90.017602
92.047250
90.088153
89.864743
89.747376
91.189832
90.109208
89.570606
89.701185
90.526816
90.553079
89.640574
89.548444
89.579613
91.611676
89.737451
90.421294
89.807225
91.130689
90.244942
89.611068
89.765767
89.771518
91.233571
89.894990
89.632846
89.866759
90.868506
90.739007
89.795493
89.895731
91.464052
90.743618
89.785012
89.825113
90.926128
90.058799
89.738097
89.931306
89.985600
89.914889
89.926563
89.916028
89.873467
91.711117
90.110060
89.991944
89.870535
90.555721
90.803092
90.228745
90.085268
90.069907
89.964639
91.861258
89.688962
89.590436
89.615805
92.302525
90.964920
90.432845
91.807595
89.831079
89.695777
90.334490
91.022454
89.605022
89.566572
92.059403
89.696621
89.636854
89.749664
91.611026
89.773578
89.760148
89.896079
89.931875
91.821147
89.936949
90.364045
92.389356
90.044851
89.947561
91.753451
90.280891
89.850401
91.641814
90.238758
89.677104
91.082516
90.752197
89.979874
90.971722
91.526620
90.108032
89.936338
89.919345
90.980257
90.686701
89.956937
90.044819
90.013757
90.561695
91.746526
89.939039
90.078655
90.198019
91.250566
90.727296
89.757453
90.039719
92.088220
90.092047
89.231687
89.241958
91.957830
90.118254
89.910445
89.910077
90.154547
91.156557
89.570538
89.579577
89.637481
91.630378
89.659371
89.827923
89.680326
91.822069
90.081702
91.995981
90.146117
89.432744
89.435461
91.504374
89.298265
89.307847
89.257095
91.112864
89.763379
89.647419
89.590960
91.810100
89.750574
89.617197
89.515021
90.469713
90.712478
89.827367
89.763215
89.731750
92.238425
89.470337
89.438916
89.448824
91.406099
89.551057
89.456048
89.436322
90.333202
90.600396
90.002637
90.081268
89.895431
89.673690
89.871283
90.153915
91.674465
89.530221
89.455281
90.161965
90.797429
89.463584
89.655306
90.076586
91.324505
89.627657
89.684285
89.792045
91.615916
89.440672
89.437410
89.465686
91.023118
90.358505
89.769994
89.540410
90.382284
90.524469
89.514633
89.531715
91.446462
90.783059
89.871592
89.751655
89.741514
91.217210
89.897626
89.588716
89.575077
90.088935
91.169562
89.606821
89.573529
89.837368
91.354243
89.963226
89.583336
89.596553
90.472618
91.514002
89.819374
89.799201
90.219297
91.793864
89.773884
89.910782
90.649857
90.983015
89.796797
89.885266
90.590416
91.287572
89.962811
89.882577
91.060405
90.595480
90.140623
90.482314
90.052649
90.765834
91.046712
89.732440
89.664443
90.582307
90.679150
89.653873
89.729756
91.302949
89.976535
89.228516
89.239497
90.526799
90.282540
89.530815
89.644340
91.884078
82.394495
86.728108
88.507759
89.974697
89.884749
89.866261
89.929672
89.636831
90.254812
90.401847
89.846900
89.996611
89.819596
89.733072
91.772555
89.872749
89.774218
89.771941
91.940051
90.349674
90.346493
90.042883
89.886663
90.055815
90.276751
90.235130
90.104610
90.969014
91.756610
90.754456
89.945063
89.890437
89.769718
89.778925
91.709167
89.891384
89.839560
90.574745
89.846151
91.617663
89.916116
89.795757
89.732451
91.797290
89.879466
89.623033
89.611260
91.692040
89.682780
89.595406
89.709227
91.349901
90.120540
89.754752
89.698892
89.955543
91.357471
89.546500
89.591196
89.499629
90.898027
90.123827
89.552542
89.563978
89.635586
92.103338
89.479235
89.666765
89.721254
91.801580
89.712033
89.744089
89.932169
91.465453
89.618201
89.504722
89.445427
91.597607
89.443724
89.392137
89.425832
91.196295
90.142630
90.244073
90.081475
89.978363
91.194764
90.557859
90.584131
90.864382
89.737606
89.751936
89.700242
91.775134
90.343189
90.167614
89.697333
89.759985
89.803224
91.020385
90.408104
89.780894
89.898455
89.884783
89.826852
90.001546
89.617713
89.800896
91.059500
90.052816
89.563157
89.594796
90.201757
91.254446
89.742435
89.742436
89.730835
91.829807
89.733856
89.612428
89.638043
91.672441
90.250436
90.070608
89.948063
91.107268
90.424358
90.021058
89.774071
91.141819
89.745263
89.511395
89.556299
91.309335
89.936372
89.562840
89.480002
90.686744
90.357547
89.610330
89.611843
90.669477
90.943272
89.802127
89.795751
90.938046
90.776839
89.908972
89.814512
91.868926
89.762624
90.671829
90.763001
91.121854
89.791296
89.834316
92.569285
89.766623
89.628408
89.577217
91.705645
89.551040
89.615263
90.123965
91.545272
89.693297
89.502941
89.449993
91.494873
89.832337
89.875876
89.896181
91.805891
89.855455
89.791673
89.762357
91.640685
89.715882
89.896386
90.980660
90.947016
89.785678
89.731770
91.059350
90.110272
89.589596
89.657625
90.126822
91.077154
89.683558
89.719558
89.712610
91.380830
90.177785
89.634560
89.708545
89.692132
91.552310
89.431062
89.432323
89.596624
91.332873
90.248583
89.863264
89.884265
91.056896
91.293398
89.614524
89.575973
89.527655
91.613550
89.760516
89.681202
89.761383
89.677811
91.655243
89.757227
89.704229
89.754906
92.239018
91.365661
89.833517
89.655387
89.965089
90.831712
89.403762
89.428634
89.458977
91.393288
89.379931
89.418947
89.382952
91.365765
89.399619
89.416838
89.641863
90.111103
91.425217
89.878916
89.963604
90.682864
91.115988
89.783375
89.393801
89.459857
91.196636
89.540452
90.444577
90.241318
90.158180
89.866085
90.592480
89.726118
89.909448
91.041034
90.374492
89.799577
89.704226
89.605292
89.662150
91.157802
90.373040
89.710164
89.631112
89.853661
91.180406
90.207635
89.713354
89.748849
91.590439
91.336305
90.065955
89.581535
89.632092
91.699704
89.600264
90.003828
90.166941
91.895528
89.925930
89.913005
89.976210
90.775903
91.417458
89.999403
89.788806
89.807257
90.808433
91.059714
90.066427
90.130518
91.069314
91.507383
89.929059
90.014981
91.479419
90.609772
89.837939
89.877646
89.916834
89.805934
89.666222
89.791014
90.803007
91.432212
89.899248
91.657727
91.198786
89.876766
89.739255
89.427631
90.928311
90.427412
89.786710
89.902721
89.885722
91.799776
89.852797
89.708587
89.499440
91.198382
90.050437
89.727466
89.772349
90.261512
91.271971
89.676025
89.515687
89.747766
92.587034
90.421325
89.924052
89.756419
90.251602
91.079938
89.560930
89.597835
89.457754
91.705771
89.752426
89.763872
90.141007
89.893915
90.783257
90.551811
89.730076
90.011212
89.975295
89.907076
89.995143
98.206941
89.810047
89.701808
89.648988
90.653197
90.523413
89.630184
89.613321
89.969966
91.622479
89.644601
89.749819
89.736519
91.658651
90.172325
89.994245
89.891730
89.888489
91.356946
90.019624
89.774496
90.466627
89.788306
91.835966
89.650846
89.596606
89.670910
89.787786
91.336777
90.524751
89.960642
90.022658
90.750463
92.472154
90.140824
90.034693
89.926399
91.840123
90.096454
89.964141
89.849968
90.297421
91.243198
89.756419
89.726282
89.634948
90.318020
92.092459
89.820518
89.787933
89.826254
89.927660
91.742930
89.894258
89.787116
89.730072
91.741293
89.611157
89.742228
89.705716
91.268461
90.283005
89.670655
89.607917
90.416364
90.426109
89.408397
89.451449
89.602305
91.687010
89.824871
90.156218
90.100588
89.864337
89.776989
89.731273
89.736037
89.834930
89.728617
89.894543
91.551400
89.975198
89.880622
89.900110
89.973261
89.945163
91.492156
89.875433
89.659267
89.781477
91.742043
89.557399
89.570524
89.601637
89.915143
91.280421
89.597631
89.596898
89.690381
90.205696
91.136256
89.912580
89.446864
89.517211
91.080935
90.323776
89.848655
89.609840
89.777254
91.370768
89.469188
89.674322
89.775596
90.219436
91.954882
89.945158
90.032290
90.015288
91.678627
89.704474
89.711061
89.762665
90.977383
90.614419
89.788334
89.880759
90.023009
91.595411
89.765819
89.692962
89.612038
91.539207
90.160656
96.072866
89.653831
91.617707
89.701250
89.786249
89.872863
91.757258
89.789124
89.786181
89.792177
91.293041
90.366981
89.899029
89.952931
92.552317
90.399371
89.413536
89.529129
89.636741
90.928150
90.534465
89.660546
89.567698
89.592746
91.692336
89.637933
89.564068
89.612381
91.162122
89.979817
89.444062
89.403968
90.878692
90.052265
89.488760
90.553520
91.620452
89.478484
89.457501
89.564482
91.994374
90.534444
89.614185
89.595822
91.918733
89.898749
89.944684
89.808144
91.847170
89.729338
89.755306
89.783941
91.726486
89.608463
89.580103
91.142347
90.419757
89.498754
89.232992
91.220495
89.588416
89.339929
89.451600
91.538445
89.505817
89.423612
89.631786
92.014012
90.406989
89.991479
92.456907
89.905049
89.697787
89.622802
91.751733
89.975949
89.743963
89.679498
91.694858
89.722631
89.667133
89.761891
91.268890
90.421935
89.747229
89.611005
91.094603
90.605740
89.832475
89.845119
90.576168
91.450582
89.792793
89.751322
90.074890
91.562160
89.764553
89.776427
89.776221
91.832105
89.738917
89.772476
90.039718
91.183718
89.220418
89.207866
89.475608
91.561983
89.503455
89.633690
89.844232
91.507283
90.038596
91.434850
90.101946
89.586898
89.446290
90.725114
90.239736
89.580843
89.576865
89.564971
91.538543
89.737983
89.680797
89.601293
90.484235
91.658513
89.556922
89.662473
89.614496
91.572119
89.728734
89.801772
89.654683
90.873482
90.215612
89.727532
90.408385
91.116379
89.837503
89.814493
89.821511
89.785367
89.851416
89.753169
89.682200
91.357228
89.735210
89.921044
89.967208
90.339238
90.030876
89.756330
91.682466
90.009025
89.819594
90.868454
90.738041
89.729747
89.220210
91.060664
91.508145
89.618789
89.556480
91.207119
89.936227
90.052542
89.909905
89.659342
89.656457
91.165623
90.537817
89.753514
89.736387
89.799612
89.856800
89.646060
89.930112
91.384579
90.055703
89.943988
89.999339
91.712166
89.856673
89.731961
89.817654
90.734445
90.757293
89.685296
89.737867
89.720855
90.001968
91.617784
90.110852
89.740104
89.954693
89.770311
91.330898
89.487045
89.461124
89.450357
90.136374
90.886936
89.361603
89.721347
89.865646
91.305598
90.256687
89.769701
89.899801
89.905255
91.870031
89.755110
89.755956
89.680051
89.892749
91.474696
89.800219
89.868219
89.915872
89.694652
91.808169
89.351236
91.508073
89.514439
89.545027
89.589162
90.196085
91.314066
89.949203
90.046877
89.871375
91.707747
89.561014
89.693413
89.809125
91.671477
89.736022
89.891167
89.909309
89.931077
91.645100
89.979973
90.007595
90.018806
91.884471
89.924150
89.930271
89.419390
89.739712
91.671953
90.022006
89.686676
89.878744
90.731972
91.370850
89.895945
89.971952
90.369258
91.869353
89.911744
89.918583
89.936434
91.759113
89.609003
89.752082
89.805445
90.302111
91.542016
89.838951
90.051148
90.084527
92.026608
89.546357
89.470280
89.468659
90.093968
91.171227
89.886859
90.125822
89.893555
91.803162
89.867562
89.851374
89.842093
89.887295
91.918104
90.104895
90.382843
90.069823
89.858459
90.156405
89.840838
89.886138
91.185863
89.997795
89.580643
89.560269
89.591450
91.578382
89.409302
90.096916
89.880480
89.758894
91.501139
89.576270
89.815480
89.607075
91.183465
89.971374
89.501619
89.408685
89.625023
91.417881
89.542573
89.558533
89.585402
91.012538
90.125115
89.614269
89.674367
88.830142
92.552024
93.885841
93.839803
93.773789
93.878327
94.283932
95.920037
93.905698
98.173820
94.156057
93.528628
96.123842
94.870928
94.001318
94.050316
95.431700
94.534235
93.800250
93.713657
95.930686
93.688242
93.764619
93.502529
95.734584
93.662280
93.551602
93.616072
95.486097
93.706554
98.286803
104.784776
96.706799
93.600843
93.587450
93.861122
95.429827
93.499952
93.520888
95.045563
94.206482
93.939934
94.815613
94.918187
93.747616
93.772060
95.822056
93.728848
93.800652
94.606819
95.122360
93.865208
93.831859
95.715578
94.042549
94.497051
95.054359
93.768812
93.879731
94.168710
95.393666
93.886320
93.782772
93.694413
94.861028
95.670945
93.601732
93.574419
93.626145
94.891642
94.444488
93.625744
93.599460
93.560147
94.960901
93.903541
93.540287
93.398087
93.361376
102.517995
104.467955
104.328993
104.196991
105.062412
105.057606
98.300149
93.127485
94.320805
94.541088
93.542195
93.643867
94.363672
94.867920
93.723211
93.701263
94.381736
94.888837
93.791382
93.568228
93.469415
95.252923
93.657288
93.449965
93.591209
93.722033
95.659606
93.683384
93.692938
93.945779
93.875456
95.339085
93.941461
93.659536
93.629044
93.698515
95.503567
93.436510
93.502596
93.388296
94.639966
94.301291
93.474274
93.450302
93.499583
95.368880
97.050322
94.045372
100.407398
104.456683
104.878611
95.039365
93.152047
93.774109
94.665819
93.242806
93.807092
93.974582
95.299589
104.825055
104.820618
105.034949
104.664292
104.589077
104.606590
95.839798
93.779883
93.269502
93.637576
95.168926
94.428098
93.777653
93.701906
94.646885
94.814190
93.639504
93.541215
93.970983
95.039132
93.536667
93.595764
93.465478
95.457704
93.497882
93.508683
93.477186
95.426226
93.537019
93.705440
93.616384
95.571160
93.584040
93.721917
93.898608
94.217628
95.425104
93.715441
93.626103
116.789402
100.734999
93.709895
93.608787
93.703914
93.750556
93.606250
94.074791
95.295710
93.257260
93.457071
93.664152
93.676070
95.403959
93.836786
93.753493
93.850460
93.606410
95.588853
93.633432
93.615185
93.608165
93.685638
95.472619
93.449365
93.578774
93.636893
93.587742
95.577224
93.548048
93.628462
93.574487
94.078165
95.081952
93.673844
93.675804
93.643033
95.631938
98.302751
104.661100
105.061436
105.115607
105.092871
105.058733
99.486671
94.533045
93.647196
93.574602
95.009489
94.305432
93.655759
93.554788
96.078472
93.784271
93.725045
93.607311
95.980983
93.846633
96.035939
95.502526
104.519443
104.387013
104.011728
93.197012
93.214585
93.880816
94.715896
93.315973
93.225342
95.434636
93.295076
93.340093
94.383556
94.733643
93.634775
93.823652
95.517121
93.639309
93.655313
95.488024
93.708837
93.596666
93.981307
95.471253
93.819871
93.769389
95.159735
94.240741
93.671376
93.459038
95.601754
93.508116
93.606052
93.531167
95.633876
93.522578
93.722630
93.743904
95.522091
93.454080
93.395245
93.335724
95.132956
93.270486
93.326289
93.435327
95.429421
93.637306
93.726088
93.752209
95.844816
93.762269
93.802528
93.690811
95.732299
93.782392
95.081988
94.815827
93.636637
93.712654
94.372103
94.426877
94.022958
93.289625
93.645014
94.972333
93.344432
93.520837
94.510222
95.982727
93.568126
93.609090
93.421886
94.833180
94.601378
93.819237
93.820296
93.821069
93.594188
95.556742
93.516465
93.600832
93.600496
93.557712
94.063082
95.080973
93.517074
94.178446
100.105882
93.190808
93.753828
94.825625
93.516528
93.500470
93.647726
94.454687
94.887513
100.283614
104.878204
97.161531
93.210451
93.918203
94.464943
93.478189
93.677324
93.600391
93.578589
95.578125
103.523051
104.688069
104.453268
93.602517
93.362112
93.399462
95.474435
93.554648
93.604123
95.508220
97.678472
97.777059
94.800027
93.153999
93.244019
94.500978
94.438140
93.439151
93.512344
94.737631
94.657376
93.522763
93.591783
94.725850
94.786409
93.792834
94.258531
94.135743
95.014313
93.601855
93.491325
93.622902
95.567164
93.459950
93.494622
93.559993
95.262545
94.033172
93.631613
93.634526
95.109049
93.996873
93.552332
93.753024
94.499045
96.165871
93.171340
93.228142
94.089743
95.264918
93.380614
93.376487
94.232735
94.641622
93.442470
93.669799
94.464832
94.853027
93.562969
93.467463
94.721185
94.208178
93.494680
93.507023
97.833215
105.426316
104.416859
104.231663
104.423113
104.835885
104.872527
104.080502
104.345901
96.740162
95.489914
104.318411
98.112486
93.444998
94.986114
93.987316
93.426493
93.467740
95.423382
93.431952
93.359352
95.195126
96.116875
93.581358
93.611242
94.381980
95.078694
93.724252
93.755425
93.804478
95.563628
102.547666
104.449128
100.038784
93.013409
93.071961
95.094141
93.257483
93.197535
93.414953
95.385465
94.092366
93.820977
93.929910
95.757183
93.752577
93.771921
93.545324
94.490712
94.514096
93.524423
93.458229
94.892250
94.428755
93.628314
93.640180
95.267388
103.799545
104.755998
104.419863
105.223051
97.859883
93.146399
95.377210
93.554558
93.766568
93.816751
95.737834
97.008777
93.507818
95.745509
93.644382
93.796949
93.855373
95.479517
93.663178
93.467498
94.243883
94.563959
93.448050
93.517824
94.482286
94.989833
93.728367
93.726488
94.934054
94.315186
93.604215
93.593793
95.446559
93.556026
93.536733
95.340018
93.912850
93.610344
93.657155
95.611815
93.640609
93.526043
94.549358
94.412072
93.545322
93.712376
94.972271
94.374771
93.629764
93.651123
95.674951
93.652141
94.620228
104.544750
107.404654
104.121055
94.154373
93.250703
93.355419
95.454953
93.388051
93.456135
93.343224
94.899470
93.934767
93.487174
93.569201
93.845544
95.346300
93.707947
93.697153
93.463580
101.090183
104.939164
106.045787
104.719673
104.576675
104.941796
104.629015
103.730962
100.269455
93.361112
95.387960
93.464025
93.424373
99.163689
104.344550
104.422015
104.687999
105.444340
102.361726
93.594360
93.683094
93.527250
95.106917
94.097239
93.824742
93.936728
94.119092
95.972099
93.956552
93.761000
93.788356
94.141740
95.292628
93.333621
93.395745
93.441513
94.830594
94.046292
93.531245
93.548605
93.615422
94.915148
94.401371
93.444816
93.655854
93.630394
93.602364
95.571080
93.702256
93.741715
93.802793
93.580004
95.535694
93.428393
93.402417
93.550777
95.433394
93.554320
93.831136
93.630546
95.194124
93.769573
93.330720
93.312609
94.372552
94.703191
93.688292
93.673591
94.270535
103.715565
104.721998
93.745996
92.923621
93.224818
95.410706
93.382673
93.523795
93.568147
95.390328
93.590823
93.286940
93.574437
95.557870
93.952770
93.722360
93.935403
96.884396
94.803438
93.745786
93.829109
95.365497
95.424787
93.713779
93.663093
94.216814
95.424335
93.636651
93.587636
93.581196
95.668038
93.770511
93.929460
93.766652
97.035760
93.193638
93.173885
93.391548
95.547726
93.742266
93.664717
93.787004
95.491120
95.180631
93.643957
93.642735
93.492219
95.850470
93.649998
93.653479
93.658747
94.142166
95.309784
93.621738
93.601109
93.583324
94.101607
95.066972
93.564617
93.441854
93.699469
95.475298
93.818296
93.847032
95.279734
94.299237
93.897885
93.635672
95.227644
94.161356
93.654196
93.548477
94.215837
95.342947
111.130165
116.586049
93.902548
93.860506
93.759418
93.741143
93.847920
95.738809
93.952509
93.481118
93.703113
95.789573
93.827507
93.822672
93.807825
95.822152
93.520879
93.707650
101.338691
107.008916
105.376774
105.455768
104.815474
105.007131
108.105663
103.792731
105.326288
104.828098
105.036450
105.276620
104.641951
107.071985
104.816283
93.334246
93.421366
94.803847
94.468426
93.531906
93.633612
95.585219
94.131464
94.097707
93.936396
94.265931
95.929876
93.737686
93.730463
93.642699
93.638186
95.555688
93.619191
93.678876
93.434846
93.192514
95.436980
93.601159
93.735508
93.601056
93.560609
95.470062
93.575872
93.533979
93.657211
98.552241
104.185913
104.091578
105.554896
104.866790
104.712384
105.075858
104.326512
95.059602
102.690973
101.491010
93.338098
94.261802
94.448847
93.325811
93.551824
93.630865
81.210185
86.227743
88.712754
90.018984
90.019423
89.895210
89.746721
89.424073
89.273812
89.367288
89.459669
91.799967
89.843356
89.609285
89.792426
92.067142
90.235682
90.189210
90.998260
91.955564
90.372448
90.084954
90.716353
91.353384
89.763419
89.781749
89.889672
91.225051
90.686659
90.040181
89.853073
89.947318
92.028973
89.811900
89.801538
89.712036
91.751222
89.614032
89.632295
89.865935
91.937877
89.649999
89.834083
90.336388
91.058706
89.750553
89.775876
89.838967
91.664836
89.748991
89.832693
89.885162
90.459677
90.904819
89.764133
89.783026
89.649405
91.684416
89.867471
89.679780
89.635062
89.610825
91.618310
89.638265
90.038769
91.812712
89.607107
89.656082
89.735774
89.731457
89.734474
91.847775
89.741232
89.882713
89.795459
91.449590
90.607003
89.948112
89.719106
90.867709
90.780155
89.839057
89.638975
89.721336
90.285227
90.005400
90.096871
90.102323
90.340947
91.921782
90.073020
90.042053
89.849547
91.963651
89.945425
89.967146
90.200863
91.656783
90.187485
89.903491
89.763562
90.861178
90.746212
89.803090
89.863769
90.555838
91.425934
89.795044
89.791688
89.620202
91.781560
89.782141
89.692342
89.774038
92.712097
89.937134
89.624996
90.878669
90.998234
89.750237
89.956511
90.635611
90.968059
90.053759
89.596435
91.344732
90.070912
89.773587
89.908910
91.424328
90.679157
90.097611
90.124106
89.997223
91.772317
89.653661
89.640984
89.718825
90.445588
91.081397
89.788763
90.122723
90.498378
92.220003
89.862436
89.745650
89.855649
90.449467
91.140592
89.764189
89.831990
89.736376
91.776605
89.739017
89.801020
89.769676
92.002271
89.880253
89.802451
89.908294
91.552162
89.959893
89.772131
89.859260
89.717510
89.921497
90.175005
90.009323
90.347169
91.242013
90.081037
89.956131
89.949511
89.854450
91.087921
90.637493
89.687967
89.954525
92.091334
90.111353
90.026880
89.950473
90.528158
91.264767
90.001112
89.917328
89.779414
91.759585
89.815250
89.793934
90.040957
91.929313
89.971027
90.061682
89.902889
92.092804
89.938258
90.009937
90.063674
91.579871
90.126903
89.823373
89.660763
91.190720
90.732202
89.612723
89.709102
89.898247
89.678178
89.594453
91.702926
89.927865
90.074194
89.974133
91.027378
91.018713
89.775440
89.941816
89.777726
91.761175
90.142610
90.085605
90.125491
91.193943
91.104739
89.978844
90.124175
90.155164
92.347497
91.496791
89.734652
89.801639
91.708126
89.950482
89.698157
89.600480
90.729216
90.827891
89.942605
90.193619
89.933371
91.914532
90.500210
90.004328
90.005565
91.957113
90.776604
89.936510
89.939551
90.049101
90.296669
91.621562
90.008996
89.852225
89.963189
91.956485
89.963927
89.912242
89.883816
90.664194
91.126368
90.001802
89.902368
89.783815
91.969372
89.943918
89.812740
89.912354
91.144611
90.759139
89.800305
89.680851
89.612607
91.797818
89.777394
89.877566
89.830417
89.956505
89.987960
91.576732
90.224786
89.865859
89.885932
90.146791
91.674166
89.768400
89.683841
89.750155
89.996672
90.066421
90.555837
91.501995
89.876737
89.988464
90.141321
91.903303
89.914305
89.878513
90.024151
90.225777
90.946750
89.902174
89.928855
90.655585
91.218622
89.694253
89.463641
90.115683
91.101136
89.744020
89.967364
89.995183
92.014203
89.992590
89.979983
90.036040
98.700384
89.983450
90.015573
90.101048
91.496906
90.252288
89.980120
90.047708
91.007165
91.303199
90.149249
90.166523
90.008168
91.564059
90.470176
89.990989
89.872470
89.737078
89.750025
89.732526
89.791124
89.891288
89.879845
89.825604
89.811961
89.710734
89.848107
91.745336
89.951272
91.673246
91.073587
90.008672
89.959902
90.009478
90.096429
90.132231
89.980914
90.144982
90.037247
91.171785
91.092117
89.973537
89.931348
89.707816
89.573086
89.639515
89.712053
89.931198
89.925904
89.743893
89.740900
89.765782
89.804727
89.988625
89.735855
91.139159
90.295142
89.926874
90.126607
90.073055
92.066111
89.945317
89.888523
90.020633
91.189708
90.697135
89.857471
90.073399
90.059222
91.880560
89.830614
90.009848
89.847357
90.493665
91.139211
89.918206
89.947389
89.727236
91.656770
90.141744
89.821225
89.798185
89.876250
91.746399
89.851743
89.861666
89.781274
91.187998
90.232283
90.122795
91.071224
91.382998
89.816786
89.895085
89.741882
91.162156
90.540736
89.956778
89.915664
89.869701
91.671357
89.611009
89.780514
89.747162
89.835957
91.310404
90.347992
89.979225
90.003140
90.000959
91.844579
89.758460
89.436915
89.230775
89.805690
90.980479
89.473913
89.664873
89.657440
91.637322
89.697430
89.615337
89.553623
91.198278
90.592650
89.706936
89.455168
90.076320
91.030945
89.852756
89.806358
89.862269
91.768092
89.555319
89.819130
89.638426
89.691362
90.343449
91.050005
89.583925
89.752039
89.593844
89.563351
91.329505
89.729428
89.751301
89.808472
89.891548
91.551256
89.563000
89.649684
89.792306
89.648887
89.645186
89.638207
89.786707
90.215942
91.447849
89.914934
89.860862
89.897221
89.906451
89.947121
91.966473
90.022953
89.990025
89.860652
91.630713
90.485164
90.103552
90.146631
90.124966
92.064894
89.801794
89.824723
89.891806
89.798065
91.803733
89.896484
89.628348
89.699681
89.615259
91.659544
90.393439
89.941096
89.946642
89.876854
90.336429
91.468987
89.706124
89.631022
89.858021
89.787975
89.766315
89.995839
89.829840
89.880754
89.956692
90.167311
92.100618
91.283926
89.795859
89.670251
89.710412
90.544043
90.938805
89.881491
89.908006
89.982370
91.001739
90.646049
90.252619
89.933727
89.945667
92.105079
90.093925
90.036228
89.943654
89.986289
89.959295
89.997476
90.035607
91.191189
90.876999
90.074698
89.877766
89.743434
89.630031
91.192253
89.442448
89.752700
89.777447
89.966220
89.938505
90.032614
90.251976
90.030372
90.105071
89.943604
89.889733
89.951126
90.179967
90.166934
90.230512
89.924084
89.978698
90.015231
90.006582
91.892829
89.986637
89.934454
89.744275
89.714411
89.789088
91.767091
89.975508
89.946926
90.023283
89.881630
91.546555
89.740709
89.935224
89.929057
89.979524
91.630815
89.586838
89.850683
89.754887
90.403302
91.468492
89.795500
89.796014
89.815435
89.947984
91.693916
89.820921
89.962261
90.162194
90.060337
91.236956
90.833308
90.169388
89.968002
90.016832
91.075023
90.766583
90.042813
90.161778
90.160276
91.239316
90.564857
89.790553
90.020292
90.077107
91.027076
91.008728
89.969290
90.001604
90.041368
90.802096
91.092296
89.789373
89.808949
89.581677
89.552260
91.502716
89.656021
89.625854
89.775824
89.792309
89.810339
91.705444
89.944871
91.911725
90.453960
89.831926
89.916458
89.771696
90.035478
89.855616
89.798127
90.025439
90.133853
90.103729
90.008897
89.820906
90.038456
91.542947
89.822682
89.934479
89.915894
89.944101
89.940150
90.148460
91.693661
90.031630
89.707267
89.581605
89.829061
90.340896
91.387046
89.881442
89.886145
89.833290
89.725980
89.869660
90.058472
90.075178
91.801021
89.927852
89.809012
89.989377
89.975322
89.885046
89.841827
89.895865
91.671348
89.656130
89.759991
89.742199
89.636796
89.592861
91.508285
89.627723
89.784874
89.654356
89.860658
89.752099
91.708552
89.751808
89.767306
89.742287
89.657456
89.766912
90.784068
90.805492
89.678456
89.696553
89.994618
89.995570
92.532252
89.924812
89.785501
89.805795
89.890614
92.471507
90.459999
89.921877
89.848821
89.820727
89.880392
91.767563
89.641430
89.859966
89.906272
89.971462
89.890654
91.834302
89.922542
89.880081
89.946126
89.901179
90.660327
91.252405
89.921350
89.784373
89.848773
89.720038
91.160459
89.407933
89.455265
89.476125
89.650014
89.618221
91.516900
89.343910
89.639369
89.740006
89.868511
90.577016
91.220977
89.952895
90.080243
89.974314
90.443188
91.506864
89.977760
89.900679
89.910174
90.680443
91.084569
90.050506
90.147606
89.963052
91.012284
90.935549
90.164438
90.059978
89.826824
90.026624
91.877489
89.931632
89.761822
89.624877
89.631522
90.655859
90.733954
89.755393
89.747808
89.677718
91.216577
90.182435
89.652425
89.825283
90.037011
89.881074
91.832824
90.022430
90.009769
89.915436
91.525274
89.986971
89.588218
89.612745
89.730017
91.586262
90.128215
90.004922
89.917259
89.903002
91.779881
89.895597
89.896364
89.774719
89.729648
90.412488
90.814819
89.651770
89.791236
89.842664
89.873104
91.097531
90.648662
89.863109
89.736432
89.648905
91.607086
89.612996
89.715773
