50
62.347817
71.047686
63.878361
62.401821
58.847676
64.062459
64.096547
62.214261
81.032473
74.020457
65.550117
69.615894
69.631646
58.593796
57.197854
61.844474
63.879650
67.556215
66.433549
73.574120
60.240596
59.459188
71.082193
70.899019
58.350329
64.519135
69.343260
80.631405
74.259727
62.089664
64.637901
69.280730
75.587136
57.197132
62.557016
63.694264
68.025402
70.350026
59.981904
62.111457
65.936482
67.461810
66.667720
68.125855
60.570869
61.748170
64.574198
65.262243
64.239909
65.459807
66.828503
66.292407
66.060411
63.536731
66.688636
72.778680
71.000279
70.325925
65.964452
71.177791
73.400997
68.385028
66.554241
75.892003
68.843672
66.595082
74.223870
69.673866
64.389926
67.479690
63.583703
56.472812
64.833298
75.657155
63.789124
66.420294
67.162435
67.050064
73.794646
61.341325
66.379910
63.996195
67.282791
64.175594
62.396222
70.088835
64.524558
64.465634
61.221618
63.643039
66.611364
72.004507
69.912274
73.358130
75.039476
78.974732
76.542185
70.052703
74.469133
64.312161
60.820365
57.323857
63.447336
68.024805
67.420438
64.865232
70.130912
67.324856
63.374031
64.110936
73.417909
68.202368
66.537291
76.841475
75.815403
77.466014
81.429977
71.115299
82.537901
77.003366
72.229335
73.066002
77.196212
75.173187
79.458279
75.990892
62.262065
58.664468
56.948146
62.178176
66.385870
75.056935
74.114072
73.705792
80.952740
67.862503
59.638135
58.988132
64.476985
60.051024
63.680400
61.373851
67.699162
56.547487
65.544757
67.612688
65.598427
61.904457
68.266085
64.986229
61.432293
67.563004
62.055401
64.602578
63.424225
65.623709
65.853176
61.708408
64.479849
70.408375
70.972919
69.390349
67.053567
67.005869
63.620423
65.991451
64.574852
64.470414
65.992354
64.120156
73.967620
70.500203
65.542009
55.403522
58.410520
73.330409
69.524463
76.741073
62.262811
62.988872
67.057287
68.628523
62.540166
63.011998
69.550486
65.021191
68.352687
69.778480
61.620132
64.343345
68.668759
61.326192
69.520725
74.359209
65.370636
61.083029
58.736565
63.216971
55.058204
60.671543
60.201687
64.381006
59.229263
62.529489
63.729042
64.524925
61.516781
62.800097
70.373954
67.421992
61.536582
57.861913
62.490726
77.462769
73.360068
64.851439
61.014599
63.890204
69.976744
59.080120
62.962111
65.519638
61.886842
63.694833
64.239780
59.844112
59.673088
60.550780
71.912987
76.782764
67.936261
60.745594
61.816520
61.915027
57.299196
63.294917
57.823485
68.484423
66.370943
79.846341
70.047668
63.836485
57.751387
70.551414
66.634310
70.740712
81.112010
70.836559
66.699890
69.047161
66.248765
68.069873
64.367095
69.929999
76.792153
73.470090
69.603093
71.064739
69.170594
68.008204
75.775444
80.929263
67.151552
61.774414
63.952226
64.122134
66.224412
62.153533
64.227745
76.807976
70.616212
65.585542
65.516103
64.457518
67.151450
63.231271
73.170389
73.263918
60.820847
66.786290
74.955652
72.738984
69.073230
60.054040
69.419662
69.309910
69.380117
66.627263
73.919411
75.093620
66.818930
68.413912
65.048152
65.081614
63.458709
68.684292
64.406464
67.284516
69.714189
72.274272
66.284202
68.472520
61.348626
67.717374
63.496515
63.455713
67.923559
65.374341
64.552611
63.596475
63.799332
66.486437
62.035827
59.903561
66.644227
57.575283
63.350042
66.010396
66.944336
60.809149
62.502633
62.610696
68.235897
69.693046
74.233657
66.443238
68.188411
63.752118
59.607356
61.129188
63.331107
62.135372
69.250228
72.625911
70.614370
64.437073
68.508900
72.027934
65.642323
62.847252
69.406135
67.270975
69.666376
66.464686
68.437715
69.449843
70.300841
65.646536
67.066316
67.756789
58.517587
66.954605
62.806491
61.017763
72.351546
69.084181
57.321929
69.202043
70.346024
58.624990
60.895561
69.889391
66.837464
74.932345
68.736900
63.095522
68.981777
67.529021
68.900715
72.750458
60.535508
73.687573
70.715156
66.081834
58.882969
64.057812
66.959870
64.575216
67.446639
67.188064
65.068829
65.624079
71.717990
63.707136
63.720729
60.664320
67.525279
63.580473
62.141329
68.545574
64.577435
69.797078
65.899487
67.527857
65.991608
69.350118
69.924219
66.690706
59.010131
59.338792
62.978111
68.136928
64.816592
61.498967
64.183811
62.045911
67.175351
65.428859
66.293887
68.828393
71.276210
64.533635
58.968454
76.990595
65.701895
59.000505
60.182591
71.398881
70.682053
75.828327
71.680631
81.364095
76.559317
77.573110
79.683047
57.674239
60.773329
58.921788
60.612586
61.844087
60.191046
64.493778
62.347542
75.722224
68.956300
73.192308
69.553031
70.328342
66.685168
70.621982
63.453017
72.790372
67.556176
64.896351
64.432074
62.397029
58.002886
61.816517
61.285303
62.849761
67.175196
70.612571
65.987460
61.651635
66.009694
63.322263
65.711792
67.134048
67.301737
65.689055
64.350305
64.460733
61.950708
64.877783
66.230434
61.201693
59.251107
59.899743
60.790294
70.625560
73.449406
66.110980
68.677821
68.613633
58.940448
61.201558
70.300280
60.384617
63.663512
72.241809
76.872472
70.116082
72.118424
69.824967
68.786283
65.623344
71.364028
71.899723
56.581931
59.289502
70.743473
64.055764
62.297937
59.810656
61.071516
66.817059
62.918817
60.018704
55.546954
61.276059
64.584500
74.432301
74.261870
71.774192
76.450033
71.016959
68.559620
69.181871
67.781989
77.434212
69.256673
67.349777
60.105756
74.307712
72.311639
66.477722
63.050373
65.013810
68.861408
62.951448
67.548939
62.481745
67.121206
71.366214
67.717665
64.609004
61.006313
64.969474
73.799469
70.653353
64.172216
62.781850
63.153275
66.158887
71.470762
75.622981
68.724872
63.684471
65.800799
72.421065
74.525004
70.346546
65.366275
59.587150
63.960159
67.999057
66.870784
65.112974
60.546249
64.144194
70.656652
65.694719
64.512085
68.316058
68.901419
61.441115
54.712872
64.475561
63.384351
66.577548
64.293304
68.008940
72.632730
70.339367
63.686305
67.919517
63.458282
61.566120
65.271406
65.641928
72.720701
72.468921
61.546192
60.349878
67.072933
68.782656
64.809501
66.286523
66.512496
65.556304
73.570700
73.696971
67.738361
69.929698
64.967410
63.229204
67.098263
63.609290
66.763521
61.744929
61.846804
65.960242
60.121525
52.033495
57.013810
54.433697
63.696007
62.834648
65.346959
65.364229
69.288058
69.240830
64.327430
59.820813
73.638689
71.109828
69.994857
58.205139
62.459576
64.474804
73.859545
61.773455
61.428005
58.945118
61.984787
63.875506
62.062007
67.966345
69.848342
64.406294
60.236803
63.536148
57.563799
60.651966
62.163873
64.027251
63.017781
64.829760
68.161763
63.905936
68.172271
68.862604
75.285439
66.181246
67.212999
56.226326
69.749929
73.248135
66.343852
79.809706
69.551542
60.930126
76.557145
78.382266
76.296809
69.868218
62.902657
77.485697
68.173148
67.359465
67.610403
67.878516
72.420909
69.165669
58.095220
60.504122
57.987567
59.597057
61.533918
71.520520
82.905356
73.609433
65.212255
67.819607
75.299947
67.632866
67.607895
66.175473
60.633706
59.967866
66.551600
70.849722
62.051709
64.108626
66.412449
60.718967
60.095077
60.389718
60.921522
65.448308
67.135549
66.791178
69.076356
69.859109
70.287567
63.630110
62.599613
63.359625
60.390818
65.571941
64.021182
69.764731
74.114929
70.528337
71.443400
64.611727
66.730176
62.413179
60.396614
54.195939
67.353386
64.088633
61.410153
67.811984
76.987811
63.765564
64.275487
59.822264
66.578600
71.595446
75.597630
75.078621
67.705433
63.797923
70.065526
65.513026
79.600703
69.137392
71.383869
69.697447
72.959186
78.145979
72.988939
68.506659
73.358672
81.924986
71.562405
59.398749
59.854543
57.504414
70.945387
67.369681
61.814450
55.476058
53.673281
62.955058
63.858829
62.391475
61.671970
61.954015
65.253527
67.938301
68.756651
85.107876
66.009104
51.580796
51.621363
46.323276
54.986586
65.899796
66.537805
69.812159
83.163530
79.317626
65.144783
69.843151
66.288086
78.810506
67.304106
80.160410
77.201211
79.463675
80.239441
78.226488
76.430078
82.242318
72.049380
71.169768
66.632857
65.297586
71.601193
65.149468
63.134709
62.764257
65.422046
68.454121
64.686351
68.857519
73.668631
74.742051
67.255907
63.914579
72.661879
58.410868
60.631973
66.967422
64.877429
63.778620
60.791049
59.147060
59.388564
63.466854
65.761395
69.924970
69.979795
65.308595
72.084101
63.385036
68.222562
84.460739
143.387622
74.601123
59.184760
61.794611
62.683909
60.556249
59.166881
55.922565
63.872698
67.565164
68.560374
66.160623
54.246495
53.843869
75.108937
70.301927
69.217566
73.808459
73.083207
65.396719
63.337885
81.854437
83.968099
65.173231
56.237628
59.062057
59.846337
61.849505
63.878481
56.414621
64.876027
61.599959
68.573867
75.365180
80.258853
72.087796
72.188933
67.920361
70.734504
68.886017
66.609934
64.066649
60.878758
70.960365
61.014647
58.720562
64.451584
73.037114
62.970329
67.635010
74.740617
74.454677
69.788450
62.513093
62.520384
69.386593
70.687833
74.697018
68.326889
70.859491
74.088134
70.256485
68.953640
68.091551
64.609014
71.399696
67.732601
73.286706
73.575207
67.420529
63.940512
63.390156
65.057884
63.718859
74.806596
66.145608
69.501827
72.943643
66.339995
69.425698
69.985005
75.991162
70.917125
69.416318
71.235281
62.265780
62.683259
67.770811
69.386742
74.330770
61.780205
62.822462
64.794810
61.525080
59.807319
65.981801
62.708077
59.226846
65.032887
69.402193
66.186616
63.996963
64.738954
64.822317
70.391411
76.580842
73.771457
67.811895
66.211712
66.604592
66.136596
69.097304
69.473657
71.737921
66.075329
63.365309
61.826550
70.012382
66.001537
63.603457
64.165493
69.796018
67.214531
67.430362
71.683287
69.265855
76.478358
73.996554
63.657636
68.832346
69.334385
66.499015
68.532928
71.575105
70.285110
65.630094
61.985409
63.425160
62.974469
63.927940
60.175804
63.575297
69.124405
66.711844
61.428379
67.735504
72.723646
72.455613
68.047091
65.267662
72.454168
68.297776
59.941264
62.016221
68.938429
65.801037
68.666500
61.881796
61.066972
59.814902
61.234833
65.340340
64.809062
67.775560
67.613751
68.111430
67.928593
76.920634
67.170890
60.628077
58.641121
70.233900
67.853150
54.591686
63.993626
59.352631
67.179566
72.638557
59.924115
59.372436
69.683894
63.504664
60.509639
65.421535
69.229887
66.215864
69.069680
68.762812
68.434782
73.871049
71.281904
71.155107
68.265482
68.910423
63.338206
66.289986
72.735619
68.348057
62.093635
72.893149
67.998644
56.938883
62.844115
73.172913
76.745354
74.603436
67.797544
74.994524
76.923826
62.127131
65.683693
67.546618
61.614905
66.157839
67.926096
67.590194
73.355755
74.465100
72.935563
65.803483
67.266068
70.943139
72.400576
70.875314
69.007797
67.054007
61.921125
61.789798
64.842042
76.599199
71.165257
73.624339
74.185493
67.122623
69.655162
59.788037
64.628017
70.651076
65.010411
71.990554
64.881309
65.247136
60.781596
68.777677
58.684462
59.047804
64.195359
65.636577
70.800469
69.095848
71.244622
65.893219
60.358518
66.429711
65.311405
68.642509
68.716621
73.930474
68.978409
70.901542
59.835525
58.893954
64.852989
68.955153
66.522048
71.682635
70.349218
72.325538
73.696561
71.297954
69.268318
60.251244
62.431108
70.036383
64.265109
58.922639
66.156601
64.377445
63.426662
65.098053
68.394439
68.937020
63.633555
67.739189
67.342202
63.826538
63.958984
62.808462
74.262321
61.152308
72.561933
70.307475
73.274037
70.297384
67.159405
69.567138
72.634976
70.795253
67.107954
65.732569
59.551454
65.926483
68.319339
70.198820
73.083954
63.482778
60.667975
60.824461
62.211761
63.264176
63.875300
59.794488
64.261766
60.757513
70.469193
73.926135
73.260407
69.598360
76.509540
71.970690
74.573546
70.438180
60.228795
68.178489
61.064844
63.442855
66.534938
64.140624
59.106461
65.026132
65.168332
71.085312
70.984144
72.162743
69.154026
66.000144
79.189388
62.255910
73.403059
60.877678
57.487259
62.044321
68.212033
69.596755
70.981655
69.277801
60.755305
65.267280
64.489686
66.247064
65.491100
68.819568
76.422276
75.423011
71.501989
72.690777
63.946836
58.595934
70.304250
65.409523
66.437970
71.529786
63.267825
61.841788
59.800786
66.149486
64.765940
60.386081
71.206981
75.826642
62.424547
67.275985
60.907302
70.521243
59.027957
62.044021
60.923817
61.424762
65.552620
70.642456
67.374134
61.975422
73.392805
70.375933
69.415242
68.931272
61.859675
61.005462
75.081803
68.786245
66.303941
65.482473
68.531997
68.556467
66.236568
67.705098
65.815732
61.007479
66.249328
64.572746
62.409502
64.563050
68.839017
69.693141
67.793754
64.650109
58.132599
64.833287
69.128688
66.091011
67.190578
67.964474
70.433115
68.314696
62.657516
68.147120
63.844346
67.004304
59.958113
72.541727
73.347651
78.400074
67.931571
70.163198
65.426929
62.179285
69.539454
69.129092
61.928661
59.833679
57.030402
56.541270
61.377481
61.557200
71.433736
70.533293
66.938509
61.806248
63.115810
57.706023
61.102115
59.994979
55.829615
59.769588
69.008291
69.742211
70.947835
67.277457
62.660588
64.343058
62.219465
64.810134
66.991051
65.562953
68.664854
68.367651
63.565984
66.683726
64.118013
61.919835
61.316056
68.597217
63.872406
60.845667
60.142353
76.538273
71.858485
78.425520
62.838883
62.252241
61.262791
60.354872
65.831003
71.959107
62.767960
53.961227
66.326481
62.513321
68.303064
63.777602
66.604535
68.625480
65.847997
66.841351
72.306137
59.098687
69.120432
67.907363
69.915823
61.031694
64.486461
60.060614
57.731705
61.164853
75.218452
71.733438
72.617978
71.053120
71.416284
61.132497
64.772502
64.740289
63.027992
63.693045
65.975440
63.042456
62.987835
62.825639
60.499901
60.133544
62.217810
64.912612
69.326500
70.378491
73.595988
64.109999
57.902236
66.507525
71.518807
70.879321
64.901312
63.293877
58.155291
57.938784
65.504513
59.520274
59.259547
60.890664
59.859653
57.914862
57.368778
58.545059
61.501261
62.339342
66.303978
63.610689
70.043438
74.098050
67.309032
66.356864
62.472427
54.022312
65.630380
63.157466
65.818538
64.339180
66.971250
73.508923
62.560639
63.641188
66.293690
74.491229
64.746659
59.158776
61.704564
59.770213
68.522132
58.601120
64.203575
68.989190
69.830036
70.632998
74.998617
67.018747
71.099136
65.607722
61.736090
57.664441
62.267303
64.507388
64.460996
61.974877
61.682556
59.443946
59.278028
67.950936
68.595756
68.980454
69.381732
73.883061
66.212291
62.209949
60.375630
65.600502
66.302409
66.524514
70.431167
67.466110
69.901738
65.377058
63.230933
69.398721
71.771215
65.269372
65.740676
70.591459
60.479327
66.643237
61.419492
69.247094
68.120972
68.842413
62.100879
65.402158
66.831164
64.047777
59.073357
61.190880
54.098083
58.353154
66.618393
61.331933
58.576894
64.538977
60.729886
62.401627
59.349529
63.932577
62.059237
59.986858
61.105022
75.395578
62.769482
73.272205
62.236813
62.472408
70.248685
64.591222
69.758868
63.156038
67.488170
76.083784
77.284490
81.113808
77.388904
61.218654
61.278303
75.955737
75.684468
59.826006
61.062161
71.171135
68.926000
66.125183
75.921663
71.304145
68.049954
72.958559
64.025279
64.012125
77.546879
64.714137
66.284188
67.215422
69.160139
66.932062
68.259217
66.783642
57.736933
78.268267
67.985031
80.109812
73.368290
74.972536
72.076761
77.388970
64.911857
68.356510
74.024185
70.528404
75.473784
82.696732
62.135481
67.963737
63.960149
64.301038
62.640578
67.575727
69.614042
63.366331
74.665772
64.895766
71.870245
63.363262
53.785495
60.864242
63.716623
73.469167
60.671171
63.108454
69.437165
65.023533
82.168294
75.785462
62.591451
72.261827
70.583627
70.558963
72.160614
64.584704
65.574616
64.776019
66.009271
65.820565
61.852952
69.718144
79.362809
63.086473
61.202105
64.816035
71.969150
73.374313
60.147297
61.954881
66.392941
66.335994
70.674895
66.972512
68.508261
62.925305
63.462691
68.292315
66.447237
65.911464
66.912361
72.008404
67.177512
69.046461
68.887101
66.103586
61.566012
60.441897
62.351520
57.922473
57.377191
62.532366
66.587664
77.813963
74.260846
73.975414
81.434754
71.035105
65.484098
63.318995
63.625516
63.769206
62.881836
68.143262
67.119239
60.538224
62.067575
79.354223
74.843832
71.343931
71.639983
66.687622
62.616720
62.172508
64.661359
66.143124
61.356563
63.032724
67.847181
64.393890
65.636456
68.976174
68.629904
64.114964
65.006409
70.781983
65.321082
68.348018
62.468896
75.858193
65.887048
66.701453
75.964672
73.841877
71.430878
70.682327
70.665040
59.161687
56.039011
52.538604
59.798072
61.543821
65.577871
60.784504
63.929247
61.435287
69.587941
68.999967
71.996536
73.460120
68.014477
68.080571
80.467280
84.395092
92.217521
129.490361
123.170802
114.850899
165.222730
71.937698
67.881189
66.780265
62.214903
63.446587
58.048230
62.969925
63.203139
62.380914
69.193476
68.446867
67.526351
67.611057
69.518159
64.982948
56.036390
53.084698
58.028406
54.455865
58.764092
56.831998
68.437358
60.285068
56.031107
53.851998
62.161463
52.077278
55.932307
57.929828
70.948874
60.798243
74.895581
70.667357
61.826883
70.342189
68.338084
67.202454
65.059038
69.549875
75.304800
64.108166
68.536460
59.075048
57.693912
60.647051
59.467310
64.505442
71.847588
68.843052
57.240870
64.894698
71.379292
69.227195
67.312313
61.214280
58.964058
64.542844
70.422267
73.739937
79.487651
66.287079
69.054912
65.453735
61.183542
63.199504
69.965799
65.004101
72.310757
81.059387
69.743739
53.675551
56.537520
67.410778
71.770901
62.797681
64.588214
58.525545
64.504777
69.581286
76.897592
73.374735
68.205377
66.284353
65.313661
65.378670
64.970995
61.410279
61.699461
64.463751
64.546173
64.420383
66.750355
67.523735
68.682036
69.921346
63.908994
69.327629
76.149032
63.147851
64.712969
63.195863
61.691384
66.440889
63.897703
70.880455
68.733470
66.193799
69.815374
65.947741
65.011348
60.006033
63.268824
63.249274
54.575960
64.423354
70.569802
71.777595
74.000017
60.382274
63.010494
64.078110
64.402536
62.895040
66.714691
77.265491
86.045808
62.099852
53.921619
53.946274
57.078557
58.271158
63.912770
69.349986
76.988164
73.047151
67.443487
63.854589
68.150646
69.884044
62.222491
63.174483
69.128586
63.471880
62.629850
65.142236
65.756365
62.399898
58.103490
72.337793
61.705344
60.365129
62.263322
61.939730
66.732405
71.478876
69.708826
69.782615
71.266266
65.233035
64.059372
65.969439
67.163834
66.587595
64.513315
67.244285
63.841322
66.805809
66.522139
68.869917
64.525292
67.739823
69.305650
72.951921
66.034688
68.238034
67.761489
57.598530
59.315995
62.196202
74.898987
71.750471
77.113529
83.208217
82.806458
61.167708
67.366201
63.405901
71.437093
76.915854
76.520247
67.676948
75.309121
64.156723
62.978165
60.563564
60.808720
62.691398
72.530696
62.962422
59.013626
56.085216
58.459912
67.919423
63.276201
60.613083
62.989794
69.475509
53.425409
55.160361
67.719636
78.854218
63.673694
63.495052
62.410356
66.173993
62.678595
61.948170
61.149336
64.811535
63.417252
64.499272
65.124230
63.345947
67.930059
65.532096
65.657554
63.476545
57.024675
69.046229
65.261459
69.671265
74.547832
76.061709
67.977471
73.247034
66.718583
70.596409
70.455483
73.332482
70.991932
78.737339
63.307114
64.213979
67.582185
64.448329
70.960296
64.317821
64.773263
70.560461
69.452678
65.528887
63.726021
74.661994
69.108439
66.937150
64.878432
66.365745
70.449351
71.444077
68.582395
69.281395
63.775232
66.914249
65.223672
62.211686
60.780668
62.120828
68.461128
60.282694
69.596654
79.468816
78.082332
72.725196
65.975509
59.216920
57.219297
62.110219
60.806770
65.236675
80.426508
73.131388
64.310736
64.020684
76.966778
78.431404
72.771032
60.016545
61.130608
62.117352
64.178504
69.890683
57.817942
59.560158
58.671936
61.445357
61.619862
59.270060
79.492114
82.573049
75.250446
72.236560
83.370112
70.491201
62.532254
71.718651
75.969515
80.365257
70.084851
72.016003
63.178697
70.578693
72.820297
66.168831
67.959640
67.262220
68.894986
72.176450
64.936545
65.500143
68.193560
72.351161
66.791929
77.105155
71.242242
61.203906
67.890231
61.041874
71.785088
71.835778
66.888153
65.032615
64.347614
64.961711
69.863255
66.683639
60.548397
66.189686
58.259264
62.875650
57.679252
56.996496
62.338571
62.999204
66.570042
70.697724
65.580305
76.253747
67.718472
62.622699
60.773261
58.818980
70.513326
79.198501
74.177812
80.497430
69.786166
67.005115
66.626904
67.100756
71.799561
69.173066
66.562632
69.438449
69.254286
73.901111
66.961632
64.038781
67.964394
69.920144
80.808957
79.086518
73.530494
75.262043
71.517270
85.083449
72.699421
73.586540
69.473304
72.471601
70.227599
71.696329
70.703973
72.551246
69.665188
69.371994
63.918169
69.667199
75.334407
64.928113
66.459922
64.418155
70.335304
68.628097
67.627467
69.820049
75.846850
81.200707
57.346151
74.937309
67.778668
64.327425
65.151832
57.742295
62.805692
64.550081
68.386901
63.596473
64.320931
62.640213
62.090784
67.429849
65.319233
69.839894
61.627471
62.566119
74.376654
73.540235
68.019393
68.245729
61.292278
62.689208
66.007366
71.747975
63.288661
69.523245
64.680555
66.948274
66.325372
75.404130
70.566221
78.041647
74.741210
81.950268
78.127370
69.650899
60.942228
67.017042
67.269661
68.109392
72.270981
77.068306
67.034026
59.267327
65.147534
69.704045
63.244854
64.998536
62.058105
64.083983
67.252215
60.959151
64.606151
64.991801
70.377173
69.996508
76.111372
73.748567
62.947268
60.024366
60.547143
71.637453
74.951086
69.050733
60.298554
72.892610
67.095249
61.112125
59.320310
60.251025
60.655678
70.315341
69.860588
65.840042
65.917523
70.396512
70.925472
68.347054
70.524950
74.094427
65.321859
68.985772
61.472673
63.596738
61.831244
61.857029
61.274331
59.897602
60.066735
62.923208
63.874607
63.675792
59.243812
62.937607
59.644669
63.907461
62.483465
67.301696
59.793750
61.177769
66.890520
69.543783
69.663752
62.141429
66.172023
70.173084
73.301641
64.237670
61.271860
62.543094
60.578239
64.348989
64.298131
66.560123
64.264254
74.168007
74.270139
73.337459
68.568396
63.199589
61.667011
54.959333
61.797641
59.496998
63.337797
65.370195
63.706089
66.396344
65.070444
74.105633
66.778421
59.372699
57.311034
60.498716
63.648749
57.342501
51.316756
52.711692
59.580166
68.283825
72.567408
70.093783
74.161882
76.665497
79.711581
68.844734
59.116095
65.451915
76.335587
84.243471
81.382894
70.656180
71.549835
79.674940
74.116404
67.820855
64.027303
62.745148
61.743600
55.973716
64.355734
65.327456
67.605962
79.720219
72.521155
70.494740
56.172402
65.520829
69.856780
59.370392
63.389470
59.351173
67.644054
67.693796
70.067311
68.133870
59.714950
63.665821
67.564830
64.968210
62.177529
59.058109
67.367736
61.846990
67.801615
67.458730
64.212780
64.584782
68.725726
63.385904
70.244564
73.862298
75.124460
73.044169
62.261606
66.579323
68.218127
62.760692
61.979909
64.123997
66.777552
63.083914
72.801554
70.709873
64.627069
70.770260
75.289990
79.077449
62.147650
75.380977
79.484436
72.896949
66.506862
71.673528
74.933644
59.079632
61.448529
67.017655
65.176094
63.412671
66.967414
62.510002
63.920849
65.275438
71.949940
74.382114
67.279417
66.075606
70.815623
66.377769
83.592054
70.574646
72.015063
61.649915
67.007713
57.877398
65.045001
59.977953
65.425415
55.578826
55.508481
57.569223
60.219675
58.698777
63.159097
61.277837
61.360124
58.137070
67.010476
63.751517
67.567912
74.637303
70.467008
67.759170
69.487498
64.154053
60.299633
61.765005
62.813550
65.219813
68.699511
65.208546
63.978734
70.253542
62.757927
64.290337
66.157010
71.831895
73.698710
70.021769
60.739304
58.222994
58.180579
67.236234
64.570250
65.257070
60.268919
64.928121
57.680249
57.881486
66.321130
68.567801
74.711874
64.142228
71.996019
69.162603
69.251145
65.427185
60.472594
68.159050
58.563875
67.087276
60.841102
65.263971
60.570499
64.930864
69.806718
73.275683
71.545789
73.366476
73.152908
72.278961
62.939953
66.069416
70.705724
71.668514
67.880266
75.692355
68.555296
60.025351
61.967599
75.228408
73.978029
71.411169
61.297720
70.644629
67.772397
64.271546
67.938467
64.987005
63.836079
63.148965
59.930922
64.509514
67.220599
61.699691
65.241425
71.581015
74.474756
68.905373
64.636735
59.964066
65.667482
63.594873
59.011373
62.991291
72.632294
75.326836
62.664465
56.659050
63.773271
58.637995
56.309665
57.463055
60.951780
69.796593
63.171072
61.550920
68.843082
74.992879
73.521795
73.186500
69.957829
59.227916
64.746109
61.181892
62.771070
63.807871
59.802349
76.249116
72.153208
71.704118
65.886106
63.342738
67.200096
67.174246
66.957310
74.608487
67.685543
65.087899
61.254689
71.338354
67.163292
59.826859
57.702113
57.481900
57.731618
67.878830
70.880878
58.005871
63.219129
70.717266
67.487396
61.691359
68.540604
74.075188
70.785894
57.687629
60.129393
71.030414
72.991154
61.896644
58.143266
70.322354
61.977318
67.083692
60.819061
64.706151
67.331744
70.944382
71.837516
81.354919
184.463903
56.176751
54.730931
64.380327
65.556756
62.073553
62.960731
59.090118
60.966602
77.906172
64.034648
67.334711
66.496027
67.308553
65.605570
59.624772
57.896811
65.133522
74.351341
63.987457
63.693144
64.058185
58.905207
68.999947
73.340722
65.013059
66.532310
67.289407
58.730268
63.885202
59.828859
67.410591
67.238052
65.175568
61.428908
59.012972
57.780108
60.350629
62.542567
74.458658
66.759118
61.100707
61.819397
71.245962
73.040849
69.928179
69.774327
62.394629
67.920043
63.818846
69.875800
66.563380
61.709615
68.305166
64.812656
64.983475
73.691052
67.975556
65.460586
71.234162
63.534959
70.849066
76.212110
64.776857
68.695919
65.412890
66.626428
63.727749
70.465278
70.730216
66.253319
73.879441
65.233186
63.927209
66.328985
74.306076
75.751581
68.806362
63.490895
66.871460
60.810596
63.713009
61.513810
59.249658
60.387291
66.217144
73.881458
71.722421
60.112687
66.090644
68.201471
67.629942
72.230834
63.235983
62.852375
62.627546
70.676818
79.114251
68.515406
65.849971
65.073503
62.746228
66.648883
63.150487
70.255386
70.198313
57.922108
55.232662
64.076728
65.871061
64.036941
61.883696
71.450445
67.273408
67.681144
73.201254
70.817546
72.574258
75.038760
71.059985
75.928843
77.058751
70.034705
74.635487
72.168869
66.724432
68.073602
70.166153
68.875015
71.598159
64.661274
66.147392
68.437707
66.298725
64.126200
71.242526
71.738209
67.087425
62.951957
64.005048
67.736915
60.106289
65.401603
69.739408
66.910923
66.465256
67.279646
75.354551
71.169171
72.141546
73.540614
70.794187
75.800160
79.233497
69.661596
66.606864
63.947447
67.787202
63.703212
63.941144
65.703518
71.575986
82.276705
75.763560
62.084527
62.608778
62.125729
65.999858
63.693077
58.179443
73.271422
66.277998
65.660913
73.665237
71.519104
67.843103
63.678029
72.510312
70.442341
74.670395
58.219303
78.760192
67.110988
63.671948
56.637437
61.756636
59.372691
70.439544
75.291320
62.731102
75.220631
71.517468
66.121209
62.290941
68.287142
60.820542
60.568454
65.248915
65.383561
80.184761
71.498888
69.574813
80.095224
67.334759
64.462483
63.706235
65.424597
61.017333
73.932871
60.600125
70.916161
63.493217
69.328040
63.231425
60.739221
67.691098
70.081582
72.426900
70.037714
71.512459
66.562818
66.913357
66.515367
65.096711
80.602074
74.196769
66.246216
59.333764
65.523971
58.664164
63.233275
64.753348
64.470435
63.639811
60.944176
62.463595
72.187769
69.198450
76.808746
73.788691
73.205123
64.601527
64.939925
64.989936
62.765212
62.774337
69.049459
69.578118
68.445182
73.750257
65.388602
64.694021
63.779079
66.039738
61.611431
59.183175
62.970598
68.079960
71.107642
68.596326
68.637035
70.139189
71.180195
66.798194
70.328651
64.762080
69.006490
67.012944
66.814605
69.962592
75.430538
67.992542
59.853281
55.498317
65.652976
67.897462
66.432205
63.225819
62.935063
60.960218
66.501884
73.590569
74.554738
79.659172
76.461243
68.940382
70.842881
74.753806
63.666038
54.795188
64.820698
65.663000
72.620298
66.090397
58.657074
59.175496
61.048461
79.618841
72.422650
69.321842
67.612721
63.779031
63.892267
69.596777
61.711769
64.848137
64.458301
66.842085
64.866630
62.709593
60.976091
70.082113
73.421944
67.969289
74.015538
69.853912
69.606441
70.723613
72.489189
68.862658
70.541638
63.738538
60.738117
60.765371
63.948199
63.719951
66.987970
64.629883
65.423338
65.651593
63.822554
73.417000
71.478651
66.957771
65.422759
69.305461
70.700795
61.468900
70.708942
65.244402
58.924168
65.843231
65.215638
73.023859
71.066840
64.967819
72.312787
70.213209
69.518976
65.258997
65.462654
62.785822
64.346690
64.681684
65.032008
64.933110
64.151526
65.341566
65.810985
66.587862
70.223849
65.267288
69.827296
62.853333
65.579727
67.221222
73.566790
57.606131
64.916857
69.046068
62.590944
75.444818
79.071225
69.729998
61.077913
65.906780
64.708789
62.620740
64.799620
66.282958
63.154955
61.052243
57.463791
61.186117
73.930268
72.673405
68.576195
74.577384
61.641185
65.549798
63.635373
59.411469
69.168750
66.736506
62.533690
63.278726
66.776626
68.643302
63.028192
66.425647
67.998618
67.128708
59.621679
62.316806
64.083449
76.316422
70.200940
62.835462
63.726164
66.727604
80.258445
73.771905
76.377903
68.482066
65.650772
63.108951
65.633378
66.697933
68.047636
67.611385
72.198875
62.583000
64.810901
78.009037
72.387353
77.333064
71.437394
65.813209
68.724453
64.022562
72.998213
62.884134
62.604304
60.649631
62.022324
73.554484
59.360835
53.564529
56.411647
57.872020
55.574962
65.196126
66.983561
70.560894
68.038506
69.041642
60.203433
60.558045
61.882961
61.950268
58.048533
63.816278
63.751786
65.658318
66.916899
74.294139
74.776020
71.810090
67.888062
74.012091
72.591038
65.852849
65.922612
64.284511
63.129323
66.372255
62.573498
77.153292
61.487640
62.101051
61.237101
62.348656
61.825647
62.166317
68.905586
71.474062
69.900548
65.440886
71.703716
68.388582
61.024995
62.386113
60.348840
61.827526
68.870263
66.903455
65.929848
65.720546
67.661739
69.107213
70.228877
69.620878
69.936811
67.182681
64.985987
58.428278
59.547646
69.014478
80.419860
68.020714
69.049660
68.456847
79.897312
77.459372
66.564188
74.433926
78.907754
81.368329
69.168047
73.649665
61.603374
60.113504
61.324196
70.973575
73.335419
69.319496
63.738501
68.839943
61.455742
65.881989
64.063785
60.247544
63.760926
64.009957
70.375428
73.477654
70.567453
72.613418
70.754252
68.141734
63.117582
63.317718
55.516536
59.197393
58.300738
61.086597
57.658271
59.151387
66.053893
57.922683
61.161825
70.251638
65.652491
76.148613
67.046704
73.982846
65.277975
72.366334
73.262512
73.274398
62.405198
61.121218
69.461222
64.040669
63.239169
63.735001
67.263240
65.486821
64.571013
65.483649
63.380246
62.680830
65.354370
69.505083
65.802368
67.546972
66.305370
71.653334
75.009936
73.588878
76.631198
71.683759
69.064314
76.754748
73.521821
73.670460
65.283207
62.779672
61.884134
64.094641
65.454012
62.711924
64.506414
60.938188
63.505768
62.095996
71.755307
62.808802
64.905432
63.748574
68.844282
69.110592
67.533006
58.072102
65.436419
60.918441
64.658419
70.831454
61.307837
68.779261
71.495874
60.815975
72.754101
74.844210
70.308606
57.124455
62.625537
64.787439
80.671337
62.193327
56.654451
70.047982
59.510130
70.470634
63.262472
60.401794
69.550588
73.411268
57.654447
62.000037
65.514015
67.847227
67.063701
66.508570
62.721313
76.383525
69.078209
71.129879
70.378359
71.025738
73.203201
68.950599
69.964353
73.335631
75.137147
68.764495
73.065216
61.959937
59.669265
68.768456
68.929665
65.522653
64.516013
67.108839
70.664191
62.538353
58.759044
70.165589
67.374497
66.196402
68.407063
74.214892
66.356604
66.190449
65.489629
63.615306
66.099635
61.568798
59.985025
62.866502
62.593915
68.130974
60.101407
60.365390
67.124596
63.794806
60.866222
66.369081
62.784891
73.125246
63.365890
66.931517
57.827985
68.047380
59.242478
61.519646
65.403754
63.550888
67.877348
69.249661
63.921607
66.229452
70.829286
81.420442
74.910812
65.554699
55.471571
59.721375
63.782833
64.084646
61.890254
62.818576
62.092427
67.634249
62.849019
64.220554
66.000369
60.536001
59.632972
68.896903
68.317070
67.441175
62.352963
61.697558
61.220767
66.073180
67.464630
70.076869
69.815301
66.713532
66.818904
63.422033
67.066149
63.966484
62.840085
66.644770
65.961144
66.129686
65.378140
66.229260
65.404113
67.620875
75.826205
79.867312
71.733796
69.859665
70.323767
64.620361
65.408444
68.207908
79.256210
65.901048
72.241217
73.342489
72.658646
69.800136
63.982437
71.497711
70.864208
66.915598
67.804905
66.529616
66.812827
62.403998
66.467832
66.022392
76.020367
70.711983
61.265866
61.832231
57.470701
64.730191
58.242862
59.908142
71.654115
61.828586
64.484905
73.461579
69.712254
78.082769
77.583325
70.968787
59.374714
65.768675
81.354022
78.876088
71.287268
67.149977
72.810846
61.045985
64.889085
72.024050
70.950684
65.460283
69.333152
70.862355
61.608592
58.144042
57.994179
62.513926
66.278803
78.203595
68.637216
59.831320
63.769013
60.208752
74.046416
68.411763
67.142578
72.000794
65.468031
68.518187
70.142376
69.281003
64.696297
68.382405
77.694902
104.794141
117.028489
112.278612
