50
37.386303
37.226212
41.404794
42.007667
39.378058
38.483248
39.923911
41.247909
40.293118
40.143078
41.114150
42.479830
46.454741
42.341732
39.908610
45.580314
41.567370
40.138245
35.966618
41.305448
42.649262
40.812160
42.076578
46.390689
41.236924
43.619769
41.582315
43.256218
42.800862
42.140547
44.687472
41.347692
38.098056
42.970066
41.118989
41.711551
44.967664
45.106398
43.628092
43.879029
44.099965
45.463333
47.163204
45.448026
46.078659
43.057103
44.044240
39.968994
42.823179
47.001926
43.641325
44.365362
45.096622
46.216504
44.869990
47.606774
46.271151
44.543645
42.380580
41.875516
40.694298
43.467123
42.114217
40.289682
40.329837
42.644538
39.962838
42.613943
40.404952
39.125550
46.389607
44.604328
44.403465
44.506337
45.066905
36.478625
40.089114
39.923632
42.733284
42.755287
41.894902
44.557283
44.547481
44.505595
47.245945
45.375163
45.364564
46.127773
46.356691
43.488767
44.620128
43.487759
47.615762
46.568295
44.956131
44.127158
46.408643
44.441962
47.897794
44.482228
43.712840
44.603621
45.425502
47.694000
46.203280
44.402000
45.287308
43.258739
46.942290
50.459955
49.665393
44.200157
44.774714
45.808686
41.443403
44.537885
42.049864
40.654365
44.759003
42.639020
43.540645
43.982181
42.191408
39.867869
42.206203
44.467243
43.579966
43.160283
43.017055
43.937438
43.376692
45.106107
44.659386
47.654637
46.307430
45.417388
40.001653
41.552496
43.162671
42.806031
42.912992
42.527979
43.289336
41.662829
44.195048
46.787992
45.313508
44.918318
46.216775
44.811483
42.858694
44.380449
47.124119
45.054673
45.252887
45.246637
47.175531
45.784233
42.851387
44.931642
46.813091
43.336991
46.085613
47.025426
45.093924
41.928086
40.371739
46.358637
48.175887
44.775465
45.425749
47.789780
48.925781
47.510660
42.165621
43.268437
45.270070
47.059411
48.905574
47.087071
46.901073
47.128207
45.985739
45.936945
46.726084
46.528692
43.562198
44.516824
43.639097
43.255399
41.462909
45.482145
45.653902
43.828275
42.711901
39.463789
42.352933
42.835826
42.561278
41.269241
41.133766
41.865057
44.057760
46.709792
43.460667
42.675939
43.951033
45.186519
42.822625
46.029661
42.717810
39.527797
42.613220
44.402431
40.870148
41.996149
44.752266
46.276321
45.127052
44.655659
46.957719
44.418273
42.345832
44.046961
46.827238
44.513760
42.445025
47.461337
42.655007
41.899792
43.439855
40.929669
42.197188
40.356542
48.000029
43.457243
45.522059
44.547595
46.261393
45.479138
45.062706
47.699782
45.419572
43.783570
43.847452
45.658402
48.296216
45.275479
47.948926
46.069501
45.400000
47.242829
48.045875
45.055895
45.631117
46.082595
46.512964
48.014519
45.986127
45.104418
46.377030
47.588256
46.145750
46.171599
46.377490
47.837322
45.635501
44.507552
50.872564
46.459257
47.576305
47.523142
48.689345
47.234162
44.538734
44.279190
43.960044
46.206163
44.247678
43.503042
41.533640
44.800672
42.014851
42.828104
42.482012
41.687840
47.430111
45.792344
44.648724
42.086756
42.070321
40.238532
45.222587
45.036072
44.534069
45.203772
43.515221
43.716157
47.076792
48.000428
50.493017
48.119277
45.042459
42.972659
45.970423
45.282405
42.824990
45.099367
46.628270
45.743518
45.365665
42.752886
42.586395
43.935319
44.633308
44.049198
43.830608
45.169178
46.198994
44.634944
45.350693
45.423490
45.071605
41.772303
47.209289
49.194881
44.521513
45.997999
46.261751
45.640983
46.194432
44.142895
44.601670
42.849268
42.659212
44.983840
46.215799
46.899972
44.928486
44.851248
43.857747
45.155670
45.254804
44.206467
46.238570
46.375661
46.777824
48.929144
44.551474
45.920708
45.671809
42.864145
43.261707
42.935901
43.270170
45.630704
44.407431
46.947895
47.103779
44.617011
45.288534
44.417088
44.122145
46.918908
43.937650
44.534646
47.365326
44.444951
46.221431
45.315569
43.970486
41.647324
43.499695
43.726660
42.020795
45.364761
41.367188
42.390020
45.731804
44.139098
42.156347
42.121066
42.312167
46.091444
45.338884
45.458917
45.065060
43.850387
47.212451
46.019427
43.772199
47.947621
44.956354
41.687184
42.562861
47.902130
46.666493
47.023748
47.268989
45.122317
47.343182
43.641291
45.975861
45.152982
43.862468
46.475462
46.306095
45.810454
42.898810
46.732234
41.763314
45.719275
45.853293
45.519567
44.560165
44.333495
45.902824
45.975672
47.256313
45.717112
45.442270
44.635645
48.971048
46.130578
46.082948
44.531324
44.211444
47.367175
45.664078
45.746391
45.372255
43.713297
43.463061
45.305411
41.437080
41.500709
42.688871
42.147537
45.242912
43.656022
45.181847
45.600928
44.148677
43.791540
42.191004
42.739388
41.085579
46.708101
42.892507
39.979892
43.518103
44.469609
43.400441
43.111859
43.545953
41.073357
45.069178
41.757262
44.414766
42.582932
43.717700
48.165211
43.033691
44.397618
44.369122
46.922170
48.031630
47.184173
44.478573
46.016706
43.510910
45.417135
48.967526
44.442981
47.027103
46.042432
46.931860
47.101542
45.409881
45.192455
46.551147
49.859846
45.629856
48.669345
48.325594
43.254855
40.696357
42.377372
44.266915
44.619193
43.480829
43.083469
38.719554
41.513626
42.872134
44.713241
42.108330
45.830179
42.012128
42.803717
42.957227
42.587083
44.500648
43.597299
41.994830
46.732695
46.983168
45.965889
45.870197
43.905318
42.650878
42.279243
42.238031
40.186612
41.890376
42.470383
43.707456
43.526465
44.805648
44.415386
43.467110
40.662129
43.951285
42.959785
44.888446
44.719767
41.605632
43.695357
41.909532
42.168109
41.839066
42.567467
42.119822
43.127337
43.146364
45.549042
39.512489
44.289983
43.530367
43.826264
43.835109
42.375284
41.229491
42.281636
44.017771
42.889329
43.951751
45.515672
45.870548
43.303900
43.857582
43.293768
44.027656
43.756849
42.252587
44.326513
46.032997
43.651582
41.648834
43.371925
45.204280
47.432475
47.583088
44.950980
44.981584
45.766975
43.058596
42.397301
44.637083
43.781688
45.239106
46.222026
44.475120
40.655799
43.136209
43.465121
43.076778
46.141083
47.031401
47.555939
47.068776
47.923439
47.213577
48.058337
47.942501
44.497160
43.212934
46.219073
47.781955
45.157468
46.000460
45.716344
46.572592
45.450173
48.836754
46.670083
45.905952
45.013943
44.629901
44.227895
46.241037
41.802005
44.694207
46.058229
44.497016
44.992204
43.038236
47.376364
45.436072
48.015075
42.511403
46.567533
47.215949
47.105321
47.819791
46.271704
45.536558
45.133345
46.448380
44.393590
39.990504
40.329726
41.062717
40.326794
37.613965
39.973938
40.489668
39.620731
39.532446
41.285781
39.864719
45.214214
46.084642
41.253104
41.671736
41.946198
43.378081
43.034886
44.188314
44.213333
48.041391
44.347647
43.992615
43.870781
49.505981
48.145189
52.511407
46.719905
43.380019
44.167396
44.270767
43.592231
44.455364
44.698221
42.310985
44.630087
42.463603
41.433789
40.341544
44.539018
45.455223
45.071731
43.746237
44.680224
46.572701
46.976010
44.215094
43.782094
45.128797
45.329936
45.313990
43.535366
47.271375
44.955682
49.846827
44.356700
45.396473
44.000319
45.324220
43.305507
44.523650
43.103077
42.685396
43.796400
42.613156
43.532818
44.514650
43.468684
44.879053
43.260803
45.750121
46.931351
43.867662
44.020807
43.578550
41.782199
42.700866
42.353871
43.328847
42.700997
43.445657
42.767190
46.209609
44.259764
46.565028
44.152920
43.649045
45.896944
48.375001
45.960505
46.983408
44.959105
46.184176
44.577866
42.208323
41.581368
42.447552
40.906470
42.128657
42.246637
42.253580
46.427560
42.913952
45.056029
43.472198
42.356343
43.799946
42.827986
39.541917
44.933969
44.927895
43.710208
41.296423
41.756400
43.638753
45.358889
42.638517
43.827678
45.249053
43.632150
45.975472
43.631686
47.200768
46.749477
45.586624
47.300826
44.524865
43.754182
45.319624
43.079958
42.931207
43.277346
44.621135
44.420713
46.122515
42.644461
42.206681
43.801750
44.521715
42.002790
40.846960
40.878243
44.928824
45.230806
42.434754
43.054116
43.352071
42.411373
41.345995
41.406593
47.032808
43.713286
42.467991
43.530339
42.997192
45.950599
43.497507
41.654312
40.891176
45.091943
43.277077
41.329613
42.422260
46.140027
41.276747
45.431070
42.648392
40.894175
42.376012
45.101663
41.760639
41.959820
47.868343
49.998290
51.178928
50.494751
43.741048
46.333084
45.925080
52.622483
47.849087
53.200597
60.577752
84.006255
320.488960
45.345535
41.973571
42.412130
43.051236
39.853963
37.517480
39.384262
41.136489
42.674470
41.945659
45.388558
42.303851
46.457336
43.366575
47.050562
42.276105
43.485692
42.974032
45.169509
41.225057
43.998016
41.239761
42.757323
41.984845
39.161826
38.447607
41.697287
37.005696
38.164216
39.643653
38.974647
42.546086
40.503746
42.924285
41.230137
42.484314
49.447786
48.673119
45.544512
45.242390
43.230949
44.539398
44.892468
40.114076
42.726398
43.834145
42.446264
45.677874
42.954877
44.165949
44.992385
45.890878
49.051656
43.742952
49.030367
46.966927
40.811651
39.796228
43.696276
40.927038
42.157991
40.781988
44.880598
42.720269
43.567034
44.428031
42.682405
44.021533
43.872831
42.119514
43.186826
46.183539
43.347535
45.291718
46.618855
47.080010
48.673481
45.040465
45.317861
46.807088
48.951653
46.230089
47.344259
46.640762
46.083581
44.592647
45.341223
49.375779
44.432083
41.865293
45.791261
45.820507
45.041825
48.717830
46.874179
49.420615
43.100808
46.055918
43.424593
42.770781
43.384291
46.265501
46.717505
47.353870
46.208665
46.166414
43.554942
39.233599
43.674986
41.296933
38.140851
39.367656
37.404739
44.132231
45.377631
48.205593
45.857821
48.272978
46.672518
47.539368
51.211683
42.776378
44.877428
45.024243
44.144281
45.434682
46.318689
46.431512
47.299959
46.976022
43.802068
46.155393
41.848977
41.830546
45.247479
44.412479
43.485997
42.807849
42.501128
44.265104
45.208701
45.448969
45.482448
44.028645
42.272389
43.490751
44.676882
43.922823
44.058782
42.528302
44.701971
42.114415
44.200823
44.559456
45.975042
48.802163
48.399304
50.014086
44.488479
46.188154
47.054116
43.977061
48.786105
44.735963
44.507938
45.343642
46.783734
49.252850
45.422256
47.267553
47.457317
48.839004
45.527016
42.039381
42.187557
45.041727
45.661317
44.412584
45.362067
45.183084
44.651989
42.817810
47.212089
43.971007
44.052637
44.200120
44.085146
45.893435
45.773530
45.939506
43.691094
41.550843
42.900359
43.470837
44.196578
45.296489
46.465762
45.275949
43.660581
45.722177
47.066511
43.861749
45.241790
45.253558
43.905107
47.066826
43.640108
43.776276
44.554499
48.990920
45.649432
45.340606
43.117800
43.219807
45.099392
43.684645
45.788766
46.966748
47.376772
45.012500
44.539327
42.501899
45.258093
44.043396
46.862427
46.506117
43.586029
43.895387
42.283665
40.405477
42.341728
41.960597
40.114865
43.691764
42.663109
42.023815
42.413419
43.685216
43.753616
45.424884
43.779813
43.515821
42.944792
41.996679
43.002384
42.728151
42.795049
43.616456
45.032405
43.726651
43.407276
43.314326
44.608538
41.654125
44.477168
44.502820
43.607405
43.002219
43.072977
42.667243
42.172522
44.807686
43.733557
41.384642
41.130086
41.526865
39.803456
42.620516
42.760074
43.197941
40.747141
40.078600
40.088157
44.194215
44.312997
44.113870
45.619953
45.286499
43.536335
44.179152
43.701505
42.666532
46.550958
45.487905
44.288357
43.616270
44.119077
40.345494
43.697644
45.363310
44.237627
46.125203
42.699510
43.039305
40.579688
42.178160
37.798689
41.562940
42.863381
44.446319
44.959006
47.555168
46.685252
46.256553
43.989151
44.210591
45.651748
48.261677
45.588565
46.684409
46.998394
48.002323
46.310226
42.111821
46.194313
45.591033
43.604912
43.342435
44.565473
43.645468
44.475875
45.164370
42.048591
45.541519
43.181156
44.856682
43.791368
46.467060
46.917385
45.958425
41.415761
42.071852
42.684224
43.754452
42.073613
44.220390
46.019548
46.152267
44.160310
42.563065
44.472395
44.361083
45.353097
44.284342
47.477269
45.941629
44.660351
43.288165
38.621473
44.462093
41.975930
46.210655
48.536802
47.381390
45.986709
48.102773
45.446900
46.160539
48.045325
52.766181
47.665980
42.093569
39.989222
41.506527
39.944840
40.920100
49.963247
47.750880
50.250658
48.046160
47.482202
46.812567
50.237496
48.558787
46.246571
43.383046
43.200490
46.235779
40.795727
41.379857
46.771744
47.793275
44.323111
41.815027
41.378899
43.029631
42.268392
45.582601
44.456832
40.527350
42.922164
45.911372
44.475672
42.870865
46.242554
44.579367
44.219085
45.530037
42.582243
42.695648
41.642954
43.081347
45.110138
43.153569
44.944690
43.897074
43.327486
41.493257
44.217963
45.543351
46.387123
43.737672
44.456203
45.895766
45.868879
46.196123
46.230729
44.041431
51.607599
45.052690
44.458436
45.104264
45.932887
48.907110
43.235481
44.944903
44.392888
44.468369
41.910582
43.225987
39.576048
42.464761
40.547442
43.040762
44.237117
50.801275
43.784900
43.000748
42.713803
42.865871
43.526045
43.805009
41.552492
47.752802
45.690835
45.598449
46.457605
46.893175
45.943458
45.344582
42.280788
46.924803
46.370435
48.109276
44.594707
45.863330
42.171707
44.541862
43.280373
47.563151
45.373218
43.749023
41.125705
47.761173
47.984318
45.111922
44.946530
44.110301
44.581052
44.928037
44.795343
45.746465
44.248111
41.935981
44.225662
42.397948
43.583043
42.798778
43.575171
45.451174
45.489796
46.540114
47.452128
45.841983
48.128882
44.433514
42.875501
42.220616
41.520305
43.682107
44.246096
41.683161
42.090341
44.777359
43.196296
44.513397
44.688190
42.142255
41.143468
40.978566
40.305565
42.768160
44.286437
42.282470
43.470240
46.792233
45.782023
41.880260
41.661173
43.555802
38.443886
41.038296
43.004347
41.188328
38.988926
42.098334
44.403235
46.183954
48.136763
41.656100
43.018783
45.201703
47.633299
44.611482
45.544449
45.610981
41.128089
40.207289
43.163137
44.072314
40.511288
43.157591
41.978521
38.693266
43.350336
42.584762
39.858792
41.250528
42.003438
42.262982
38.771116
41.459828
45.644635
42.715537
42.764124
42.198679
40.973326
44.554991
43.947348
43.249621
44.106921
41.535806
43.524582
40.429611
41.548542
41.333668
44.117748
45.903001
44.190720
40.336944
43.730811
46.582646
41.775062
42.464464
47.426691
48.478149
50.460739
42.601025
48.063019
51.771160
50.066570
52.465650
43.808457
43.771298
48.898312
51.191588
50.874072
46.469526
44.805942
42.598605
41.769144
42.985261
46.671113
45.659619
43.056248
46.719412
44.642174
44.908700
44.108103
42.858310
45.212171
44.532087
47.613079
53.210171
50.534460
48.381442
55.067806
48.907146
55.033519
44.933943
43.510108
44.077243
46.542392
47.205683
46.828551
47.406800
51.014403
51.100927
48.026593
45.961860
49.847521
46.704554
45.501996
48.216935
46.200349
45.747670
45.958263
44.487976
48.693382
44.539704
47.226034
47.566260
51.541969
49.085752
45.800269
53.575027
51.337916
46.023094
49.200238
49.400160
48.797936
47.434468
47.339346
46.529249
45.960627
45.851266
44.521390
46.973647
45.026491
46.941123
45.708782
44.592156
46.052845
48.280074
47.571866
49.970765
46.165792
45.340913
47.377417
48.291876
49.900222
47.558996
44.371357
43.848789
45.704875
46.126604
44.565279
47.313513
46.759124
44.970253
42.366956
39.482198
44.364355
47.127919
44.525893
45.828811
47.612686
44.889227
49.763708
44.318733
46.046086
44.460362
42.732836
46.320267
45.458875
44.948844
41.982348
43.610499
48.991029
47.533642
45.672164
46.411003
47.891750
42.044329
44.663823
43.189861
45.155787
45.398396
44.429049
42.745138
44.134728
39.930215
42.622263
44.974265
46.327456
45.241978
47.541147
45.850247
44.610479
42.438037
41.963546
44.038618
43.636955
43.973374
44.639547
44.058036
42.616663
42.872515
43.441099
44.784010
46.046352
44.806816
46.707079
44.205537
43.888873
43.109946
43.031744
45.345980
44.131154
45.460893
45.528364
45.114741
41.436083
44.556784
44.134167
46.138692
45.697874
45.361165
45.167626
48.725084
41.477992
53.838753
45.428561
44.047058
42.013444
40.519880
42.930988
43.435897
38.991040
42.946458
44.596788
43.086341
43.275368
42.031183
44.577963
40.473098
40.978330
40.845105
39.788155
38.630468
40.864357
41.062042
43.006591
43.381244
46.333236
44.995460
41.848353
42.052176
44.591435
46.232873
45.440131
43.739984
43.616853
45.363405
47.361003
44.381774
48.872062
46.964375
47.783354
43.908404
43.658580
46.870087
47.776188
51.878522
44.517732
44.435945
43.105032
43.052379
45.149040
44.759885
48.928684
42.773347
46.359695
49.420540
44.579499
42.976706
46.052237
46.483016
48.665335
48.829546
45.408176
46.855211
48.649600
52.906511
53.222832
56.700691
60.868078
61.084238
67.789011
137.159372
40.630268
42.241811
46.042951
42.085352
41.511563
42.289242
43.933368
41.338267
42.649583
43.436135
42.917070
44.001666
45.388699
45.338632
44.498391
43.371735
41.614422
40.802579
40.598954
39.457248
44.712726
47.009579
49.050786
38.572752
40.327668
42.778425
42.793423
44.188201
44.920334
45.952752
41.932353
45.935933
44.694916
41.011983
42.077855
43.107247
42.763926
42.329908
40.471143
41.811644
42.809514
47.412641
42.572736
46.698557
46.441646
48.238875
45.539880
48.526185
42.919073
41.267967
47.369610
47.831412
43.210124
43.612450
47.096399
50.554126
48.296706
46.495940
49.622943
51.163797
46.499539
46.472802
51.669633
49.301566
39.023891
41.150376
44.274480
42.690921
44.187138
43.422495
45.332359
48.855957
46.100880
47.299031
48.233650
44.225209
47.191409
43.675835
43.494685
46.518990
49.868015
44.764407
44.322752
46.309819
43.889064
45.840847
44.022814
46.043095
43.955227
45.076968
46.206881
44.838419
45.641168
45.160684
45.535341
45.699197
44.986960
46.804624
47.261152
46.251529
48.860607
48.407265
50.332822
45.469547
48.472457
46.640431
47.918217
40.459913
43.330860
43.206870
45.358490
47.609261
45.181853
44.813948
42.989813
46.842320
50.612653
44.848036
42.873268
43.754471
44.399954
42.558784
42.676495
42.271353
44.151044
41.386501
40.897773
46.107079
44.612811
45.487555
42.737301
38.778562
40.431578
40.457519
42.183771
43.592026
45.223371
48.326345
49.984967
46.592550
45.882978
45.460628
43.571035
45.755342
46.403948
43.666813
48.081058
41.999853
44.499949
43.567046
43.653565
41.705090
44.777253
44.450613
42.723546
44.454379
44.545415
44.395680
45.423379
48.409707
48.668744
45.940464
43.296982
45.300804
44.941898
45.467423
44.284306
47.399849
44.296999
44.431321
45.223613
48.469079
41.853868
45.257340
45.075789
45.924497
43.292443
45.698130
44.954824
44.994291
46.976991
45.319951
46.296414
45.443759
45.935382
46.823983
43.534902
46.994655
44.697424
45.884383
41.939395
45.610014
44.804699
47.099070
41.727325
42.706867
45.099466
46.679943
43.210661
44.402388
45.695852
47.980552
43.566016
43.211297
46.494416
44.874595
43.995499
47.813626
48.253648
44.174010
45.889896
40.939737
42.808357
42.599965
42.167514
42.974451
39.928031
45.845836
45.305010
45.141088
44.710572
42.870241
46.082127
43.662177
39.641576
44.432892
45.850105
44.578086
44.227481
45.168591
45.433370
43.246559
40.940503
42.626978
44.881948
42.477404
44.962596
46.116521
43.919639
45.529578
45.271373
44.283368
45.452830
40.780332
40.880939
40.998443
44.820215
48.577532
46.995834
46.898653
45.896650
50.221368
53.461111
49.681938
48.522476
46.097898
44.508924
42.927052
43.015461
42.874533
43.938146
44.110988
42.574662
41.383373
44.612264
43.970335
48.034777
45.040024
47.359360
47.022231
48.590646
43.557576
44.683669
42.679876
43.466074
41.440018
44.297144
42.582139
44.440583
43.930257
46.234398
45.286850
46.183677
45.192559
44.940062
47.082046
43.448508
47.006714
47.519907
44.966538
45.854424
47.106650
44.865424
46.265121
45.368167
44.566311
45.290159
45.526544
47.457421
46.742345
48.796599
43.944514
47.956751
47.292923
44.511364
46.193048
40.914980
42.419428
41.278352
42.091235
44.830459
43.568752
41.109880
39.916006
40.668613
45.415542
42.886703
45.065751
45.086119
41.969916
45.334895
45.172057
43.356424
41.272174
44.227900
44.784286
45.299485
48.090806
49.711950
44.075745
44.377642
43.842045
48.108552
46.158576
50.141560
48.653894
48.213028
46.709785
48.351090
48.793806
42.833722
43.876321
42.217927
44.036049
43.223261
41.951879
42.729277
40.795050
45.548632
42.744270
43.573285
42.659124
45.690802
46.096456
47.960592
45.320099
45.363362
45.348108
45.755913
45.474295
41.805575
43.254592
45.416040
46.324652
45.399204
45.110144
42.586260
43.531805
44.342587
42.269834
44.593856
40.595043
44.816567
43.405650
42.613791
39.998291
39.667954
43.473351
42.998728
43.782639
43.490929
44.528493
43.940859
45.447633
46.582969
43.191546
41.172863
41.527761
42.556879
43.532132
43.756284
42.754706
42.193414
44.364706
45.530697
43.580112
47.031897
46.287733
46.486409
42.487330
42.688779
40.884412
42.923926
43.399358
43.748135
47.695825
46.452966
45.050865
45.651686
45.967363
43.931758
46.466678
45.350594
44.547228
42.097225
44.519779
44.934776
45.864652
43.450878
44.695985
44.737292
44.390745
46.268517
44.912867
48.976109
41.144317
39.697363
46.019414
44.067423
44.172355
45.954925
44.898557
47.977934
42.444457
42.370525
39.505557
40.355685
42.874518
44.385604
47.983850
44.685991
43.863418
45.335080
44.836108
47.275810
43.326785
45.022818
45.556563
48.323764
48.562223
41.729805
40.067766
40.890689
37.052473
38.047709
41.640386
44.289922
48.298806
44.524420
44.174056
48.234658
46.132015
44.651949
44.616828
46.136364
45.971890
44.405909
47.219810
44.121051
44.132598
43.520335
42.672793
43.082960
42.225913
47.025730
45.060188
46.436523
44.888799
45.580256
46.901955
48.918935
49.187773
43.854842
45.643992
43.802985
46.907509
44.360966
44.413453
48.042029
46.584030
43.628006
44.690905
40.107572
44.813993
42.144860
42.663789
42.613183
45.173017
42.942630
40.485448
43.598104
43.439052
44.500041
45.442153
46.829078
45.625047
44.825694
45.987606
42.937646
47.864867
47.232285
44.396048
46.122553
44.689281
42.809120
43.067577
46.309737
46.204724
45.314991
45.701009
49.869731
43.317939
43.868311
47.044091
45.909356
44.396117
42.612793
45.532827
41.833050
40.496323
40.116698
45.443915
46.636323
43.467999
45.749607
45.278123
46.450457
45.683454
41.670350
44.901399
41.676264
45.099562
42.927782
41.912453
43.474863
43.679721
44.917869
43.763613
43.545695
43.821628
45.618030
46.277864
46.043905
46.309135
43.289503
44.147839
45.173552
44.720965
44.544087
43.993540
45.013430
42.790586
44.090400
42.962005
42.679261
44.291321
43.698671
42.481858
44.581369
44.401823
45.350460
46.972279
47.230032
52.686364
51.716528
44.535886
49.123528
46.626274
46.466332
46.553611
47.732650
44.882266
43.621739
44.483065
47.000020
45.442026
43.655237
46.288352
45.363352
45.301898
45.376724
44.100891
43.796703
43.088072
43.496932
45.359975
43.683258
44.350020
43.418294
42.719507
44.560194
44.321351
44.006277
47.984440
48.928819
45.053704
49.842197
45.594973
42.686598
46.417393
43.639956
43.941045
44.260547
44.250013
43.684631
41.083967
42.606011
41.189354
41.381709
42.280639
38.664102
40.586513
41.388939
43.618251
43.553753
43.035254
43.474155
43.963494
43.394407
43.547500
43.961368
41.734209
47.210416
48.116758
50.747761
46.382061
48.778433
48.414366
46.254977
45.230599
47.869715
46.351864
47.112585
45.422955
46.184960
42.765831
44.150449
43.748131
42.142069
42.986758
42.423728
41.138743
43.489881
41.018328
41.833581
45.814304
44.315135
48.896378
45.200191
43.112788
44.753680
42.835476
40.888322
43.109231
42.911827
42.695682
46.954046
48.312222
44.905572
45.867507
47.084007
44.680955
49.052583
46.956052
45.612116
45.486680
48.259076
48.090657
52.896934
47.216185
46.140753
49.227623
50.074667
46.138180
48.451672
45.854370
49.915403
47.640736
45.752878
45.615512
44.885783
47.419389
44.708460
46.242975
44.184611
44.849599
45.327353
43.149701
42.861109
47.098369
47.100928
45.589724
49.117981
44.992610
46.899169
43.979786
42.665996
48.237927
42.265062
42.533698
43.634182
47.120782
39.516998
42.720888
40.463799
42.958866
44.030657
44.546403
47.341580
45.333002
44.511966
45.159834
42.960720
42.570334
44.463398
45.637473
45.856972
47.501945
46.448806
44.525933
44.742932
46.544279
44.675053
44.711058
43.439705
45.514891
44.088855
43.838235
45.430148
43.558633
43.792326
46.134736
44.585903
45.970578
44.946929
44.037298
49.556058
47.944673
44.245903
47.842735
45.486814
44.505249
40.111931
43.368480
41.851511
43.713498
45.466614
45.050615
40.065105
43.380809
40.881572
45.436201
46.258419
43.348149
45.769927
46.522937
50.087306
49.790725
48.995515
48.565739
45.396079
42.787049
47.198485
44.185933
48.738920
50.760911
47.968064
46.816667
48.052774
47.737875
46.165910
44.393545
44.153729
45.081949
49.247522
51.875529
51.166994
52.950559
53.255359
47.046582
47.141672
48.613194
47.566941
52.481661
85.210750
411.826378
42.228163
42.194259
41.339695
41.071292
40.667083
42.869250
40.967415
37.623203
40.344901
41.904234
40.355465
40.508320
41.396647
41.556117
45.005813
42.428421
43.442848
43.506940
43.653168
39.683391
38.892076
40.407818
39.624550
40.947662
41.934036
41.950932
39.625082
38.270556
41.649072
40.016753
41.303951
42.424851
44.747516
43.257091
41.886731
42.468558
45.242246
44.522593
40.564876
42.323699
42.467658
40.888582
42.778736
39.044699
39.445078
43.405849
42.820969
46.425990
47.417968
50.542555
47.376079
48.349198
41.515290
41.338279
44.849690
43.166182
45.968873
45.871807
47.099116
46.124717
46.573885
42.839896
50.089921
46.724993
44.603013
47.041682
44.026737
42.701869
43.084133
43.915981
44.251521
43.940878
44.545426
42.215464
40.046294
42.330935
44.641291
42.053378
40.524697
42.201672
45.398001
45.271418
46.223895
45.395980
45.610100
43.657640
44.456991
42.797613
45.485518
41.315635
39.619407
42.023661
40.683940
45.841600
44.963321
45.688942
47.080105
45.451644
47.184664
43.727023
44.478804
46.255923
43.635905
43.907051
40.827506
41.368088
43.137669
46.855834
47.365773
47.511624
46.059933
41.848335
46.377846
43.266218
48.236084
44.983750
41.544287
41.975684
42.878887
43.385199
44.412586
45.434486
45.371684
45.914696
48.317550
44.635696
45.601902
42.912444
47.648577
44.833223
45.703930
45.445346
45.175120
40.003912
41.462686
44.400519
41.874586
41.504770
41.228342
46.463453
43.033623
45.264640
47.310574
43.891828
43.574932
45.969328
42.523472
42.950094
45.944450
40.322365
44.340362
46.803217
45.031220
46.349549
45.365014
45.595265
44.941799
45.267350
41.502865
41.174555
45.063328
41.436714
44.530373
42.741117
44.560157
43.451478
43.703932
43.520546
48.994579
46.243633
47.985675
47.079974
46.249535
44.996204
44.241087
44.788449
44.435455
44.001679
43.526997
43.619041
42.471095
44.433251
44.528600
44.518572
43.487205
44.269519
43.964133
40.877089
42.524661
41.565958
41.343631
40.441667
46.107795
49.186873
44.200930
46.312499
43.631264
44.362994
44.705067
46.384300
41.835302
43.884890
42.967330
44.724456
44.760774
43.401320
40.375521
43.216703
42.185238
44.468232
42.564214
42.704565
47.139040
49.041100
44.650100
45.773980
44.114405
49.452196
48.001308
50.187048
49.125501
50.652933
45.736814
44.533089
46.035422
45.172149
48.748509
45.360778
48.496969
49.558758
47.239983
40.260383
43.225123
52.611602
44.604008
44.535497
48.063142
45.608985
46.465282
49.683231
44.529818
44.796588
44.517375
41.730687
44.410936
43.004704
43.840661
42.844616
46.875182
47.227432
43.550015
42.412984
46.604675
45.386956
45.714145
44.379726
46.967171
45.883618
42.560166
45.133084
42.906957
41.410287
43.791535
43.512833
43.686792
46.702018
48.934722
48.652665
47.005971
46.367220
43.573315
39.337909
45.305065
45.921718
42.877289
44.712254
50.125693
52.734094
47.912858
44.632658
45.480446
43.692098
45.353214
44.131403
39.874163
39.554822
41.396835
44.350486
44.311419
41.995545
44.471984
44.328521
45.344979
41.665281
43.032443
42.385085
44.751120
46.443549
49.888480
47.689986
44.646901
46.469002
43.037574
44.548928
44.614522
44.208257
47.171841
45.328267
46.755599
45.080915
41.533608
44.182443
43.919271
44.734765
44.252153
43.974088
45.613452
44.129528
41.494969
41.224889
43.940453
42.293221
50.019960
45.027685
45.397786
44.986662
44.853905
42.451404
44.163557
43.498300
44.460254
49.242958
46.370448
45.413603
42.424345
41.890196
41.161841
46.934216
46.495908
44.364418
48.095366
40.595733
45.526717
43.846360
45.426172
42.440344
42.067711
41.013230
42.693100
42.063604
44.080977
46.901763
43.194826
45.252178
45.596558
46.184959
44.328130
45.015470
46.372954
46.092826
43.159235
46.823482
43.836205
43.633635
42.885826
43.021224
44.992856
43.459011
43.916271
43.339143
41.476685
41.963924
43.359360
46.484651
47.214473
43.433722
43.165036
43.311256
45.472087
43.841980
44.589256
40.830059
41.900327
44.888196
41.600172
47.145113
44.747916
48.752163
42.892294
45.521121
42.055935
43.253329
44.525891
44.271732
44.082800
44.747320
46.929230
44.462583
47.132277
43.652361
45.632191
43.551375
42.714304
45.735366
44.005035
41.946832
43.846143
42.469853
46.472043
45.091021
45.401332
44.936698
47.869076
45.173052
42.502395
46.512139
44.644515
45.494942
43.604416
45.622457
43.145515
45.943379
43.148545
41.778856
43.490110
41.804763
42.748410
43.640944
44.279284
44.200002
41.228668
43.138975
44.465206
44.450726
44.832754
46.013545
46.232756
45.484929
46.699122
46.202815
45.379773
45.749188
46.453358
45.220982
46.271549
46.653014
44.645412
44.771827
43.528994
42.736610
45.339417
41.816281
43.596771
42.670971
45.528648
42.767432
44.595089
46.111449
43.745110
45.393166
43.488447
42.220109
44.233251
47.486351
38.657227
42.426750
45.396755
43.659466
42.417162
44.201022
43.111348
45.372494
45.340477
40.950849
41.315388
42.823759
43.720287
39.941247
44.777378
46.456573
46.989638
47.137653
48.638088
47.126133
45.111609
44.912107
45.468099
44.929566
44.233109
45.974381
46.326867
47.700449
45.280842
46.176192
43.923684
44.034606
46.261477
44.924092
45.708897
43.773455
41.898409
42.749231
41.579873
42.670615
50.908130
48.827544
47.188275
48.178225
45.101907
45.554117
47.857199
45.429492
43.525598
49.633295
46.697667
42.988526
50.527276
45.664742
46.207735
46.415987
47.902254
47.085250
43.572238
43.259965
45.795663
45.429086
45.060340
45.575586
44.144248
42.606977
40.477666
40.847144
42.682529
42.050191
41.256425
40.439990
43.253686
41.150516
40.614498
41.923905
42.871242
43.515422
42.675554
43.831744
45.704597
47.365237
42.016626
41.817276
44.524344
43.438947
47.301223
44.823256
43.756255
45.489004
44.769759
42.717791
43.326576
42.552022
43.432551
45.518348
45.490732
42.653420
38.654221
42.716986
43.088986
43.153557
45.609976
45.362210
47.028764
42.431043
44.098171
45.369411
46.917881
44.849603
47.578348
46.502010
43.470113
47.203528
49.633743
44.693531
46.072607
44.557811
47.885144
44.561674
43.955875
46.132869
45.241183
44.367116
44.426257
45.446678
44.550149
45.844200
43.635036
43.067112
46.627969
44.856160
44.487001
43.243867
46.032513
46.228469
45.908009
44.928847
46.118188
46.834168
44.600729
45.967024
45.462889
45.259972
42.777135
48.059507
49.001735
45.234321
43.946416
46.482605
43.806334
41.946030
41.316627
45.192789
42.776968
46.117450
46.276711
44.910630
43.698185
42.971947
46.588254
46.137728
45.826241
47.046281
44.468621
43.629598
46.279488
44.985591
44.463526
46.998457
48.342869
42.079240
46.242467
45.544216
45.218891
41.537286
46.964788
45.818104
48.831685
49.710506
45.743968
45.302343
46.168539
47.714452
46.148767
43.325257
45.249591
44.345096
46.238842
44.246555
42.963997
52.101136
46.166561
47.439188
49.299681
45.967192
43.618987
41.200844
43.563742
44.553227
44.366499
45.857486
44.952398
43.669355
43.020578
45.138241
43.590130
44.630715
44.510411
44.639068
44.265626
44.505391
43.365263
38.525199
40.622365
42.497929
43.981594
41.786390
42.044785
44.784068
43.081139
45.873905
51.406370
45.410529
48.131987
45.778791
45.373795
42.552064
41.983953
46.218548
44.574980
45.288951
47.563183
46.863628
44.077928
44.572551
43.543784
45.535762
44.853580
44.569208
47.159721
42.352826
40.648023
42.372891
43.530126
42.425903
44.554703
45.380931
43.637040
42.565522
44.249984
37.236520
41.875194
48.338453
48.310785
47.497860
47.351255
42.073148
43.330429
44.424005
47.836653
47.194776
44.178210
44.835206
45.258530
43.516973
45.596948
45.621182
45.774242
43.585602
43.633168
43.761138
42.050240
40.900925
45.451634
45.037177
49.269347
49.489560
41.786904
43.087585
40.541963
40.926667
43.690662
44.200525
44.922166
40.134581
45.284417
43.026327
42.228938
40.777248
38.481994
42.759009
40.999017
40.402623
42.963267
49.421046
46.352147
46.269627
50.532137
44.437085
43.872318
53.095442
49.677025
45.272757
44.767955
44.489264
43.468529
43.221231
44.376345
42.237742
44.977607
42.514380
47.723189
46.456437
50.283666
46.969067
47.961912
47.952455
44.687411
47.046829
48.007134
49.051758
48.591816
48.189718
46.279239
44.792179
51.024245
53.826539
50.022337
51.065825
48.580550
50.095967
51.601046
47.594134
48.689386
65.611559
135.012532
