50
74.650891
76.964134
77.231517
77.546694
79.335208
77.645559
78.717452
78.954454
77.580840
79.346490
77.700946
78.647178
79.186275
77.262296
79.346930
78.015757
78.264198
78.895733
77.561509
79.359825
77.771970
78.780289
78.625631
77.835666
79.345847
77.370890
78.903991
78.504039
77.731420
79.363708
77.328620
78.944528
78.426344
78.062384
79.228302
77.424690
79.332706
79.384577
78.647003
77.607448
79.368279
77.291599
78.378752
78.296534
77.455145
79.224507
77.213899
78.733901
77.958823
77.661815
79.359582
77.435686
78.668501
78.760551
78.194797
78.842750
77.198060
79.273421
77.699743
78.256481
78.564988
77.507177
79.315207
77.250865
78.798674
79.382653
77.286382
78.741616
78.065562
77.990504
78.853729
77.106973
79.106385
77.907894
77.462470
79.298655
77.232075
78.176979
78.699988
77.235973
78.901062
77.611213
77.869964
78.701289
77.236403
79.467034
77.606071
78.103434
78.585163
77.389583
78.330642
79.072628
77.555877
79.390002
77.773173
78.580313
78.496143
77.762117
79.225654
77.204607
78.973481
78.082842
77.634299
79.019651
77.214334
79.145724
77.777748
77.722671
79.136993
77.201354
78.651468
78.205778
77.729845
79.218674
77.236122
78.751975
78.108574
77.546371
79.276419
77.234714
78.500333
78.000502
77.229883
79.087678
77.445383
78.444397
78.806182
79.527944
77.742730
78.649406
78.909241
78.642006
78.623430
77.883436
79.117015
77.367838
78.934190
78.194408
77.468672
79.513965
77.678247
78.104652
78.655799
77.421238
79.522091
77.644054
78.782712
78.941287
77.567161
79.545633
77.684620
78.913343
78.561721
77.861238
82.548240
77.402128
77.413525
78.441193
78.418335
77.367861
79.168257
77.568324
78.023583
78.717287
77.404431
78.521785
78.531683
77.349838
78.893861
78.340807
77.878958
78.946553
77.499872
78.887085
78.202468
77.643881
79.235357
77.377443
78.705883
78.902667
77.412404
79.596355
77.954236
78.618121
78.823147
77.633899
79.603756
77.545045
78.859089
78.467282
77.435400
79.669387
77.553125
77.389069
79.534476
77.756285
78.552018
78.595760
77.966923
79.383028
77.480969
79.024404
78.340248
78.243537
79.377269
77.537580
79.615004
79.801369
78.295646
78.587197
79.294171
77.644190
79.485846
77.955520
78.330199
78.746684
77.528471
79.529292
78.005711
78.881805
78.903567
78.074678
79.815187
77.717750
79.047474
78.465254
77.641990
79.147771
78.192748
77.640278
79.782709
77.914218
77.586613
79.626805
77.515743
78.878722
78.636535
78.198686
79.428824
77.656666
79.720360
78.185177
78.882671
79.470929
77.636115
79.667698
77.706409
78.778976
78.553278
78.311211
79.335064
77.549193
79.664029
77.811460
78.441316
78.875523
77.565995
79.206576
78.207602
78.056236
79.556458
77.521449
79.178094
77.779097
78.504446
79.493827
79.547278
79.509792
79.486391
79.502771
79.542574
79.518568
79.502503
79.499252
79.497265
79.486150
79.520974
88.760705
90.287153
76.508924
77.212064
77.183915
77.262396
79.242065
78.180683
77.940467
79.388878
77.393226
78.941462
77.973891
77.951565
79.155804
77.385499
78.633705
78.706695
77.629290
79.523502
77.459410
78.610717
78.610672
77.377552
79.456103
77.688627
78.673426
78.578164
77.856722
79.504517
77.571297
78.802344
78.377131
77.812789
79.439429
77.360072
78.759074
78.428144
77.927288
79.509988
77.405946
78.838943
78.260122
78.933666
79.552951
77.629163
77.357384
79.435886
77.540010
78.861530
78.291197
77.890145
79.438347
77.350784
78.666145
78.387571
77.834216
79.199998
77.382107
78.609401
78.567653
77.607974
79.302667
77.351859
79.024250
78.165695
78.258005
78.704452
77.354201
78.456795
78.262788
77.377284
78.643146
78.088299
77.383975
78.213857
78.409005
77.347842
78.599538
78.378815
78.112397
79.434608
77.361425
79.067885
78.398184
77.613893
79.270572
77.379565
78.589712
78.308048
77.815938
79.517554
77.365595
78.598244
78.328100
77.378053
79.499029
77.457327
78.089145
78.710139
77.370488
79.268498
77.597567
78.491786
78.406381
78.025751
78.683162
78.204653
77.379927
79.386855
77.376308
77.896468
78.825053
77.368977
78.787007
78.051821
77.462896
79.389928
77.391012
77.574410
79.056342
77.386761
79.298170
77.948276
78.149397
78.752928
77.414044
78.614421
78.375538
77.390575
79.480387
77.375930
78.680463
78.925802
77.367553
79.434234
77.894084
77.990710
78.854154
77.382877
79.238347
77.728090
77.992665
78.984877
77.363260
78.678818
78.356475
77.560738
79.601447
77.396466
78.248206
79.493108
78.655227
77.358795
79.260606
83.266922
79.083546
78.080912
77.203154
79.110057
77.427789
77.210551
79.285773
77.172924
77.413602
78.841440
77.192022
78.157210
79.340861
77.190870
78.646601
77.805086
77.212086
79.436110
77.406319
77.734258
78.920179
77.348330
78.435725
78.883109
77.884342
81.050950
77.525661
77.879252
78.814044
77.230077
79.015881
77.791972
77.810015
78.737355
77.593434
78.369090
78.255158
77.148301
79.252147
77.339971
78.001099
78.523358
77.177211
78.883710
77.631062
77.191422
79.304648
77.306516
77.864005
78.843874
77.201501
78.699855
77.835989
77.377139
82.378319
77.270133
77.907835
78.728287
77.377941
78.825515
78.562200
77.426346
78.594602
77.938114
77.201490
78.614833
78.883063
77.256224
77.587681
78.795868
77.206843
78.374563
78.210649
77.246526
79.119109
77.224820
77.357207
78.968926
77.216670
77.596634
79.271435
77.229815
77.231035
78.941963
77.240256
77.226953
78.506466
77.825657
77.193508
78.860555
77.450887
77.223945
79.243001
77.208001
77.208301
79.213388
77.192211
78.020794
78.482669
77.210262
78.542091
77.944321
77.219144
78.850211
77.440999
77.231804
78.695082
77.557002
77.180682
78.605266
77.723213
77.206376
78.783400
77.393595
77.225303
78.513715
77.865909
77.186996
77.920870
78.425333
77.208647
78.043319
78.334587
77.073771
78.677666
79.216834
77.207219
79.076478
77.633559
78.205977
78.302881
77.214289
79.315580
77.238622
78.085275
78.596679
77.214512
77.458515
78.780027
77.194368
77.974926
78.395950
77.188634
77.771626
78.670336
77.199722
77.506255
78.894279
77.171196
77.591820
78.774835
77.205482
77.714036
79.418682
77.723699
78.789166
77.633477
77.233879
78.799995
77.321044
77.194935
85.567176
90.123889
76.129315
77.256460
77.242925
77.247708
77.225859
78.254601
77.956457
77.214084
77.325613
78.928115
77.181279
77.194054
78.702002
77.500493
77.196852
78.699084
77.535395
78.497673
78.480608
77.238817
85.668016
77.268083
77.196554
77.242916
77.203881
78.417817
78.271216
77.228664
78.734264
77.793001
77.205715
78.452007
77.896224
77.292526
79.079931
77.197810
77.198543
79.103590
77.199927
77.205696
79.082190
77.204349
77.336250
78.912565
77.200655
77.436008
78.768952
77.208153
77.219120
79.213530
77.217578
77.229657
78.583658
77.894078
77.216317
78.222931
77.962209
77.239194
78.076987
78.189904
77.207895
77.790405
78.538891
77.210142
77.398725
78.891047
77.237718
78.129750
79.355661
78.012468
77.208992
77.289032
78.964210
77.203650
77.187438
78.836022
77.539611
77.218401
78.014652
78.938812
77.212921
77.251740
78.852319
77.234072
77.229207
78.342518
77.864223
77.207755
78.219997
78.169271
77.224151
77.792223
78.551089
77.224024
77.666851
78.548051
77.236252
77.884875
78.594817
77.214784
77.240043
78.912607
77.202509
77.588532
80.063511
77.541072
79.582745
77.534351
78.616690
78.988353
77.522940
79.502714
77.980029
77.706592
79.497905
77.537482
78.488119
78.621957
77.354621
78.003918
78.410783
77.442577
77.531645
78.934186
77.512311
78.253822
78.148505
77.405928
77.404065
78.840589
77.645203
77.420952
77.430424
79.167667
87.238532
77.401715
77.395173
77.391174
77.397306
77.407806
77.403572
79.168498
77.427153
77.726638
79.555504
77.668918
77.350138
78.307386
78.664531
77.767733
77.815651
78.939769
77.379685
77.394697
79.144717
77.421724
77.520423
78.067175
78.471616
77.566069
79.664104
78.880742
77.439430
77.728931
78.783048
77.343187
77.366935
78.201473
78.214395
77.368030
77.420245
78.829005
77.722171
77.408430
78.205662
78.535531
77.352908
77.841768
78.807219
77.353226
77.373127
78.859180
77.696119
77.330527
77.749520
78.936756
77.467040
77.720990
79.040881
77.331466
77.325286
78.924122
77.815550
77.523088
78.767973
77.963093
77.766707
79.601444
77.664075
77.562693
79.589895
77.503344
78.061116
79.074597
77.489004
77.367012
79.146959
77.395260
77.402323
79.538680
75.169675
77.337144
77.566954
77.599202
79.631273
78.038864
79.002097
78.507521
77.407502
79.660833
77.549688
78.523129
78.647061
77.487313
79.589728
77.743186
78.161327
79.102255
77.633582
78.638519
78.698680
77.620912
80.050210
77.677356
78.120486
79.005950
77.575761
79.397164
78.082839
77.896526
79.449662
77.585138
78.616603
78.638576
77.642201
79.038133
78.196361
77.641416
79.651728
77.613855
78.537569
78.951907
77.477600
79.339004
77.953813
78.304363
79.061911
77.408890
79.362703
77.558804
78.378247
78.563198
77.167499
79.094783
77.623639
78.015171
99.625363
75.118130
77.115207
77.175887
77.463182
79.337039
77.321426
78.964882
79.326702
79.330500
78.362991
77.913461
79.292731
77.371020
78.683411
78.309243
77.643266
79.296288
77.306063
78.626506
78.498286
77.335090
79.311362
77.188762
78.881715
78.054154
77.966738
79.986807
77.640299
79.317827
77.342037
78.880218
78.241434
77.323539
79.431876
77.616011
78.648627
78.606090
77.492099
79.469648
77.436795
78.624715
78.591694
78.555592
79.316848
77.253980
78.277757
78.278078
77.469092
79.287220
77.166712
78.195342
78.470249
77.252951
79.313978
77.464353
78.454308
78.422497
77.272656
79.210699
77.206582
78.688316
78.265816
77.589899
79.155562
78.808267
78.425041
78.910197
77.308114
79.322905
77.741699
78.406243
78.572272
77.369848
79.465598
77.629079
78.617227
78.265295
77.402275
79.387935
77.320360
78.853947
78.409082
78.104749
78.870889
77.174119
78.093689
78.059342
77.159943
78.064737
78.268245
77.154404
78.692109
77.799369
77.305526
79.015434
77.187908
77.314965
78.762101
77.164992
78.108901
78.840933
77.334622
79.286350
77.566840
78.001052
78.369465
77.183615
78.275160
79.272190
77.161188
78.023321
78.743009
77.395951
79.297738
77.526806
78.199614
78.592804
77.142026
79.097057
77.699813
78.308376
78.533136
77.575910
79.285186
77.560688
78.668229
78.189043
77.684290
78.883300
77.172768
79.300740
77.685137
77.918069
78.626572
77.126387
79.076530
77.495267
78.035931
78.650706
77.130300
79.120201
77.852305
77.910052
78.896284
77.143025
79.187994
77.698538
78.046847
78.564494
77.159784
79.123849
77.582811
78.190115
78.593041
77.514527
79.297310
77.492377
77.978921
78.725789
77.141525
78.837458
77.957044
77.772862
78.872190
77.151160
78.562576
78.065324
77.530575
79.273235
77.298352
78.443767
78.157667
77.201950
79.159907
77.181242
78.403139
78.650891
77.182779
79.285933
77.747417
78.426680
78.744359
77.307208
79.257915
77.365799
78.713755
78.162022
77.683049
79.071337
77.162358
78.751620
78.071582
77.744839
79.094846
77.152505
80.935901
77.281770
78.552812
78.548100
77.322231
79.337060
77.725825
78.735580
78.507058
77.581715
79.282346
77.233843
78.912710
78.107864
77.745855
78.673159
77.156495
79.052099
77.347997
78.061554
78.676702
77.145527
79.180390
77.739307
78.512765
78.549847
77.145175
79.122174
77.613556
79.154369
79.298780
79.103177
77.147122
78.829589
78.253577
77.595038
79.132730
77.152610
79.142256
77.812863
78.325505
78.378492
77.309976
79.302062
77.210113
78.422412
78.354392
77.342468
79.130408
77.150362
78.399239
77.952610
77.172362
79.301131
78.080632
78.261601
78.572229
77.422848
79.290851
77.454944
78.351635
78.538133
77.490640
79.289821
77.547370
78.234312
78.577457
77.536686
79.296330
77.334456
78.791228
78.064484
77.444115
79.428508
77.331307
78.933215
78.655527
77.327983
79.380557
77.778748
77.958240
78.998575
77.345281
78.994715
78.128469
77.709515
79.330558
77.324903
79.038725
78.195186
78.097320
78.937339
77.334427
79.268079
78.311301
80.000512
78.749146
78.112768
77.333834
79.355505
77.679564
78.065736
78.937116
77.528150
78.304340
78.718471
78.130794
79.874685
78.488491
77.565408
78.479426
78.732744
77.524395
78.885116
78.329919
77.913547
78.943629
78.417956
77.497548
79.453167
77.575523
78.347302
79.011466
77.590042
77.645634
79.261955
77.550305
77.614273
79.384229
77.386114
77.561840
79.263607
77.504694
78.276354
78.602745
77.473732
78.908382
78.084689
78.239858
79.144035
77.615029
78.323467
78.696057
77.477353
78.750354
78.355073
77.342602
79.127788
77.553992
77.975125
78.930464
77.447323
78.681089
78.184248
78.102863
78.876689
77.497599
78.978917
77.928815
77.429770
79.313349
77.486187
77.617005
78.933624
77.308047
77.541309
78.960647
77.328628
77.935591
78.918037
77.381059
78.961909
78.252793
77.521620
79.177208
79.010572
77.479756
79.025610
78.021261
77.425115
79.407122
77.739770
77.908833
78.721221
77.327441
78.207822
78.629188
77.449586
78.757658
79.465131
77.439803
78.525572
78.456016
77.345435
78.704953
78.014058
77.477439
78.080048
78.727075
77.475620
78.863942
77.976913
77.482025
78.615202
78.228943
77.463027
79.231368
77.594747
77.949924
78.778850
77.310017
78.578401
78.107962
77.347226
79.323014
77.692969
77.886407
78.791970
77.292620
78.736926
78.259429
77.448463
78.832368
78.367434
77.532567
79.337233
77.464422
79.535873
78.062737
78.642384
78.393502
77.315564
79.410376
77.847113
78.224438
79.077564
77.316662
79.319026
77.824109
78.266564
78.721231
77.304247
79.332477
77.431577
78.188200
78.506654
77.298192
79.403043
77.329621
77.843798
78.722717
77.337758
78.617169
77.999040
77.304498
79.200551
77.572542
77.470358
79.350444
77.453787
78.142793
78.908225
77.474142
78.608302
78.369393
77.456402
78.828583
78.150252
77.601986
79.327243
77.454449
78.486463
78.378898
77.364503
79.289158
77.652797
77.876249
78.942567
78.123619
79.638924
79.629906
78.159668
77.735143
79.319534
77.497365
78.767726
78.317794
77.470129
79.629779
77.708050
78.412360
79.001920
77.698564
79.801204
77.624482
78.705582
78.826647
77.607938
79.248507
78.289242
77.736842
79.590010
77.728073
78.148990
79.175372
78.086800
78.955046
77.178745
78.870370
77.918824
77.304057
79.189825
77.178903
78.349543
78.048010
77.698359
78.806064
77.176664
78.337384
78.263834
77.260678
79.656768
77.888019
78.632640
79.001279
77.686547
79.518732
77.410950
78.393228
78.573661
77.493327
79.515238
77.833247
77.879948
78.996120
77.494056
78.422196
78.465316
77.323237
79.163616
77.685669
77.968039
78.961381
77.582740
78.966598
78.204244
77.692184
79.803703
78.700755
77.635530
79.419704
77.881947
77.888111
80.421638
77.597114
78.627802
78.469225
77.665066
79.458013
77.848445
79.602899
77.734691
78.154636
79.100595
77.436958
79.048666
78.383278
77.457438
78.823154
77.899391
77.451980
79.330603
77.610909
77.635323
79.132116
77.834421
77.494083
79.430706
77.768326
77.915178
79.112743
77.292535
79.257447
78.221856
78.365056
78.648096
77.576639
79.453501
77.319926
78.556169
78.383402
77.326758
79.314575
77.799379
78.048686
79.139055
77.485714
78.834071
78.138719
77.517222
79.187554
77.868754
77.624335
79.225037
77.374288
78.085964
78.890738
77.424982
79.472333
77.461028
78.108835
78.615535
77.319297
78.952867
77.833955
77.560342
79.072140
77.345642
78.480944
78.336328
77.328424
79.211771
77.471477
77.424472
79.250014
77.318298
77.978625
78.904515
77.379491
78.525816
78.454976
77.325593
79.238411
77.328200
78.390855
78.424566
77.305336
78.862964
78.056657
77.639145
79.482886
77.334275
77.719349
79.054468
77.296950
78.822314
78.075329
77.604078
79.160633
77.322349
78.724509
77.938518
77.459771
79.393604
77.320813
78.201206
78.419446
77.313337
79.337396
77.316579
78.395214
78.715543
77.316702
78.871864
77.991196
77.315003
79.124704
77.667003
77.937940
78.954762
77.462852
78.393937
78.410293
77.307515
79.220920
77.627688
78.496843
78.308405
77.589930
79.289891
77.303109
78.335905
78.605743
77.297785
79.096124
77.753659
78.604369
79.038563
77.336643
79.502428
77.709160
78.276967
78.723913
77.326538
79.585992
77.980472
78.079996
79.107699
77.473023
79.217481
77.843562
77.637646
79.439460
77.490637
77.885497
79.229157
77.449787
78.522565
78.492603
77.471813
79.472068
77.745866
78.028125
78.941251
77.327918
78.713096
77.880117
77.435004
79.158912
77.355922
78.134783
78.523225
77.382681
78.843561
77.827254
77.642368
79.252875
77.591335
78.137842
79.213117
77.703360
79.194939
78.249963
77.917728
79.467350
77.581175
79.024071
78.282156
77.578707
79.468100
77.701032
78.249237
78.996659
77.340250
79.347224
77.722192
78.400826
78.817409
77.517023
79.589015
77.672230
78.814802
78.588011
77.698609
79.709186
73.725629
76.336438
77.611428
79.591593
79.548861
79.529127
79.498700
79.551638
79.516102
79.588871
79.572504
79.546233
80.441997
80.381836
79.510971
79.554619
79.534783
79.548367
79.553078
79.492938
80.792985
79.916001
79.380949
79.398939
79.383695
79.374801
80.970585
79.353898
79.366465
79.364274
79.369591
79.361691
80.706647
79.623467
79.354706
79.367203
79.350807
79.710125
80.367856
79.355569
79.353395
79.364010
79.359877
79.358269
79.370849
79.586092
80.651123
79.372795
79.367705
79.371670
79.365256
79.591399
80.840022
79.369615
79.367576
79.380096
79.366913
79.912808
80.649188
79.371792
79.401171
79.385282
79.378314
80.758272
79.486949
79.518649
79.526680
79.537848
81.513956
79.388538
81.376242
79.781182
79.399621
81.722560
79.649164
79.419788
79.377406
79.366535
79.375565
79.403561
80.531373
79.893717
79.518542
79.563302
79.841523
80.907407
79.547191
79.525469
79.557104
81.169779
79.541681
79.567407
79.548378
81.215157
79.364610
79.375399
79.632374
80.806497
79.381876
79.356014
79.484131
80.864849
79.355917
79.332105
79.366945
79.422437
80.848154
79.387610
79.372330
79.364874
79.374555
80.996303
79.355736
79.372598
79.356258
80.417892
79.956786
79.374394
79.393762
79.359412
79.376729
79.392197
79.355941
79.346472
79.357994
79.353615
79.706992
80.555473
79.362194
79.347084
79.407468
79.412906
80.917477
79.482787
79.401194
80.810417
79.739501
79.387101
79.384980
80.211326
80.111434
79.393445
79.381921
79.370380
80.235265
81.239067
79.406461
79.379801
79.406734
79.571801
79.519499
79.566890
79.625632
79.729419
79.682234
79.713760
79.694125
79.694109
79.683980
79.734339
79.705921
79.726265
79.780762
79.729643
79.779696
79.766079
79.754877
79.728530
79.691614
81.233364
79.602858
79.386207
80.237899
80.709307
79.351652
79.378510
80.014480
80.434472
79.381617
79.371010
80.239237
80.150580
79.379952
80.665412
79.854956
79.620645
79.380805
80.646285
79.653836
79.380345
79.402819
79.371381
79.688906
80.497280
79.355269
79.347143
79.394694
80.450836
79.882610
79.351803
79.378360
79.358955
81.089156
79.419830
79.354737
79.360719
80.656323
79.675449
79.339851
79.353279
79.334374
79.995387
80.226420
79.399388
79.395940
79.450850
79.372031
79.346970
79.378025
79.348799
79.359433
79.362040
81.973165
79.623643
79.629670
79.621554
79.632964
79.625775
79.503349
79.363678
79.363764
79.352460
79.374807
79.406071
79.359338
79.363672
79.363551
80.968732
79.385667
79.347844
79.421655
79.408960
80.964615
79.372364
79.377796
79.390386
79.827411
81.619557
79.531453
79.929248
80.833371
79.363026
79.344054
79.879455
80.498892
79.689803
79.394866
81.045047
79.384838
79.609269
80.990747
79.373542
79.590613
80.876848
79.379936
79.417143
79.394124
79.351597
81.059885
79.826649
79.355712
79.379761
80.320260
80.084762
79.344381
79.365606
79.360135
79.345037
79.395448
80.880603
79.351619
79.372339
79.307350
79.362482
81.105058
79.357520
79.368977
81.087007
79.364023
79.452316
81.093799
79.409792
80.864053
80.990689
80.386063
81.696738
79.750387
81.621812
79.947739
81.262538
79.918355
80.868303
80.501707
80.038144
80.829385
79.364685
81.450556
79.465190
79.915869
80.656925
79.424210
81.397424
79.360575
79.562706
81.262947
79.387401
79.720638
80.533836
79.352232
79.399369
79.344848
81.390048
79.367702
80.552417
81.643555
80.614925
81.493219
80.543286
80.761238
80.884764
80.387035
81.163583
79.398801
80.505613
80.106419
79.368410
80.659748
79.756099
79.378672
79.369407
79.969492
80.506792
79.384285
79.369848
79.378993
79.377302
81.047816
79.369672
79.369222
80.217338
80.043868
79.240065
79.249681
79.508038
80.900832
79.390675
79.400542
79.405778
79.384332
80.106104
80.243348
79.407010
79.405636
79.385507
79.476402
79.572121
79.577740
80.336727
80.687195
79.570938
79.578772
79.547530
79.518113
79.522087
80.982327
79.570953
79.535219
80.946564
79.569822
79.543047
79.544330
79.532186
81.147772
79.563670
79.519296
79.551645
80.157867
80.619127
79.519976
79.758405
81.082002
79.534706
79.529000
79.555702
80.494026
80.194345
79.542867
79.519320
80.144975
80.526783
79.517934
79.533005
79.536920
81.161349
79.555931
79.504395
79.515446
79.566442
81.109965
79.506363
79.538679
79.529591
81.238784
79.533189
79.532975
79.527700
80.032457
80.515518
79.530576
79.563094
79.540057
79.544922
79.544847
79.546832
79.559436
79.598240
82.022112
80.021639
79.962156
79.859748
79.861633
79.848683
79.892442
79.897535
79.844303
79.850660
81.887331
80.151888
80.180581
80.016421
79.999037
79.859424
79.878133
79.831590
79.859630
81.403435
81.316549
79.680529
79.660226
79.795177
79.807480
79.842953
79.842579
79.799200
79.732286
79.749287
80.478339
80.479115
79.732286
79.619033
79.590182
79.628548
81.103564
79.599752
79.579824
79.562622
79.709536
79.745257
79.737704
80.651040
80.145545
79.824301
79.743674
79.708580
79.752241
81.407514
79.730026
79.719300
79.762336
79.755533
81.493816
79.994330
79.984393
79.623137
79.396810
80.874461
79.401032
79.555406
79.361509
80.284651
80.141952
79.363844
79.349907
81.007400
79.382090
79.355750
79.924742
80.604109
79.364517
79.387346
80.080208
80.278911
79.371787
80.095743
80.562554
79.348893
79.396106
79.363546
79.358646
81.270420
79.383767
79.415083
79.395310
80.974465
79.383275
79.390512
79.370345
79.387140
80.732266
79.591725
79.368717
79.363055
79.379390
79.376649
79.343026
79.888111
80.398345
79.380950
79.367031
79.352047
79.343092
79.370496
79.362969
79.354251
79.378396
79.373136
79.363723
79.357720
79.353337
79.702359
79.555893
79.525852
80.868381
79.916647
79.557518
79.536165
79.589904
81.172462
79.746197
79.676114
81.249814
79.514741
79.551349
80.377837
80.527908
79.505942
79.688290
81.160691
79.555668
79.495966
80.922788
79.771603
79.526398
80.310136
80.593257
79.537008
79.582754
81.818884
79.973718
79.527974
79.538065
81.198787
79.569041
79.563938
79.519275
81.294743
79.569677
79.531544
79.610267
79.549622
80.483286
80.323763
79.556839
79.526149
79.731354
414.633579
74.243881
73.537501
73.460494
73.453215
73.426555
73.513259
73.503960
73.444340
73.462395
73.471723
73.638200
73.561155
73.583554
73.830830
73.789129
74.236786
73.717448
73.773072
73.867699
73.774898
73.881437
73.778908
74.178652
75.720163
77.461347
77.402651
77.406884
77.381539
78.531246
78.299087
77.394929
78.470330
78.329990
77.714391
79.530299
78.163784
78.372303
78.708152
77.539877
79.229198
77.765502
77.747102
79.415776
77.540903
77.713534
79.308199
77.550806
77.563424
80.443628
77.897830
77.421696
79.244985
77.520746
78.347437
78.981990
77.615750
78.328745
79.130237
77.736300
78.840307
78.075707
77.450751
79.539315
77.784062
77.704839
79.308907
77.935800
78.132655
79.247798
77.757960
78.364240
78.672075
77.402119
78.676998
78.239762
77.487035
79.415188
77.394014
77.562586
79.455342
77.398699
77.903986
78.773508
77.417627
77.546041
79.179802
77.413347
77.400294
79.132713
77.599838
77.412347
79.503655
77.630486
77.400693
79.530093
77.420403
78.434153
78.429857
77.372375
79.509254
77.505413
77.840804
78.909056
77.428125
78.803339
78.020865
77.429071
78.753020
78.261163
77.419083
78.814126
78.116023
77.668312
79.540889
79.392376
77.425605
77.941602
78.921214
77.567480
77.823152
79.468094
77.535158
78.358481
79.176274
77.728036
79.133888
77.238959
78.867860
77.744686
77.280839
79.347060
77.231458
77.718389
78.841305
77.240270
78.041223
79.391128
77.358305
77.222262
79.008679
77.433611
77.228400
79.108887
77.229081
77.228255
78.858338
77.452604
77.216253
78.670685
77.583055
77.287186
78.408735
78.277273
77.376225
78.842525
78.245889
77.373218
78.918737
77.855614
77.398032
79.253353
77.518350
77.413760
78.946904
77.740711
77.573532
79.182318
77.663882
77.539640
78.602881
78.150095
77.485747
77.405747
79.139005
77.398193
77.385231
78.770189
77.830606
77.414792
78.283414
78.374060
77.406659
78.323623
78.910504
77.403885
77.559041
79.056372
77.408877
77.404229
79.095738
77.587836
77.415534
79.409520
77.500080
78.354144
78.479919
77.405310
78.109500
78.609870
77.400002
78.680291
77.905882
77.244294
78.919440
77.535478
77.932059
78.819937
77.247982
79.284616
78.243324
78.294269
78.686833
77.406903
79.019498
73.480460
74.559084
76.725793
77.440519
77.507814
78.812550
78.463862
77.942982
79.217206
77.554892
78.075634
78.997965
77.176066
79.072265
77.510392
77.443240
79.129661
77.321641
78.385296
78.782611
77.449075
79.445387
77.483907
78.624281
78.546328
77.310346
79.405715
77.917840
78.113600
78.749561
77.773869
79.469168
78.089030
78.424606
78.792462
106.906264
75.584597
76.430521
77.466926
77.424250
77.486960
78.728973
78.459956
78.320968
78.802538
77.539392
79.569121
77.554860
77.765756
79.587920
78.472988
77.741869
79.502600
77.407293
78.656872
78.704677
77.556671
79.439824
77.796203
77.937847
79.242427
77.436892
78.776194
78.579093
77.715111
79.597996
77.528072
78.626493
78.440568
77.475584
79.389436
77.620784
78.200792
79.584882
78.276833
77.441953
79.546137
77.481405
78.028267
78.991593
77.440957
78.592722
78.370675
77.614053
79.278450
77.439254
78.970986
78.081949
77.583233
79.605555
77.432720
77.778730
79.284382
77.556981
78.331635
78.381566
77.153614
78.979024
77.739858
77.939562
78.874351
77.317050
79.073886
77.864734
78.078059
78.656481
77.316892
78.676158
77.972464
77.910513
79.493469
77.431613
78.193158
78.923108
77.320122
79.202146
79.455331
77.447919
78.291867
78.919448
77.437521
79.522000
77.483360
78.417844
78.373942
77.298300
79.246075
77.706964
78.106318
78.840476
77.576161
79.458437
78.124083
78.115964
78.957888
77.296802
79.049601
77.681668
78.161909
79.204208
77.314941
79.302701
77.828990
78.174176
78.719289
77.327347
79.233931
78.029729
77.685945
79.334542
77.578757
78.768387
78.574705
77.578732
79.516990
78.068596
78.361329
78.813202
77.504440
78.776065
78.332137
78.153156
79.187635
77.473659
79.388334
78.214257
78.155937
79.183608
77.373808
79.186740
78.163774
78.376471
78.932708
77.460319
79.468357
77.736608
78.306870
78.879113
77.490364
79.483595
77.787061
78.274511
78.883216
77.484607
78.593033
78.369210
77.505487
79.590348
78.216407
79.477538
78.818102
77.588430
79.469409
78.128495
78.172004
79.163809
77.569641
79.051315
78.148755
77.557473
79.468785
77.985418
79.444356
78.584537
78.300258
79.616289
77.505645
79.608860
78.371846
78.129938
79.610762
77.749232
79.467537
77.741960
78.652473
78.646997
77.777494
79.467339
77.555328
78.727419
78.854769
77.671458
79.333325
77.337809
78.766845
78.665575
77.631223
79.477423
77.441317
79.098914
78.164286
78.070919
79.040419
77.308771
79.373953
77.689192
78.588014
78.929997
77.682616
79.507706
77.434644
78.931775
78.382288
78.215322
79.308020
77.295023
79.118920
78.259446
77.971068
79.252842
77.488894
79.800056
78.453129
78.289325
79.183107
77.560432
79.601109
77.794203
78.882792
78.482465
78.153370
91.449225
77.522200
77.525875
78.199564
79.026516
77.522237
79.494030
77.981354
78.237979
79.125872
77.524253
79.500364
77.734985
78.632636
78.261752
78.957909
79.313697
77.792731
77.961882
78.580548
77.502191
79.286394
77.598109
78.526087
78.515385
77.182668
79.384953
77.279733
78.405895
78.368570
77.514231
79.165598
77.139676
78.819574
78.203523
77.953732
79.283267
77.348494
78.537446
78.112858
77.942021
79.149309
77.181687
79.030320
77.908628
78.014375
78.900669
77.157452
79.291504
77.414494
78.214811
78.305508
77.565442
79.252744
77.143040
78.985263
78.411037
77.520249
79.214977
77.133338
78.481002
78.540534
77.401454
79.241428
77.377459
78.309331
77.883704
77.137776
79.061906
77.420676
77.730196
79.236557
77.417556
79.465333
77.933263
77.722024
79.286344
77.497984
78.408753
78.245216
77.693249
79.088179
77.165810
79.125006
78.559210
77.573881
79.376771
77.380069
78.565498
78.226076
77.446027
79.380601
77.370655
78.535173
78.370043
77.625828
79.295215
77.266895
78.297939
78.462603
77.338683
79.236521
77.566253
79.400110
78.221031
78.076575
79.285367
77.457201
79.622144
77.947856
78.637262
78.822177
77.507385
79.607869
77.720589
78.464311
79.132258
78.671789
78.394400
77.590013
79.364898
77.313567
78.624705
78.946286
78.675696
79.441753
77.583431
78.035831
78.568349
77.666984
79.282012
77.195820
78.992742
78.714350
77.362521
79.354753
77.660310
77.566773
78.898834
77.225654
78.694894
77.952438
77.394875
79.391314
77.206931
78.035862
78.342887
77.166607
78.948307
77.497624
77.132339
78.967778
77.307465
78.356052
78.103285
77.264069
78.995052
77.574887
77.350971
79.006790
77.847025
77.383110
79.287174
77.629164
77.636661
78.965652
77.364420
77.888327
78.634168
77.329096
78.063538
78.560105
77.338757
78.314778
78.341566
77.357497
78.812306
77.993623
77.215080
79.110955
77.246257
78.685644
77.900547
77.147237
79.131869
77.306000
77.887733
78.299012
77.148383
78.450068
77.777255
77.163698
87.173530
96.469507
74.471005
76.216474
77.298580
77.342633
77.345643
77.325633
78.461625
78.165779
77.285490
79.384152
77.504057
78.264168
78.871830
77.497557
78.958484
77.929040
77.441072
78.497199
78.170954
77.363042
78.193877
78.753846
77.401086
77.766053
78.981708
77.319571
79.031351
78.453107
77.302638
78.939798
77.845934
77.502557
79.319471
77.273651
77.590532
79.138889
79.087736
77.922463
77.697289
79.094058
77.330998
78.761662
77.991164
77.825235
78.908211
77.399022
79.307247
77.355517
78.718722
78.380384
77.736815
78.890280
78.019827
78.761761
77.251248
78.054190
78.187511
77.224560
77.773955
78.524460
77.212814
77.700730
78.617911
77.354503
79.189759
77.346240
79.088296
77.336166
77.878028
78.788286
77.354437
78.101154
78.462657
77.361122
78.302149
78.267605
77.429982
78.043911
78.749232
77.481511
78.585030
78.280373
77.464764
78.154157
78.881917
77.619666
77.617061
79.390598
77.540739
77.551125
78.748708
78.355667
77.613737
79.120523
77.921640
77.475067
79.333336
77.543647
77.473119
79.009934
77.729432
77.359897
78.324762
78.202869
77.155498
78.973312
77.160686
77.692269
78.474517
77.155931
77.892526
78.258635
77.044446
78.317805
77.951756
77.340753
78.971911
77.148499
79.268598
77.841351
77.134934
78.833458
77.413031
77.154418
79.002793
79.355279
77.334030
78.300361
78.518766
77.321658
78.943071
78.079093
77.565702
79.443577
77.828096
78.421919
78.452128
77.312609
79.229122
77.328646
78.706061
78.292745
77.686406
79.334852
77.306687
78.461454
78.380639
77.313403
79.449904
77.423217
78.416970
78.677212
77.418048
79.336193
77.731304
78.265822
78.286067
77.286101
78.747116
77.939266
77.299825
78.267749
78.201306
77.474653
79.357268
77.284399
78.681630
77.989268
77.782931
79.081101
77.317442
78.658844
78.125168
78.246531
78.374244
77.461458
78.788008
78.212258
77.561348
79.377815
77.544619
77.292731
79.077187
77.320478
77.567123
78.938856
77.328537
77.325608
79.136829
77.294096
78.786470
78.072507
77.298874
78.734650
77.788483
77.332829
78.991577
77.761912
77.469066
78.926571
77.804105
77.314315
79.234921
77.615910
78.026175
79.476224
77.607360
79.068129
78.166667
78.379732
78.539145
77.339287
79.091952
77.472226
77.485200
79.154428
77.361580
79.687579
78.513057
79.767734
79.753693
79.717585
79.767824
79.744525
79.766501
79.755941
79.760776
79.725933
79.657740
79.590964
79.583177
79.616025
79.590104
79.777140
79.782335
80.942840
79.596476
79.594853
79.593390
80.144415
79.447380
79.460483
79.470805
79.450414
79.443997
79.479130
79.438263
79.465921
79.473008
79.481741
79.447316
79.468763
79.450334
79.473030
80.941412
79.340093
79.308202
79.312787
79.287825
79.265135
79.292602
79.306859
80.776986
79.284583
79.298108
79.354499
80.956611
79.271878
79.297279
79.292106
79.298119
79.321438
79.290669
79.285269
79.397978
79.437375
79.453667
79.440404
79.481228
79.444972
79.426433
79.442181
79.462438
79.453525
79.448596
79.454194
79.450364
79.424795
80.893863
79.460062
79.451867
79.436737
79.448251
79.444425
79.461224
79.421893
79.465411
79.465794
79.462047
79.447237
79.454373
79.440679
79.471338
79.459388
79.482403
79.474989
79.493201
79.467254
79.459876
79.483471
79.459833
80.223808
80.177518
79.463785
79.453137
79.429823
79.446190
79.439443
79.466007
79.477945
80.945623
79.452379
79.446659
79.448143
79.454865
79.458308
80.544918
79.887086
79.457826
79.417143
79.435349
79.447111
79.459114
80.846529
79.414823
79.436041
79.437430
79.457373
79.441504
80.713819
79.803830
79.447744
79.478938
80.021614
80.517299
79.440010
79.429765
79.437306
79.589759
80.885480
