50
94.690851
93.461624
71.260197
81.299484
61.649230
65.737863
76.173134
65.068065
59.444071
53.879077
64.958254
82.980865
86.494630
65.521983
56.639796
61.102135
55.520344
70.015832
73.114938
48.446748
50.963656
50.826658
48.378965
53.485512
48.514562
51.323113
56.417069
55.493830
58.084009
71.577423
85.413841
80.506808
58.398880
74.269145
63.875248
50.787546
60.921680
84.634478
74.115757
66.903102
61.236189
58.874397
60.593593
63.893234
66.394214
84.748685
83.007588
61.434092
83.974950
83.003168
85.300740
86.923071
68.203737
87.023157
79.266797
85.902139
75.185235
48.603824
54.275890
71.375480
60.453872
61.259827
59.221434
59.215921
58.239655
63.534163
65.704774
63.277481
67.664244
63.060931
67.216715
65.496877
51.833026
61.730356
64.870866
63.721046
65.239702
86.380255
101.870639
97.375335
78.110185
76.857352
64.938106
57.694594
61.986078
59.359487
58.036750
50.676171
64.556423
62.264321
57.395926
67.618127
78.387296
69.202381
58.188267
78.509025
78.805533
66.989823
53.397413
62.199126
51.303106
57.640286
60.625599
64.495989
57.431455
63.318704
66.042846
67.604243
62.456456
60.230825
86.567851
86.096706
87.403230
80.850585
61.074858
56.354417
52.283887
67.352053
81.614289
86.719608
86.397062
71.624843
72.591301
62.849268
69.138466
73.998146
71.648615
82.328288
86.830839
73.707459
67.384839
47.887997
61.430903
66.056793
69.074411
58.514436
59.538028
77.093152
58.989080
69.908885
99.502056
98.347161
93.203461
65.826971
52.398886
57.480589
66.212604
54.759289
48.335474
47.805973
48.714574
79.243610
84.036196
68.716450
74.367972
82.450023
81.211912
74.928922
68.261410
83.699476
84.479187
86.482782
62.417736
63.530294
74.560164
83.858147
58.847659
57.806056
64.202443
57.784669
59.714972
63.143234
59.317018
61.187877
82.646001
84.306475
62.224996
60.688272
63.568049
61.527971
70.094742
75.706651
82.774235
84.356682
62.349919
57.313969
73.489553
74.162325
83.488705
55.304864
54.601063
53.432057
76.043434
56.582746
65.170599
86.884539
77.180951
83.794451
54.913495
62.473472
65.528552
60.089140
83.307076
80.627314
88.947505
71.437676
74.751656
79.321902
86.791891
53.473754
58.286747
61.281815
87.224221
59.020658
57.225228
55.847571
59.977671
82.901350
63.808472
67.179927
71.834558
80.884081
67.282573
66.493242
58.746836
84.800431
63.466066
92.531130
70.490033
87.351429
80.392180
55.626735
55.121902
61.674881
60.294466
54.676889
80.291906
83.563911
77.595352
58.352722
61.913769
54.189169
55.650109
62.649935
62.754680
74.000421
57.028340
71.621583
79.382119
62.852090
59.561134
62.941783
68.934057
61.133264
85.628825
85.061753
69.131364
74.678567
85.506954
69.044725
61.588745
75.873841
63.380852
58.072846
59.333076
59.933862
47.426461
62.075708
76.098968
62.965536
58.090941
60.783991
83.706600
85.632021
57.691751
60.959780
66.726373
58.854721
58.274733
62.010871
67.317143
84.461515
62.589383
57.895313
60.058493
64.371289
63.013015
60.803407
59.261771
51.500953
51.234087
73.952432
83.656606
56.820471
51.409760
61.715887
50.218131
59.849085
74.969207
67.331193
62.215524
61.735857
59.848199
57.031984
60.121436
73.568171
91.455916
71.865408
68.350097
71.804912
60.323883
87.526933
60.202468
58.467275
49.998961
48.826359
63.284220
58.283006
78.240294
60.170505
53.354863
59.390015
58.637339
65.267115
58.603079
52.785568
60.632918
64.937206
54.865893
79.415794
58.845032
59.708142
62.415690
58.549738
60.032195
60.527028
54.431954
49.268845
59.344739
87.065956
60.792814
66.735203
60.596544
56.536881
56.694180
61.221614
58.036431
68.983314
62.868322
59.200825
53.613461
57.406476
77.884975
60.025364
55.844683
66.014635
76.143616
78.601483
80.057331
86.887823
53.153646
51.837939
61.754107
67.551589
48.199856
58.696749
49.743331
47.232302
68.045749
52.034398
60.403274
65.407910
79.509554
62.273100
61.113965
60.389573
77.472029
65.183879
56.809289
54.212733
83.011229
88.806774
77.620618
58.636697
59.347273
62.001595
64.640058
99.017570
72.460209
64.866044
66.541723
66.522279
90.767728
98.348808
64.624989
76.980196
58.672850
84.856249
72.352239
67.765884
77.047835
56.290936
47.396749
55.803786
60.365043
76.189505
63.255727
71.606377
53.015175
59.173641
50.500259
55.716312
73.502897
75.069187
83.793492
63.248486
74.328647
65.517269
60.986556
58.265536
64.516400
72.594965
89.361293
63.575551
59.214023
76.093991
86.571342
81.329272
65.703925
62.427484
74.056007
70.665454
59.275391
80.225326
58.627001
57.344152
72.366208
75.906016
71.185167
48.336329
57.197651
60.089373
69.594842
64.097108
81.287255
81.111889
71.377016
61.282003
56.088118
60.242664
60.142786
82.304074
80.275777
68.527963
62.814513
75.762075
59.359214
57.395507
73.867980
49.754232
79.288347
72.373892
49.898903
67.307904
56.303901
56.150008
60.100490
65.422985
58.439779
61.153119
59.693263
69.856467
73.387228
60.733836
61.977902
63.811391
63.371680
56.733937
73.982854
82.151895
78.184106
68.504705
79.062206
59.558638
57.527394
54.100768
66.307458
58.529954
56.636463
86.610503
80.461592
72.285477
62.261471
60.567598
62.436428
56.363641
64.246915
75.647573
53.334719
66.760300
76.971608
62.629799
70.452341
59.751003
57.789666
63.304621
73.223680
69.595679
63.441414
100.675447
70.765044
66.260726
64.542521
64.560941
58.516498
78.653390
71.405499
65.668674
66.917741
66.424459
67.325400
67.050572
84.429157
64.820207
70.184091
82.574335
72.539938
60.497533
47.753432
64.160735
58.109217
68.929823
74.789649
58.269378
47.329835
50.332689
62.575182
69.675263
67.620333
77.468655
61.024323
58.765484
58.987917
58.590030
66.367181
67.119048
66.732732
61.661826
69.482540
48.890382
58.583255
60.161176
65.658501
64.122950
61.581324
67.888478
58.823887
48.347182
52.918732
58.469667
59.298459
70.268093
77.725486
72.956692
77.745472
61.318172
60.139268
67.565131
58.368882
72.644883
82.884467
58.217569
87.757137
82.029764
59.752399
64.146656
48.310158
79.151912
67.734233
48.765645
64.251709
81.898138
71.664761
69.205187
54.440367
47.504194
69.639884
62.256942
86.483739
85.435925
75.343002
71.449599
51.720053
62.217060
64.427938
71.690237
60.382452
56.876649
47.399409
67.313024
84.153470
73.670899
78.755034
81.816808
87.547029
71.597169
75.803508
68.020436
70.552539
70.424349
64.121680
75.196839
84.547759
79.794805
67.649083
66.807833
48.313740
62.250007
51.585148
49.613361
54.159398
72.738491
55.542900
50.116611
51.333639
76.015547
82.576587
75.809697
48.477980
47.579093
58.015142
59.865693
95.122054
83.770391
89.382212
72.462025
65.303175
65.638260
68.137726
67.853487
77.535589
79.147961
56.204577
50.129780
59.024868
66.166282
60.858587
80.752410
73.969865
84.662739
80.785994
59.078261
75.129910
70.290202
84.086012
65.164752
62.036186
62.136699
75.222352
63.048609
77.948424
72.463895
82.101869
58.004890
60.950093
87.046147
65.185346
54.545628
64.241473
87.546666
85.909291
59.849727
71.349544
84.849501
75.243249
58.605655
73.680184
68.425713
74.473687
66.132226
82.433442
78.626396
68.758849
70.191553
65.255611
65.966321
64.831532
68.139876
77.068252
73.346773
64.854433
60.950961
70.152636
61.206690
73.632744
61.843538
56.650749
60.876216
67.785205
65.463504
64.700780
60.308946
69.213119
84.800726
83.438596
76.158105
58.148074
50.017160
58.627064
60.658237
57.933678
63.498368
79.705173
72.819473
66.481704
67.452877
75.630748
54.638763
57.908632
63.230031
69.427799
87.808440
72.744876
79.027854
86.941657
80.810003
61.690451
62.469252
87.993317
87.351202
78.157043
60.773170
67.284271
88.866851
86.411554
63.117280
65.511417
83.102157
74.970396
62.353414
61.304949
66.033736
81.220510
67.043115
68.390387
63.731701
76.489155
77.756530
74.015842
81.612048
80.523939
60.014724
63.962149
76.285352
59.863644
64.018201
60.498768
66.596705
67.839268
60.898997
71.762280
55.858000
64.056659
60.152021
65.598085
75.012821
71.617812
57.555793
56.616888
56.713375
67.169925
60.131473
62.228398
64.025221
82.459882
67.747990
58.449200
58.749045
62.687347
58.495801
67.366938
61.293403
64.237104
48.356139
48.682960
54.875016
81.126424
88.687653
65.701502
57.679957
81.369012
68.039486
65.378924
94.700271
216.855529
68.861278
54.883499
68.810645
85.101269
60.428410
62.157518
76.591358
83.118888
72.288169
57.347912
67.599738
83.154719
65.809871
54.314404
80.677682
86.862662
86.826986
70.412501
81.787034
68.005596
58.492447
60.968417
65.814921
61.681329
75.570103
72.045322
86.005346
70.641297
72.156354
63.864439
60.912011
61.534311
61.449765
69.944569
64.458855
53.522086
61.332813
64.038803
59.159481
52.768214
55.955273
71.152309
74.708599
59.654971
55.184671
48.718492
58.960107
71.088617
59.000009
70.850179
65.101449
59.463107
60.567954
49.393999
60.855479
54.239179
65.482126
80.751048
85.485731
90.518429
63.040677
55.809409
48.094957
56.218271
60.343883
60.162411
64.344592
61.979452
83.430922
55.556809
60.884070
79.691843
62.550343
77.798589
63.426152
60.386174
57.800321
70.553543
72.070662
59.103122
59.400325
57.197082
57.452329
61.107321
63.742111
64.920568
56.909073
51.631163
53.196259
52.404311
55.156018
70.000862
67.064086
66.570742
74.295068
76.828685
64.185007
83.914253
89.181098
85.596621
59.784828
67.912690
79.021373
65.113697
60.423949
61.706110
50.513797
72.010540
74.376627
59.811246
54.613774
75.942151
69.752994
65.979267
62.174700
66.114662
62.813706
58.878065
64.558695
61.801884
60.374560
88.511276
63.063627
52.976019
56.137093
61.817557
57.939552
75.055798
61.509963
57.481772
60.438081
59.458147
86.427057
68.760646
49.429710
53.022272
74.238526
80.845225
89.073419
52.642940
66.013587
83.327877
95.303290
75.130138
76.795314
67.493659
71.335224
64.195918
60.355368
75.965993
68.583866
58.245746
55.680098
51.104342
51.476138
61.336773
59.284595
62.478376
87.431995
66.858827
63.731745
61.899886
75.933695
72.530470
66.156579
60.359267
59.929447
57.370340
70.732612
73.023556
69.443363
58.830643
56.663144
62.677343
83.383369
62.670277
60.766663
60.027796
60.347909
56.692584
86.733068
84.497717
73.752401
92.017902
55.979119
49.050495
60.197764
54.869118
60.550907
68.612911
73.875523
86.758102
83.485949
56.424239
59.240865
58.166976
77.832297
75.568653
66.986564
69.456375
83.914807
61.768410
77.532862
62.699308
76.956785
58.011420
59.976192
64.176369
58.737138
60.561110
57.983430
61.043125
78.877540
75.114267
60.197401
97.258793
60.611883
64.078763
60.657787
58.217510
60.940048
57.196613
62.759583
60.969654
80.878687
84.702503
80.332574
55.155012
46.917372
55.466299
52.015585
68.461647
55.886387
59.007497
63.423009
50.385509
48.242598
73.473519
63.015615
72.329082
95.173603
54.418148
47.552935
53.559125
64.617781
80.584100
86.916798
73.004593
65.769460
65.688736
67.313273
61.547210
48.915065
81.228622
56.560145
53.942344
51.492549
75.301706
67.642114
47.912114
47.338224
47.600944
51.257266
67.146875
86.465127
68.632484
60.103703
56.634013
57.078641
66.761239
67.951904
57.676262
59.315618
85.009243
88.764568
95.732951
88.806033
91.806421
62.177525
64.737240
57.084420
59.121041
51.674858
49.410388
66.742293
63.772182
69.018730
77.948287
63.241389
60.839266
68.674504
75.825861
56.999765
61.711303
64.552246
61.028145
64.767045
64.224419
57.876809
62.124933
65.463068
80.786603
97.214304
75.418286
63.069106
59.429971
65.753843
83.387348
66.867211
55.863630
49.485093
56.600468
54.194991
82.753051
90.340802
59.650416
84.633362
63.006000
61.134674
67.018241
57.976744
61.672568
57.633954
60.741382
66.034858
60.002424
59.954191
62.259346
73.030314
51.575994
67.331147
64.684501
86.146369
75.161886
60.169991
61.299139
60.334166
68.546442
66.846535
59.588766
58.854668
60.151027
52.731816
56.764678
62.041582
59.257134
64.424400
58.784313
74.203528
85.034291
72.335655
58.912743
55.940482
56.437083
50.419008
85.800457
84.749946
86.278970
87.019122
86.176891
65.335062
78.572138
80.890799
60.272208
69.130091
57.906190
78.802700
73.175215
70.364215
86.948942
80.890459
61.321266
83.120598
91.605491
68.367405
82.381633
85.072640
80.273465
82.352284
65.769251
83.392019
83.898631
76.189093
85.001373
81.384545
62.600578
55.563184
57.390608
59.551021
67.504701
70.069563
76.110234
86.243537
82.051893
51.993334
70.702264
70.594858
60.231999
63.761860
70.548546
59.152509
59.468642
59.237870
76.012012
66.737343
63.652858
74.850956
78.441009
56.829191
67.677409
70.597633
75.953999
59.312112
48.212603
48.926945
52.784505
54.325204
72.047913
68.463531
75.456128
89.191685
87.980195
71.217285
71.344535
89.727312
86.927001
74.433713
67.029574
61.956134
57.094292
61.745731
60.674763
64.409953
67.629817
74.848260
68.013318
54.383631
48.525496
54.681127
64.278608
58.610505
64.666353
71.168091
77.814329
62.887974
80.459896
81.955055
76.357343
69.736825
80.624766
58.708791
50.132871
50.477875
56.082651
47.840570
64.620647
86.464259
65.522913
65.024232
66.361817
60.633195
61.814098
55.584200
65.709848
83.906604
80.108926
89.004368
78.683398
73.902889
71.552927
79.219069
56.525600
59.319988
60.187516
59.737025
58.292125
51.309227
64.760248
56.786620
51.739301
59.056021
58.073763
56.328489
64.532763
61.205568
60.416248
61.536474
64.445487
66.765179
62.693229
53.112163
47.940092
48.591465
77.522893
79.774953
85.745167
81.247201
63.717479
72.657732
75.225217
89.073096
69.136437
61.334194
72.698638
59.142151
62.852891
62.065256
58.862282
87.276006
88.009027
86.094507
57.426235
64.839180
64.577710
58.255477
69.002946
69.537926
66.101458
65.416283
69.020866
67.189972
59.064063
63.854132
79.382034
79.182060
76.097833
87.889350
75.045701
67.700022
69.599356
63.619902
74.876310
51.203956
63.555394
73.993050
56.736590
54.130494
69.354604
63.829730
74.313939
64.202504
72.652421
83.196561
77.176631
89.411737
71.106198
62.029969
63.880069
71.187716
81.828062
70.559008
59.620512
65.978541
69.028907
86.043959
84.005031
65.036387
62.317033
69.211489
81.253375
89.747551
69.264833
84.244255
80.644266
59.869736
60.357860
59.623294
58.615664
64.406662
81.437694
85.419489
86.858147
86.700323
84.928602
53.002492
56.581516
50.161473
52.345988
62.920978
64.060414
58.904690
51.245619
55.680884
62.700549
86.454661
88.572107
79.310103
61.752348
85.142802
97.418677
85.070702
66.133069
76.503647
76.644674
86.458761
87.699084
71.960736
59.794740
60.608591
60.276115
82.757440
72.913717
82.680330
61.490632
64.719091
79.476608
62.659525
60.747094
64.295950
71.672473
86.904808
85.008240
71.168996
86.731677
85.760232
76.456659
87.947307
79.246967
62.114233
58.540375
47.680106
47.518678
55.428257
58.862593
61.377269
57.689979
59.808819
65.508155
65.031905
81.769134
69.599877
66.867947
67.638430
83.239212
65.856154
72.242545
71.562310
57.677610
78.434915
59.314957
72.316547
49.746638
66.718086
75.844856
57.466091
62.736480
60.575248
77.217117
69.348185
69.763585
61.068269
57.218807
55.469449
56.936788
63.572842
65.441335
57.268471
68.857571
48.328769
55.013166
64.928667
60.531172
61.897544
85.337890
80.914960
71.733311
77.633022
78.648340
84.373961
84.684368
73.461535
70.895131
76.833044
58.934430
63.031484
66.620123
76.395534
60.277226
50.388247
51.272739
53.517680
86.065538
80.927799
80.384802
64.502721
64.158893
77.008978
84.601515
86.395526
73.690645
48.290943
60.035174
61.126508
81.880784
86.108670
83.893567
68.623508
72.916135
67.189731
58.279632
72.048181
59.045085
47.943815
59.382910
66.679057
72.243932
61.973523
52.107272
78.023632
86.941320
68.306711
59.007023
58.673979
59.258665
59.162125
59.480260
62.981224
60.743003
78.861465
77.124819
81.148488
61.695544
74.791084
73.805899
59.819451
74.411934
74.434840
89.287665
80.344574
72.956188
81.332412
72.543820
64.091869
66.164658
61.417913
65.930883
62.384248
58.585782
81.866743
71.977550
70.272739
67.630863
80.599576
67.908584
59.468942
74.051763
64.590853
70.160222
60.889713
57.404524
60.830061
61.520433
61.554996
71.179194
59.796943
57.190009
60.761006
67.482313
69.146268
69.032523
61.925478
68.632626
58.560790
54.305553
47.469986
51.005162
62.807048
59.647593
79.829464
86.317682
73.003288
80.383810
52.723580
61.786356
59.531124
61.140784
58.221972
58.506809
77.633213
71.445780
63.802167
62.142003
83.319965
66.681674
57.268249
57.881549
59.895315
66.121059
67.806840
82.270740
93.386969
110.998041
127.570998
55.460317
67.678264
81.745599
83.284747
69.093595
62.923099
58.494778
60.950965
59.108042
61.095424
54.621632
46.859340
54.807811
51.120181
83.448496
84.961846
55.016627
55.062360
68.941716
60.395271
67.302286
61.856944
46.799831
49.756461
47.305717
56.771860
55.603109
63.603030
60.267780
63.174411
54.957004
57.052398
59.474995
55.347234
48.436776
55.588907
55.954564
70.125930
51.476234
50.086324
64.457577
71.575239
57.266873
57.570748
56.825304
74.795203
72.628347
54.253038
54.759835
58.212487
61.980852
79.980538
60.432639
83.002777
85.464587
79.302658
53.340359
73.796609
67.111497
78.841805
79.072816
73.850489
69.132783
66.827599
53.871011
52.024572
49.096925
72.261134
81.948639
79.419043
89.479424
83.729753
67.622906
62.195341
54.011181
57.324313
81.729985
71.014490
58.158463
61.688074
50.475377
86.267322
68.243874
82.815287
66.999276
65.076874
63.112132
72.908200
77.429798
73.149061
71.577235
83.214424
68.792385
84.435009
67.861107
48.550184
78.145873
75.843744
62.177579
51.016239
69.477552
84.237150
79.320121
74.986742
77.233798
80.649615
60.145404
59.429325
74.638213
51.916006
53.098823
49.143382
70.226777
74.288678
60.896293
48.065692
68.672664
84.724098
60.424580
55.814542
68.154968
75.790847
57.780869
59.162864
69.694092
97.493704
71.310884
60.240213
62.636141
66.203972
51.665813
78.612432
69.753609
61.368029
65.623042
59.166548
58.170609
68.818557
48.358449
53.203541
59.831645
80.903650
59.536702
57.632045
69.016028
59.665892
66.207909
59.372950
63.044691
63.295328
57.432046
61.666771
66.968608
74.898704
58.686990
60.740655
67.137761
83.278973
83.325084
84.032888
82.541711
60.207142
60.607372
71.790394
56.954657
60.473262
61.333141
64.880463
61.451547
58.806010
71.454940
80.691887
61.097730
63.150869
84.759183
65.526703
60.641551
58.594128
86.233159
62.393684
63.120253
71.919982
92.732707
78.665409
60.411885
77.202951
67.523701
65.492102
60.735264
60.534730
77.140209
76.205850
54.282092
55.696270
57.489868
49.933215
69.454965
87.701151
84.879304
79.551786
72.733490
73.689329
57.296442
49.611410
49.961719
58.493671
70.203522
53.425521
57.031371
73.798189
59.355646
60.750757
60.831528
66.849248
86.049823
66.648983
50.097370
52.437432
58.212920
56.109495
59.223991
56.008506
50.029360
55.941214
51.245392
72.967012
74.154629
86.143218
88.263294
75.497605
86.933470
65.912050
70.061966
65.113552
88.378752
65.009829
60.246191
78.768815
75.840134
66.390094
76.807323
57.598042
59.557784
84.111237
51.677531
53.050627
63.822899
74.305068
84.748506
59.252090
60.747388
67.224054
66.650744
59.219579
69.669291
60.775021
67.149809
64.621907
70.543618
73.421440
81.653643
73.765551
60.637553
65.119905
65.287700
74.060784
80.964177
59.175978
67.353915
83.246849
73.101229
71.562414
80.778036
81.039056
65.426746
57.837750
67.086379
78.425892
93.318007
60.122863
73.599785
62.528177
71.820643
59.460967
59.135228
78.438510
70.470951
64.647974
63.877960
82.200216
84.011453
71.248529
62.399341
72.432697
81.545956
86.230945
66.664110
88.035198
73.493933
59.258362
61.083662
57.684403
52.743928
51.141648
80.266222
87.436932
55.055019
60.671633
57.854527
74.534075
99.738596
95.423346
67.044835
55.746761
87.389323
74.099729
81.419883
64.359387
59.207865
57.012991
63.166037
61.062776
74.010939
71.829621
57.915217
58.389535
63.617138
63.557744
63.533908
59.816850
59.563126
74.848338
67.062336
91.060608
63.084230
73.558755
77.961243
62.673268
57.929360
61.992522
58.125979
66.191562
64.616949
61.162102
53.728869
55.035238
52.607456
63.585757
60.622137
59.603824
60.277806
69.827364
86.845059
68.936697
58.588905
55.688206
50.038695
48.997367
70.114304
73.593933
58.792136
60.142889
62.667713
73.961896
78.308245
67.597931
67.435188
64.566775
62.707740
59.362680
67.484349
65.609196
61.165291
59.229666
85.251173
72.972861
61.103589
63.188586
70.777796
56.787647
65.841615
59.723151
61.211368
62.655876
69.431223
69.095312
58.695037
63.450740
81.924910
76.844107
67.380518
60.860949
62.322886
75.214273
59.620747
61.419421
65.284011
60.814602
59.733438
56.655326
72.888146
76.557999
61.971769
58.488879
74.594457
61.011782
62.243347
57.928778
52.715163
59.628534
63.257677
73.310281
65.761197
64.728611
67.872547
59.028439
72.181772
91.304762
93.564095
68.945562
50.453819
54.582251
60.555109
61.341697
64.863473
51.784058
62.701695
73.189334
65.770741
69.882134
74.341862
66.149205
63.644842
62.681823
86.004663
79.801328
67.331932
61.018257
61.956183
61.547431
59.171673
72.309388
58.430387
70.090965
59.324376
59.365399
63.780633
87.039590
84.415729
58.216064
79.428795
65.100474
68.289787
59.326908
59.732263
80.758890
78.257418
92.348466
66.045766
60.229614
69.225716
66.730856
76.946907
82.198881
59.561694
47.806242
76.703106
75.702806
53.393052
56.079133
66.830262
63.392179
61.906265
61.046250
58.724327
58.819620
67.926401
66.172462
71.142940
86.226201
86.669658
88.487252
76.006577
86.879291
88.004613
77.165504
62.471158
59.380725
51.426577
67.575730
80.801143
82.716272
79.230780
70.942957
52.444418
49.582400
66.017065
51.907442
50.419273
75.450843
81.228331
81.852644
86.484870
75.884322
47.102757
59.787256
52.161634
58.526908
60.252239
59.248434
71.197157
83.179365
52.680542
86.327988
78.043075
58.089781
57.288296
76.946638
63.396319
86.300866
81.103241
66.820547
57.792391
62.373453
64.030592
55.055859
71.522739
86.003577
85.694940
58.096796
49.380069
47.388020
56.480832
62.662956
60.594175
61.907084
61.742398
85.871293
67.014878
59.409250
59.396229
60.578125
68.066833
67.775719
77.367344
47.316043
56.597184
66.962802
87.826226
87.954569
85.021497
84.474223
73.855236
67.213165
64.859339
64.891877
61.853948
53.546587
60.756370
91.037014
61.560836
63.409709
62.846449
93.861569
93.145755
65.541496
68.005580
62.235039
69.806741
82.143958
51.676207
53.875566
62.664297
53.509096
52.014002
70.888904
77.768888
79.362718
85.277208
83.419384
66.489001
60.527396
59.132109
62.140143
62.312775
76.564985
68.673590
61.158827
50.284074
59.284718
63.665126
74.224324
49.053170
58.724402
59.328907
58.370129
63.676334
64.473633
57.991726
62.573247
60.733815
80.260675
77.838220
77.922124
66.284742
63.129997
59.309126
59.981157
82.787759
80.279944
58.650744
47.489014
56.286639
47.537046
56.299404
50.686782
54.449193
59.221657
56.298025
62.519207
87.811028
51.547099
53.720517
63.420500
63.455185
60.548785
49.082854
73.434535
85.718604
90.340894
83.923584
66.187723
81.103358
89.737967
79.860706
68.748304
61.114227
61.719380
55.061156
52.848590
57.888215
79.893909
80.330736
85.327696
74.577666
49.847148
58.452180
51.117545
52.201828
60.631746
62.056120
59.696738
67.129472
80.592419
77.176835
75.336872
80.514272
73.366820
57.566191
70.546650
80.167596
84.224484
68.148648
67.289458
61.179667
62.532860
60.166824
67.515452
84.159528
88.659632
85.341931
86.574966
77.036767
68.412019
49.923618
73.587037
63.118958
57.504203
56.153438
56.925807
67.944705
79.430012
74.058463
61.871175
72.975176
60.084229
68.169654
85.921167
70.986941
79.829166
97.164576
95.116888
65.199860
47.547002
56.558731
54.752241
68.895067
57.199211
54.776223
58.242317
74.350623
54.615862
79.748285
86.580379
74.056662
69.877145
61.276877
66.634797
69.045390
80.435263
73.395368
68.208296
57.570781
50.768527
67.504104
83.605568
87.619471
74.005615
81.919631
77.062227
66.909962
66.106757
84.493373
61.781234
58.118548
70.278355
99.736833
96.026687
73.058949
85.453614
56.454994
71.223224
75.221482
55.164937
54.920480
58.927774
56.642657
61.121243
61.593185
58.610889
59.091835
62.875953
60.985370
59.695466
61.238102
62.122932
72.203269
79.551968
70.205712
59.545460
59.607835
59.877869
78.674679
79.825086
62.347528
55.263741
85.912160
72.568591
75.122046
60.945734
82.412997
64.182100
59.421960
62.518161
85.507785
68.823845
86.304077
74.399441
58.638297
61.451602
58.228365
59.444764
59.420641
62.489268
79.429042
80.806296
83.621301
71.244750
61.085394
59.663423
61.235441
63.431430
48.748813
48.223433
56.184605
53.213705
48.550016
69.846241
75.499961
59.594269
61.735151
65.883950
70.795673
95.610707
108.528227
179.696130
75.178562
69.508399
59.059340
57.325095
58.307072
62.204843
73.529994
60.702200
69.683906
69.263907
45.028073
50.005156
60.665685
54.126744
73.789315
74.944916
86.703287
83.243429
60.288460
56.437952
71.729614
79.220983
83.873391
56.266573
58.774399
63.483186
60.158931
79.409457
67.302281
62.885792
60.749754
60.232403
68.107681
66.617714
59.699060
60.520430
68.468436
75.043418
59.376483
50.035573
67.191017
54.109507
68.993367
77.431186
84.148266
83.228629
83.652086
59.167010
56.914141
58.232157
79.197501
74.327074
64.166702
64.416887
62.510029
59.029656
58.951625
61.721905
53.880215
57.021929
60.151822
50.256216
57.735076
52.069553
56.846297
59.141701
68.586484
89.739438
84.510743
79.262373
71.669579
68.099016
67.386111
66.497573
59.760873
75.229041
87.221319
67.343803
74.059008
63.689383
69.209804
73.919627
57.228893
65.337802
84.370974
65.945159
60.133580
79.219535
64.073981
67.789251
89.237961
54.017743
51.752290
61.437786
62.562485
83.334832
61.110711
64.665995
80.947813
81.589297
91.056750
63.235380
56.259869
65.898166
61.316936
61.031243
63.450043
59.948311
75.542691
79.765184
65.696969
70.172856
78.320618
88.316355
76.069878
86.453302
78.211992
52.382636
66.381076
85.204413
80.506856
55.656656
57.158534
77.601254
75.780578
82.277084
65.326211
58.636131
82.599681
72.165511
53.831814
64.479058
62.966706
61.500228
57.020275
59.809392
54.141763
50.043806
47.743195
58.895140
60.794230
60.839917
47.333674
57.986837
64.511176
69.004283
63.944902
66.710040
72.651421
77.977732
84.835236
79.177516
66.188479
88.537036
89.386817
67.613641
60.716167
77.320183
71.508221
63.021951
67.782617
48.622025
57.444959
55.341747
60.051863
67.880972
72.243482
62.454203
66.086590
70.327194
68.789536
59.377896
60.996532
61.835480
61.327391
53.205995
85.089306
74.538357
69.876195
59.323489
59.102799
55.260886
57.379917
85.053933
64.151388
85.792804
62.002421
59.359133
51.750621
61.099042
76.823078
58.012262
55.463120
61.123732
64.188388
85.201256
69.234873
68.883118
50.535203
70.289309
60.816853
54.456010
74.042559
63.982838
60.472073
60.777555
60.993199
60.457962
54.361368
53.445055
51.996942
76.900561
71.674082
68.852044
64.241585
58.789749
52.690764
60.987124
63.689960
61.349740
56.621462
55.241781
47.554303
60.901346
59.397929
59.872208
71.819825
62.031889
61.043001
64.773742
65.403393
66.501435
84.969357
78.793889
74.662407
69.862941
61.662330
61.360520
67.044928
68.226486
93.823267
66.944300
65.085128
62.277722
62.638629
70.678561
68.429278
87.552310
87.941197
81.131042
60.729255
64.722210
81.405995
81.126075
79.258455
75.487337
65.603907
85.074211
85.824259
87.295802
86.347490
85.765144
87.649396
59.394495
85.058615
77.941139
66.542071
61.732132
61.035420
58.290943
70.164881
83.650927
59.159833
62.785147
69.199970
61.208077
60.893294
63.112446
60.764420
62.398414
66.615268
60.693509
69.254212
80.177551
65.436444
65.862605
94.565814
96.724827
73.984452
70.176944
71.044506
72.072870
81.239855
82.995906
83.639047
63.660218
96.398760
78.617725
57.885755
62.746880
78.545757
59.949517
72.988041
88.136998
59.545736
59.134660
74.140709
79.111324
56.816718
67.407464
57.749395
49.438279
78.626810
88.262808
54.259702
50.098439
55.928466
60.909616
58.418824
84.108648
84.540215
70.043191
49.608206
59.973033
80.314444
70.871861
77.682864
89.575893
88.909190
71.343680
66.357544
61.452709
60.288137
66.029999
58.964178
65.869805
72.816453
71.046679
73.318814
67.086895
65.559306
59.199328
47.638853
60.743173
47.194602
63.352881
68.332879
56.195429
49.180710
60.171847
59.494088
70.562824
76.352556
63.866099
64.380777
83.588652
71.024140
80.294938
62.099082
58.674264
59.372231
62.277524
78.270886
71.037705
81.819439
78.248148
85.781464
78.384024
59.195207
82.192567
56.255083
56.684398
57.975363
51.769331
59.087736
58.535149
60.734690
56.394866
55.506308
59.868592
70.922088
58.596019
52.090012
60.778939
60.340220
59.900427
60.008513
58.344871
84.706045
63.082228
70.947768
74.039746
80.589300
70.998729
80.396215
67.238213
73.997942
87.317782
82.682229
84.508075
75.142729
58.458380
59.055096
58.758350
79.944590
75.226859
65.715840
60.464113
69.609772
58.546209
59.588991
82.659565
85.858672
84.881250
85.433346
79.432180
58.982002
57.039694
48.603435
64.330137
85.245648
70.318268
68.057584
85.807580
87.848472
88.843337
84.663542
84.526487
80.891886
76.717274
72.995135
49.061699
85.394532
86.792291
62.102199
55.502920
58.056787
55.067149
53.811311
71.656340
59.296189
60.799537
73.301826
57.138613
64.223523
59.707160
54.601259
63.833824
54.357521
61.869552
67.734040
64.931146
60.415680
70.463411
85.500495
60.496826
53.485973
51.598745
71.658494
73.470584
49.705602
52.064779
59.594201
55.569951
56.446597
65.967955
67.375150
63.112360
59.022562
76.714156
86.668482
87.720324
74.477582
61.652759
69.425348
48.425311
71.804885
74.598088
59.291817
63.472229
69.775387
77.892210
66.316143
60.011566
65.446720
59.811008
71.075087
51.580324
51.898425
52.604183
74.159104
82.860883
59.388993
64.714632
85.364361
67.779848
71.070352
73.716542
58.144848
62.488765
84.251845
65.783202
77.265900
73.056036
61.009544
61.779581
59.010678
60.445876
59.476225
58.645793
60.135771
81.723642
73.919744
69.768191
85.573335
61.894689
72.090344
77.742589
59.702519
69.954431
62.432713
59.418684
59.874336
59.478099
60.743188
60.438130
60.757696
59.676220
78.751911
73.473216
84.496555
88.044201
72.564102
68.397673
68.587033
68.760175
83.958279
96.667627
75.036760
74.228626
65.540044
56.456150
60.322268
62.759640
58.169470
59.711873
76.047115
84.657334
89.393767
62.621934
70.411073
60.567031
62.218718
58.313729
70.988855
73.786312
75.938068
82.899190
72.580650
67.199285
78.041788
61.601268
56.874035
62.352450
59.642844
63.211956
65.609162
74.187240
56.896151
53.927679
82.063608
53.877894
67.781943
68.328574
58.551310
59.303815
60.229244
61.321779
70.055930
79.909297
82.219643
72.653748
84.603508
96.648479
76.025165
85.336176
64.413125
92.891387
80.240411
69.666818
82.954752
60.206546
61.886592
65.256298
85.605765
86.619139
76.988965
87.984269
62.349657
60.421598
58.837115
58.128430
60.760903
60.017715
84.574802
87.477821
85.413695
59.444421
66.913478
60.801237
58.475439
51.905358
62.405977
73.158953
68.991096
63.752585
67.921560
55.892725
66.361289
59.064995
81.211956
62.699465
72.006770
80.022979
50.464322
57.619791
53.216161
54.559318
61.590225
59.548597
74.981225
83.660786
76.365768
74.771650
70.341320
63.544787
53.354445
64.340129
81.957754
82.896237
84.637695
62.925653
90.560096
72.437185
60.317838
59.528200
53.974833
58.949022
49.743357
76.237619
65.906224
57.028802
72.313621
100.529400
70.165106
60.890033
57.710586
63.780770
74.169705
81.098727
78.711146
61.256988
58.042058
62.499804
58.709528
62.982375
84.690416
82.379012
82.099217
71.354482
76.593723
87.487439
65.218824
48.542340
59.346416
59.379182
59.293620
78.192529
85.238222
64.086210
58.925853
58.435631
60.375132
84.629402
70.172306
86.873700
75.300420
65.664013
72.069486
56.469514
62.659897
59.747813
59.607686
58.076841
52.722382
72.273295
85.335527
71.793276
57.170434
79.869863
67.459418
71.644072
60.108705
54.051727
48.925152
60.238314
85.615110
59.205901
76.495730
67.560465
90.986525
73.838212
58.808497
48.233714
74.730403
78.112740
57.828746
50.054289
57.161900
59.719625
77.197018
59.851210
65.767860
59.508720
58.692944
48.308747
62.735294
68.566626
71.062538
74.318689
80.673075
67.398927
72.985149
62.263117
69.070991
72.900759
75.120410
69.614773
61.194743
74.096896
71.285720
58.990243
53.523098
56.134150
60.095853
78.700514
67.340806
70.180368
63.191213
58.843413
66.000939
68.953901
60.151090
60.756063
60.896779
54.806338
57.015580
61.400254
50.248589
55.290102
58.586352
75.162180
85.360761
88.893483
59.972040
59.869164
61.887529
63.964614
76.044191
74.852325
59.737711
71.605684
82.070747
70.067993
59.355632
80.925915
83.571975
59.759375
60.171944
51.337681
77.273191
60.026030
65.032336
62.067794
55.425284
64.918984
67.428876
83.151116
97.682306
121.400955
