50
66.727462
67.484469
63.465288
72.059586
64.855872
63.548088
65.921305
66.103099
68.964079
67.461575
65.353475
65.249469
65.896942
60.764539
69.918306
67.584556
61.586833
72.025620
62.808966
65.597706
67.389492
73.386587
62.551741
67.266426
67.127243
68.076114
63.646694
70.528866
66.182755
65.479605
62.412790
53.960762
57.145877
65.250517
63.040399
59.615347
62.582752
64.982557
65.719644
59.927381
61.997312
64.445974
63.938299
63.208317
60.359187
65.782158
65.057071
64.540613
68.232149
68.058419
68.340453
69.720767
70.641897
73.503048
65.704055
65.729543
62.224988
71.164203
74.926214
74.095127
67.361522
72.052122
73.868648
69.677716
71.215761
73.573777
80.145872
68.995080
67.571425
79.011116
78.323912
63.022142
67.445517
68.428585
67.985643
65.878990
67.471112
68.445043
56.007686
58.224167
51.799161
49.548566
58.139825
65.638626
63.656827
56.695794
66.371167
66.805818
66.479113
71.046707
71.281345
68.792472
69.311490
67.561968
60.045867
65.210278
67.098160
63.694397
63.387053
61.234402
68.306407
70.672723
64.545972
58.322958
65.836903
74.286129
69.954556
70.525169
68.126044
68.332077
62.142177
65.459686
71.710936
65.616612
67.468237
69.362142
67.070438
68.755240
68.033480
64.433927
74.386527
67.408521
70.560756
68.768769
66.149403
66.538332
68.149149
69.664696
65.976400
70.045465
78.830657
68.336532
65.830098
69.113236
71.230243
69.135957
72.727333
71.061838
66.242006
64.263985
63.185600
64.822533
63.611205
64.358291
64.309575
74.869790
64.771164
66.662802
64.450324
67.539989
66.645904
69.883042
64.203363
70.576335
74.235396
68.207319
74.349175
69.918768
70.875961
75.181488
69.400440
66.600585
78.081193
68.032337
57.669986
63.416835
67.150147
71.982906
62.647424
65.218910
69.991953
70.219091
74.148662
64.746480
62.320356
67.622500
66.998615
64.579098
69.083134
67.947145
72.068865
67.029936
65.650294
68.499615
81.540872
80.230376
67.837331
69.163496
71.774631
80.995359
75.124328
68.223665
73.360412
67.008594
58.317702
67.296006
71.270579
78.163461
70.793917
65.180308
60.468520
70.466513
74.092429
69.788259
76.227203
69.194641
74.145963
77.378662
67.245552
60.687097
62.626704
60.434438
62.533379
59.075253
69.654325
78.659610
77.199816
71.482937
73.486100
60.940418
64.061812
62.358794
58.866324
63.211237
73.786827
60.969461
62.605481
64.378082
76.278149
62.790216
75.351870
77.182490
69.804632
69.807128
64.483661
60.746208
60.438857
61.217179
73.138330
67.882225
67.971026
68.222392
65.706058
71.474268
75.376061
78.380551
62.335052
68.056084
82.745513
83.776397
68.017163
64.396712
58.956434
78.603272
66.153658
66.283799
70.953082
67.219197
57.981416
52.624788
57.993164
71.393075
72.977067
67.612914
74.274394
73.827995
74.424807
68.386252
67.550075
70.699238
69.713378
70.211124
70.508361
65.562788
57.657233
61.826084
67.688439
71.834968
73.856319
69.953996
69.365837
68.863089
69.251362
70.953916
68.607610
77.251611
65.625190
71.206924
78.762865
67.588727
66.520218
64.627311
72.380238
68.300740
68.579035
65.895489
63.262664
76.619660
65.305170
72.157896
64.049212
63.790460
71.626945
66.394058
73.148314
62.858886
68.578956
72.675505
68.946718
73.525458
62.765487
63.188926
70.260133
67.148971
57.291990
62.388038
60.800055
71.763138
55.108391
60.910496
65.095873
62.908561
69.873771
66.049698
75.629891
77.311500
76.534201
69.924360
73.799095
77.163707
76.622787
69.764010
65.657553
61.313768
66.730299
71.200793
76.663397
74.601220
64.621111
66.356105
72.158883
74.317887
66.504406
64.711513
73.053162
69.874758
70.348445
66.703981
64.012183
69.852605
64.469935
64.098995
67.499744
65.607409
75.839211
71.834917
66.560169
68.346423
69.506032
72.747709
62.882322
61.964764
62.471398
68.292393
67.860071
70.493183
61.235468
68.779240
61.605510
67.286634
77.033604
68.161254
68.723884
70.848181
75.348079
68.164501
69.785321
73.549181
63.387323
67.349121
63.621055
61.996472
64.040631
65.191788
71.497183
75.066564
64.139985
70.205348
64.756726
62.253150
58.705853
65.810785
66.386994
76.526259
70.039441
66.233003
63.576674
64.656289
79.064638
73.641350
69.465938
62.906253
55.435078
63.036006
71.210051
64.981458
62.532444
66.555213
71.381992
75.412590
67.134403
79.179799
71.588595
74.236069
63.212301
63.540652
64.056805
72.956794
63.468257
68.386603
79.399832
78.804381
77.864475
74.377013
71.623290
69.348900
60.890870
62.369930
67.792238
65.509521
63.011512
73.211764
73.308023
73.310568
71.095010
72.212513
68.572987
69.399835
69.021012
65.045395
68.348876
63.310884
62.783453
71.839415
66.632567
62.223907
70.050090
74.635619
66.289395
61.401049
64.919231
68.038242
65.890424
71.649655
67.520773
65.408585
62.727772
70.962109
61.368646
66.013543
70.166432
71.039984
63.732937
64.160944
64.054962
63.131853
63.923412
62.685055
68.244631
72.617498
70.967048
71.122747
64.579069
65.466733
68.254962
66.920372
62.636905
63.362814
63.447604
63.154158
64.848492
70.357141
64.306508
68.185668
76.599386
67.556073
61.452234
60.870663
74.389130
68.387888
72.612102
71.224448
70.861964
69.855251
67.147356
70.105060
69.074677
71.100465
77.355139
74.243925
70.133971
68.203174
74.598481
63.581933
67.559312
59.626872
64.789737
65.131399
73.192200
78.874468
65.204703
73.078028
66.254997
68.667737
67.388314
69.476952
63.255256
65.504572
66.930094
67.456493
73.573211
70.467654
69.363345
67.166532
71.493385
67.549248
63.089893
72.056067
74.711431
71.663539
68.066094
64.994764
69.673753
64.542463
67.436706
73.153196
66.826133
68.250359
70.299067
65.627723
65.003253
68.945538
66.942817
66.447449
68.217997
67.204429
69.661760
65.968450
60.178945
71.063678
68.625739
72.705344
70.931838
65.424903
70.122456
65.085316
76.267716
74.028277
77.211464
72.161123
70.945031
71.033483
68.710689
68.315987
67.882793
64.644801
64.266998
61.264569
66.264898
61.696625
63.668735
63.106497
66.606380
64.093302
67.404458
68.005905
59.300934
59.469870
59.073455
58.438074
67.881355
79.062346
75.157226
70.348230
73.736212
74.984540
57.701553
68.536562
76.830192
63.442842
67.514657
70.302631
69.211259
67.982716
71.881671
73.915833
64.174805
69.667432
70.913121
62.483270
64.414304
68.165307
66.233954
69.716465
63.705472
69.938802
78.643997
70.455363
71.025699
67.838936
72.258256
77.329464
75.158268
71.158349
65.873103
70.178323
72.872783
60.485369
65.985145
65.908023
62.411154
61.943188
62.999028
72.991057
65.770443
64.847118
66.830500
68.180130
73.832128
67.169472
73.371132
59.480851
65.457695
67.910600
63.653585
69.134546
73.778947
70.091299
66.878334
60.052975
60.428075
65.970158
62.006206
59.559474
72.240369
73.586595
67.362640
69.016425
65.874344
64.581976
72.306603
67.861809
69.673033
70.207424
67.117417
53.706601
67.396694
63.021355
70.195376
65.067075
66.656959
66.940131
71.965746
72.101564
74.778141
73.496757
76.645693
73.597600
71.964601
70.187758
69.180894
63.108599
65.074717
60.011361
62.781499
68.477442
67.223972
59.693204
58.923539
67.684338
68.277175
67.800091
69.676975
64.992213
64.312522
67.550384
71.814375
71.994783
70.153044
70.562954
69.252089
70.122784
64.281504
65.864523
63.003241
77.892502
69.539756
70.190628
72.013869
63.929884
65.309764
79.589340
62.091052
66.023160
66.918218
68.606665
58.677331
63.137505
71.583735
75.008645
70.155356
65.771223
66.603081
67.735864
65.802867
59.459439
68.887605
67.638211
69.265003
70.739375
61.633663
63.741561
61.155079
66.574633
63.007716
70.067056
63.964702
59.697876
65.231449
61.009665
59.220598
65.433319
76.576243
74.303666
60.721022
57.013924
55.822279
71.227810
71.316917
63.718795
65.652243
68.704109
61.770075
60.139021
64.655061
57.087737
64.024127
66.692074
69.235470
73.121397
67.457427
66.737352
72.110209
64.013786
61.395063
63.502577
66.580299
61.158634
62.245525
65.431235
67.226945
71.453402
65.224560
75.354907
69.152563
71.837415
71.056580
74.781763
65.692686
67.858420
71.764057
68.584027
66.305641
65.459804
65.323957
71.905190
73.375729
80.571401
71.160106
73.733527
63.453366
63.753674
75.942619
67.064319
66.616220
73.825960
69.146734
64.448386
62.341652
74.942351
89.644211
165.539998
296.021790
62.454349
65.524130
67.526923
63.391222
61.949560
69.734426
64.457589
59.350761
54.181743
58.831622
68.493287
71.402718
71.456471
71.349790
68.022184
68.995398
61.928833
54.386484
68.799760
66.847600
63.064045
56.149082
68.525673
67.394225
71.467681
74.290920
68.204569
57.320108
73.695719
76.038486
86.621735
74.748809
77.237399
74.986460
63.361289
61.254032
58.701107
70.030873
75.377482
70.217976
63.214856
70.036249
77.170293
65.637922
66.160678
73.789141
67.902762
65.578206
74.095778
72.729855
71.845596
64.353341
71.118142
67.348338
76.402017
71.050828
71.618172
65.089132
77.107091
66.398653
64.950227
64.174544
63.467853
66.376338
72.149748
75.748403
65.239932
65.866157
66.899486
71.480799
63.652413
67.423011
63.804641
62.221062
72.822207
69.331686
69.925426
72.325081
66.849384
67.823576
65.365097
66.412895
72.973259
73.441502
67.280573
68.733491
64.115836
63.479223
63.958175
64.089551
74.650382
69.295250
63.752922
69.678286
59.630411
61.183351
57.884605
59.533537
62.247613
64.044720
57.919130
64.830783
72.119867
69.195699
68.664224
71.484711
68.025628
71.103096
70.053550
74.622207
68.572977
61.260286
65.099246
66.794619
64.914092
74.014253
73.185426
73.654695
66.291556
66.913676
75.114032
73.550051
70.083690
64.518389
68.201494
60.980669
58.065230
69.604938
76.193431
75.718482
72.107046
74.842425
62.462320
61.599286
58.197869
68.964774
69.254802
82.975187
76.432740
61.807260
65.318505
63.205934
65.113888
67.586335
72.048121
62.037215
63.046891
64.194055
69.183072
63.444390
66.292905
66.702969
72.479863
64.617935
66.726272
67.448174
59.535093
63.129268
64.162440
57.395050
63.798301
60.596583
67.594134
68.381731
64.819621
58.092173
68.658919
67.596717
72.150551
69.661033
66.565524
71.349099
56.204853
54.503729
62.847119
66.759416
68.246281
63.269515
66.402756
72.455093
69.058097
78.324599
78.828039
74.687997
72.040166
71.772455
74.495914
73.635996
76.256547
64.756999
69.902540
72.230775
75.134834
66.746313
72.977811
67.849468
68.533800
66.324100
65.673819
69.785296
71.123515
71.757722
71.394942
64.636912
67.486930
63.145128
66.005105
74.139225
75.293584
70.273280
71.380731
70.183446
68.497376
66.550259
64.513349
58.257765
67.998261
75.812220
79.258145
77.054288
58.657063
67.540927
66.162830
71.410545
65.657533
76.808588
73.077323
66.277937
63.229770
61.318608
59.560394
62.535615
59.163884
65.238796
65.046094
62.150038
61.427262
61.107223
73.883154
83.882533
78.607433
81.410097
71.273433
74.958857
68.960366
72.545870
73.581844
76.483337
71.171273
76.100225
69.429025
70.729721
74.259715
62.333691
65.810216
69.963457
67.115897
62.940626
68.068177
63.377923
61.308998
62.846232
68.440737
70.399716
66.987016
67.837608
71.232527
68.603992
69.879068
65.761074
63.347288
69.824288
67.615898
69.855020
70.885659
58.953040
63.551119
67.563507
62.811508
58.321667
59.261437
58.059495
64.109675
70.260247
72.890062
67.624523
65.731856
65.836085
66.702754
74.625923
66.693600
66.152567
70.654809
58.755130
63.115556
60.283257
64.987797
77.830998
71.774792
59.392043
58.756499
62.299113
71.460977
67.527940
67.068374
66.686689
71.978453
66.077824
68.161622
67.280367
63.353968
62.720355
57.916324
62.589851
58.094794
68.097708
62.856157
65.758717
69.378215
71.866153
71.219495
69.402848
67.173937
65.215093
65.234232
62.730656
69.841552
69.125452
70.291107
66.194703
62.535197
75.683656
66.662516
70.884264
66.856206
68.941954
66.535415
74.936338
69.892549
73.178506
67.696096
66.348178
66.984367
71.072984
70.689237
74.053356
66.079180
73.078206
77.034099
72.734891
71.943328
68.816237
70.903937
64.531978
71.059679
68.431575
70.097813
64.389544
63.333313
58.211473
56.580084
70.692775
67.578137
59.463656
70.846338
73.279151
64.154098
61.351477
68.399432
68.145966
67.108563
70.145250
68.897475
71.703558
67.184377
68.212919
69.421589
67.588484
64.382116
65.417052
60.366486
73.797707
68.563324
73.872007
59.882368
68.450055
70.075858
72.638111
71.657888
69.081849
73.139948
70.138275
70.130463
66.508255
66.376320
71.797990
73.840839
62.809348
65.963509
66.476181
73.803294
68.661872
65.852450
70.074847
69.811484
73.453518
68.012626
68.047828
64.691482
69.738850
69.856293
69.711990
77.141286
69.822210
63.924589
72.576465
75.005832
70.717211
71.239238
65.688942
68.632709
69.796835
66.874659
68.855861
73.018499
71.905777
67.713139
65.199701
69.627559
69.459601
64.089446
69.282781
65.408364
61.825810
58.833358
60.671682
59.320656
60.762361
66.154228
72.890452
65.220711
65.463332
70.773396
73.436761
71.882464
63.698930
73.746729
73.946380
74.576294
67.648151
66.592280
66.969033
72.772302
72.028460
70.242940
66.030467
74.504280
71.243640
68.957580
67.012551
67.047735
66.495936
70.387625
73.946667
70.044176
67.792191
62.602507
67.394925
70.057717
63.935410
69.440039
64.986626
65.121733
62.798163
58.808763
64.203867
61.070128
63.119364
63.906302
61.712858
64.685026
63.339322
66.582338
64.840892
69.459820
64.347785
68.093623
64.128670
62.549297
58.228955
61.340195
68.471080
64.577578
62.581535
60.652863
62.166098
66.630631
59.537304
64.017692
59.495892
60.622303
62.589575
62.727132
73.769841
78.317330
72.635193
70.984653
71.013634
78.084289
72.702209
61.255947
70.764503
73.464745
64.871564
66.320279
70.470923
74.756011
70.613672
64.711889
68.095323
68.174469
70.742716
70.124009
72.169034
70.940284
71.424558
73.013688
72.755983
72.052273
70.030062
66.692597
72.028841
71.277916
69.384597
66.808123
63.852546
59.011399
56.048969
65.401325
63.510472
67.055453
65.912124
74.830293
64.040895
60.478662
68.627344
68.308209
62.300222
64.057117
61.757371
58.461635
61.286350
55.746479
59.592575
70.501207
70.991732
68.958482
67.049895
65.960107
63.162759
67.428873
71.555660
71.466956
68.927504
74.616299
76.797582
66.054259
66.694128
70.284897
74.866946
69.559775
64.131222
74.513758
70.253676
78.348793
60.604869
67.530983
73.854559
71.790997
78.192836
78.716853
61.401744
63.201736
75.989601
71.330202
68.127742
63.954926
67.238964
68.941297
71.043810
59.542082
62.202552
59.896388
66.174830
65.336050
64.849028
69.691263
64.396208
69.528840
76.019101
63.674443
69.318023
69.567249
64.968516
68.708087
72.812266
66.650801
65.077678
66.153919
65.780036
61.839141
69.128326
73.778588
71.316956
75.641872
75.038113
66.689152
60.349914
64.133279
71.038273
61.359407
65.681095
70.067684
64.418690
67.179742
76.054226
66.418414
70.937439
63.217898
68.420627
68.791001
61.018863
64.680747
64.420132
60.028466
57.647998
61.648054
67.284184
68.313895
74.568392
62.995040
71.728695
63.951570
67.064128
63.907362
66.117020
65.862056
60.060201
55.594191
54.164728
63.949327
67.575961
64.607058
66.043204
69.029489
63.190385
62.144559
61.928072
62.451406
62.679451
62.139366
61.985726
60.129044
70.393919
64.137558
62.847377
65.798033
67.241099
71.136490
71.381675
66.076059
71.483573
69.907198
72.268162
70.358266
59.716138
62.359517
64.759189
68.701719
69.729569
75.450103
69.409970
72.565429
67.560504
75.965411
84.361111
70.594486
70.255900
72.619301
70.642046
68.363037
70.350951
73.115984
64.030972
72.278410
69.719561
74.690293
71.479580
65.610601
69.080238
72.076374
72.114615
64.559069
64.095643
63.742237
66.929924
70.312920
66.240135
72.237021
71.343440
75.209581
71.495769
68.328530
70.772777
61.449946
70.557100
69.051431
68.271003
68.725084
68.464127
65.967930
69.078864
66.688795
72.132593
69.525120
63.622642
72.432055
58.430466
51.594563
64.730011
73.942346
71.858012
63.049325
67.829525
72.509301
66.832759
64.358452
59.891955
68.478753
67.334004
65.588279
66.106368
68.667122
61.303436
71.125426
78.075405
70.423162
65.776995
71.387684
77.126578
69.319809
70.280199
61.686167
59.974228
60.728100
65.711133
64.285931
69.178360
68.897211
67.514878
66.459548
67.025783
73.432696
69.493021
71.374238
65.312109
65.365816
65.739228
68.371096
67.631415
65.990742
63.615521
67.460006
68.581875
65.926338
65.290868
64.289927
65.804241
60.172928
66.528470
64.161852
68.003355
75.116714
73.206569
65.105476
70.802791
85.933591
87.571752
78.863007
88.918524
102.166753
155.449773
762.586820
65.702987
71.620079
70.033347
65.720437
73.512894
61.478601
63.003299
62.951907
60.360674
62.772677
69.071926
61.107569
60.667660
63.871107
69.741577
65.880139
68.979729
68.085768
64.413892
68.625229
70.007874
63.478774
62.982400
68.329347
63.803904
60.826764
62.702736
59.885708
61.999835
60.531036
64.346508
61.343880
66.277887
62.758095
60.997159
59.989654
57.734286
71.625391
66.382430
69.730616
58.426085
55.280666
64.104118
67.587205
66.219293
66.146114
66.753735
75.540067
66.694060
65.360271
63.087252
63.535194
67.546253
61.801701
68.930820
60.974739
69.505257
65.340215
58.196340
55.789831
61.289228
68.686500
68.886792
72.732450
72.812060
68.670922
63.482185
66.949475
68.661130
70.047185
65.787541
74.466394
68.744415
62.096181
73.987384
66.670169
68.832653
67.325518
71.875906
66.722127
65.307592
61.700956
60.113677
67.316297
63.288031
63.221758
61.960642
63.075914
69.477887
69.622675
59.162333
72.535912
67.777464
66.037909
60.601495
63.821073
58.627780
62.937215
62.306458
66.122324
62.423242
57.528912
63.731026
62.475252
67.878453
64.579930
70.319599
59.253377
62.512320
62.579158
56.880189
57.098165
68.717192
65.533134
65.145304
61.298050
63.532985
59.804167
55.674679
61.683989
56.198004
57.353261
64.827413
61.571564
67.100066
58.287143
68.523042
68.835241
66.834985
63.041495
62.399937
63.928846
65.095415
65.143995
58.591927
61.252723
60.078063
63.884951
59.419679
63.207552
63.644660
59.018198
59.443743
57.400259
66.536686
65.456156
78.924633
71.500688
64.585658
65.891910
67.246672
65.744304
68.717867
67.575104
76.119848
67.500749
72.726643
67.240252
69.258325
69.693936
73.562475
75.447283
73.025114
69.324002
76.394419
67.501557
62.856629
70.904612
72.139769
76.442866
75.639054
69.555870
72.143984
67.969750
65.974811
63.337046
67.048706
64.727328
68.635249
65.180368
67.899938
63.478526
62.821721
58.969860
65.835967
67.748651
69.972195
64.447313
60.829755
64.782845
61.068920
62.697210
67.233646
64.640744
69.071009
77.152924
69.311021
72.100799
70.580254
72.785056
63.430378
66.412392
60.817207
69.771107
64.742823
65.245941
75.185826
64.832030
69.861238
66.424842
77.024876
75.797134
72.851658
71.160566
64.225083
61.869493
65.815979
74.214882
70.181040
67.404585
65.616048
66.921244
65.498274
70.386532
74.329815
78.713281
69.599979
65.529666
65.951535
63.394350
64.973645
71.669316
63.734458
67.631328
70.335537
65.895575
64.248961
67.808047
71.219865
71.792628
69.326827
70.714197
67.262033
70.865889
68.509911
72.319440
63.766557
61.680263
67.885264
70.132247
68.259663
66.618377
67.048087
62.807129
68.451105
70.714308
67.200982
66.641240
66.487889
68.246669
67.805212
70.346225
68.546563
67.527161
73.392460
74.903151
71.804938
69.995820
64.082671
64.805110
70.134467
66.689700
63.158345
70.085843
62.614032
62.704619
70.884504
65.809950
62.186019
64.720628
67.464825
67.513920
65.597225
62.311737
64.078341
61.999320
63.102461
66.949554
64.092279
64.129205
63.836181
63.391660
69.959508
70.284891
69.580571
68.324429
72.221395
76.954601
70.621283
66.400726
70.049918
69.810333
66.028285
62.584830
68.805235
70.054385
65.755164
65.293575
63.333641
70.209981
70.399902
57.481299
63.803578
68.374550
72.631306
72.299059
64.887018
67.035339
67.641906
65.434050
70.841496
70.586976
62.908184
64.678443
69.501069
73.124554
70.639717
65.142541
73.360174
64.269455
74.626866
69.391441
69.348807
75.975084
59.974196
68.308595
62.440021
78.187377
76.867785
70.358007
57.874061
60.489282
69.639246
74.516397
61.388360
60.479011
60.142862
73.565108
70.589066
59.893235
61.406391
59.774881
65.678769
68.064732
69.576001
66.797286
66.580343
69.183047
61.024594
57.815288
57.765436
57.681159
58.642687
62.202050
67.501910
64.692528
63.959717
64.801236
66.230115
56.445185
68.245701
67.727682
63.690906
61.693741
54.915420
56.365241
59.812509
61.796221
60.049293
61.701917
63.109303
59.315790
56.505749
65.096553
60.403634
70.556870
60.907570
61.343221
63.909815
59.015681
65.841874
66.611659
69.173963
65.070476
73.121447
70.136810
70.324393
64.924343
57.634006
64.132549
67.506477
70.979299
77.948329
73.237277
65.183630
68.831486
60.022576
58.131275
60.572875
60.246220
64.794989
67.029213
63.730305
65.715062
65.692603
63.066675
64.900971
63.010870
63.843227
69.079856
71.334184
72.064146
73.672192
73.714850
65.557087
62.126187
70.616725
72.376546
68.862760
67.748220
65.082538
64.658845
66.321740
59.271350
67.418808
69.797196
74.209134
67.559705
73.552152
69.051761
72.051968
70.523608
69.639629
72.071149
67.537156
64.140365
66.559472
66.209864
68.102550
70.787594
72.727713
58.891304
59.829350
75.921514
74.873999
70.872485
66.048053
75.322573
71.433440
66.642929
64.826003
52.687024
69.472563
64.291552
58.225646
62.640836
81.653980
75.577604
67.370792
75.595152
61.867623
67.131410
71.126734
65.683189
66.008787
63.677352
60.329322
64.329865
67.751923
68.704211
59.300326
59.702792
68.277780
66.593391
64.864240
65.094111
71.010746
80.184891
67.941663
66.057252
61.619658
69.119541
75.232617
64.305422
63.884072
64.294780
67.443275
58.937034
63.679517
60.634079
69.205554
64.636032
68.204974
68.153553
69.145501
68.161397
64.675758
67.464065
64.457087
66.859279
60.978390
65.217267
66.999209
65.699522
64.281116
63.467093
62.980860
67.780427
70.337791
67.094348
66.950193
69.628647
68.886820
71.448289
74.330662
64.404337
75.960379
75.050395
66.210353
65.261126
67.153559
71.074984
74.452162
70.873108
72.047410
67.957904
71.964935
69.257011
69.711304
64.943705
66.302796
66.629944
69.353885
65.247487
57.435470
63.792345
66.826662
66.288862
64.481294
60.596021
66.818704
61.842813
64.214872
64.298118
68.349347
65.835318
64.693142
69.242540
71.574067
73.100895
70.267012
71.523472
73.288901
68.693169
68.024604
69.481924
73.463114
71.311825
67.514302
69.169634
65.416431
64.833522
63.449859
79.766719
77.097141
75.757344
67.274476
59.141465
61.250543
63.051590
61.640363
62.077307
63.136688
70.038065
74.038033
71.943707
69.592033
70.773862
72.654768
74.985141
79.981985
70.046590
77.012721
75.105536
69.904804
70.104926
74.505190
68.439024
73.840754
69.619672
72.154491
64.880374
71.242455
69.111123
66.644287
64.517513
69.280571
68.304388
66.062770
69.857347
67.489045
65.003089
69.850894
69.205633
63.034403
59.601164
58.687331
65.694393
72.369962
66.745215
73.670573
65.095177
63.757065
76.383154
73.258419
68.307132
66.631023
68.429987
70.064088
62.429355
65.366544
67.777760
64.636813
61.336516
63.895780
55.219400
63.974306
56.450201
65.536633
62.151099
65.492863
67.024696
65.373504
60.706305
56.090441
61.294219
60.581002
60.543134
58.542630
68.332422
62.561455
64.221279
67.718404
62.548763
67.435907
68.096976
73.216956
70.226700
67.793564
64.118736
58.763829
61.027055
58.733741
56.798850
72.266808
61.682230
71.215188
72.527027
66.735911
57.820064
63.015413
54.609918
57.322221
72.039931
65.494334
61.442981
61.049448
64.669440
59.518667
66.535364
64.845086
65.069965
70.528890
62.778528
67.520078
66.707811
66.522828
65.506419
64.044585
77.948952
73.728232
67.303398
66.916753
69.395759
65.923767
61.423268
60.914293
65.179540
59.185668
62.192527
61.436315
59.060405
61.484987
61.412465
62.150868
65.484031
65.907613
60.118785
57.138801
57.769218
66.383918
64.542625
71.037928
65.211775
70.201837
65.092893
76.204695
71.393666
66.185706
66.231779
67.928932
69.248338
66.459800
73.418502
69.313561
74.593986
66.648427
66.311415
66.587930
73.627451
67.365523
68.642807
65.384129
72.365545
68.363426
69.616177
74.694269
73.660361
74.368578
64.017838
63.879446
60.848421
69.177637
58.714964
74.964522
72.588895
72.455920
64.698603
78.875107
75.722919
64.564556
64.263873
77.669238
76.482246
73.755102
64.951133
69.548484
70.113548
68.792395
63.307301
65.202761
71.201008
68.780433
64.200694
65.201814
69.459665
64.736730
70.567171
70.629698
67.855301
68.068036
70.636849
73.082346
67.683950
64.598090
70.936074
76.427772
70.938843
67.205241
64.724378
61.733550
61.148309
75.611202
67.542108
61.338118
69.696905
65.575306
64.838605
74.302281
72.734295
63.814206
64.483102
62.376519
61.960227
79.196283
98.593788
107.055518
124.790240
153.930245
61.222892
64.292350
59.788562
61.262079
60.612097
60.500545
61.252365
70.880330
59.738404
64.325095
58.890852
66.194361
73.058440
69.484083
66.833283
67.210628
61.633418
63.248753
57.244719
59.683330
65.107828
72.259681
73.149195
77.413498
75.104350
73.502726
60.320979
62.220766
57.292346
62.151517
71.985506
59.477111
61.921608
66.671216
64.769795
65.937940
70.426299
66.498687
71.666722
60.665204
60.432812
61.840845
67.797975
64.075278
63.958572
71.641651
66.280939
68.116618
72.584091
79.737932
72.726787
66.813981
71.312332
70.217800
72.971811
71.025553
73.539364
64.726538
78.385287
67.597993
70.624712
74.609151
68.634844
68.024345
68.775898
79.339853
75.436632
75.868818
65.679773
62.756211
64.474967
66.477828
74.403900
74.187698
64.400677
70.198044
62.230435
60.231745
69.692303
62.466573
62.121761
76.836153
68.160346
63.638890
66.289775
64.408195
59.253557
67.787545
72.029311
66.013561
61.859781
66.857439
66.873491
70.887825
66.503423
79.342292
67.772622
67.394608
69.291773
66.629869
69.231431
64.374550
68.309733
69.960770
74.805067
71.416832
67.266178
63.338970
60.992542
72.012154
62.479652
62.905708
66.122567
71.102511
66.516237
64.062092
64.903296
64.171584
59.680896
62.313060
57.409295
66.095497
77.150158
65.057095
68.605840
78.468823
68.448181
68.372943
68.200579
78.791137
68.250294
63.013506
60.415263
66.489421
63.372919
64.458309
62.097375
65.740492
64.765045
58.657049
65.523865
66.924829
66.915295
61.996633
65.297501
56.634116
62.943488
64.904479
61.512311
61.301955
66.856246
69.317218
74.040970
73.674586
66.477800
67.652544
67.939917
68.139078
68.993523
73.065741
68.456966
68.857688
76.016104
62.354323
76.580925
56.864832
69.525586
71.510506
71.959186
84.297214
66.013969
72.948559
70.996034
69.571773
70.696118
72.319605
62.250800
75.211161
64.204983
69.804115
70.243209
67.865436
66.262615
72.747157
63.878260
66.307110
64.799512
63.447314
64.079830
69.502025
62.771062
66.550193
76.001309
76.391614
76.321553
65.290125
71.338435
60.546203
66.211055
74.066354
66.694113
64.439402
61.804986
64.697264
64.536112
67.581487
67.794478
68.077137
66.212988
68.277894
62.301589
65.637231
67.659537
60.271495
61.915244
58.519685
64.215896
68.006389
66.908446
69.812680
66.248835
65.292689
72.705926
70.889309
68.250363
68.637324
72.573232
69.092624
67.943657
65.231645
66.602249
69.382505
74.187433
71.013062
66.694415
72.054261
70.271857
62.288470
69.057951
69.277985
65.787174
64.420894
66.067477
68.253910
68.705024
71.902078
66.698077
65.177878
69.225340
78.200177
67.505368
69.537344
65.738046
67.686897
67.313578
64.124973
61.589745
57.737639
60.470414
62.209310
64.162563
63.518980
64.766043
62.718130
67.988725
60.118365
70.366238
69.816644
70.708649
74.577520
64.807087
64.458521
63.939457
68.242637
69.293506
67.739695
71.751640
63.727624
67.609214
69.970019
69.743308
66.087128
73.054284
69.267799
64.963240
65.618835
61.325964
64.172882
66.526911
64.493296
61.544116
66.028451
65.798071
62.882879
68.694639
68.249964
70.075143
70.827418
65.607212
64.189325
64.038127
65.249569
58.263356
62.293623
63.464348
61.945788
63.735620
61.546407
64.797157
66.336599
57.525739
64.177815
62.448395
67.074332
64.857451
61.195123
67.806583
64.925575
65.413702
65.856444
61.267671
69.593459
67.783021
64.855336
62.992522
71.211592
76.410255
73.414753
59.892793
73.830652
58.739618
69.468696
62.906837
66.795123
76.594367
64.053304
64.782202
62.042148
61.762459
71.171451
69.375978
69.887940
67.627084
69.601644
73.537667
69.100481
61.771251
67.733356
69.336989
72.654426
67.723932
71.591887
65.856624
67.965247
63.102579
60.974869
66.286388
68.497806
63.710538
61.685838
67.978502
71.189958
70.679107
67.853875
71.633634
69.026788
60.317294
62.647655
64.583281
63.904384
65.442239
71.204194
67.325257
77.036359
63.829817
69.532083
65.040854
68.910950
65.003362
68.653145
59.588849
72.798601
73.809921
66.393876
60.794348
65.185722
70.469488
67.400131
66.188817
66.044285
67.132714
66.550686
62.625252
68.147756
64.915219
65.744349
64.359966
71.315002
55.955123
77.024728
62.197651
64.248229
56.592714
66.068913
65.640830
65.560991
59.746993
60.761316
61.164695
67.268902
64.204295
62.802967
60.911982
74.750333
71.620657
67.120206
65.160006
63.514088
78.122682
70.177560
71.277404
74.067471
69.662746
70.859946
68.632046
65.444072
71.305207
64.784449
71.495787
70.049292
69.879912
71.916709
70.257693
69.245520
68.127466
73.153929
66.592885
63.251463
68.404057
68.025965
65.155214
66.551538
72.100353
77.288178
64.196083
72.982872
70.052053
68.413146
62.341895
73.762576
62.811219
63.070209
67.776513
70.349105
68.326631
78.317092
64.644116
70.055300
66.887279
68.800319
68.650760
73.716070
62.901685
70.069172
66.135221
66.228289
63.878847
60.920766
64.794376
67.811533
64.604178
58.709030
58.544632
65.165435
63.860369
67.407625
67.881399
64.297150
68.013147
60.801630
67.132139
64.330233
64.550616
59.707685
64.388880
62.614325
67.121937
60.832900
59.970946
68.795377
65.313733
59.048500
69.924248
65.552264
63.952897
63.150924
60.529258
64.176954
68.430032
68.367884
73.502042
68.271065
69.359509
59.443045
66.514069
64.400524
74.190895
69.539636
66.053063
58.863394
65.695092
64.217359
64.261428
60.423040
64.949441
66.367424
63.724724
66.829701
62.169956
64.959863
65.480992
67.605406
67.254402
66.075804
67.506732
62.582851
72.709732
65.026055
70.392327
71.922305
63.904144
65.046402
66.582282
64.783063
64.242878
63.663182
70.714285
76.315034
64.724394
66.283784
73.608577
81.365361
71.942894
70.857401
64.612691
73.188530
67.320222
57.216029
62.320702
61.169312
67.001593
66.530914
59.682905
67.651351
71.796374
66.514653
70.181791
71.660388
67.219949
69.707247
64.278577
69.008723
71.403626
69.674187
72.571244
61.198298
68.485987
70.137372
66.701557
69.357950
69.902642
72.154320
67.513618
69.386784
64.851145
70.340869
67.425719
71.278203
68.924317
69.501657
69.829649
68.746965
72.162869
63.302778
65.958074
66.022065
68.346702
71.576174
70.162489
67.125836
66.536640
68.951951
73.197541
68.343748
68.775881
66.294678
62.664177
63.734703
69.570790
67.624184
71.973263
65.233746
65.896210
71.681632
76.257817
76.521785
72.863783
74.000332
68.029515
63.372902
69.271240
63.172178
71.869985
71.377618
65.576382
65.041358
65.767220
69.376659
68.176495
75.159234
64.656852
68.265365
62.931965
64.029412
62.533199
71.239633
74.455751
58.100806
55.948884
61.732397
59.888448
60.574481
55.081970
56.988965
60.374137
62.854425
60.067842
67.831975
68.530551
65.649613
72.106052
70.754653
65.242652
70.576539
69.425086
76.023143
74.382356
67.213408
71.750242
70.192122
71.516678
67.498173
71.679279
70.580819
77.158885
68.787235
67.059906
63.840523
61.206610
61.381187
62.778226
61.983448
64.464811
68.792502
73.194059
70.713896
61.691561
67.596305
64.315341
63.530548
64.684225
62.362006
66.337261
69.459265
61.801400
63.779823
68.701366
63.813201
64.825488
68.918475
63.885548
70.807067
67.027125
66.119025
64.978264
60.371836
72.669842
65.974193
63.706316
66.252390
72.671208
64.825342
65.104299
69.161715
67.876292
66.536063
70.924725
68.728426
71.915615
67.431771
68.672306
70.442387
66.483482
64.896781
73.225619
70.886041
71.044393
73.677959
69.872188
69.601893
66.092802
71.632558
71.286834
70.043531
69.940093
70.210656
67.985702
68.574362
62.256666
63.279219
68.359932
76.813074
80.712944
78.225998
70.160838
63.994484
65.410778
68.352738
62.719252
58.696116
70.163040
68.690342
65.218002
70.132449
69.196885
69.110485
67.962066
69.582065
67.342747
65.682131
72.670103
67.707824
63.179934
65.768904
65.374579
66.982819
68.472445
71.033703
68.395369
72.363823
73.111074
71.566717
72.858841
84.848054
69.375493
69.386169
65.736628
75.684228
71.329343
72.581626
69.484151
69.936221
71.442337
66.041061
67.172387
64.900805
73.735455
77.213496
75.188230
69.053913
65.780995
78.014981
69.367558
69.353794
68.728122
77.241850
75.790514
62.466649
65.640384
71.268164
69.931697
65.569570
61.236099
61.584827
70.311838
67.336144
68.940451
64.067297
70.499122
63.934446
66.310618
70.274502
60.046971
74.404067
99.776075
106.276412
161.643505
