50
81.160627
86.290291
88.369134
89.688425
89.737525
89.771725
90.024242
89.828568
89.681538
91.026653
90.915385
90.050885
89.890325
91.782057
90.026360
89.977669
90.180400
91.366335
89.694883
91.610968
92.014665
90.104767
89.971628
90.699577
91.026182
89.821015
89.785090
91.009927
90.915413
89.936540
89.740447
91.282983
90.040719
89.722691
89.730843
89.702295
89.711050
90.268921
90.619274
89.586464
89.606290
91.399965
90.402190
89.812871
89.799539
91.356153
90.322205
89.832952
89.585708
90.982689
90.327664
89.743400
89.861692
91.698194
89.713350
89.640101
90.102509
91.267730
89.708464
89.875414
92.078463
89.862152
89.835921
90.629735
90.994558
89.685916
89.619488
92.359136
89.685567
89.591527
90.362670
90.840031
89.537160
89.583392
91.618032
89.476341
89.677481
90.587451
91.039188
89.665975
89.527403
91.366230
89.712288
89.611825
90.312510
91.200966
89.583280
89.643115
91.772675
89.701333
89.618928
89.886585
92.157146
89.802283
89.794283
91.110920
90.365245
90.413109
89.752294
91.362451
89.306111
89.432912
89.406556
91.461843
89.949909
89.777548
89.704228
91.358903
90.393092
90.087383
90.128901
91.901214
89.732092
89.634508
90.654606
90.649820
89.446366
89.472402
91.604798
89.951312
89.864525
90.081716
91.668767
89.858862
89.962678
91.914744
89.982926
89.834774
90.045574
91.737494
90.052495
89.683947
91.495804
92.279641
89.449201
89.499345
90.536985
90.764184
89.753092
89.668224
91.758832
89.647047
89.707441
89.798386
91.579958
89.672765
89.674439
89.883830
89.962769
90.034439
91.044526
91.063748
89.853853
89.726873
90.187971
91.328369
89.867551
89.869592
89.891577
90.059788
89.963057
91.879015
89.570984
89.664891
89.545426
90.334105
90.850694
89.752466
89.860223
91.139930
90.609075
89.969320
89.871081
92.225480
89.869618
89.756212
89.742042
91.694822
89.667541
89.735181
90.771668
90.894957
89.745436
89.859782
90.945403
91.164054
90.020619
89.839925
90.209693
91.627804
89.767097
89.802862
89.868761
92.060683
90.056940
90.102945
89.952033
91.345060
90.362432
89.981300
90.073119
91.486013
90.502412
90.014537
90.006398
91.846210
90.171201
90.506101
90.271072
91.787522
89.808687
92.074416
89.908362
90.236807
90.678172
91.119035
89.592439
89.744059
89.697720
91.824298
89.729230
89.729816
89.773351
90.280848
92.011851
90.424418
90.307907
90.063119
89.973320
89.695169
89.643745
89.827279
91.241458
90.441334
89.729379
89.723875
90.680710
91.014914
89.847765
89.806896
90.690047
91.189997
89.849220
89.601253
91.403609
90.880183
90.069769
89.998405
91.786983
89.667627
89.636663
90.664014
90.993914
89.896962
89.845351
91.290678
90.593022
89.840762
90.013162
92.467863
90.090437
90.053733
90.302229
92.014772
89.892326
89.677854
89.801296
91.797667
89.709800
89.827715
89.911736
91.190304
90.642827
89.857299
89.906871
89.893047
90.658653
90.727865
90.002110
89.892459
89.969716
91.641216
90.037348
89.943787
90.126345
91.649636
90.031995
89.912762
90.024357
92.022060
89.775970
89.788064
89.784066
89.925489
91.822066
89.695298
89.715103
89.807047
89.832895
89.897992
89.710577
90.866321
90.820535
90.126989
90.037871
91.211661
91.622146
89.942772
89.780612
90.608119
90.952525
89.863021
89.932667
90.841785
90.444567
89.471555
89.597166
90.258189
91.265045
89.833394
92.733976
90.338480
89.635225
89.636125
91.583682
89.987190
89.789452
89.831406
92.030145
89.830732
89.828883
89.858478
91.982296
90.034624
89.736539
89.688268
91.947178
90.008547
89.832661
90.025818
92.078066
89.772567
89.788538
90.517341
90.995083
90.040897
89.868155
91.452945
90.124186
89.838469
89.745446
91.898697
89.900193
89.921523
91.353854
90.743849
89.992471
90.023019
92.176398
89.658750
89.619720
89.494564
89.493609
89.670032
90.019306
92.171499
90.096042
89.967975
89.839841
91.974788
89.800302
89.851358
89.712922
91.821281
90.047314
89.767636
89.780312
91.631973
89.621477
89.673462
89.657013
92.752250
90.030896
89.642234
89.773756
90.716594
90.799789
89.723193
89.763193
89.800830
91.689724
89.625948
89.905205
89.704442
91.866016
89.966199
89.878476
90.625982
91.184323
89.984801
89.899676
91.233972
90.578381
89.842146
89.762777
91.696123
89.629882
89.633362
89.663408
89.905615
89.784135
90.156995
89.951550
91.888637
89.900088
89.864944
89.972340
91.253849
91.461867
89.790436
89.802156
90.779204
90.687592
89.727171
89.869568
89.993626
91.568332
89.724141
89.779313
89.926304
91.781710
89.805936
89.807783
89.648429
91.563616
89.698560
89.850236
89.935720
92.305458
89.965933
90.035454
90.852046
90.887193
89.762353
89.676862
91.102691
90.236498
89.627476
89.726532
91.271595
90.045545
89.600538
89.834566
91.785639
90.005873
89.778652
89.755587
90.763845
90.739099
89.785185
89.740182
90.877037
91.147554
89.973079
89.877561
90.609931
90.937048
90.072156
89.977387
89.970058
90.803587
91.074134
90.217663
89.907841
89.759923
92.340881
90.195210
90.140494
90.133943
91.793753
90.286163
89.926623
89.814583
91.068216
90.762560
89.747993
90.272393
90.418847
90.213037
90.130464
91.903939
90.136028
89.996358
89.979367
89.996230
90.686917
92.185388
90.029182
89.866395
89.816334
89.931079
90.189831
91.657510
90.338070
89.886854
90.837811
91.183669
89.868116
89.773971
91.339986
90.245244
89.888965
89.591226
91.971352
89.837283
90.037194
90.751230
91.609811
89.917395
89.994037
90.042810
89.862597
89.859403
91.631479
89.890523
89.655989
89.775787
89.860897
89.704111
89.809966
90.013820
92.065648
90.083667
90.092510
90.088716
92.202372
89.861573
89.829311
89.649791
91.978046
90.802848
90.223292
90.211544
90.190357
91.586520
89.355227
89.632875
89.562105
91.287519
90.209381
90.290399
91.841994
90.572610
89.825104
89.902356
90.903823
90.852535
89.959397
89.922505
90.763472
91.261932
89.898214
89.900618
90.203253
91.541600
90.149816
90.186897
90.040058
91.859095
89.660471
89.849263
89.959349
91.649473
90.211473
90.155311
90.035397
90.034777
91.417858
89.731810
89.701104
89.801747
90.368893
91.289196
89.921755
89.587049
89.655437
91.631931
89.991322
89.811762
90.141495
91.536754
89.755162
89.808544
90.154127
120.140992
93.784065
93.763728
93.720698
93.682772
93.607114
93.676763
93.738363
95.733613
93.608508
93.660244
93.652771
99.333439
103.833681
93.308368
93.421655
93.348404
95.516045
93.604030
93.541012
93.672998
102.575400
105.351285
96.594461
94.486689
93.554036
93.533048
95.642030
93.655579
93.502330
94.594014
94.940366
93.773060
96.092411
107.290525
104.863368
104.319680
103.837343
97.620177
94.788587
93.315626
94.840490
94.670684
93.678650
94.835570
94.857298
93.634256
94.884177
94.429724
93.428320
94.851098
94.526880
93.651308
94.793387
103.207156
104.433831
104.875281
105.351340
106.443909
104.987610
104.247418
104.151642
106.568604
104.638398
104.271167
93.895824
94.130876
94.314480
93.217476
93.356077
95.676451
93.556527
93.721022
94.153693
100.305768
93.370014
93.521543
93.705857
95.598141
93.893681
93.750431
93.759580
95.260587
93.982177
93.547847
93.536121
94.905305
94.638402
96.005719
94.710409
93.702284
93.561750
95.662439
93.564223
93.648990
93.625742
95.857649
93.715689
93.747020
94.126113
95.286515
93.802695
93.856452
93.687320
96.080313
93.595476
93.504813
93.659998
96.178115
93.841379
93.563971
93.730856
95.775341
93.759498
93.641955
93.564893
95.450484
96.099340
104.290728
104.010312
104.931376
104.798409
95.123862
95.265589
93.629507
93.651462
94.928954
94.472216
93.830449
93.734989
95.369527
94.390611
93.749831
93.930905
94.596164
94.954072
93.757355
93.822213
94.431721
94.997972
93.774866
93.806757
94.486815
95.012930
94.116669
93.999110
96.257394
94.428765
93.603572
93.544297
93.562827
95.505119
93.537449
93.586289
93.664273
95.712348
93.654290
93.706314
94.581086
94.183570
94.768386
93.506437
93.612546
94.158547
95.682353
93.670623
93.466631
96.804021
94.859002
93.470926
93.563927
95.107281
94.139893
93.653795
93.544140
95.326470
93.679450
93.600656
93.692837
95.842739
99.334829
104.499499
96.850557
93.867570
94.601378
93.488822
93.533722
94.826107
94.194416
93.640630
93.551990
95.603526
93.550497
93.665899
93.863001
95.927289
93.741766
93.782588
95.074664
97.136449
78.326231
83.960424
86.998828
89.470707
89.857817
89.957818
89.923151
89.811665
90.276161
90.062875
89.832782
89.651232
89.588907
90.055484
90.733619
90.924536
89.937890
89.910782
90.376628
91.215814
89.975526
89.787875
89.738197
89.605072
89.867942
89.789794
89.725188
89.778525
90.143147
91.945753
89.648954
89.685949
89.845112
89.862504
91.088912
90.717758
89.935651
89.838335
90.117484
91.241531
90.325048
89.967453
89.806357
90.654007
91.099452
89.851476
89.920797
90.630118
90.707386
89.728918
89.871808
89.900158
91.659460
89.718168
89.670798
89.601254
91.128460
90.122216
89.749830
90.012868
89.984440
91.918680
89.848320
89.839904
89.770414
91.044745
90.706151
89.840415
89.624531
90.760268
91.009314
89.903959
89.993846
91.365456
90.339625
89.811540
89.779826
90.541953
91.204692
89.958687
90.058805
90.485460
91.745542
90.052295
89.973913
89.996799
90.019745
92.023298
89.958386
91.901451
89.992587
90.105949
90.157008
91.557361
90.314198
89.647474
89.700533
89.933043
89.732244
90.102437
92.021592
89.791057
89.872506
89.732423
89.735814
90.084176
89.725482
90.208996
90.026220
91.786487
89.783680
89.835516
89.907289
91.890352
89.890756
89.901833
89.842991
90.807814
91.062735
89.881380
89.892384
90.463903
91.256837
89.740028
89.857799
90.072013
91.959228
89.903273
89.717058
90.173033
91.361346
89.793783
89.942847
90.304366
91.292651
89.764610
89.897842
89.988029
91.855212
89.747535
89.425028
89.572670
91.798499
89.597193
89.588707
89.783585
92.004643
89.996181
89.875020
91.394710
90.401458
89.758787
89.811386
91.892450
90.000816
90.110182
91.648983
90.876228
89.870109
90.184555
91.358994
90.303864
89.607536
90.206965
91.219826
90.331022
89.769848
89.733458
90.992752
91.228895
89.925218
89.897732
91.506108
90.642404
89.509859
89.513610
91.605818
89.966055
89.774764
89.919379
92.143782
89.831200
89.819637
89.939006
91.777541
90.016703
90.098920
90.031343
91.887280
89.968578
89.891168
89.916704
90.471564
91.136528
89.793819
89.776278
89.812262
91.723431
89.813050
89.758353
89.814549
90.766333
91.143362
89.870355
89.864220
89.804289
92.147636
89.940592
90.029193
90.085825
91.212308
90.692445
90.072364
89.857324
89.865640
91.258220
90.769652
89.942703
89.863736
91.482143
91.923091
89.390014
89.594313
89.685700
91.918064
89.895330
89.965438
89.844169
92.075150
90.236018
90.150299
90.042904
91.500266
90.274612
89.719491
89.722777
89.786328
91.852550
89.776285
89.728553
89.990766
91.675586
89.702323
89.692806
89.634569
91.870001
89.756227
90.018036
89.710020
89.589658
89.575555
89.645556
89.890786
89.890785
90.438028
90.995928
89.811090
89.870268
89.928820
89.873564
90.587426
91.331741
89.953920
90.231430
90.095043
90.751134
90.974337
89.811769
89.764977
90.576628
91.860178
89.708107
90.095952
89.829884
91.758290
89.748640
89.536103
89.434892
90.861246
90.198305
89.740860
89.655536
89.585744
91.711331
89.763322
89.731325
89.810153
90.240372
91.740111
90.128343
90.183369
90.092016
92.090602
90.175417
90.126925
90.618378
91.219242
89.912262
89.734039
89.937148
89.853829
90.012932
89.962842
89.900806
91.872673
89.850187
90.687167
91.865605
89.878737
89.867644
89.902491
90.441399
91.143738
89.634706
89.771404
89.690780
91.343237
90.152899
89.749711
89.715226
90.501050
90.725568
89.601123
89.498283
89.467051
91.569904
89.582823
89.738277
89.752231
91.539689
91.427491
89.817465
89.755165
89.722556
91.741725
89.750993
89.804813
89.827693
91.884968
89.940520
89.912234
89.927772
89.923502
90.103428
91.355772
89.934448
89.879076
89.818539
89.832030
89.822611
91.394198
91.183100
89.709053
89.734450
89.899015
91.573712
89.711454
89.744002
89.636495
91.590597
89.571394
89.617823
89.577742
90.573403
90.858839
89.726845
89.800516
89.850268
90.489133
91.197723
89.938992
89.987198
89.475095
91.651526
89.865169
90.065621
90.045736
90.049944
90.524755
91.375121
89.808041
89.826672
89.661963
92.224596
90.110132
89.608407
89.628146
91.005732
90.590261
89.657502
89.673943
89.729074
91.691180
89.751622
89.799497
89.811437
89.809851
92.599444
90.406701
89.891125
89.889556
89.919084
92.182605
89.802573
89.743062
89.757994
91.349764
90.359406
89.912511
89.848849
90.348427
91.194780
89.555505
89.571675
89.674428
91.462967
89.593916
89.614607
89.567924
90.654428
90.770864
89.958395
89.840874
90.016414
90.184101
89.922948
89.856675
89.990769
90.129760
90.007857
90.608079
90.787315
89.806444
89.951485
89.986346
90.087689
92.011827
89.743097
89.976710
90.003327
91.554159
90.398007
89.891735
90.108604
90.102785
91.995231
89.993288
90.049719
90.001928
89.907323
91.883813
89.876658
89.830514
90.004855
90.876727
91.374332
90.023638
89.945969
89.660150
92.023097
90.134613
89.902893
90.086846
90.063040
92.545811
89.739378
89.541586
89.678710
90.865995
90.277849
89.751813
89.609565
90.182661
91.199711
89.752441
89.916385
90.051632
92.006531
89.770775
89.757924
89.691253
90.835996
90.834216
89.944541
90.153022
92.129346
89.864442
89.928817
89.979235
91.657270
90.287919
89.790335
89.761959
90.458791
91.053551
89.819276
89.909102
91.961345
91.885754
90.045453
89.961393
89.952529
90.601680
91.526460
90.078886
90.094820
90.080753
91.746031
90.212260
90.038781
89.951520
91.004193
91.044608
90.036976
90.022227
91.065462
91.021898
89.770004
90.097293
91.576384
89.731658
89.693138
89.621244
91.737608
91.400794
89.913769
89.797700
91.202629
90.274277
89.870227
89.927415
91.961031
89.761941
89.735314
90.033767
92.175660
89.992071
89.925227
90.781682
91.411768
89.862506
89.898010
91.705447
90.509014
89.795446
89.630622
91.685631
89.643711
89.726798
89.788484
91.685905
89.639572
90.239791
92.125727
90.379463
89.839814
89.776915
91.847143
89.725487
89.810789
89.938240
91.542763
90.007307
89.686306
89.839566
90.929628
90.741644
89.891853
89.757508
90.761218
90.586357
89.543381
89.622314
90.010504
91.528041
89.936222
89.855258
89.834455
91.902478
89.799878
89.802930
89.709888
91.900852
89.783880
89.828827
89.863337
91.982540
90.026298
90.115560
89.940973
91.799525
89.776415
89.858587
89.803525
91.568174
90.436474
91.336574
90.358067
89.624648
89.571917
90.860721
90.596354
89.759430
89.990856
89.918670
91.872769
89.841922
89.839640
89.700582
90.720092
91.985824
89.770411
89.764842
89.833070
91.856367
89.746998
95.523928
90.047325
91.427034
90.211354
89.706604
90.561759
90.564637
89.753911
89.786941
89.748532
89.782216
89.867035
89.852551
89.853757
91.725326
89.985948
89.695051
89.847293
89.646379
89.577116
89.751791
91.809641
89.873664
89.638146
90.932784
90.660411
89.938989
89.994568
91.738548
91.732817
89.672966
89.560135
91.748918
90.079563
89.643752
89.951716
89.902201
89.845285
91.246128
90.143877
89.954578
89.920554
89.672911
89.586590
89.693231
90.072306
91.315522
89.769738
89.736448
90.299590
91.644623
89.855250
89.916157
89.983092
90.956132
90.666670
89.960152
89.839075
89.911909
89.609066
91.519780
89.615885
89.694532
89.633619
89.686740
91.824882
89.727279
89.731484
89.658873
90.334386
90.817622
89.783120
89.704950
89.742509
91.435521
90.308854
89.975366
89.809894
89.842925
91.784621
89.845427
89.746624
89.923312
90.405294
91.393158
89.722985
89.761031
89.736357
89.962186
91.360708
89.780436
91.716054
89.894505
89.770139
89.704831
90.372409
90.774482
89.788523
89.732722
89.821552
91.439430
89.571883
89.653009
89.765359
91.754961
89.915104
89.645381
89.645432
89.993932
91.236928
89.655027
89.747268
89.671628
91.561380
89.583745
89.676906
89.660189
89.583992
91.583637
89.669357
89.898860
90.057731
90.815249
91.102171
89.877510
89.982327
90.383545
91.635480
89.742598
89.885027
89.780780
91.580537
89.670887
89.604622
89.620002
90.237413
91.240738
89.771115
89.776555
89.666279
91.739220
89.722349
89.795439
89.916639
90.631785
90.978347
89.824432
89.643585
89.602247
91.734933
89.938546
90.193341
90.012045
89.893008
91.700070
89.783078
89.899413
89.820766
89.869489
89.838361
89.735002
89.906144
91.490258
90.348565
90.087115
90.090049
89.843904
91.829500
89.887546
89.975230
89.702958
90.114076
91.787495
89.981709
90.557277
90.045397
92.003345
90.326303
89.982047
89.868287
90.206233
91.279306
89.849603
90.082793
89.946750
91.625325
89.920816
89.786779
89.844247
84.979144
88.362090
89.510671
89.589047
89.737227
89.927107
89.896530
92.061337
90.079557
91.843648
91.582322
90.085709
91.093923
91.958087
89.998470
89.979194
89.944887
91.912672
89.783540
89.796668
90.044552
91.918932
89.988047
89.945462
90.023059
91.926289
89.792758
89.779849
89.825173
91.952955
90.061407
90.322984
90.012167
90.474772
91.655462
89.763615
89.759528
91.056657
90.770548
89.796394
90.024087
92.024132
96.123852
89.278049
90.576794
90.004069
89.361848
89.675976
91.643506
90.058283
89.741300
89.869611
91.553213
89.757950
89.600921
90.339048
91.287068
89.797310
91.832240
89.639723
89.650360
89.467095
90.918177
90.364050
89.755076
89.814501
89.647789
90.981087
91.303740
89.766566
89.712987
89.753909
90.507535
90.959159
89.694785
89.758834
90.152360
90.736865
91.289990
89.737267
89.682817
89.615978
90.567178
91.101790
90.067429
90.239595
90.130664
90.205448
90.042926
90.088522
90.183485
90.124452
91.864673
89.612642
89.690542
89.932272
91.334377
90.279240
89.922336
90.023999
91.177805
90.943301
89.819778
89.943614
89.957810
91.353368
90.397918
89.823831
89.981919
89.829469
91.768287
90.382291
90.105821
90.041444
89.834572
89.639944
91.635512
89.770271
89.610212
89.821725
89.758799
91.664450
89.658115
89.808506
89.788195
91.208305
90.709166
90.021555
90.058586
89.912407
91.880182
90.135336
90.167985
92.732936
90.144253
89.654584
89.718480
90.029294
90.013293
90.938737
90.809061
89.885988
89.859966
90.854930
91.346102
89.820856
89.543620
89.722036
89.467777
89.446223
89.432221
89.567226
90.947762
90.698105
90.361075
89.881450
90.397643
90.721689
89.558947
89.717510
89.595082
91.600594
89.756102
89.726898
89.797072
91.408951
90.154295
89.796466
89.625180
90.224984
91.121262
89.758601
89.672475
89.582808
91.659106
89.726019
89.751561
89.770710
91.503728
90.030837
89.479331
89.478643
89.678840
91.621486
89.696010
89.701507
90.011609
89.836892
89.679051
89.824397
89.905779
90.095884
89.851488
89.624086
90.050513
91.933246
90.044925
90.001039
90.051242
89.932804
90.547930
91.154744
89.853631
89.936422
89.779527
90.162626
91.446728
89.792088
89.953291
90.019402
89.991068
91.750986
89.894205
90.065687
89.975904
89.994308
91.911534
89.938378
90.044816
90.136936
90.025031
91.985135
90.074309
90.025480
89.921997
91.985250
90.115389
89.936893
90.103293
90.125370
90.130150
90.060812
90.035818
90.178813
92.249566
89.941801
89.743282
89.791699
91.776806
89.753457
89.754464
90.748679
91.399610
89.725210
89.790114
90.400440
91.355880
89.849416
91.898949
89.819074
90.269712
90.088013
91.412618
91.510424
90.259823
89.947349
91.824793
90.004233
89.980326
90.171927
91.889587
89.985939
89.892706
91.339755
90.495539
89.757881
90.084840
91.570972
89.929291
89.963737
91.631063
90.439251
89.827916
89.916817
91.993881
89.780475
89.728131
90.051232
91.436550
89.728819
89.727870
90.924411
90.810429
89.958521
90.023076
90.724482
91.213847
89.750994
89.799320
90.542898
91.415510
89.801086
89.706563
89.638945
91.808032
90.010660
90.109107
90.033696
91.461673
90.086896
89.616367
89.682591
90.890751
90.749031
89.902764
89.733446
90.854867
90.795630
89.771594
91.886772
90.145040
89.856236
89.624299
90.897719
90.265442
89.981816
89.802630
90.155363
91.482845
89.868836
89.817684
89.760046
91.633430
89.753887
89.946755
89.856135
89.846700
91.761284
89.778871
89.587353
89.603173
89.891056
90.329886
91.269393
89.675553
89.807549
89.741856
89.826909
90.669314
91.039672
89.795725
89.977963
90.040421
90.011747
90.257737
92.235009
90.099640
90.112046
89.979803
89.915895
91.815403
89.879427
89.753183
89.883387
89.962243
90.011527
91.260657
90.947357
90.221322
90.060813
89.941585
90.021345
91.840647
89.872576
89.704785
89.565511
89.566326
89.778617
90.024811
90.552923
91.840080
90.177546
90.052228
91.902367
89.693068
91.329821
91.561603
90.012761
89.986872
90.451031
91.346930
90.001018
90.026563
90.075070
91.861893
89.963874
90.136298
90.106422
91.842985
89.591935
89.916709
90.082188
91.298970
90.237779
89.913051
89.934120
90.624324
91.301525
89.882568
89.720305
89.612430
91.286850
90.290803
89.799853
89.949717
90.925667
90.848778
90.029153
89.893977
90.196626
92.157334
90.193376
89.864509
89.795660
91.787299
90.033759
89.925269
89.925598
91.917763
90.372952
89.973289
89.938515
91.226809
90.709603
89.921407
89.908087
91.272462
90.718462
89.814107
89.830405
90.135594
91.610312
89.832817
89.883298
89.999018
90.752054
90.617309
89.743063
89.835324
89.664592
96.832405
91.879105
90.076705
90.030912
90.025095
89.953873
92.176072
89.925351
89.875416
90.061316
91.834198
89.933640
90.170268
91.499885
91.166047
89.748189
89.887985
89.908217
91.844867
89.891001
89.826774
89.731680
90.951994
90.746265
89.725009
89.591060
89.726781
89.901912
90.158618
92.169463
90.142778
90.017454
89.926448
91.074840
90.583057
89.818806
89.950877
90.670255
90.742641
89.583523
89.609182
89.747378
91.808332
89.749897
89.716178
89.667944
91.637222
89.631114
89.815950
89.749184
91.690335
90.333754
90.203391
90.208687
90.102375
90.124299
89.847860
90.260828
91.324381
89.772025
89.786592
89.825116
91.832461
90.612777
89.864102
91.825802
89.597691
89.629292
89.623026
91.690591
89.791322
89.702898
89.739197
91.891132
89.797273
89.696163
89.612915
91.621653
89.520050
89.275510
89.598502
91.764626
89.848614
90.367933
90.759832
91.400250
89.816596
89.926648
91.945352
90.231732
89.991300
89.872424
91.871471
89.616877
89.637326
90.144211
91.417503
89.889846
90.018980
90.152501
91.839362
89.882985
89.943084
90.841901
91.357908
90.085413
90.055218
91.064316
92.138688
89.721635
89.938557
89.898452
89.859565
91.579590
89.751585
89.760195
89.885332
89.986914
91.604595
89.830350
89.845263
89.764506
91.155530
90.440035
89.767371
89.753392
89.914957
90.104989
90.060638
91.812064
89.995234
90.021191
89.841117
90.009964
90.051230
90.060920
89.949496
90.057103
91.541733
90.308874
89.828367
89.747415
89.887710
89.747221
89.815436
89.862100
90.767292
91.574423
90.089597
90.018892
89.991844
90.294771
91.293467
89.704234
89.613515
89.629260
90.286869
91.521284
89.779902
89.841927
89.873802
90.514013
91.822147
90.034326
89.822249
89.837776
91.543721
90.345979
89.843359
89.861715
89.884296
90.648571
91.091414
89.914754
90.059440
89.991867
89.771699
90.819542
90.607071
89.621306
89.697930
90.060076
90.953071
91.221447
89.778925
89.755477
89.620667
91.611229
89.610285
89.680466
89.793532
91.477006
89.822294
89.727876
89.814733
90.551038
91.466552
89.920586
89.732585
89.852610
91.786200
89.745005
89.692849
89.791094
89.810316
90.040299
91.676228
89.781663
89.697915
89.657818
91.842495
89.889870
90.109283
90.039940
91.478051
90.407992
89.878842
89.892773
92.230694
91.521995
89.889665
89.880084
90.227936
92.869113
89.953809
90.183998
90.135592
91.391746
90.172888
89.725694
89.880671
90.365310
91.187417
89.904649
89.811162
89.842055
91.835830
89.965869
89.903755
89.892306
91.484049
89.946559
89.677275
89.621778
90.317043
92.074047
89.609797
89.634414
89.612333
90.726821
90.948966
89.605202
89.607614
89.649427
90.694862
90.533783
89.698451
89.550493
89.480407
90.319502
90.866486
89.632952
89.815955
89.953729
92.136984
90.016109
89.845716
90.600167
91.498312
89.945770
90.101431
90.361233
91.806000
89.905105
89.953199
89.882776
91.284327
90.109033
89.647178
89.694352
89.836526
89.607083
89.812930
89.922126
89.849999
90.237465
91.482583
90.098890
89.970979
90.398809
91.543939
89.782538
89.770537
89.917707
91.811263
89.866996
89.740914
89.716577
91.520534
89.601875
90.064519
89.937495
90.119592
90.290254
92.465397
89.981031
89.842255
90.010733
90.055110
89.945392
89.764502
89.674835
91.563707
89.765043
89.787009
89.737123
89.770844
91.819394
89.647166
89.696664
89.745187
91.831991
89.774384
89.876759
89.841380
90.173791
91.486281
89.788772
89.758478
89.718789
89.763739
91.577851
89.603734
89.753958
89.747833
89.992232
91.286403
90.558959
90.269803
89.719239
89.623235
91.135737
90.307771
89.869306
89.724241
89.658236
89.973521
89.867138
90.180271
91.419967
89.927129
90.029185
89.970084
89.894816
89.767014
89.786244
89.879999
89.988191
90.165701
90.028134
92.017268
90.022677
89.885593
90.011640
83.215192
86.959700
89.114150
89.763432
89.643943
89.797129
89.964132
90.234885
90.271342
89.864861
90.022346
91.595368
89.793560
89.815783
90.546191
90.849789
89.622799
89.738087
91.354468
89.756562
89.431429
89.446848
91.189982
90.049147
89.576750
89.675361
89.664615
91.838777
89.763121
89.585429
89.538841
90.270098
91.135201
89.571923
89.616805
90.122767
91.454585
89.793862
89.945984
89.940553
91.419115
89.664727
89.913192
91.374766
90.587072
89.743784
89.927994
90.538385
91.249652
89.938346
89.864960
89.761570
91.325417
90.244549
89.873796
89.957696
90.562521
91.251743
89.489267
89.713104
89.623241
90.170460
91.419711
89.936975
91.173354
90.931891
89.574286
89.791378
90.041460
90.196340
90.569472
91.308156
89.864133
89.913033
89.796696
91.641770
89.594475
89.737559
89.804358
91.859144
89.809203
89.731256
89.786657
90.107397
90.014688
89.967064
89.853335
90.116395
91.377040
91.029997
90.012834
90.038713
90.230690
91.619876
90.085363
89.905631
89.869452
92.108394
89.953681
89.902094
90.100636
92.071340
89.948606
90.024587
89.893382
91.529979
90.388551
89.886441
89.914759
90.991932
91.021693
90.004265
89.894276
90.752354
91.864985
89.796140
89.864826
92.038492
90.217010
89.973758
89.731317
91.509674
90.349902
90.056999
89.831112
91.887174
89.890995
89.896400
90.111500
91.953396
89.899950
89.661540
89.359367
90.060639
90.810757
89.500834
89.840302
89.827438
91.539754
90.309622
89.796198
89.468183
90.926128
90.987965
89.641325
89.636577
89.629831
91.199688
90.282241
89.773016
89.818103
89.952588
91.315846
89.565518
89.645254
89.757339
91.557692
89.803397
89.853884
89.806168
91.636993
89.779678
89.828554
89.844758
89.853782
89.844308
89.783850
89.758095
91.116173
90.340098
89.796978
89.763550
89.886732
89.841426
91.774876
89.715098
89.793723
89.759489
91.963932
89.865547
89.882209
89.910986
91.203653
90.275252
89.736385
89.723292
90.347932
91.394032
89.770412
89.860043
91.311394
91.205235
89.962818
90.388986
90.438070
91.495447
89.871684
89.821855
89.881479
91.807874
89.892627
90.018370
89.943935
91.408973
89.910874
89.754318
89.915326
89.823734
90.229692
90.551703
91.358606
89.886877
90.002590
89.758516
91.619690
90.120275
89.851060
89.886265
90.485164
91.171207
89.726368
89.601461
89.868181
91.806891
90.157185
89.974463
89.859234
90.045933
92.854357
90.908491
89.997653
89.730790
91.740211
89.704889
89.707965
89.844551
91.855404
90.312521
89.903414
89.743965
89.949253
91.571507
90.318952
90.015382
90.122720
92.564851
90.168577
89.855562
89.789124
89.931947
90.987117
90.962124
89.922843
89.799664
90.193681
91.406443
89.706741
89.700209
89.687015
91.067506
90.177688
89.733896
89.986142
90.185869
91.941375
90.174033
89.981120
89.963767
91.582329
89.937317
89.732718
89.775554
89.861923
91.962133
90.075774
89.975412
89.938350
89.931857
89.916065
91.886815
89.886443
90.020121
90.078996
90.715299
90.765733
89.904517
89.886732
90.081293
90.054350
89.966711
91.200869
90.946190
90.005250
89.871322
90.384101
91.337161
90.192828
90.175009
90.059359
90.984642
90.573944
89.820224
89.891857
91.224515
90.395453
89.660614
90.053339
91.506281
90.832431
90.160359
89.966987
90.491678
91.457841
90.176699
89.821392
89.877318
92.145243
89.879856
90.009604
90.071134
92.215525
89.965142
89.847682
89.829108
90.931711
90.284103
89.741746
89.742056
89.829861
91.905545
89.819639
89.878900
89.846453
89.950181
89.992828
90.010632
89.793797
89.707304
89.775452
89.910329
90.033076
90.048198
90.245826
91.332989
89.952068
91.859111
90.231323
89.736253
89.727010
89.924280
90.003726
89.964434
90.002081
89.886586
89.655565
91.419886
90.459044
89.941723
89.873607
89.776749
89.762345
89.873956
89.999548
89.720538
89.845831
90.015870
90.011502
89.888032
89.959637
89.778768
89.825864
91.807948
90.265343
90.131315
89.853580
90.126957
91.332740
89.739904
89.674407
89.785961
91.378504
90.086640
89.664556
89.713531
89.638137
91.647320
89.602817
89.672389
89.577013
90.637043
90.575561
89.742318
89.825773
90.022524
92.010341
90.043815
90.123112
89.984588
90.391973
91.519752
89.940203
89.938875
89.833526
91.790779
89.901279
89.770998
91.096368
90.750531
89.692964
89.695728
89.776329
91.440555
89.972567
89.906441
89.643526
89.629308
91.740755
89.644463
89.656495
89.806888
89.859495
91.899768
90.104599
89.830582
89.856763
89.800506
91.753172
89.885971
89.895189
90.212994
90.818407
90.888084
89.746047
90.024079
90.156698
91.959824
89.772346
89.862524
89.780168
91.543769
89.938922
90.010797
89.978763
90.961478
91.079535
89.749170
89.817012
90.044741
91.838907
89.962263
89.934142
90.158176
89.980821
91.083734
90.642384
89.874088
89.844354
89.816292
90.510422
90.954892
89.704768
89.506016
89.743619
89.843272
91.917040
90.046889
90.098269
90.012660
89.784298
89.855684
90.148837
90.083343
91.286928
90.630117
90.107328
90.065404
90.027897
89.963106
90.280701
91.976379
89.844376
89.872326
90.132626
91.938737
89.927374
90.091880
90.229773
90.512055
91.192469
89.800256
89.693428
89.597719
90.090010
91.438768
89.880607
89.886305
89.948303
90.552280
91.926585
89.897415
89.921012
89.923956
89.815930
90.678725
90.461443
123.177025
89.702871
89.861639
89.908298
89.987299
89.917084
90.031638
90.034035
89.765686
90.778130
92.281165
89.817055
89.866667
89.746510
89.620373
91.582049
89.543293
89.666950
89.841298
89.828192
91.798346
89.838271
90.156744
89.812184
91.197895
90.001458
89.653548
89.643781
89.667452
89.771882
89.785011
90.003230
89.912840
91.766514
89.947170
89.931016
89.919419
89.928412
91.345618
90.737070
89.936294
90.004098
90.002119
90.137691
90.155809
89.918560
89.987538
89.944394
89.914198
89.861938
89.908110
89.787655
89.816008
89.859801
89.816210
90.022306
89.996390
89.975740
91.058354
90.550804
89.966101
89.975435
89.903551
89.908542
90.933960
90.406485
89.622992
90.010911
89.752273
90.505243
90.809472
89.879415
89.794847
89.744522
91.246170
90.591434
89.792346
89.732893
89.805481
91.745602
89.821103
89.890015
89.917226
89.928241
91.019175
90.696251
89.738952
89.607673
89.849522
89.830539
91.670915
89.770533
90.236422
89.752933
89.767793
91.743506
89.801477
89.732883
89.808374
89.929667
91.840907
89.901703
89.843051
89.668410
89.735914
91.816663
90.021203
89.870828
89.784978
89.715276
91.657685
89.621720
89.704637
89.711960
89.806947
90.823663
90.643672
89.750613
89.600539
89.612953
89.566416
91.253831
90.317387
90.643618
91.912447
90.030622
90.142185
89.982108
89.929472
90.376287
90.165696
90.136181
89.858667
89.825078
89.776892
89.722322
89.794986
91.194209
90.197854
89.853132
89.960391
89.844378
89.794231
89.621808
91.280520
89.892324
89.629102
89.790968
89.847546
90.029560
91.772174
89.956996
89.802635
89.763946
89.681692
89.653118
89.927466
89.929677
90.108121
91.283707
89.723360
89.862026
89.757774
89.894664
89.916530
89.917317
91.296328
90.276564
89.750913
89.701605
89.700474
89.791884
90.725579
90.952396
89.882049
89.797595
89.922289
89.807462
90.447833
91.229272
89.874127
89.862344
89.857260
89.859347
89.820778
91.659905
89.784098
90.243492
90.129743
90.053238
91.564973
90.771422
89.786146
89.777180
89.727030
90.450449
91.968848
89.796642
89.934265
89.990067
89.923428
90.590137
90.965012
89.881607
89.846032
89.851808
89.753515
91.170273
90.267333
89.740923
89.708356
89.805934
90.010750
91.974818
89.900093
89.793209
89.859345
89.740815
91.387863
90.079841
90.132072
89.971954
89.971019
90.125778
91.288318
90.968533
90.104869
89.940012
89.926861
89.615325
91.602224
89.662899
89.732874
89.848403
89.819705
91.877296
89.794861
89.751307
89.736204
89.834676
91.798940
89.892580
89.834576
89.960785
90.019967
92.058062
89.780755
89.696851
89.770846
89.668309
90.936633
90.188220
90.078493
90.136684
89.807455
89.781932
91.944535
89.759319
89.754600
89.753520
90.099849
91.557595
89.755784
89.758193
89.701335
89.647018
91.317180
90.262004
89.789014
89.913820
90.078789
91.248491
89.576191
89.595623
89.825194
90.798071
97.510165
89.329794
89.272358
89.348177
90.589862
90.292803
89.613253
89.659904
89.613618
89.636824
91.700226
89.898934
89.736328
89.508035
89.512197
89.462629
91.405696
89.415147
89.445838
89.434179
90.439471
90.491293
89.641603
105.299505
