50
144.948712
146.805747
146.737567
146.729074
146.651712
146.685331
146.717216
146.684919
146.712778
146.686919
146.668995
146.688260
146.695242
146.238296
145.843260
146.672708
146.690435
146.685824
146.945760
146.648595
146.692266
146.671698
146.692442
146.698126
146.678471
145.183144
146.626672
146.239098
145.599806
146.690533
146.668989
145.478882
146.348915
146.654342
146.784875
146.673940
146.680151
146.675049
146.673393
146.669685
146.652005
145.178938
146.644474
146.182358
145.547896
146.629519
145.163228
146.653913
146.074290
145.947608
146.662447
146.695427
146.645163
146.660794
146.680693
146.658587
146.852482
146.670757
146.654434
146.689489
146.712313
146.693880
146.885815
146.751789
146.682587
146.657619
146.685656
146.682309
146.817152
146.687014
146.687308
146.659550
146.663442
146.673094
146.644583
146.666724
146.668511
146.659537
145.126899
146.628573
146.616628
145.255693
146.667983
145.953779
145.877285
146.643545
146.428630
145.484447
146.642022
145.384273
146.627503
146.661050
146.684132
145.752786
146.201033
146.674961
146.690168
145.362547
146.645333
146.642902
146.689488
146.666116
145.275866
146.638707
146.786008
146.660191
146.841160
146.657103
146.635344
146.655069
145.116266
146.654157
146.674305
146.336465
145.523570
146.650937
145.315903
146.636071
146.665836
145.576137
146.311231
146.655987
146.638737
146.656831
145.286066
146.622588
146.649075
146.658323
145.266054
146.633947
146.696206
146.698315
146.636182
145.369783
146.634567
146.632988
146.859316
146.694151
146.704617
145.260934
146.654875
146.668275
146.625906
145.296310
146.665025
146.818570
146.652497
146.681897
146.641273
146.661548
146.661350
146.828766
146.516770
145.410224
146.664379
146.645619
145.204478
146.628641
146.671716
145.210707
146.652500
146.644159
146.620919
145.235692
146.676394
146.638475
146.651566
146.693310
146.645301
146.637658
146.668463
146.676703
145.924579
146.072189
146.644860
146.668043
146.695762
146.659289
146.633296
146.655362
146.927716
146.810354
146.830890
146.822148
146.844956
146.848758
146.978291
146.831115
146.865967
146.807216
146.851155
145.434444
146.803501
146.808914
145.432280
146.834914
146.784444
145.618521
146.618797
146.844764
146.906359
146.830130
146.837727
146.490362
145.781221
146.812237
145.967428
146.226135
146.834122
145.382378
146.800718
146.818298
145.322195
147.061957
146.836003
146.808673
145.358738
146.837991
146.824906
145.419148
146.793695
146.823725
146.845686
146.855997
146.871934
145.540818
146.832700
147.057054
146.899091
146.822217
146.803740
146.834025
146.820445
146.821157
146.838760
146.908911
146.868899
146.859144
146.863886
146.871442
146.834573
146.838394
147.025968
146.868069
146.817005
146.918996
146.811153
145.470495
146.834385
146.838217
146.797375
146.869057
146.697484
145.702705
146.819428
146.830800
146.820939
145.450292
146.844611
146.804009
145.332698
146.800971
146.824476
145.402403
146.833308
146.991455
146.856280
146.814759
145.464366
146.827951
146.835008
146.792608
145.728494
146.630757
146.807996
146.832812
146.897990
146.980432
146.873339
146.844446
146.816014
145.485629
146.862201
146.893259
146.847809
147.006284
146.831586
146.826842
146.857293
146.806361
146.833864
146.817841
146.810615
146.819062
146.817407
145.995865
146.665886
146.717913
146.669568
146.649056
146.715074
146.641501
146.646571
146.682871
146.666888
146.633140
146.650934
146.680258
146.639597
146.700764
146.668841
146.679843
146.810522
146.676882
147.872387
146.678613
146.853303
146.716516
146.625652
146.585747
146.497029
146.453424
146.514990
146.691089
146.654176
146.670361
146.659947
145.239420
146.649070
146.652506
146.660868
146.006667
142.756808
144.498495
142.724809
144.411434
142.703841
144.429607
142.860270
144.308776
143.424857
143.766821
143.762677
143.505482
144.798881
142.739074
144.528738
145.050223
142.816665
144.498510
142.692579
144.548457
144.104519
143.156226
144.708813
142.858034
144.752309
144.402854
143.074615
144.780609
144.503035
143.092758
145.332968
142.994542
145.167691
144.775532
142.867328
144.735340
144.507683
143.206180
145.182289
144.569486
143.579409
144.794877
143.601013
144.118142
144.634568
143.625683
144.876112
144.713209
142.951685
144.939132
143.750800
143.874719
145.094542
143.429042
144.529327
145.067018
143.093626
144.760699
144.805618
142.953432
144.873014
144.849465
142.855454
144.854151
144.493280
143.420999
144.738669
143.915532
144.172875
144.977240
143.045885
144.802023
144.035037
143.928657
148.024316
143.616226
144.409148
144.834284
143.115492
144.731493
146.319753
143.980843
144.877041
143.608356
144.179394
144.831012
143.828429
143.833820
145.008391
143.942503
144.000761
145.164370
142.832941
145.019847
144.270491
143.397578
144.788138
144.713711
142.973082
145.021325
144.573815
143.416691
145.122509
144.644366
142.872887
144.792052
144.613467
142.882877
145.190817
143.896873
143.854039
144.852398
144.837175
143.638722
144.878508
144.954642
143.282315
145.774365
144.643173
143.041899
144.717885
144.764147
143.182450
147.466810
142.887526
144.611194
143.017177
144.724498
144.193380
143.487179
144.842010
142.878774
145.122048
144.187571
143.386955
144.847962
142.877304
144.898826
142.951266
144.671713
143.603728
144.205067
145.509665
143.064700
144.857015
144.647216
143.085093
144.727043
142.873238
144.882114
143.308209
144.641281
144.992406
143.147597
144.823814
144.612490
143.206783
144.737689
143.084724
144.839040
143.554061
144.390729
143.873185
144.003370
145.186826
143.091250
144.853139
144.035514
143.983258
144.889156
144.696834
143.583028
144.862207
143.795600
144.521754
144.618890
143.330746
146.482208
147.010013
147.009740
147.019995
147.015887
146.995354
147.000605
147.194562
147.046611
147.033319
147.052854
147.017613
145.684313
146.997331
147.017535
146.186284
147.027548
146.998614
147.191116
146.678877
146.062789
147.011535
147.000665
147.030094
147.062709
146.140880
146.472085
147.006180
146.401699
146.798100
147.034431
147.022348
147.558462
146.851601
146.863389
147.011116
146.472103
145.599220
146.661323
146.725109
145.595921
146.423031
146.683732
146.688696
146.680892
148.040013
146.697815
146.691423
146.681812
146.680117
146.625351
146.665949
146.657978
146.654810
146.667830
146.651399
146.645007
146.642597
146.696164
146.670870
146.661813
146.356068
145.548424
146.691295
146.628665
146.673471
145.876367
146.051897
146.679189
146.658013
145.337653
146.628403
146.670640
146.621898
145.204812
146.680828
146.658518
146.671019
146.706380
145.246115
146.675788
146.674455
146.770503
146.674965
146.664837
145.298645
146.864787
146.706249
146.701264
145.236833
146.674814
146.663969
146.718141
146.695340
146.679663
146.696311
147.049421
145.263400
146.722964
146.642433
145.225163
146.717160
146.708691
146.001562
145.997729
146.676862
146.706608
145.304445
146.744467
146.685408
145.592126
146.450756
146.668831
146.678520
145.224841
146.710224
146.712998
145.352829
146.669644
146.711807
145.305574
146.692949
146.690570
145.223227
146.694903
146.706215
146.690287
146.698945
146.667725
146.700990
146.797611
146.683963
146.675980
146.703397
146.662372
146.937462
146.871981
146.740940
146.653993
146.660531
146.627242
146.638952
146.636017
146.647465
146.615297
146.681828
146.614854
146.652009
147.472980
147.122162
146.615432
146.646326
146.684142
146.689633
146.651154
146.640837
146.657942
146.683590
146.852113
146.859800
146.884235
146.837756
146.827253
146.852694
146.797690
146.837410
146.803402
146.828205
146.859457
146.832609
146.832096
146.844960
146.813631
146.913699
146.816240
146.865379
146.847023
146.799873
146.814065
146.998063
146.803702
146.842102
146.826920
146.861274
146.807466
146.858641
146.805848
146.858311
146.789144
146.810314
146.767889
146.762798
146.784532
146.784771
146.789401
146.794054
146.739994
146.765029
147.257310
146.793713
146.831438
146.842449
146.839772
146.813725
146.798684
146.844045
146.959804
146.840844
146.803496
146.816807
146.813063
146.808446
146.802629
146.729419
146.681499
146.658553
146.718596
146.713571
145.947420
145.933477
146.668049
145.245575
146.678358
146.668783
145.216044
147.324554
145.924963
146.768290
146.682170
146.676070
145.456744
146.524219
146.701349
146.720852
146.682144
146.653751
145.288739
146.683555
146.648712
146.760208
146.646078
146.701806
146.647673
145.164916
146.624665
146.693750
146.876173
146.883060
145.440493
146.860885
146.913391
146.899521
146.814925
145.499314
146.866178
146.816990
146.835907
145.394217
146.826573
146.707574
145.440557
146.837107
146.650510
145.543077
146.855991
146.980579
145.593395
146.991047
146.990366
146.963780
146.148826
146.380240
146.925228
146.986103
146.959489
146.983346
146.950585
146.985669
146.925406
146.937687
145.537682
146.942910
146.834740
146.837483
146.778582
146.868339
147.158863
147.079380
147.022618
141.157460
142.871325
142.811781
144.685782
143.413343
144.138072
144.956075
143.337152
144.096158
144.957180
144.199114
143.847328
144.801839
144.123844
144.186198
146.941605
143.962240
144.889351
144.980358
143.685753
143.914079
144.570106
143.766304
143.528463
144.638341
144.150479
143.367427
144.748118
142.822804
144.544769
142.840326
144.513996
142.839874
144.451200
142.842941
144.414153
142.830304
144.942503
142.821099
144.885617
144.582413
142.854896
144.562943
142.869525
144.796034
144.161494
143.691115
144.917750
145.057872
144.386421
143.774029
144.870084
145.871508
143.083576
144.799238
144.720919
143.270816
144.803401
145.023593
146.983260
144.413679
143.255470
144.831993
144.187695
143.572420
144.698406
144.375549
143.304321
144.774291
145.256107
143.454283
144.278323
144.901530
142.850463
144.921038
144.857370
143.631685
145.203373
145.297418
144.854342
142.930188
144.759558
144.468226
143.285219
144.713779
143.064803
144.423187
143.603925
143.765801
144.572718
143.335807
144.803607
144.984673
143.278169
145.277688
144.974821
143.280928
144.347947
144.770900
144.073048
143.808956
144.829985
144.966362
142.825079
144.605436
143.041137
144.729654
145.009352
143.433604
144.230838
144.856435
144.312322
143.571186
145.009303
143.929274
143.981688
144.931091
143.907350
144.278507
144.878172
144.703351
143.413293
144.785099
144.795386
143.303504
144.602666
143.763415
144.215085
144.781610
143.090456
145.017702
143.654047
145.400120
145.554488
144.816226
143.394136
144.957166
144.962679
143.227294
144.888913
144.424155
143.470888
144.794315
144.933732
142.990551
147.711162
143.216101
145.234225
144.949358
143.683450
144.520618
145.315822
143.715781
144.051330
145.062842
145.035532
143.644664
144.711575
144.915849
144.098835
143.443967
144.737108
144.699971
143.901305
143.767369
144.649965
144.077156
143.686526
144.676190
143.076710
144.770023
144.801974
143.367143
144.263861
144.767365
144.574395
143.691245
144.822831
145.149008
145.466910
144.446080
143.184103
144.824827
144.719369
143.674086
144.713895
144.794137
144.428673
146.458152
144.635588
143.070841
144.649932
143.946031
143.359424
145.645649
144.014903
143.658858
144.653236
144.756029
143.043682
144.460590
144.723401
144.205842
143.516432
144.815463
144.960474
143.224605
144.319832
144.869216
144.616256
143.234733
144.596891
144.909088
142.949206
145.743536
144.280752
143.118519
144.666532
143.893293
143.485894
144.779021
144.677111
143.056377
144.466051
142.839690
144.589125
143.524272
144.320748
143.717950
143.799011
144.123593
143.360854
144.359605
143.126199
144.571551
143.050776
144.875055
144.788851
143.153286
144.798820
144.950462
143.934522
143.899617
144.881117
144.864015
143.566924
144.151082
145.023405
142.844198
145.117219
144.837860
143.140907
144.663773
144.840749
142.989415
144.734741
145.796552
144.334312
144.656139
142.903827
144.920119
144.117683
143.549229
144.011881
143.769677
143.449690
144.357196
144.853843
142.991931
145.082282
143.926907
144.015016
144.887289
143.023354
144.633021
142.998476
144.803178
143.242665
144.629892
144.793302
144.006602
143.777755
144.718233
143.059547
144.797185
144.281054
143.264468
144.628043
143.877708
143.805790
144.936704
144.073015
143.826999
144.754115
143.468736
144.256564
144.152850
143.388656
144.711464
145.353748
144.264863
144.622970
143.127270
144.392786
144.478609
143.359970
144.971320
144.802767
143.582292
144.778956
142.855223
144.976250
143.470722
144.031651
144.705310
142.839139
144.668302
144.459955
145.372461
143.000983
145.065002
144.377650
143.127511
145.081252
143.078705
144.507375
144.614366
143.075342
144.823311
143.010930
145.115948
144.575993
143.788838
144.776756
145.055862
144.399683
143.587636
144.871070
143.525364
144.128495
144.584584
143.005419
145.975681
144.478252
142.915704
144.581570
143.739230
144.982479
143.932535
143.840332
144.977345
142.961407
144.791467
144.215527
143.342078
144.734770
143.011076
144.922300
144.692560
143.064230
144.812471
142.926455
144.733917
143.882997
144.181865
144.898913
144.312404
143.579937
144.996490
143.854525
144.050852
144.775430
143.319588
144.179287
144.859287
143.176405
144.690136
144.539827
143.229763
144.995263
143.586296
144.142701
144.546311
146.055383
144.088969
143.903908
144.868257
143.044679
144.767038
144.002773
143.909012
144.716899
142.979558
144.666624
142.963880
144.927260
142.992828
145.140981
143.526162
144.224106
145.010828
144.571824
144.200998
145.001192
144.099096
143.832510
144.997847
143.795253
144.308913
143.897133
143.851796
144.926646
143.003440
144.904080
144.711824
143.573370
145.041783
145.053166
143.468305
144.802013
145.164278
143.554134
145.213301
144.934185
143.358660
145.296863
144.471780
143.848606
145.148894
144.249477
143.950305
145.051602
144.363974
143.816349
145.014647
144.331350
143.700627
144.862028
144.667040
143.550869
145.164412
145.598112
144.463584
145.057561
144.083809
144.129170
145.029448
144.319389
144.146854
144.873373
144.840170
143.002897
144.999022
144.995088
143.593014
144.294583
144.660695
143.388766
144.318716
145.025802
144.308012
143.406318
144.740161
144.379014
143.343117
145.347156
144.836480
143.455645
144.016318
145.294639
143.205576
144.785770
144.611330
144.905351
143.559743
143.981132
145.868252
143.973501
143.885020
144.971509
143.783816
143.808081
144.754873
143.107565
145.585266
144.548507
145.123206
144.174975
144.260366
145.224117
145.116752
143.360190
144.907998
145.064830
143.592345
144.743037
145.076487
142.740763
144.634425
144.840396
143.092808
144.584638
144.417325
143.138381
144.633800
143.999594
143.370043
143.912027
143.552329
144.595203
143.588680
144.776193
144.726514
144.077678
143.802811
144.616934
143.133812
144.724988
143.699250
143.956518
144.716646
142.903597
144.647013
144.219154
143.410265
144.799423
142.861584
144.681913
144.618501
143.430358
144.777188
145.174598
142.925039
144.680012
142.809112
144.489746
142.853806
144.534597
144.645353
144.118171
145.162508
144.747342
143.565304
143.969590
144.755199
143.700610
143.869048
144.634764
142.804106
144.895178
144.364358
143.312423
145.031524
144.586392
143.560692
144.726204
144.976383
143.144948
144.570357
145.025886
142.833315
144.845474
144.300383
143.366918
144.683160
142.829560
144.617409
143.759084
144.554801
144.710304
142.795570
144.697440
142.806139
144.568616
144.457625
143.093805
146.377036
143.466300
145.029103
143.056542
144.786120
143.573583
144.372834
145.182919
143.513709
144.596217
144.474423
143.441215
144.726606
144.345113
143.723390
145.068992
145.029238
143.556822
144.295208
144.920577
143.021327
144.769453
145.149093
143.142188
145.099260
145.205561
143.769022
144.228544
145.015534
143.591915
144.641468
145.058231
144.354724
144.598416
145.260617
143.154595
144.825835
144.968334
143.129894
144.834105
143.237475
144.912182
145.086643
143.036579
144.806468
144.840623
143.459439
146.743446
143.528813
144.403351
144.979181
143.348109
145.084582
144.665793
143.407906
145.164296
144.011438
144.200648
145.008517
143.191804
144.917200
144.863635
142.996514
145.233729
143.238370
145.134833
144.636103
143.496981
144.999306
143.120886
144.959333
143.220810
144.966686
143.168682
145.329760
145.664949
144.178966
144.133973
145.231338
144.017589
144.350840
145.015791
143.101554
145.188138
144.075182
144.232103
144.777854
142.983330
144.838130
143.797927
145.061553
145.550799
143.312103
144.711532
144.179125
143.638887
144.760038
143.102422
144.871264
143.936679
143.921951
145.082669
144.133249
143.915287
145.151595
144.637492
143.601351
144.860629
144.889364
143.305731
144.926502
144.753910
143.282131
145.789825
144.594568
143.679498
145.066049
143.047276
144.822839
143.126010
144.780278
143.134498
144.573857
144.047438
143.407335
144.657193
144.057615
143.405101
144.747835
142.875524
144.775429
144.824763
143.211745
145.041017
144.131559
143.604184
144.823705
143.927816
144.118328
145.085637
144.300025
144.042243
145.020343
143.933482
144.077381
145.849659
143.415471
144.782485
144.398703
144.387538
144.911302
143.050312
144.823694
144.810397
143.110700
144.930685
144.280870
144.079532
145.048034
143.229028
144.806219
144.854098
143.406244
144.853690
144.858953
142.960647
144.991152
143.635922
144.202728
145.274076
143.252639
145.034953
143.918430
144.311434
145.107733
144.264642
143.522171
144.744011
143.620641
144.187107
144.818372
142.995562
144.801744
144.785384
142.982304
145.015130
144.079450
143.505911
146.548282
144.144717
145.063583
144.547838
143.392652
143.975750
144.072599
144.879513
142.996843
144.803086
143.091104
144.828545
143.140801
144.718900
143.129739
143.514950
144.374330
144.047238
143.794853
144.815660
143.661705
144.387416
144.793355
142.898772
144.975219
144.849197
143.498947
144.765114
142.827325
144.884893
144.188826
146.093968
142.990269
144.984245
144.094915
143.605661
144.668565
143.431882
144.669093
143.695932
140.582805
142.818146
144.465674
143.279010
145.943114
143.267652
144.210668
144.613533
142.741923
145.387806
144.822995
143.527506
144.107972
145.222227
144.571376
143.133985
144.674812
144.947623
144.328422
143.769547
144.549358
144.962833
143.407961
144.240622
144.893689
142.699908
144.668625
144.071628
143.484785
144.842565
142.689292
144.841421
143.463797
143.980012
144.667183
144.859771
143.497355
144.292769
144.663960
142.805900
144.640132
142.762947
144.607250
143.578432
143.818335
144.566466
142.764688
144.693898
143.130963
144.577224
144.772605
142.766577
144.915484
144.587170
142.847972
144.883960
144.724219
142.962254
145.751476
143.739707
143.638769
144.562300
142.733159
144.563673
143.210542
144.170542
144.723918
143.989832
143.601478
144.787243
144.815112
143.383771
144.514394
144.847916
144.002827
143.976728
144.635946
145.058741
144.007241
144.487425
144.789582
144.926417
143.563476
144.260124
144.936773
143.391267
144.464668
144.970602
143.706851
143.871610
144.794639
144.039855
143.455901
144.753111
144.626240
143.096389
144.425891
144.769135
144.848691
144.165220
143.360790
144.904460
144.165161
143.211191
144.543121
143.658202
143.644120
144.513650
142.751035
144.712157
144.215166
143.256895
144.739807
144.570715
143.154756
144.601785
146.059202
146.110073
143.999572
143.911796
145.009192
143.690305
143.989216
144.753463
144.388081
143.798418
144.868232
145.608100
143.203201
144.278546
144.771035
143.293860
144.248035
144.713630
143.438481
144.113235
144.908671
143.664099
144.031951
144.923000
143.955072
144.277299
144.369671
144.989628
143.672264
143.992859
144.702211
144.006666
143.560360
144.727603
144.176304
143.331653
144.762531
143.886050
143.671940
145.005849
144.580209
144.909447
144.701786
144.792731
143.137300
144.452354
144.689008
143.101353
144.237610
143.903232
143.422991
144.494308
142.676315
144.723729
143.685449
143.783359
144.778658
144.928288
143.189930
144.468292
144.757521
144.089329
143.747750
144.956567
143.700055
143.900495
144.819175
143.246222
144.322788
144.822787
143.393703
144.165142
144.677961
143.624401
144.246466
144.935947
144.219264
143.275645
144.768748
144.926919
143.511048
145.035161
144.064480
143.592178
144.610916
143.022935
145.035710
143.703567
144.360375
144.956702
143.185899
144.901326
144.882628
143.109190
144.846850
142.871189
144.898640
143.989094
143.523508
144.769564
143.076113
144.935030
143.340896
145.483304
145.466884
143.307642
144.733124
144.980278
143.312099
144.671762
143.937776
144.003833
144.883047
144.178483
143.860575
145.123281
145.024075
143.204653
145.040370
145.123014
143.461876
145.203808
144.376794
143.829442
145.298009
144.140867
143.988183
145.270825
144.786688
143.355928
145.157731
145.217118
143.076625
144.965239
145.168351
143.991528
144.078966
145.118742
144.460673
143.250221
144.680302
147.276308
143.340782
144.338526
144.817452
143.856828
143.812207
144.800435
143.041058
144.893617
144.483092
143.254523
144.918184
143.367480
144.407358
144.828291
143.310835
144.335696
144.772014
143.321353
144.277611
144.267736
143.235205
144.726199
142.868643
144.612032
142.895408
144.724862
143.630264
143.815958
144.750611
142.818226
144.430276
144.864152
143.547470
144.522580
144.981689
144.738610
144.231607
145.017061
144.425651
143.499508
144.882393
144.754711
143.604144
145.001336
144.955188
143.109813
144.753337
144.735756
143.651204
144.154355
144.822294
143.928624
143.759326
145.045315
144.736436
143.169996
144.970902
144.160232
143.502018
144.724807
144.634214
142.966247
144.352866
143.894460
143.352009
144.517290
142.743803
144.737156
144.466796
143.020216
144.893669
145.344907
145.215304
146.963786
147.141838
147.234617
145.305785
146.709325
146.741835
146.691723
145.388416
146.711631
146.688435
146.705701
146.706737
145.673630
146.424287
146.643846
146.684953
146.165746
145.937997
146.690879
146.676392
146.721305
146.856972
146.712720
146.548852
145.529087
146.702214
146.651221
145.215389
146.670133
146.640711
146.684764
145.426097
147.036018
146.694210
146.661587
146.682123
145.339056
146.669089
146.830164
146.721554
146.714813
146.678621
145.387928
146.683477
146.729426
146.882384
147.554195
145.384346
146.701223
146.683622
146.658052
146.664561
145.549366
146.438198
146.683230
146.702127
146.676110
146.660705
145.328402
146.702615
146.703347
146.653120
147.014958
146.663344
146.711180
146.815017
146.764354
146.762616
146.731999
146.736872
146.734865
146.725823
146.758983
145.457750
146.818633
146.696208
145.572121
146.370881
146.679888
146.023402
145.920228
146.684007
145.138332
146.659855
145.453021
146.346697
146.655241
145.231651
146.669696
146.652519
145.288168
146.676659
146.691577
145.275664
146.682092
145.772543
146.155852
146.659112
145.844342
146.215013
146.854002
146.684046
145.224417
146.730070
146.677779
145.091792
146.684292
147.046358
145.165824
146.707376
145.240104
146.609517
146.684224
145.246758
146.667332
145.350215
146.514071
146.693332
145.914798
146.061995
146.651925
146.687306
145.205876
146.695087
145.188130
146.695383
146.441813
145.387344
146.677876
145.161968
146.677165
146.082121
145.826995
146.661829
145.726678
146.233798
146.702780
146.877972
145.268095
146.702358
146.731123
145.205496
146.696409
146.720378
145.281022
146.665118
146.638062
146.666895
146.227071
145.684857
146.660547
146.653164
146.681093
146.635100
146.642531
146.728063
145.359689
146.589745
146.728447
145.542232
146.343461
146.670310
146.701886
146.068327
145.971165
146.669774
146.664494
146.116260
146.135244
146.891556
146.827119
146.847022
146.833855
146.822551
146.846094
146.814328
146.836640
146.870078
146.833752
146.820672
146.872890
146.791645
146.789175
146.790396
146.797242
146.841372
146.804061
146.835356
146.863185
146.852712
145.431948
146.812530
146.801008
145.452811
146.808329
146.852304
147.613389
147.329621
146.833426
146.799539
145.348191
146.802634
146.823943
145.416381
146.940901
146.859848
145.460896
146.835625
146.821515
146.849008
146.875837
146.837640
145.509302
146.863697
146.844346
145.496164
146.739562
146.872182
145.333033
146.662800
146.705661
146.696983
145.252447
146.992289
147.096033
147.087967
146.692045
145.356055
146.684397
149.629976
146.745073
146.708301
146.668852
146.654026
146.404928
146.103555
146.669147
147.119494
147.169088
145.332991
146.708434
146.926896
146.757548
146.729858
146.711226
146.704680
145.219066
146.687386
146.652847
145.198620
146.686015
145.191103
147.236423
145.129356
146.667211
145.239259
146.615853
146.677245
145.190091
146.676594
146.678138
145.206166
146.669509
145.183125
146.667929
146.654051
146.701643
146.663211
145.250327
146.675625
146.683905
145.163022
146.678917
146.293687
145.541916
146.660387
145.106277
146.670339
145.393577
146.501772
146.641336
145.253513
146.650423
146.410030
145.415607
146.695895
146.712983
145.084786
146.660116
146.675425
145.249756
146.670784
145.763681
146.166650
146.678017
145.834512
146.093694
146.680035
147.094915
146.697192
146.702207
146.681586
146.675627
146.688548
146.638388
146.689708
146.718271
146.704143
145.409392
146.528493
146.638769
146.666204
145.328128
146.664645
146.702610
146.675751
145.338135
146.690355
146.662751
146.708607
146.716340
146.683083
146.748551
146.725248
145.356930
146.652507
146.694537
146.701590
146.693285
146.545650
145.540818
146.682493
146.667147
146.723831
146.705688
145.331355
146.686420
146.677311
146.675806
146.581647
145.546209
146.703672
147.126865
146.684828
146.700520
146.655972
146.672064
146.676135
146.726339
146.548639
145.444523
146.690652
146.707847
146.750059
145.329240
146.697684
146.682685
145.266143
146.633421
146.685934
146.679731
145.338509
146.669459
146.660184
146.668967
145.308166
146.743577
146.655119
146.659673
146.030017
145.972173
146.658254
146.671640
145.310403
146.846191
146.843256
146.848169
146.711682
146.705870
146.661219
146.676048
146.665521
146.670872
145.206586
146.654638
146.034627
145.879130
146.828468
146.689563
146.706928
146.490755
146.641411
146.703078
146.706602
146.704849
146.698004
146.683629
146.703140
146.744040
145.222398
146.698816
146.706977
146.689436
146.189052
145.921934
146.662247
145.219042
146.690940
146.680374
145.247426
146.709890
146.922484
145.168030
147.334902
145.810776
146.103724
146.681784
146.675485
146.702660
146.701707
145.499056
146.701495
145.223138
146.718270
146.661161
145.254882
146.714579
146.681380
146.708251
145.252919
146.684898
146.637553
145.210539
146.661556
146.686912
145.189762
146.669561
145.320569
146.546846
146.620088
145.235609
146.700839
146.645880
145.183407
146.677316
146.495793
145.373076
146.679929
146.639539
145.173767
146.709388
145.848159
146.092733
146.664640
145.295431
146.691474
146.660865
145.168645
146.690853
146.673427
145.159376
146.680219
146.134425
146.664113
146.670782
145.189966
146.689788
146.315605
145.538135
146.648049
141.712126
142.780035
142.789091
144.901421
144.962040
143.288640
144.764628
143.568892
144.140794
144.174142
143.650239
145.009141
143.418012
144.457500
144.806446
143.059083
144.937058
143.202793
145.042082
144.855152
143.499497
144.821487
143.807740
144.685568
144.400560
143.571160
145.044982
144.436302
143.491871
145.151049
143.493784
144.659375
144.706453
143.199083
144.771700
143.213057
145.877187
142.973611
144.470665
145.815940
144.944737
143.500675
144.520497
143.922073
144.081139
143.275171
144.727358
143.314430
144.675856
143.460962
143.645625
144.220306
143.025134
144.548956
142.644981
144.703006
143.333463
143.992089
144.440261
143.071471
144.683312
142.900253
144.605272
143.221183
144.352441
144.318985
143.151284
144.497042
142.798654
144.551555
143.421410
144.085435
144.534217
142.942565
144.833660
144.178554
143.336123
144.727064
143.336523
144.871612
148.034903
142.883347
144.526946
143.728453
143.880000
144.670815
142.891454
144.552697
143.107539
144.257451
143.182950
144.159596
144.695616
142.808494
144.786930
143.642844
143.873116
144.697349
143.232264
144.517797
144.772088
143.406078
144.193896
144.658225
143.217362
144.292247
144.572483
142.777171
144.700749
143.990835
143.331587
145.143834
144.477742
143.147973
144.592007
144.704786
143.637282
143.980456
144.762304
142.826305
144.601302
143.635024
145.337733
144.484464
144.080902
143.278763
144.700240
144.218361
143.282247
144.670276
143.134752
144.354878
144.695951
142.768301
144.713112
143.583910
143.791751
144.511689
143.575975
144.053077
144.686337
142.800900
144.641609
144.316931
143.126791
144.797363
142.765884
144.634804
144.978809
142.800944
144.544959
143.598490
143.714374
144.629554
143.026601
144.415633
143.419835
144.718477
145.167403
142.679833
144.885077
144.782942
143.023103
144.773797
142.982702
144.557858
144.837050
142.693374
145.187576
144.749192
143.667145
144.528842
145.665672
143.545108
144.269410
145.110397
143.291948
144.530685
144.461414
143.621023
144.738994
144.091833
144.515651
145.136056
144.602617
145.131625
145.329439
144.077161
143.523585
144.671305
143.567016
143.712273
144.616331
142.841100
144.371638
144.572915
142.797243
144.915306
144.206061
143.509515
144.625377
143.157193
144.159203
144.575569
143.138124
144.152388
144.492132
142.851113
144.490473
144.547458
143.317454
144.047631
144.520378
143.228960
144.087667
144.308342
142.965426
145.482371
143.321447
143.939811
144.579027
144.029595
143.280432
144.432122
147.876749
142.649289
144.566796
144.543998
142.646415
144.486438
143.810262
143.463382
144.798389
143.570321
143.733165
144.683582
144.550876
143.177406
144.565674
144.478374
143.044292
144.631941
143.869836
143.419380
144.617023
144.213139
144.058265
144.613670
143.731970
143.493927
144.692114
143.141281
144.149941
145.277328
142.623215
144.403879
144.455259
142.659813
144.909755
142.704357
144.541285
143.806983
143.383856
144.539367
142.688208
144.479693
143.964880
143.961601
144.021643
143.147379
144.676025
143.242013
143.887077
144.505426
143.710545
143.824150
144.778210
144.456034
143.550217
144.911308
144.118135
143.300173
144.611701
142.655359
144.484074
144.140865
143.015838
144.386667
143.887400
143.964619
144.712349
142.649505
144.572815
144.133106
142.825741
144.923406
143.745746
143.424827
144.610273
142.663824
144.422497
143.341648
143.744737
144.437399
142.657583
144.482710
142.698227
144.353997
142.924480
144.079258
143.714822
143.317228
144.353920
142.779597
144.534177
142.714384
144.307894
144.268294
142.934756
144.676519
142.667489
144.470509
144.396685
142.935739
144.697467
144.024895
143.745711
144.890227
144.261683
142.989765
144.624278
143.409443
143.884903
144.605890
143.532046
145.212483
143.695617
144.719742
143.731678
143.682108
144.656478
144.540573
142.783925
144.569924
144.104815
143.554948
144.676537
144.611431
142.963458
144.761937
144.590325
143.699679
143.526978
144.665726
144.441073
143.256468
144.846250
144.580360
143.466565
143.987421
144.830531
142.995997
144.475284
144.553389
144.086016
143.227429
144.674728
144.443418
142.936393
144.754770
144.873153
142.956420
144.382013
144.859733
143.875013
143.886798
144.712708
144.417105
142.937515
144.633395
144.749545
142.869265
144.303168
144.831088
143.607520
143.919534
144.792876
144.242646
143.216288
144.636556
145.008381
143.901467
143.669399
144.986815
143.677886
143.413051
144.532852
142.673730
144.458789
144.086084
143.035001
144.549539
143.495232
143.709029
144.428580
142.682853
144.460527
143.976958
143.202475
144.743087
143.719699
143.662412
144.228167
142.875533
144.385179
142.815114
144.319079
144.471110
142.669311
144.987527
142.826129
144.788192
144.577854
143.268840
144.184336
143.693865
143.681831
144.803386
144.179236
143.965423
144.876974
144.647303
143.171429
142.949001
142.469323
142.805200
145.085990
144.060307
143.606577
145.064012
144.187780
143.391319
144.842440
143.853151
143.913998
144.613034
142.852181
144.653160
143.255880
144.354813
144.550360
142.897112
144.560573
143.240882
144.247987
144.910786
143.966935
143.668946
144.639357
143.923041
143.520698
145.578893
145.070101
142.822707
144.614150
144.131582
143.258545
144.658784
143.467017
144.249617
144.123094
143.357909
144.868466
142.810137
144.578553
143.267706
144.101218
142.909346
144.412648
142.824160
144.530195
142.844017
144.548862
142.848903
144.519394
142.829495
144.684148
142.804298
144.580687
142.794772
144.602366
143.377662
143.950516
144.094682
143.382235
144.812680
143.033051
144.388575
144.036802
143.361831
144.510669
143.014396
144.405798
144.516422
142.860847
144.552721
144.025508
143.336578
144.696127
144.600076
144.820379
144.177022
143.567800
144.662883
143.851485
143.659840
144.539002
142.804703
144.680427
143.881502
143.322734
144.569936
142.826117
144.599377
144.703581
142.826262
144.635205
144.152954
143.235464
145.272073
143.034776
144.680732
144.277461
143.146108
144.542707
143.627080
143.724643
144.630172
142.869213
144.606833
143.865529
143.821340
144.622760
142.856571
144.663657
143.363937
144.163586
143.519392
143.839754
144.007266
143.449448
144.639605
142.849083
144.530946
142.852073
144.666759
143.071099
144.336956
144.529063
142.838383
144.627000
143.418216
144.039804
144.588435
142.868813
144.623500
144.430965
145.003239
143.802122
143.744935
144.953983
143.431156
144.228253
144.679648
142.842211
144.812632
143.281130
144.111318
144.581469
142.774741
144.624653
142.973240
144.765283
144.983907
143.205943
144.574658
144.664456
142.837173
144.796846
143.333976
144.028143
144.588629
143.060433
144.888874
143.088097
144.496975
144.584093
142.798763
144.612999
142.850425
144.722264
142.808115
144.601797
142.784360
144.459319
142.809904
144.414871
142.820843
144.829797
144.549614
143.198990
144.726068
142.796427
144.525126
142.787747
144.467422
142.782062
144.462872
142.797733
144.491312
142.786846
144.412133
142.799764
144.475522
142.811543
144.458034
142.849779
144.538463
143.788600
143.536327
144.699247
142.913370
144.565865
144.403778
143.341003
145.741744
143.473446
143.774163
145.027748
143.284556
144.807061
144.556634
143.177074
144.461481
142.673443
144.399440
143.007783
145.130572
143.298593
143.767978
144.885669
143.435693
146.647201
142.816053
144.641262
144.293238
142.893348
144.634353
143.907579
143.216192
144.537731
143.920476
143.347368
144.434752
143.965745
143.431946
144.463267
143.004364
144.104720
144.773125
143.559805
143.865289
144.851899
143.286501
143.983713
144.058802
142.924441
144.404358
143.307420
143.740690
144.104527
143.116704
144.736652
142.909159
144.173769
143.813149
143.273472
144.425841
142.712660
144.588816
143.730373
144.112161
143.931190
143.363552
144.412939
142.662602
144.397691
144.720772
145.084594
144.163611
143.499759
144.782893
143.861788
143.655030
144.795257
142.782029
144.705796
143.994244
143.460506
144.561489
143.154043
144.294327
144.461052
143.153286
144.610990
143.099594
144.335467
143.991156
143.441465
144.523427
142.789985
144.535651
142.796783
144.782511
142.819451
144.824192
144.875778
145.086487
144.607660
145.275775
142.883831
144.783043
144.766024
143.204103
144.513446
144.678173
143.519871
144.632016
144.666024
143.488431
144.565568
142.785270
144.530348
144.516295
143.449202
145.597577
146.541564
145.513926
146.730578
146.622325
145.333239
146.722759
146.782510
146.327822
145.686809
146.759910
146.736569
145.295951
146.958716
146.773652
146.212222
145.916440
146.796527
145.602998
146.510481
146.790927
145.269401
146.772806
145.872348
146.150848
146.031139
145.763803
146.440132
145.502568
146.766682
145.296338
146.761834
145.990866
145.835669
146.754278
145.217037
146.956735
145.105291
146.176143
145.434689
145.165296
146.742958
146.701222
145.383513
146.784672
145.319532
146.764895
146.385673
145.660810
146.729266
146.730142
146.737849
146.741334
145.247612
146.762119
146.813468
145.299372
146.766787
