50
178.237127
158.529794
172.820673
165.449816
165.313626
179.867373
163.503070
165.689320
165.408190
165.775224
168.000153
166.096158
168.002812
166.024715
185.132103
162.797664
166.347951
166.247158
166.061660
166.036113
167.806114
165.649047
165.819783
167.775649
166.170907
165.879807
165.876203
166.321366
167.925328
165.834918
166.086145
165.856204
167.685847
165.821005
167.508709
165.977445
165.755673
167.724440
165.600647
167.334623
165.314551
167.305332
165.637275
166.623615
166.400504
165.664193
167.557295
165.450124
167.433208
165.577468
166.709219
166.552797
165.546977
167.523925
165.455592
167.406160
165.425141
166.093939
169.284593
165.475603
167.353498
165.799924
165.933568
168.194300
166.074735
168.042749
166.097527
165.890850
175.259893
168.966224
171.302210
165.673565
165.724596
165.816503
165.670187
165.955745
169.534286
175.181554
165.634973
165.673878
165.865693
165.585725
167.641318
165.537523
167.689403
165.708891
167.772199
165.119906
167.280190
165.161780
167.267228
165.234107
167.433416
165.358398
167.981677
166.243569
168.281182
165.775830
168.083182
165.352555
167.448938
166.051184
167.392327
165.819425
167.248542
165.873257
167.344821
167.566180
165.568997
167.172411
165.342473
167.406722
165.326715
167.369893
165.151978
167.266193
165.104361
167.068409
165.147614
165.844715
166.451007
165.119886
167.451761
165.672947
167.365789
165.938965
167.298709
165.205075
166.119241
165.928908
165.538182
166.726535
165.160202
167.208933
165.544542
167.399882
165.483385
167.557876
165.450995
166.740503
166.349293
166.762978
168.052388
167.694498
165.349734
167.301710
165.290493
167.153992
164.973393
167.131221
168.263708
165.373564
167.436337
165.502106
167.563562
175.831862
165.504386
165.715854
165.372459
165.358117
165.336454
167.350919
165.354748
167.497167
165.283662
167.223862
165.534000
165.317586
167.325237
165.326986
167.405424
165.359855
167.039033
165.749358
165.482317
167.624961
165.530779
168.015231
165.545325
167.452233
165.491771
167.153039
165.955700
165.447069
167.407930
165.494845
167.347396
165.306178
165.701932
166.569729
169.470277
165.009425
164.993282
166.895626
165.155424
165.868917
167.481436
165.474923
165.477586
167.405455
165.441466
167.875466
172.353609
168.106978
165.456194
165.305010
165.321585
165.353206
165.283511
166.642906
165.940279
165.533227
167.494162
165.525658
165.464127
168.315938
165.419836
165.666741
167.578908
166.007466
167.017634
160.746531
165.272389
164.955776
165.020783
165.034766
167.054754
164.980959
166.997755
164.931884
169.308668
165.349338
167.250636
165.206479
166.368168
166.036854
166.063826
175.596507
166.490046
165.415381
165.358317
165.423725
165.454080
165.277047
164.956502
166.912983
165.005638
164.941687
166.914003
165.057438
166.643974
163.813024
165.328867
165.386451
165.287622
165.350215
167.341188
165.386104
167.155148
165.461349
165.388050
167.417500
172.379194
165.711047
165.219779
165.188490
165.217245
165.355438
167.404836
165.378460
167.363805
165.388547
167.158651
165.779302
165.541287
167.545473
165.565860
165.560977
167.500355
165.538502
167.445228
165.343121
166.359414
166.480054
165.628675
167.674907
165.677360
167.684738
165.577430
167.515350
165.537196
166.189799
167.655309
166.179427
167.546603
173.337160
165.422380
165.348361
169.714217
165.389968
165.374864
165.358203
172.835477
165.359229
171.336448
164.266028
165.473052
165.545869
165.339495
168.371492
169.080770
163.950324
165.072816
165.102576
165.080329
166.965242
164.950359
166.948922
164.918005
166.699957
165.316619
167.030540
164.931298
166.970800
164.929808
167.064674
164.958191
166.723578
166.024769
167.977948
164.955101
166.962704
164.960020
167.058674
164.898331
165.861892
166.058897
164.920988
167.023579
164.987845
166.983234
164.910934
166.989554
164.945020
166.651922
172.299559
217.763172
164.461488
164.964267
164.964379
164.968540
170.463015
165.018846
165.001844
165.074221
166.861158
164.989971
165.112260
166.759278
164.897499
166.892594
164.993654
164.969469
166.955096
164.986089
166.986751
164.929032
173.656990
165.182146
165.977332
164.924579
164.942451
164.942414
164.930631
166.421760
165.531811
164.954363
166.948008
164.963813
166.997481
164.932303
166.573568
165.333305
164.989902
166.953621
164.987362
166.556251
165.362944
164.934285
167.144208
165.102575
167.084722
165.164284
165.916868
166.369782
164.986051
167.007149
164.978538
166.997183
164.963522
167.005147
164.940394
165.102634
167.045855
165.122748
166.570167
166.253330
165.069662
166.948928
165.061159
164.993209
165.214832
167.010687
165.351845
165.409601
166.292219
167.488651
166.018051
164.950683
166.013173
165.940995
164.957468
167.100106
165.597612
167.136462
165.015095
167.029376
165.019879
167.067830
165.019915
167.075520
165.009993
166.533568
165.668260
165.488866
166.553388
165.025264
167.003176
164.965943
167.035781
165.013338
167.086551
165.066124
166.755851
165.463937
165.114437
167.201730
165.210570
167.930621
164.941256
165.907737
165.950127
164.999202
166.798408
165.714422
165.308904
166.949510
165.195243
166.960275
165.009561
165.305886
166.715524
165.125600
166.995003
164.959990
167.072052
164.929324
166.870569
165.058413
166.124193
165.831546
164.937900
167.082971
164.935312
166.987279
164.937076
166.654964
165.267215
165.078190
166.858536
164.956988
166.943887
165.079175
167.411677
165.134915
165.776115
166.320530
165.005192
166.957242
164.864078
168.204224
165.626195
164.944105
166.920698
164.937907
165.121023
166.947071
164.979834
165.727204
166.349696
164.880367
166.984161
165.070349
167.700275
165.281142
166.643432
166.060564
170.845706
165.428345
164.960819
166.390705
165.559008
164.993055
167.097610
165.094105
165.168413
167.103598
165.182117
167.098812
165.369210
165.146333
167.091667
165.116203
167.059761
165.117904
165.479132
166.773135
165.103213
167.073225
165.087203
165.111033
167.103773
165.099132
168.482755
166.243278
165.004607
166.883750
164.968902
166.995258
164.983713
165.649045
166.413422
164.999998
167.106783
167.042376
164.966466
166.415515
165.576998
164.961618
166.807985
164.746032
166.898805
164.976281
165.239731
166.912384
165.008690
164.979491
166.905324
164.966529
165.086545
168.796432
166.932584
165.044979
164.955777
165.150234
165.142942
167.129812
165.140555
170.390966
174.228793
165.361714
172.787630
165.504336
165.469342
165.439694
178.147574
165.421937
177.852867
162.190876
165.397198
165.584501
165.432512
165.342442
166.797234
165.876199
165.489899
167.445853
165.355781
167.348736
165.928270
167.675896
165.636988
166.613866
166.929259
165.566448
167.541771
165.507498
167.686378
165.360719
166.407704
165.976368
165.193712
167.132745
165.155188
165.191291
167.117176
165.182632
166.229397
166.074368
165.193979
167.191402
165.186463
165.955603
166.741961
165.628327
171.269223
165.852561
165.765844
165.663362
167.650913
165.409657
167.316997
166.103565
168.167763
165.362801
165.780889
167.594486
165.601177
167.731544
165.463119
167.317081
165.325758
165.356679
166.935027
165.001102
167.061198
164.978563
167.045961
164.973741
166.962966
171.611291
167.029862
165.176771
167.210935
165.159042
166.276744
166.009615
165.152109
166.944533
164.939053
166.609061
165.495111
166.625034
167.149758
165.180943
165.149564
170.568023
160.157752
160.146178
158.496811
160.239842
165.144610
165.070108
165.096431
165.203513
165.179889
167.142466
165.314297
166.524513
165.970005
165.344854
167.365579
165.325085
165.641404
166.588782
165.299354
166.642712
165.302574
164.945720
165.368161
167.188754
165.121009
166.420367
165.625287
165.039975
167.010367
164.943245
167.062948
164.947814
168.927566
164.994615
164.947961
167.032081
165.149191
166.136343
165.830427
164.966407
166.582803
165.279365
164.949876
167.221645
165.181403
165.178879
167.000606
165.118222
166.271255
166.053438
164.957221
167.580870
165.072241
166.664474
165.740795
173.074440
165.555488
165.167252
166.913967
164.966709
166.882266
165.023620
165.431383
166.532777
165.194778
167.188002
165.113891
167.237507
165.333942
166.319160
166.320155
165.282759
167.329322
165.345605
167.339915
168.429659
165.787890
165.301222
167.269798
166.318860
167.381332
165.369406
166.552820
166.147952
165.343188
167.561495
167.396701
164.671187
158.621132
157.644089
156.708142
156.798002
157.922343
157.629692
156.580236
158.396801
163.914476
165.517864
165.711283
165.528180
165.109071
164.964995
166.736466
165.580107
166.199125
166.488017
167.391484
165.134439
167.299935
165.132180
167.256063
165.093899
167.218155
165.359233
166.233109
166.194202
165.772218
167.134202
166.171991
166.788014
166.193141
166.362133
165.926745
166.456242
165.174712
167.202941
165.264168
167.142397
165.005501
167.209273
165.339029
166.207634
166.147716
165.512129
166.856763
165.172881
166.938720
164.950410
167.007787
164.938668
167.139729
165.127166
168.829513
165.154683
166.702200
165.549137
165.181060
167.155963
162.883097
165.821059
165.824867
165.285131
165.410025
165.213100
167.646229
175.821100
180.531305
162.716258
166.048216
166.021198
165.834125
165.663983
167.545668
165.460046
165.834197
167.855634
166.301536
167.473659
169.020276
165.690404
165.522338
167.389106
166.298550
174.379772
169.173491
163.182072
165.719873
165.869161
166.092083
166.436937
165.838112
165.987699
167.613752
165.691468
165.622369
167.635515
165.734684
167.736081
165.687769
165.766554
167.839046
165.727306
167.819535
165.654849
168.191106
166.210140
173.939426
165.686337
165.648872
165.673058
165.761579
166.900763
166.212961
165.589472
167.422081
165.700156
167.633204
165.382140
164.989414
168.678495
165.559403
164.978598
167.055596
165.257169
165.416114
167.433356
165.769858
176.952068
165.626263
165.635513
165.628816
165.637474
175.493511
164.742593
165.723809
165.672531
165.507852
165.339981
165.337160
167.956709
165.665000
166.527552
166.721039
165.666618
167.589194
165.971061
167.925442
166.364883
168.547930
165.996758
167.819173
165.791125
167.594186
165.817278
167.466553
165.379955
164.997448
167.082240
165.729199
168.149673
165.612074
167.293483
165.737843
165.406557
167.351974
165.682309
165.765529
167.999747
165.835575
167.639061
165.731101
165.640512
167.086759
166.166721
165.672510
167.667936
165.789916
165.739267
167.519452
167.598782
166.834490
165.667691
166.063650
167.026059
165.665519
167.321191
165.875680
165.776883
167.781039
165.775213
165.673518
165.648118
167.672678
165.470155
166.434051
166.338550
165.635235
167.571209
165.539636
166.942762
166.523838
165.724045
167.614559
165.656887
166.615322
167.041083
165.433234
167.293728
165.334509
167.354212
165.359463
167.430568
165.577718
166.341194
167.861587
165.635315
167.551360
165.428455
167.443560
165.836869
167.777859
165.634516
167.722128
165.638573
167.630938
165.505596
167.571479
165.390133
165.337268
165.328893
167.392400
165.373530
167.330636
167.846803
165.860904
165.288251
167.255667
165.308152
165.419164
167.537329
165.663050
165.845818
167.491222
165.524134
167.391958
165.360615
165.397631
167.362742
165.505787
167.347368
165.319430
165.303521
167.042987
165.181305
165.133367
176.619808
165.137620
165.191564
165.186858
165.150525
165.152563
165.251679
167.703031
174.684651
165.382897
165.422066
165.466676
165.480156
165.021239
164.976111
165.033019
167.511965
165.358987
166.847273
165.337676
165.140288
166.954685
164.931703
165.127902
167.092493
167.006748
165.632448
165.211669
167.223566
165.435157
165.566898
167.501898
165.329819
165.406935
167.310088
165.317613
167.489245
166.043928
167.759961
165.571294
167.568109
165.623553
167.246625
166.034764
166.220983
165.984747
167.783913
165.641294
167.087144
166.297711
165.647253
167.653696
165.869740
166.822355
166.933578
165.788486
165.655153
167.619715
165.488263
166.207258
166.814374
165.039051
168.176616
165.179711
165.135235
167.383580
165.184166
166.551141
165.725605
165.023708
165.127177
165.222421
167.120583
165.205626
166.667026
165.649027
165.185479
167.216394
165.188475
165.321065
167.387266
165.404529
166.807186
165.886322
165.368544
167.334900
165.318766
165.367929
167.246253
165.187117
165.177509
167.169810
165.344945
166.429332
166.110518
165.345301
165.390136
173.005012
165.197261
167.213506
165.307367
165.154885
167.745984
165.208829
165.216251
167.284130
168.128712
171.817683
165.383519
165.449515
164.991133
165.030412
165.033026
167.025194
164.983919
166.866493
165.421165
165.062648
166.949983
165.073043
166.827648
165.147131
165.051369
167.030542
165.076019
167.053757
165.032324
165.663557
166.117394
164.950817
164.977323
167.045811
164.970312
167.027103
165.702003
169.238946
165.393644
167.502627
165.428287
166.481048
166.189371
165.403791
167.350941
165.412700
166.413074
166.153435
165.298013
167.185277
165.233123
165.247515
167.220109
165.253429
167.248816
165.275054
165.671784
166.792930
165.197896
165.448071
167.119452
165.244339
165.283807
167.282106
165.290221
165.285058
167.238302
165.117356
168.515498
164.995191
166.272037
165.869514
165.163820
167.047218
165.188335
166.032638
166.322278
165.151251
167.103341
165.016474
166.982887
164.980392
167.048638
170.083246
182.729432
183.047745
183.766914
186.068112
173.595749
172.896992
170.983427
173.129185
171.244039
173.199733
171.008562
172.403827
172.155781
171.112499
174.119414
171.307104
172.858696
171.467344
172.097485
171.737494
172.104362
171.720914
172.566603
170.914139
173.058343
171.118965
173.169676
171.003585
173.629618
170.364123
172.906422
170.947520
170.965653
172.890382
171.140811
171.036289
173.207596
171.230749
173.260075
171.151870
173.227201
171.321683
173.728098
171.536136
173.577279
171.432033
173.588131
171.157628
173.064792
170.962547
173.018282
171.105122
173.018318
171.103042
174.826925
171.770540
180.035449
185.991564
183.667611
171.500193
171.490387
171.198912
172.498555
171.100446
172.978770
170.666698
173.023737
170.850892
173.307076
171.145395
179.748653
184.089936
183.352958
183.608778
182.644900
181.635930
170.227400
170.736988
172.455346
170.737593
172.879782
170.731099
172.532089
171.212854
181.900104
175.543357
172.885144
171.233202
173.176336
171.122202
173.145837
171.190082
172.838628
171.423600
171.421332
172.478234
170.842427
173.161752
173.075727
171.017496
173.778222
170.812654
172.640015
171.026265
172.159105
171.724852
172.348305
171.935415
172.740360
171.514725
173.251631
170.944869
172.960393
170.915828
173.032602
171.233210
173.030819
171.575980
172.937517
170.439589
171.037420
173.115885
173.272080
178.189853
182.260945
176.012385
170.513071
172.603212
170.775509
171.389893
172.293912
170.771145
173.089389
170.922427
173.133485
170.936025
172.981528
171.062560
172.152228
171.923892
170.889288
172.699738
170.793979
172.792098
170.861298
170.905764
175.375326
170.385082
172.740987
182.565357
197.958793
171.148861
171.152612
175.721332
182.766187
178.351100
172.492543
173.538509
171.945218
173.083503
175.308101
170.839404
173.115528
171.036821
173.263096
171.264273
173.037105
171.236903
171.364233
172.431704
170.906450
172.794259
170.864406
172.043022
171.605138
170.860796
172.826448
170.751152
170.626048
172.219343
170.538854
171.590607
180.423460
170.579565
171.052774
170.913466
170.829680
170.864818
172.769933
170.745108
170.958944
173.761353
171.806705
170.901126
173.016630
170.893966
171.205670
172.773878
171.111779
170.878214
173.034115
170.922986
172.493596
171.736616
171.333908
173.188535
171.041105
173.306847
171.276789
171.642194
172.202023
170.708434
172.526965
171.283840
171.110035
173.099187
171.117321
171.408393
172.695067
171.087358
172.239982
171.795146
170.937292
172.699699
170.864176
172.276069
171.887213
171.110207
173.030330
170.805211
172.854407
170.860429
172.237282
171.331449
170.939254
172.715099
170.961837
172.833313
174.114548
172.840347
170.456013
178.671792
182.490891
177.331642
169.973108
170.350907
170.827880
172.635612
170.971920
431.932820
228.384795
144.046984
144.167270
146.685499
174.393791
169.193289
171.086445
180.029150
171.187418
171.303259
171.325715
171.165375
172.736452
171.492524
171.337842
173.399964
171.290086
173.527750
171.607239
171.955864
182.561416
171.426450
171.234349
171.138055
171.310571
173.510065
170.871946
172.811052
171.179275
171.584656
172.574675
185.227128
183.651759
171.132240
171.247114
171.184249
173.367956
171.319161
173.131021
171.224504
171.215302
173.328032
171.191429
171.467211
172.851384
171.389333
172.601866
172.100157
171.476553
173.912174
183.657955
182.481981
170.181825
172.676714
175.136959
171.297219
172.110319
170.917898
170.989535
173.041121
171.401748
171.176279
172.929392
171.328472
177.139400
184.321284
183.867396
184.643880
177.051490
172.283349
170.450434
182.156961
187.135199
183.446563
183.434101
182.786016
170.275099
172.349269
170.649609
170.898365
172.528119
171.520656
171.465519
171.096857
172.918787
170.971768
171.114302
171.124644
172.936688
171.108122
171.163554
173.072839
171.179482
171.203466
173.536643
171.427491
171.217362
173.034090
170.947803
173.153446
174.670247
170.821346
171.015466
171.307367
172.493387
171.015770
173.103741
171.028785
171.265799
173.059077
171.092901
172.653056
171.775183
173.733613
173.943711
178.637301
171.188700
171.179101
171.597371
171.258942
171.338627
171.349133
173.154497
171.157812
171.222587
173.286043
171.378180
171.471499
173.427589
184.236941
173.007687
170.467319
171.222877
172.453216
170.929716
170.872467
172.880391
171.197154
172.435600
171.581551
170.995276
173.210286
171.079649
172.549536
171.697738
171.325177
171.915042
172.712483
172.055350
172.796165
171.199554
173.251931
171.363102
171.354896
173.184645
171.369392
171.235588
164.522650
166.330220
171.571879
163.713954
165.764838
175.196829
165.499480
165.645658
166.139951
165.993979
165.609599
165.614360
167.427350
173.926536
165.499876
165.573526
165.516092
165.566673
167.397271
165.453967
165.772653
167.808463
165.759663
167.497937
165.834702
176.029644
165.750896
165.872500
165.641643
171.990087
165.211341
167.748523
165.999006
165.594125
173.704108
164.024341
166.022508
166.335978
165.943995
165.674974
165.539085
165.785533
165.896302
167.578314
165.678657
165.605219
167.709171
165.362590
165.095960
166.936374
165.061558
165.126101
167.511246
165.594982
167.690203
165.560840
167.586464
165.768456
167.783059
165.348610
167.645740
165.961606
167.402376
166.303463
166.616889
167.135700
166.301662
167.243696
165.702189
167.571385
165.562507
167.469162
165.040668
167.033951
165.044465
165.068330
167.019438
165.081795
167.054459
165.080422
165.253133
167.192431
165.290296
167.128836
165.785322
165.601088
167.482490
165.696822
167.735985
169.205929
165.755047
165.560776
165.978595
166.701678
166.485557
165.715579
167.747885
165.365320
164.984488
171.308653
170.043172
188.827329
175.122525
165.498585
165.432530
165.046666
165.017895
166.167335
165.899774
165.118191
167.222593
165.143335
167.226359
165.286709
167.353611
165.233448
165.188728
167.319854
165.202328
167.376107
165.436682
165.368004
167.383827
165.353783
165.735266
167.084084
165.387357
168.634638
166.172896
166.328881
166.299493
165.360205
167.397252
165.812063
165.626420
168.121030
166.208610
166.042265
167.737174
165.825455
167.936499
166.133665
167.090652
165.666975
165.961631
166.877846
165.344646
167.701790
165.624683
167.709658
165.677574
167.163560
165.294070
166.531250
166.247507
165.387424
167.455385
165.456936
167.220813
165.865666
165.941224
166.998968
165.514338
167.331839
165.024779
165.031851
166.936533
164.968870
165.277688
174.602263
164.964855
165.090200
165.159114
165.219432
168.265613
165.159812
167.188186
166.337408
165.156541
167.209920
165.423353
167.538577
165.024768
179.191387
165.197996
165.661698
182.568411
163.304281
165.138373
165.171203
165.127547
165.191793
167.085650
165.184681
173.108310
165.201540
165.136725
165.281214
165.246587
165.300078
167.251487
165.275814
165.539172
166.779321
165.002603
167.060924
165.163948
165.215988
167.190212
165.302558
167.433549
165.401549
165.344754
167.346779
165.458677
167.431223
166.124169
168.847941
165.626372
167.580821
165.395743
166.312197
167.304797
165.369763
167.355675
165.383898
165.332346
167.306003
165.320720
165.570407
167.402297
165.533644
165.316373
167.094132
165.153844
166.761124
166.013645
165.279536
166.695477
165.830055
165.343402
166.806174
165.686288
165.293680
166.924945
165.638658
165.310794
166.941751
165.605528
165.284838
167.296823
165.279950
165.292609
176.262999
165.265910
165.328354
165.260642
165.687921
165.488753
167.364100
165.444072
165.449933
165.432125
167.346846
165.426001
165.462964
167.359083
177.868660
163.986828
165.489772
165.496495
165.410587
165.329157
167.169399
165.243272
165.570226
167.227305
165.432847
165.621415
167.335811
165.534878
167.907412
165.328428
165.254255
165.183430
165.218067
167.020666
165.147903
165.207398
165.208773
165.187058
167.053735
165.249467
175.162658
179.399036
162.367641
165.258093
165.262200
165.285654
165.275335
165.028231
166.878288
165.164490
170.731617
165.194478
173.805164
165.225557
165.215686
165.188606
165.228529
165.399447
167.312139
165.352826
165.760830
167.721168
165.779505
165.579687
167.502562
165.588474
165.546422
167.371014
165.624517
165.705669
167.494658
165.637589
165.573127
167.389359
165.527577
165.740442
166.489132
168.045773
166.085017
165.043145
166.902009
164.993368
164.982012
167.009482
165.071803
165.782536
166.140574
164.996998
166.130528
164.476941
164.786883
165.180698
165.417725
165.428848
166.210334
166.529102
165.360843
167.357299
165.470041
166.437229
172.768276
167.744873
165.073506
166.665489
165.497050
166.685940
165.673535
166.170831
166.493303
165.019356
165.650949
166.303220
165.223521
166.499334
166.067512
165.263157
167.131583
165.285461
166.064352
166.509396
165.307545
167.240552
165.277063
166.719008
165.750497
165.340098
167.546288
165.649312
166.701026
166.836881
165.634570
167.364760
165.345306
165.034387
165.488197
168.187663
166.390451
167.074050
168.012784
165.554244
166.389791
166.581885
165.595779
167.386732
165.593233
165.569383
167.499298
165.766182
166.768767
167.550835
165.869213
166.817108
166.802135
165.707087
166.225625
167.310311
165.792740
165.586999
166.974239
165.015904
166.495343
167.230350
168.883865
166.664966
166.434057
167.964325
165.782463
167.718359
165.567878
165.772570
167.248041
165.497811
167.381969
166.143378
165.776476
167.589119
165.609653
165.563806
167.506851
173.934960
165.347949
165.371359
165.364110
165.332720
165.322495
165.555836
165.547378
167.401389
165.375291
165.480180
167.365172
165.503176
166.020311
167.361376
165.418850
167.349275
165.336035
167.823272
167.401085
165.289593
166.675106
165.622447
165.174670
167.604541
165.243261
165.002795
166.914205
165.085296
168.142182
166.483131
166.327270
166.096604
167.800560
165.816178
167.776789
165.325508
165.175808
166.844409
165.038258
164.998151
165.094138
167.164900
165.021870
165.075001
165.047055
167.108888
165.159055
165.614119
166.639680
165.749819
166.139216
167.581219
166.446527
166.560939
168.266212
165.817700
165.701240
167.725123
165.545812
168.008064
165.929516
166.881615
168.789294
166.711618
166.436013
168.399141
166.710949
166.374427
165.292617
165.013019
166.843276
165.033660
165.018807
165.089238
166.940195
164.995755
167.075099
165.318279
167.104191
165.927534
165.687187
166.889154
165.326638
167.262182
165.258106
166.693695
166.097188
165.520879
167.561575
165.679237
167.430754
165.961421
165.584448
167.596050
165.556611
167.725376
168.714533
165.828534
165.643204
167.615579
165.338998
167.227309
165.398158
165.448318
167.495893
165.659008
167.155285
167.036673
165.840139
167.674016
165.707076
165.786657
167.749883
165.305712
165.558688
166.500987
165.157194
167.780144
174.246682
165.903084
165.640802
165.657428
165.484033
165.518145
165.560613
165.394826
167.131929
165.407943
174.236915
165.377290
165.458433
165.389388
165.721804
165.387311
167.352977
165.821614
167.422394
165.509755
169.725816
165.395651
166.427895
165.929128
165.147222
167.370717
165.544192
166.962590
165.438366
165.265600
167.282921
166.258921
165.706408
166.701370
164.996044
166.974416
165.332872
165.232154
167.142228
170.685462
165.316524
165.299090
165.285644
165.272933
167.244479
165.277588
165.016043
165.280009
166.633670
172.914907
165.032736
165.062255
165.063493
165.178497
165.137302
165.169062
172.671341
165.248466
165.070552
165.039236
165.150995
165.215639
166.382543
165.960045
165.197683
167.184435
165.182324
165.508061
166.900826
168.184757
165.317879
165.400709
167.322346
165.421275
165.491160
167.211566
165.504435
165.519145
165.649102
167.499470
165.388449
165.564241
167.447559
165.669452
166.207627
167.834227
165.096233
165.096166
167.587251
165.258427
165.296400
167.622330
165.685484
165.573453
166.937192
165.225939
167.174828
165.354863
165.399162
167.420360
165.496629
167.406121
165.233980
165.112100
167.101447
165.228169
165.210355
168.988835
165.212366
165.196460
166.723485
165.526713
165.114810
167.078152
165.152731
165.872766
166.175120
176.618749
165.324056
165.690144
165.621999
165.500036
165.393401
169.023608
174.192871
165.386622
165.401401
165.382941
165.631325
167.728323
165.986649
165.650675
166.393418
171.049776
162.247877
165.189249
165.178345
165.462865
165.180302
165.181810
167.184399
165.204222
165.319078
167.330869
165.593920
165.380371
165.442899
167.046285
165.085616
165.147482
167.069347
165.178579
166.639921
165.352429
165.128304
166.951201
164.973611
166.143781
166.809550
165.178323
167.154610
165.160860
165.748306
166.626105
165.220334
167.296745
165.397079
165.515065
167.613051
165.769310
166.522134
166.767875
165.683558
167.283654
166.192991
165.785347
167.183794
165.137382
165.109940
166.923728
165.202086
165.162772
166.856587
165.018740
165.001495
165.667755
166.189793
166.679074
165.942464
166.086627
165.006739
166.946859
164.966302
164.945299
166.968746
165.082102
166.840152
165.151768
164.981793
166.696915
165.225523
165.129433
166.435024
165.472390
165.008619
165.056764
167.120420
165.194610
165.226968
167.046355
165.795955
165.673623
166.935201
168.602504
166.628140
166.702503
166.745699
168.446178
166.521355
167.843593
166.867459
164.994573
165.064279
165.017040
167.057864
165.166686
165.257338
167.094505
165.150640
167.437642
165.357890
165.313447
167.460969
165.295324
165.189973
167.044592
165.143754
166.492988
165.882727
165.167561
167.170486
165.293759
165.583317
166.842778
165.320565
167.210692
165.315610
165.216323
167.263455
165.276733
167.078456
165.491851
163.062010
165.278905
165.305864
165.411865
165.540708
166.191322
167.033215
165.095009
165.283712
165.184578
167.250900
165.445479
165.461600
167.398682
165.630630
165.579600
167.427646
165.486511
165.501056
167.838726
165.985163
165.949506
167.927219
167.847572
165.143673
166.805067
165.527974
165.299232
167.384728
165.363672
167.400195
166.309017
166.659073
165.385470
167.368799
165.539460
167.590736
165.579763
165.433504
166.499813
166.367367
165.572535
165.851211
167.956254
165.932436
165.182699
167.284070
165.428194
166.846352
165.942885
165.369635
179.714785
165.015745
165.537003
170.876441
165.343324
165.315371
165.369552
165.326563
167.368815
165.315472
166.958269
166.126200
167.161401
165.529758
167.430279
165.406085
165.734436
173.153393
168.122021
165.609339
172.555534
163.842498
165.401479
165.463327
165.362197
165.312400
167.391181
165.391125
165.439510
167.448912
165.430439
165.950913
178.066519
166.188041
165.647132
165.662851
165.751017
166.246080
167.062664
165.892636
167.389881
165.970188
167.990912
166.211295
166.468207
168.175530
166.019340
167.644216
165.545001
167.784060
165.876912
165.831617
167.701941
165.678796
167.785303
165.961799
166.861325
167.396459
165.981686
176.402704
165.299358
165.521746
171.860153
165.757851
165.875465
164.977751
164.991431
165.525615
165.655900
167.085731
165.600931
167.240145
165.323970
165.497556
166.786957
165.113009
175.009192
171.859243
165.065709
165.326150
165.431551
165.514163
165.585609
167.561099
165.635335
165.743681
167.225724
174.088454
165.389134
174.911558
163.599568
165.773374
166.246576
166.053958
166.084920
166.480503
166.153415
176.780476
165.743613
165.522150
177.561382
164.728667
165.690935
165.605642
231.101378
162.464548
165.714911
165.629664
165.573129
167.033739
166.274948
166.257219
167.110621
165.863985
167.862667
165.632414
167.524700
165.541291
167.337599
165.433670
166.659413
168.247366
165.755257
167.667404
165.222585
167.260964
165.233703
167.163075
165.341417
167.631889
166.442275
166.401019
167.937425
165.174010
166.738114
165.752122
165.140736
166.858052
165.202500
166.600021
168.303175
165.916815
165.673058
167.665694
165.668888
167.585451
165.645212
166.439356
167.042678
165.501406
167.514768
165.559030
167.789024
165.634826
167.588460
165.807760
167.758689
165.879597
165.634930
167.670510
165.708579
165.985785
167.760990
167.937955
165.617444
165.333345
167.533968
165.667683
167.462495
166.157946
165.907480
167.801111
165.615421
165.502381
167.582305
165.840771
166.001088
168.314480
165.874030
166.689795
166.802460
165.787992
166.807555
165.947159
165.097544
167.041082
165.083359
165.091332
167.059281
164.966129
164.868663
166.400649
172.682144
159.835353
161.742398
165.318553
165.099994
165.123538
165.059348
167.635162
173.875685
165.013375
164.976758
166.320088
166.088272
166.316119
166.180250
165.954694
165.722365
166.243699
166.289382
168.217761
166.512491
166.726307
166.892277
166.637332
168.431668
166.574582
166.236145
167.744354
165.426087
166.483349
166.299678
165.488191
167.434581
165.219261
166.516720
165.449299
165.071718
166.936595
165.985568
166.241845
167.257548
165.185801
165.135644
167.373748
167.454100
166.435874
166.338359
166.317083
166.143819
176.466456
166.140439
165.875757
165.758559
165.536977
166.264349
166.318426
165.878271
165.812172
165.676582
165.814602
166.266228
167.994205
166.578004
166.288588
166.077380
165.923713
167.857757
165.854144
165.949518
168.347055
166.042828
167.816857
165.581200
166.735930
166.747929
167.670567
170.816919
171.679707
165.541297
165.810706
165.695973
165.612078
166.033203
166.888231
165.553914
166.609747
166.936596
165.749769
167.651609
178.446269
164.025479
166.701278
166.614727
166.637827
166.109799
165.903722
165.451209
165.491829
167.605276
165.586202
165.898377
166.553727
165.076625
167.087553
165.041709
167.193048
166.909445
165.341128
165.316839
166.846594
164.907210
167.121287
165.072414
167.088404
165.079241
167.220727
165.028632
166.252307
165.831948
165.578676
166.540992
165.119260
166.975014
165.053083
167.058128
164.912923
166.865813
165.987930
166.742410
168.666370
166.382483
166.428251
166.309976
167.865643
166.326577
167.988857
165.726112
165.655403
167.363101
165.476655
174.480920
167.616496
165.528412
165.619739
166.212413
166.669844
166.343468
167.560161
166.096445
165.598491
167.635856
165.610228
166.261446
168.655998
166.797383
166.136169
168.295053
166.389197
166.538739
166.362195
168.297285
166.383815
165.967728
167.710641
166.968262
170.863682
173.611250
165.655069
165.822687
165.713948
165.966343
166.161051
165.845581
167.705527
166.103404
165.816163
167.673780
165.639717
167.478071
166.054865
166.563297
167.860749
166.583254
167.198019
165.500234
167.086457
166.929274
166.782132
165.047727
167.376261
165.296869
167.568585
165.620226
167.600158
165.547309
166.763355
166.407673
166.288764
167.850442
174.543956
165.671972
165.627948
165.437354
165.609217
166.409454
167.270162
165.778098
167.727680
165.383507
166.165239
165.709222
164.957295
167.177712
165.117085
167.142458
164.970956
168.274740
165.106503
165.396813
167.617217
167.703982
165.793011
167.744295
166.412701
164.736838
165.518694
165.430502
165.366521
165.285241
167.255958
165.496109
166.060125
168.049444
166.540689
166.368580
166.260005
166.305149
168.618715
166.532071
166.488679
168.298919
166.595149
166.441537
166.447166
168.086183
165.226022
167.172776
165.278040
167.352326
165.395762
167.452275
165.429645
167.468438
165.553812
166.791688
166.009660
166.786876
166.634524
165.801365
167.731581
165.648233
167.336257
165.370438
167.403737
165.262561
165.627377
166.496257
165.055121
167.054803
165.164841
167.473366
165.445084
165.790387
166.370933
169.283145
165.518281
167.784697
165.569187
166.984183
166.263191
165.829432
167.958720
166.076307
166.703795
166.787320
165.761016
167.607722
166.099113
166.514406
166.439186
168.284975
166.374990
168.949633
166.513404
166.225722
166.077659
166.017226
165.914326
167.736881
165.772443
165.804591
167.771491
165.746374
168.047789
165.551898
165.321139
174.998349
165.331291
165.866099
165.742167
165.797738
167.865057
165.522912
165.533591
167.681383
165.650166
178.604194
165.574525
165.587418
165.708758
165.783336
166.173052
165.658536
165.498602
166.671487
166.466333
165.947231
167.830268
165.810507
165.857820
167.967218
166.160464
166.685219
168.523204
166.418036
166.521004
166.445577
166.312300
168.227190
166.293867
166.342021
166.142570
167.864207
166.124302
168.859102
168.900170
179.676917
165.405128
165.607835
165.800476
165.876460
165.935420
167.449567
165.336208
165.590352
167.565848
173.008185
165.566986
165.480465
167.634658
165.630924
167.485588
165.673451
165.976537
168.003738
165.804403
167.547577
165.697150
165.088358
175.373531
165.075184
165.160134
165.224780
165.196895
168.095599
165.148161
167.303858
165.202149
165.369701
166.936911
166.998243
168.285923
165.365754
167.406165
165.373623
165.495197
173.346419
167.420638
165.657609
165.551769
167.790427
173.607478
165.988978
165.120509
165.070744
165.087954
165.099646
167.073470
165.069376
165.973917
166.179775
176.349502
168.843857
182.320637
164.941555
165.190828
165.335578
165.344882
165.286712
165.382624
165.528321
167.841512
166.275935
165.709175
167.639992
165.712277
167.743448
165.668766
166.763115
166.299484
165.391574
167.411379
165.440543
165.341307
167.370897
165.451875
165.687079
167.095589
165.267285
168.456082
165.263337
166.670621
166.352724
165.810897
168.685150
171.090918
166.374866
165.910154
166.570914
166.655903
166.179514
166.948229
165.437267
167.540167
165.582846
167.700802
165.565072
167.045735
165.775604
165.395599
167.279011
165.225024
165.245558
168.895738
166.635268
166.122423
166.112484
166.115245
168.068199
166.309611
171.778034
165.889515
165.638596
165.677652
165.607968
166.710303
169.618377
166.470867
166.270270
166.187622
165.975852
166.673203
165.128789
165.065926
167.007274
165.042816
165.078451
166.969858
165.122808
165.107156
165.098898
167.129484
165.141806
165.652147
166.985435
165.051796
165.099412
166.337218
165.847361
165.168545
165.890376
166.299637
165.023614
166.218919
167.302514
165.192472
167.059322
165.270357
167.291371
165.173781
166.794816
165.356598
165.109193
166.979444
164.998299
165.507953
166.628584
165.027863
165.205593
166.567036
164.903119
165.008250
166.265602
167.948842
166.081310
165.731227
167.494943
165.531503
165.462068
168.068255
165.004421
164.886031
169.625780
168.444385
165.046967
165.277268
164.966495
164.908749
164.915654
166.846601
164.940146
164.925724
166.869147
164.959178
164.883024
172.370731
165.466550
165.259409
164.984794
164.929362
164.899635
164.918108
165.641755
166.067026
164.965844
164.903232
166.799454
165.078888
165.138830
172.566431
165.411991
165.683285
165.151437
165.245267
165.488801
174.691261
165.166496
165.134427
165.116696
