50
170.005161
175.237010
187.839843
174.168725
169.896133
181.340654
168.416594
170.532509
169.831061
170.889729
171.126833
170.887583
170.145565
178.726143
227.995477
164.895122
165.718685
165.874903
165.717888
167.426231
165.509640
165.590086
166.377595
166.879002
165.763909
165.571687
165.516477
166.802293
166.025254
165.927581
165.800870
167.657738
165.858347
165.677234
167.754163
165.579708
167.338286
165.300788
165.963049
166.858046
165.426838
167.388655
165.272416
167.306179
165.272519
167.164750
165.396128
165.884693
166.875775
165.543912
167.458284
165.331801
167.082526
165.769436
165.431136
167.424536
165.513565
168.689605
166.318395
165.355782
167.380858
165.349725
167.926746
165.744827
166.415257
167.430454
166.094240
165.574385
175.857888
174.109313
163.847089
165.540945
165.887399
165.572594
165.534331
167.648376
177.653684
165.368352
165.495597
165.446343
165.970660
165.952580
167.183000
165.890654
167.299640
166.345006
167.156123
165.536101
166.480571
165.353432
166.595718
165.693642
166.290405
166.117932
165.933524
166.180785
166.639940
167.376643
165.927412
167.608118
165.504644
167.439372
165.318138
167.434029
165.516494
167.533210
167.399754
165.303857
167.531591
165.331794
167.551153
165.516337
167.490094
165.557255
166.975904
166.226449
167.632381
166.363262
166.171067
168.004741
165.801753
165.730590
167.738869
165.732211
167.650465
165.348465
167.365385
165.358666
167.332443
165.292064
167.301951
165.270435
167.324305
165.931779
166.981839
166.707551
165.726458
167.570963
165.600080
167.475958
165.456699
167.720665
169.107486
165.524335
167.541122
165.500079
166.547654
166.399301
166.452953
166.196293
168.444392
166.045546
167.120866
166.315789
177.203346
165.654233
166.110050
165.873376
165.844612
165.807379
167.268095
166.028700
166.655697
166.641664
165.701495
167.703643
165.141941
166.994492
165.082804
165.930572
166.734584
165.446945
167.663402
165.479887
167.456837
165.420246
167.880680
166.048652
166.459747
167.108180
165.641398
167.797066
165.497357
167.612206
165.732707
165.825465
167.508056
165.674665
167.445609
166.558560
167.577672
165.562090
167.146178
166.303433
165.778286
166.224012
166.804385
165.656044
167.458314
165.335709
165.932306
167.058206
175.300411
165.353639
165.368329
165.373388
165.335253
165.336195
165.415341
167.426034
165.505942
166.982849
166.321653
166.551746
169.423423
166.589622
166.406553
166.457961
167.890569
213.319184
207.220265
170.828141
170.982711
171.190704
172.380400
172.196169
172.074337
172.504325
173.104363
173.705662
171.453908
173.024884
171.331919
173.152906
170.908820
176.311797
179.862614
171.108499
171.091900
171.084439
171.141750
171.203147
171.312623
173.098642
171.109111
171.668826
172.716375
172.722553
225.767107
164.449390
165.090702
165.061927
165.197026
167.098703
165.102870
165.119073
167.232900
165.519311
167.591511
165.511902
201.596958
170.980654
170.980382
171.059586
170.998788
173.047713
170.930404
172.874423
171.186669
172.916538
171.117506
171.123348
173.162178
171.265253
171.273946
173.306257
171.129372
173.117652
170.994291
173.190379
170.773625
172.669519
171.367091
171.608731
172.484935
171.173512
173.174379
172.246587
173.726790
171.214144
172.810781
170.807063
179.280481
171.008846
177.418426
171.152813
171.093979
171.108785
177.064864
171.071328
177.624507
170.728215
171.329449
171.359313
171.234273
195.800961
197.042761
171.424007
171.424771
171.481621
173.430499
171.556491
172.749486
172.070811
172.688218
172.500185
173.163660
171.689840
173.331442
171.074463
173.170031
171.038468
173.334182
172.915152
172.947520
170.970006
172.902207
171.003432
172.900798
170.882905
172.885036
170.865980
172.753420
170.872806
172.682164
171.328317
171.887361
172.285057
171.585765
172.683880
173.679764
167.964972
171.121776
170.826812
170.709758
182.914381
182.019001
182.252356
182.885471
184.135655
177.694204
171.902489
171.514059
171.151986
173.073303
171.035167
173.111100
171.272502
172.863575
171.828589
171.622825
178.849961
171.358748
170.942814
171.042296
171.056928
175.052906
170.878812
172.104489
170.511864
172.521090
170.737898
173.075356
171.010098
172.936044
172.018698
170.268584
172.492298
170.648069
172.911247
170.909816
172.343164
171.439178
170.709604
172.737787
170.841850
173.173933
171.511835
173.376691
171.475756
173.105486
171.633368
172.233844
171.964889
171.150002
173.129390
171.166622
172.881856
171.728005
170.997647
173.198291
172.976441
182.521631
184.186960
182.141420
182.199113
182.296463
184.315500
184.505963
182.616214
183.844251
184.001632
180.446477
172.668317
178.093339
172.105647
171.613516
171.792557
171.736398
172.546920
171.704246
172.621927
170.994209
173.387216
171.069962
172.784994
170.740242
172.978125
170.954468
172.984682
170.898177
172.963989
170.688301
172.516710
170.978123
170.886217
172.946677
171.357909
174.282401
171.322931
173.170259
171.378058
173.896852
175.481596
170.234616
172.814373
170.892859
171.582727
172.785503
171.034078
172.852297
170.804942
172.925143
170.790649
172.986540
170.784540
172.019855
171.761101
171.589879
172.088688
170.857158
173.037608
170.765927
172.847758
170.919571
172.947092
170.994613
172.532374
171.752731
171.628582
172.616112
171.547813
173.069135
171.314537
173.087627
171.096783
171.680699
172.535704
172.690529
173.626390
171.254300
172.723224
171.499565
176.987576
173.454238
170.381693
171.940562
172.314305
171.023312
172.956090
170.907959
173.397593
170.878581
172.965769
170.759123
176.671607
170.912111
171.035859
173.034522
171.170073
172.823280
172.893593
175.123887
172.498289
170.783874
171.442483
172.964023
170.872564
172.822506
170.820781
172.811272
170.923563
171.156104
172.923573
170.880165
173.216651
171.305330
171.589113
173.067406
171.228336
175.586788
171.162268
172.739840
171.858326
171.260549
173.253862
173.872079
172.792974
170.660204
176.342288
172.371540
171.076388
170.553175
172.748902
171.053973
173.060945
171.122111
173.211711
171.350976
171.594733
172.779762
171.005368
171.303481
172.739428
170.938292
172.353117
175.344329
170.991232
178.645587
182.310627
170.888057
172.126909
170.301006
170.559381
180.546744
174.995020
177.124060
165.363673
165.365098
165.163249
176.121905
164.994496
165.002151
174.197386
165.357600
165.124519
165.021240
164.971826
164.987266
167.017722
165.049453
167.113564
165.087750
166.670003
165.795728
165.358961
166.633938
164.977813
166.964257
164.989128
167.012971
164.980496
166.384453
165.841022
164.996180
166.975490
164.931521
166.319242
165.508160
164.941956
166.883627
164.939104
164.946704
166.941892
164.984303
165.607280
166.469312
165.035452
166.869128
165.008172
169.090407
165.497296
165.003573
165.011062
166.996618
165.024553
166.539695
165.535194
168.730680
165.017962
164.998993
166.970401
164.974389
166.200311
165.819327
164.952102
167.013554
164.943232
167.000599
165.024405
167.161787
165.281374
166.915948
165.517148
165.150433
167.243304
165.239798
167.222202
165.188289
167.253011
165.209916
167.166298
165.133329
167.082208
165.607135
165.442347
167.318773
165.538100
166.006558
166.900461
165.557313
196.830224
288.364684
274.060784
161.059689
165.301645
165.215577
165.242184
165.256737
165.286604
167.429265
165.549212
167.331142
165.381155
165.349958
167.398245
164.936125
166.466544
165.378999
164.952873
166.826770
164.989284
164.975790
165.237089
166.975303
164.923799
166.975676
164.969016
165.016068
166.869299
164.965117
167.058364
164.987959
168.849542
164.962252
165.815517
166.045479
164.999573
166.899891
164.975644
164.970906
166.897427
164.967935
164.951677
166.896759
164.960291
165.935151
166.302731
165.141980
167.235696
165.387228
165.483709
167.628478
165.563314
167.563169
165.478220
167.399949
165.395237
166.148125
166.860469
165.435429
167.370526
165.554494
166.859776
166.236599
165.135500
167.018468
164.965168
167.062742
164.976206
166.830774
165.130801
165.470603
166.652730
165.153973
167.185164
168.471906
165.231633
165.551200
166.821772
165.209235
167.183602
165.224118
167.090754
165.404990
165.202812
167.377211
167.161261
274.437882
273.056306
274.104840
274.578057
256.724825
162.964252
165.895708
165.831497
165.798982
165.707781
165.707245
165.895487
167.806597
165.589442
167.588243
167.762200
165.485391
166.764215
166.295125
166.045195
166.431640
165.668055
167.047482
165.201021
167.286722
165.275693
167.439262
165.238206
167.312204
165.196172
167.296098
165.286653
167.350763
165.245574
167.294807
165.204778
166.787197
165.721094
165.822103
166.626864
165.467788
167.178675
165.179098
167.205058
165.151272
167.303682
165.261256
167.284909
165.258889
166.121301
166.499415
168.794124
165.489394
165.355373
167.146182
165.276352
167.292154
164.982665
165.361946
165.630508
165.793426
165.891958
166.549861
177.027138
164.232636
177.095034
164.781367
165.361648
165.467059
165.518006
165.548402
167.499122
165.514088
167.485305
165.746819
167.852880
166.622262
166.978662
165.146780
165.446645
166.762925
167.330816
178.354261
161.296284
165.745247
165.932352
165.981413
166.015071
166.214768
165.700684
167.701522
165.616005
165.610089
166.457149
166.830678
166.791549
167.334732
165.853930
167.684790
165.766001
167.890213
165.976993
167.325041
165.403412
175.004298
165.265007
165.318289
165.394521
165.315075
165.742604
167.621627
165.564085
166.952183
166.360763
165.520492
167.463105
165.589567
166.464362
168.929539
165.601234
165.633393
167.796321
165.938825
165.737122
167.540205
173.095433
168.046668
165.489845
165.553163
165.571940
169.664121
171.565484
165.542429
165.297100
165.428383
165.492954
165.291585
167.937038
165.717822
165.477020
167.409363
164.995706
166.510254
165.534959
165.660149
166.570729
166.409896
166.042101
165.219840
167.218006
165.167716
167.188271
165.141202
167.183190
165.546998
167.668129
165.948445
167.179958
166.109464
165.614589
167.437395
165.533555
165.955544
167.165041
165.400652
167.117248
165.686065
165.353251
167.356116
165.300519
165.036642
167.017640
165.040835
165.044782
166.986012
165.042479
165.503771
167.028472
168.689343
165.528467
165.492200
167.654857
165.503499
165.387663
167.270338
165.454643
165.382021
167.272416
165.386475
165.507886
166.957601
166.331420
165.519969
167.512475
165.545232
165.376839
167.339945
165.314520
167.860549
165.347568
165.320392
167.318642
165.172732
167.199456
165.280367
167.169848
165.156818
165.084296
167.056252
165.105889
167.279008
165.335464
167.445120
165.383443
166.542754
166.197128
165.749387
167.020657
166.554328
166.033346
165.820146
166.759645
165.321807
167.410849
165.342213
167.364381
165.178846
165.373756
166.331426
166.421009
165.541109
167.437115
168.591969
165.442341
165.684040
167.168224
165.299310
166.778089
165.690867
165.200917
166.967854
165.349145
165.154083
167.115901
165.176947
166.584614
165.655197
165.185686
167.176387
165.281436
165.140155
167.006059
165.204636
166.634187
174.454599
165.389140
165.475902
165.510365
165.446953
165.488779
166.359054
169.664668
171.346707
165.251178
165.253207
165.215103
165.300917
165.252592
165.235387
166.408381
166.883630
165.220407
167.136184
165.228034
166.180146
166.284151
165.302024
166.483900
165.960691
167.528161
165.333564
165.371513
167.247758
165.226798
165.209865
167.152173
165.120204
166.470986
165.904307
165.175128
167.654726
167.131413
165.742311
165.171437
167.118472
165.137643
167.167772
165.259833
165.203759
167.076017
165.551086
165.017000
166.925036
165.104291
165.011222
166.938769
165.164129
167.164112
165.464840
165.847054
166.019756
167.234345
165.359451
167.360359
165.460825
165.503744
168.510058
165.471302
165.350322
167.858562
165.360873
167.295190
165.290897
165.363823
165.650363
167.061340
166.429426
165.892432
167.626877
165.591204
165.475143
167.394969
165.685735
166.956309
166.897936
165.657394
167.552121
165.658450
166.219717
167.584530
165.273780
165.640196
166.983150
165.306799
166.673307
165.946731
165.348135
167.239576
165.289887
165.338961
165.528043
173.381348
165.562200
167.330982
165.123908
165.081004
167.179290
165.077799
165.607682
166.390077
176.243094
165.041567
165.104552
165.133580
165.189859
165.175722
165.939046
166.353571
165.101406
167.100880
165.052884
166.318651
165.639739
164.980716
166.948461
165.090585
166.669705
165.452911
165.912632
166.164610
164.984520
166.849772
164.965780
164.954566
165.686055
166.312883
164.985703
166.968448
166.954194
167.316800
164.964560
166.986438
164.966199
167.008768
165.025186
164.977414
166.951462
164.956322
167.003034
164.997913
164.949530
166.911198
164.939213
166.273141
165.631116
164.953912
166.970980
164.973904
166.785255
165.119169
165.198928
165.709939
167.469800
165.705618
165.610982
167.636488
165.607425
166.543252
166.248133
165.181125
168.954472
165.154525
167.144504
165.148565
165.241992
167.042460
165.133534
167.218560
165.174037
165.764399
166.566126
165.708953
167.917300
165.754455
167.682218
173.816932
166.624099
166.378594
165.596164
166.551119
164.952618
167.000551
165.344131
167.010850
164.984126
165.499148
166.779622
165.144399
167.349093
164.975538
167.830685
165.339565
167.045029
164.989334
167.068070
164.993669
167.072640
165.018892
166.879061
165.079944
165.236986
166.753092
165.031242
167.004916
164.983825
167.034126
165.355703
166.443493
165.470338
164.977311
166.928822
164.986170
164.962103
166.952324
164.971298
167.062740
164.946052
165.764431
166.303279
165.227692
166.807653
165.247930
166.761910
165.593177
166.461153
165.509055
166.479963
164.954301
166.978328
164.982430
167.026085
165.246202
168.736087
165.606123
164.954723
166.867302
164.961611
164.963995
167.012084
164.973475
166.945863
165.221455
166.755428
165.723277
165.425885
167.363852
165.613356
168.126693
165.006154
165.802845
167.431666
166.197673
165.632996
165.660226
166.443159
166.596738
165.342983
167.304124
165.343196
166.592020
166.070419
165.347378
167.365048
165.369258
165.472338
167.539161
167.286930
165.255185
167.164036
165.101130
167.149013
165.100849
166.962583
165.256678
165.201293
166.942184
165.091421
167.096683
167.077114
165.084508
167.242608
166.222573
165.935484
166.898069
165.399189
167.402766
165.326861
167.462353
165.295469
167.468542
165.343900
167.501141
165.555161
167.603289
165.380203
167.785186
166.108501
166.867936
165.444103
167.595295
165.668570
166.108009
167.109022
167.157636
165.180529
165.586188
167.398167
165.489390
166.357802
166.352422
165.404844
167.410845
165.367098
167.058365
165.699390
165.565547
166.707166
165.106401
167.086973
165.101803
167.146805
165.083657
166.127538
166.042307
165.076258
167.076136
165.141703
165.803779
166.315215
165.118513
167.114397
167.218505
166.020590
165.080665
164.997253
164.944191
165.018263
164.954583
166.510188
165.540312
168.547583
164.977831
165.661905
166.143583
165.312257
167.007588
165.003232
167.040335
164.998563
166.972936
165.110885
165.116888
166.945204
165.003905
167.027972
165.012502
165.010120
166.928288
165.040490
167.653446
165.150753
165.138796
166.992822
165.094790
165.076157
171.011076
169.195141
165.107919
165.265452
165.131683
165.112933
165.097108
167.080635
165.081603
164.974616
168.173671
165.668676
164.973228
166.947093
164.921985
165.037529
166.807984
165.001519
165.013855
166.892558
164.999851
165.029818
166.992308
164.940301
166.846531
165.035920
165.835385
166.607809
165.748848
167.145198
165.226252
165.291729
167.474348
165.333815
166.043667
166.609292
165.291449
166.249047
166.226813
165.359131
166.654717
165.923525
165.464002
167.386141
165.442129
165.816802
167.075578
165.516987
167.335145
165.698082
166.743720
165.877701
165.369439
167.291908
165.332054
167.733587
165.272488
165.960786
167.339627
165.063509
165.113558
167.023633
168.184829
165.677984
165.573685
165.527015
165.509862
165.607034
167.308272
165.212077
164.995411
487.113704
139.029705
139.107688
139.692967
165.941488
161.764947
165.242219
170.839543
167.309831
165.301317
165.417164
165.396807
165.436631
167.371021
165.356831
165.861088
167.179119
165.584637
167.626073
165.492671
167.174484
175.679225
165.552839
165.787505
165.636746
165.579775
167.551312
165.624863
166.949975
166.107960
165.398386
167.062854
165.132308
172.603870
165.119946
165.125629
165.192512
166.903042
165.430900
165.316919
167.251611
165.226464
165.519788
167.756818
165.464267
166.961855
165.762701
165.272216
167.224202
165.244249
165.277102
166.741978
165.596938
165.242295
166.190244
167.998562
165.265790
165.836592
167.270344
165.200340
165.182330
167.030138
165.170973
165.136620
166.994231
165.131049
165.023474
166.938473
165.057771
165.068030
165.711453
165.043594
167.154905
165.111679
165.127859
168.666534
165.067566
165.033492
165.048660
165.088316
165.162414
167.027152
165.146139
165.130222
167.048793
164.991936
165.715673
165.407686
167.180821
165.230491
165.188021
165.226420
167.022121
165.201170
165.180521
167.077962
165.212082
165.197110
165.688598
167.178060
165.331721
166.479280
166.586101
165.783668
166.098524
168.046457
165.982766
166.043273
167.989877
165.833529
165.572609
167.655102
165.400584
165.415557
167.401568
165.600285
167.189520
166.266353
168.416792
167.187354
175.663428
165.723442
165.484399
165.556892
165.654258
165.581665
165.470296
166.725459
166.197755
165.485248
166.341460
166.708895
165.432340
165.369878
167.383502
165.760484
165.697753
165.696558
167.995153
165.856200
165.717324
166.468806
166.839958
166.026540
167.746346
166.352189
165.759211
167.469547
165.421904
166.098194
166.581967
165.358490
165.292643
167.106007
165.231102
167.488693
165.178680
165.319547
167.170245
165.240404
165.234176
167.187455
165.259205
165.273693
177.923343
173.633088
209.768152
172.342044
178.813176
171.330825
170.732906
170.735353
170.538680
170.356973
170.484526
172.313475
177.767312
170.153225
170.247485
170.206307
170.356355
172.356505
170.401530
170.885074
171.821257
170.467752
172.547969
171.562604
179.589265
169.939921
182.201765
183.311983
183.127702
184.827954
184.342627
180.459800
178.947061
166.975422
172.558492
183.833232
183.301596
183.237765
182.885192
176.224606
170.785522
170.805667
170.023000
171.868153
170.131194
170.439927
172.453624
170.588290
170.697126
172.675794
170.820189
173.002921
170.721682
172.254895
170.897623
173.261584
171.686437
182.880483
169.979710
172.251646
170.217521
171.859763
170.794448
171.987303
170.886552
172.160068
170.848486
172.200239
171.398282
170.974368
172.918572
170.771867
172.720707
170.847751
170.886475
172.436179
170.654506
172.552443
170.625015
171.021878
172.083798
170.562033
172.513973
174.293599
185.158472
184.068961
181.957246
169.917959
170.537990
172.112448
175.636849
173.303986
172.935814
170.565927
171.162768
183.505287
170.839997
179.685523
168.284615
171.168031
171.288828
171.185789
171.307129
173.248578
171.308135
173.458587
171.343664
173.257709
171.496398
173.085308
178.580154
174.026011
172.190495
170.580246
173.257970
170.773929
171.267234
172.890646
171.029537
172.804800
171.259013
170.947167
174.759388
170.678394
172.571833
170.671622
171.025191
173.204678
171.281333
172.930198
182.057042
169.984857
172.700700
170.277104
172.368042
170.990869
171.598486
171.708422
170.631709
172.789260
170.879370
172.888532
170.820729
172.889424
170.648746
172.994594
171.031469
172.972281
170.846819
171.239252
172.024164
170.948718
172.970335
171.324511
172.538589
170.871629
171.257492
172.203209
170.985001
172.941644
170.986123
170.935614
180.074709
171.040584
170.786983
170.514022
170.289197
173.837405
170.670184
172.469886
170.941419
170.571278
172.834609
170.764964
173.451979
170.678974
182.527254
170.605767
171.403232
186.117004
170.319240
171.086414
171.050079
170.841574
170.924154
172.778456
170.904673
179.505076
171.316121
171.330752
171.349276
171.068352
171.989663
172.059000
171.088369
172.963817
170.879383
172.537390
171.268341
170.847357
172.847847
171.188728
172.808174
170.955476
170.947832
172.668698
170.630895
172.875816
172.548153
172.552563
170.903111
172.896161
170.473970
172.860822
170.960999
170.799219
172.574962
170.712562
170.837529
172.897154
170.828461
172.340469
171.640525
171.244628
173.385111
171.556938
172.013882
172.272710
170.862870
172.261843
171.647114
170.691156
172.753271
170.994792
170.795233
172.847954
171.039212
171.032713
172.879701
171.016882
170.876522
172.556855
170.641121
171.000145
179.010204
171.192218
170.946113
171.046304
171.204984
172.230543
171.762496
170.886875
171.090764
172.921581
170.826802
170.706809
172.566546
184.664420
168.999935
170.848049
170.981781
170.756127
170.616450
172.877464
170.482413
171.277570
172.472998
170.637982
172.102825
171.211225
170.532365
173.317317
179.649077
183.108000
182.851415
183.632993
185.243410
182.871136
182.952667
182.659580
184.569557
182.219911
180.483646
174.716510
169.839914
170.536633
170.718711
170.647040
170.795803
170.875442
172.449724
175.647549
170.695692
170.743092
179.770840
171.257969
171.329538
171.173011
171.022328
173.139638
171.208698
170.861422
172.713113
170.899187
170.820226
173.727693
170.661150
172.026682
171.341557
170.767796
172.007238
171.931913
170.856352
171.824768
172.671121
171.172869
173.492158
171.341331
176.402160
170.750697
172.392084
171.174813
170.706817
172.690088
171.075075
171.317768
173.270135
171.241268
172.104689
213.085882
164.977355
165.018891
165.012682
165.017749
166.998992
165.038753
165.042819
167.004769
165.039572
166.993017
165.139728
167.306953
165.060029
167.130210
165.035292
167.152451
165.029082
166.974506
165.291636
165.210778
166.870876
165.387304
166.454482
167.064854
165.063234
165.019303
166.913042
165.052993
166.842255
165.185621
165.050023
167.030923
165.018741
166.986587
165.007870
165.043722
166.996463
164.976245
166.970212
165.078442
164.968971
166.952818
165.070036
165.075186
165.023211
166.765455
165.003461
166.868359
166.648666
165.005428
166.631809
165.326030
165.015129
166.909634
164.806225
164.791472
166.789829
164.762030
166.336127
165.969606
165.000811
166.376867
165.477062
165.032717
165.856809
166.060638
165.008554
165.009905
166.963049
165.021299
166.771741
165.954427
168.437500
166.821283
166.512470
168.265161
165.994238
167.891295
165.834093
166.307425
166.986337
165.579032
167.790054
165.685710
165.561370
167.506887
165.626705
165.721152
167.709001
174.021903
165.523070
165.554244
165.567918
165.524364
165.567771
165.586620
165.377939
167.243610
165.363242
165.318101
167.140193
165.243546
165.842668
166.536334
165.253833
167.180407
165.232326
167.751032
167.118438
165.241604
166.902117
165.514488
165.216189
167.468671
165.316929
165.317054
167.231274
165.502387
167.507767
165.440689
165.451679
165.761140
167.168455
165.418440
167.475371
165.449702
165.454954
167.234546
165.415451
165.373612
165.553751
167.338546
165.451700
165.434895
165.395353
167.326135
165.443669
166.091275
166.615896
165.189176
165.209789
167.124188
165.194003
165.416091
167.547005
165.226319
165.188738
167.156940
165.196652
167.746825
165.140030
165.032794
166.871705
164.995644
165.005676
166.951955
165.084870
165.021384
165.049103
164.962272
166.834495
165.039930
165.001984
165.044835
166.985679
165.001635
167.034211
165.243148
166.495785
165.561165
165.061340
167.142283
165.012231
166.950130
165.029762
165.842157
166.219748
164.994005
167.045972
165.031218
166.169695
165.851048
165.097446
167.058802
165.214378
167.324163
167.884717
166.300511
165.395034
167.383952
165.375802
166.746180
165.988760
165.459410
167.404688
165.548785
166.256639
166.873853
165.399871
167.437048
165.454730
165.369882
167.317961
165.476804
165.659946
167.561713
165.029715
167.085408
174.185835
165.507154
165.065164
165.035288
165.021538
165.028164
165.056221
164.997741
166.839066
165.021125
172.718917
165.048456
165.070700
165.079694
165.261745
165.068311
167.063636
165.044102
167.567972
171.629384
168.764433
165.582083
165.453616
166.566819
165.009784
166.987792
164.993714
165.896192
166.135889
165.012279
166.994553
165.063469
164.976483
167.035590
165.160299
166.051361
166.417003
165.083660
166.997867
166.764189
167.967555
165.047424
165.075225
165.097664
166.153620
165.928394
165.052390
165.021142
166.946331
175.436224
165.054737
164.993955
164.991447
165.051296
165.042866
165.073979
174.919502
165.548723
165.536838
165.581809
165.613966
165.569928
165.955576
166.611009
164.953951
166.994828
165.031707
164.981492
166.855042
168.041753
165.011771
165.010551
166.604893
165.341944
165.073408
166.079389
166.206652
165.273526
165.205501
167.093652
165.202424
165.210463
167.127167
165.242764
165.213169
166.061907
166.396921
165.201667
167.692773
165.270534
165.163859
173.977818
164.994421
165.013518
167.031454
165.043839
166.671105
165.366473
165.258129
167.337178
165.388766
166.668347
165.887877
165.297005
167.339853
165.412744
165.185373
167.863847
165.158345
165.224037
165.845708
166.560172
165.201049
167.115542
165.216231
165.156133
168.022983
175.054730
165.200447
165.181400
165.273088
165.215597
165.223355
167.809572
174.973398
165.246006
165.010830
164.996969
164.991827
167.029177
165.019251
165.234860
167.028197
168.678115
204.923726
164.944444
164.997159
165.038126
165.040165
165.030078
167.038562
165.029153
165.002496
166.967981
165.305434
165.060450
165.031445
166.969282
164.964689
165.018063
166.929407
165.041935
166.716130
165.255833
164.968265
166.873668
164.723546
166.234342
166.767797
164.994382
166.995796
164.998680
165.596155
166.462455
165.034950
166.980776
165.020868
165.015234
166.971544
164.996078
165.815160
166.198164
165.023607
166.451660
165.370671
166.165334
167.001232
165.037121
165.061430
166.944987
164.985577
164.996654
168.167475
166.648881
166.489169
166.496793
167.410724
167.513059
167.128240
167.050373
165.687058
167.704392
165.859872
165.974053
167.771806
165.931888
167.678383
165.738669
165.803149
167.684904
165.721484
165.739184
167.552231
165.673572
165.518164
165.523808
167.376877
165.382150
165.364023
167.249445
165.447388
165.237296
166.612055
168.329436
166.554918
166.570506
167.048268
167.832596
166.388270
168.516206
166.518757
166.495367
166.281698
166.208725
167.903736
165.566729
166.293778
167.128140
165.596904
167.411148
165.367649
165.456182
167.689567
165.553237
165.581506
167.059690
165.159974
167.134019
165.123182
165.095085
167.053609
165.056726
166.129437
165.848921
165.012885
166.966472
165.011920
165.086086
167.345255
165.307206
167.183839
165.347536
183.396375
183.896615
177.810088
170.118252
170.136263
176.563673
184.298911
177.584751
184.796502
182.605416
169.807504
170.212243
171.810481
170.444569
171.132900
171.553716
170.760707
170.584422
172.649738
170.764931
172.817360
173.888388
171.123216
171.266136
172.335602
170.816599
172.894515
170.883338
172.916026
171.518218
172.079294
170.917249
172.459165
170.647283
173.063737
177.594349
183.057042
185.295196
183.593756
183.635347
182.513484
184.486076
175.652843
172.296389
169.972674
171.438093
170.845078
169.896831
183.081929
170.453862
170.214410
176.127588
170.626838
170.586546
170.610656
170.835364
172.232717
170.643380
172.805028
172.744077
170.632522
171.615673
172.218709
170.799327
172.714243
180.107843
170.866023
171.647210
176.080673
170.671400
170.932965
170.709005
170.872406
172.870602
170.614895
170.623288
172.629732
170.595228
177.769489
187.209426
170.261693
169.716131
169.656534
169.611382
171.446832
169.801732
172.085520
176.018201
169.568088
171.641291
178.809002
184.800578
175.220377
171.767386
169.974998
170.483204
171.558988
172.127018
175.992028
169.757092
171.752634
170.071574
170.337360
172.042435
169.849799
181.485392
170.164640
176.490096
188.808244
183.085397
175.213398
170.623238
176.514593
181.874808
171.057937
170.029493
172.113096
170.302949
170.258753
172.102525
171.179415
171.402943
187.388312
169.501346
170.612589
170.592619
170.917889
170.727354
172.676739
170.787739
171.239263
171.983402
180.288344
171.120720
178.744794
170.351267
180.278029
179.147469
178.968264
183.023852
181.765040
180.540292
178.715638
170.757852
173.695064
174.762200
170.677073
170.713535
179.400113
165.781680
170.789353
170.881551
170.854630
171.013381
172.939771
170.817433
172.862968
170.830344
173.007718
170.929566
173.294043
171.174571
173.104412
175.236915
182.358332
172.278791
170.364564
172.666956
170.797143
172.946267
171.152848
172.974676
171.633579
172.714287
173.251065
171.397099
173.167715
170.820535
173.097213
171.027841
173.106441
171.007905
180.880820
172.511263
170.546022
170.716129
172.826072
170.942928
173.151120
171.102752
172.240385
171.788329
171.780105
172.673187
171.110034
173.141060
171.188920
173.072891
171.018122
172.906843
170.960503
172.765638
171.430241
171.124326
172.977425
171.817053
172.116539
171.222137
173.212845
171.547607
171.141274
172.473072
170.830021
172.868368
171.062299
170.880757
172.780783
170.864781
170.820738
173.093748
170.674628
171.932134
171.089736
170.663878
172.814261
170.745345
170.914922
172.956857
170.933326
170.874826
173.111439
171.154598
171.104052
172.881166
175.111431
164.798739
170.381151
171.446440
171.398066
171.327256
173.714677
177.010356
172.472186
170.945837
179.243881
182.614309
181.350300
169.983554
170.311257
170.544280
176.918692
171.298547
184.525675
182.665724
182.583882
184.070586
184.914236
182.345486
170.193476
172.564988
170.825732
171.897716
171.620283
171.065836
173.001588
171.239263
173.141235
171.215047
171.802455
172.530388
173.296147
170.914543
173.084482
171.274924
174.213343
184.378362
182.388414
182.217117
182.747057
182.174852
191.037233
170.354067
170.499843
170.619592
171.018236
182.616661
171.529652
170.179324
170.332037
170.597069
175.200460
170.374019
181.860766
182.247926
173.994542
170.515214
172.524312
170.653656
170.536863
178.766126
173.001289
172.808179
170.914408
171.951412
171.900952
173.236510
179.282861
174.346403
170.984945
171.054188
171.107683
171.085212
172.937778
171.032402
171.590530
172.893938
170.989377
170.819721
172.697119
180.468261
177.688668
182.748459
182.916943
172.806002
170.276978
170.771708
170.828022
172.705533
170.753676
171.021743
172.676600
171.028188
172.908265
170.803538
172.837154
172.960673
171.000540
172.637119
171.166011
170.996977
172.989207
170.987044
172.984228
170.887325
173.071362
171.042559
172.950268
171.305797
173.367081
171.259990
173.245100
171.287280
173.266399
171.303781
173.333453
175.698034
182.713197
184.432338
182.922532
183.010643
176.627209
175.225815
170.115699
172.280882
170.907964
172.979479
170.958564
172.679073
180.437336
171.264341
171.022536
173.077962
174.359640
182.042146
171.164814
170.859876
170.589539
172.698899
170.706075
179.160244
182.692258
170.367459
170.737765
177.412736
176.382151
182.583493
182.262579
173.064527
170.615812
174.087102
184.288364
175.977837
182.002551
170.402140
170.426186
170.715943
172.272464
172.747528
170.639612
172.916793
170.855840
170.971889
173.138828
171.119279
172.877965
171.052053
173.266019
171.367150
173.032816
170.919194
171.514803
172.940423
174.814615
171.508131
173.655308
171.143472
172.662090
171.525510
171.538320
172.548880
171.255911
172.651788
170.849970
173.093925
178.732994
170.933763
171.222418
171.166062
170.938137
171.718323
171.667751
170.816029
172.898505
171.104639
173.226419
171.297405
172.636526
171.700020
172.901693
171.432647
172.434605
172.020131
171.025344
172.718682
171.887948
170.640911
171.255758
180.344675
167.580564
170.595970
170.517224
170.627687
170.853314
172.690005
170.771971
177.320166
184.272757
182.736059
182.343654
181.992545
184.254656
182.524956
182.353479
183.048569
185.020545
183.240106
183.366639
173.493849
171.081231
173.004652
171.140104
173.235105
172.241144
173.407950
171.200679
173.118205
171.101189
173.300379
171.050908
173.000700
170.917214
172.897548
170.939617
172.689051
171.346051
172.144838
172.023875
170.951913
172.885901
171.077803
173.115945
171.111541
172.961783
171.183256
172.214934
172.446321
174.957491
170.958256
173.166740
171.088978
173.158513
171.279714
172.099210
172.167807
170.810719
173.120904
171.243915
171.051855
173.078837
180.688761
181.501478
177.558524
183.822799
184.251846
182.835374
182.776488
182.914638
182.174096
170.175441
172.110874
170.621922
172.534385
170.722844
170.552603
172.636731
170.869217
179.501732
171.123820
171.024891
171.013319
170.910481
171.707258
172.090826
171.059633
173.075170
171.025471
183.409518
171.175029
171.129444
170.999298
171.027386
171.717837
171.025010
171.364279
173.087872
170.836087
170.719015
172.913999
171.078266
171.508631
172.250138
173.156890
183.028540
184.198538
182.779298
182.875529
181.609068
183.643412
182.778887
178.709307
171.281174
172.601373
175.753752
174.442638
183.675893
172.385461
171.018007
170.898733
170.756434
170.822306
172.733998
171.632334
171.426327
173.105244
170.709242
177.712875
171.089928
173.128336
170.966377
172.268937
171.795772
170.819743
172.849267
170.925084
172.246689
171.595673
171.289140
181.204379
171.111628
171.182167
171.030364
171.782801
172.660106
170.815762
172.695211
170.652154
172.545646
170.679898
172.658998
170.937124
171.028793
173.009319
170.967392
173.040493
181.218976
170.927863
170.949387
170.640261
180.107728
170.797323
171.125042
171.171393
171.050240
170.926853
172.895430
170.836772
171.790199
171.745363
180.677697
188.131592
178.294627
183.666790
182.942407
182.308112
182.875357
175.267624
177.107975
183.942955
177.620331
170.429633
172.465742
170.658061
172.835918
170.675251
172.175564
171.177474
170.800880
172.941690
171.039873
170.718223
173.010571
170.931622
172.871420
171.013670
172.529048
173.038585
171.110406
173.038370
170.947772
177.394198
183.826250
182.748781
170.499153
170.653353
172.728307
170.958052
172.941127
171.121588
173.142258
171.177854
173.026815
171.035477
173.170805
171.248299
171.172028
173.155425
171.461087
173.680139
184.938853
181.020234
183.228259
182.512168
184.163912
182.223906
185.377723
170.059829
170.523483
170.686056
171.015468
177.983518
184.364733
183.103762
182.893197
182.663461
182.639619
175.861496
170.586562
172.829630
170.726250
170.986678
172.784312
170.892348
170.866040
170.875185
172.666920
170.733908
170.963431
172.739431
170.963855
170.864383
173.314331
170.897846
170.713204
172.560335
170.562133
170.631862
172.560280
171.867183
172.205333
171.097696
173.265006
171.062084
171.052919
172.896945
171.140576
173.059942
171.041141
171.166089
173.212898
171.156334
171.239045
173.274336
171.245103
173.020149
177.079057
178.721866
169.978619
170.037478
172.286987
170.572287
171.939278
172.713122
170.991829
172.430386
175.120540
170.847303
171.226886
171.281669
171.300869
171.412581
172.494889
171.634886
171.079095
173.270565
171.063651
170.562272
177.632424
170.928893
171.179291
171.127550
171.071759
170.997960
171.214347
172.660700
171.460544
171.105703
171.310567
172.748827
170.783279
170.846285
179.130811
171.483412
170.903342
171.053363
171.127822
173.552643
178.016348
171.228560
171.144516
176.330318
