50
67.135710
60.287548
58.880704
70.333450
65.129986
61.460958
67.340248
63.061403
69.441757
63.583543
77.189698
64.557320
73.330226
76.567768
71.222178
62.796018
63.635095
65.632836
55.461149
52.604278
58.659075
60.352977
56.601682
60.464167
60.945227
64.920826
64.485871
63.833181
62.994474
62.038087
66.760498
72.956941
67.539283
61.384897
58.155060
59.572384
59.814067
74.587553
78.892035
76.305374
69.618957
69.388913
68.655031
79.625372
59.019469
63.607325
66.590979
68.107237
74.360155
73.907738
70.151415
63.878946
57.863407
59.890219
66.795909
61.790509
64.764301
75.515786
79.760470
75.432604
78.524576
75.416299
68.983060
73.827864
70.223277
66.587162
68.477714
68.109196
65.163180
69.778428
65.982905
58.676461
65.633736
61.278778
61.429423
60.859353
60.488826
67.687804
59.602467
76.075786
62.604062
70.071728
66.233203
66.255623
65.875528
65.528086
62.722206
72.904507
67.779180
58.163699
70.584973
58.909812
56.591128
60.924649
60.080712
64.322122
68.349668
62.162238
60.973799
66.050270
69.138926
70.620703
71.771201
79.678132
82.775742
66.238291
68.416537
71.348847
72.984930
79.491769
65.805713
73.302330
66.049270
70.143871
62.550835
63.167369
65.009949
62.812309
64.245866
62.809051
59.184885
71.901343
72.484324
71.467094
65.614586
60.873371
61.884865
66.120626
66.735626
66.284379
71.469572
74.066714
66.101089
57.579530
72.605396
67.440200
55.988728
58.875228
57.094650
69.159457
67.281340
65.065949
73.251710
69.594178
62.406711
70.866580
74.718974
69.307431
62.999372
67.483246
66.277191
65.554809
64.471981
59.341685
64.202643
62.328401
66.976638
62.820289
65.612248
63.660133
68.850746
64.610716
75.629735
78.540172
75.747807
65.987755
60.933191
67.811436
59.869321
61.567362
61.272436
61.164017
58.251174
61.674727
64.393273
71.725309
68.231299
60.449849
65.014699
73.149878
74.842305
73.594142
68.531907
69.970846
71.184003
62.443137
60.267703
65.756329
58.850478
67.259665
63.344537
59.946142
65.132014
68.025780
60.287232
65.447675
64.374748
75.394172
64.413818
57.388544
66.468827
64.758971
63.127076
67.807163
70.973514
67.046966
65.866906
63.789111
65.014060
62.136541
61.961316
66.317085
65.137939
65.171310
61.067702
60.817270
59.288324
67.668156
70.290950
71.398235
71.751691
80.927205
66.353096
60.537652
62.766889
66.282324
72.638924
63.006549
73.411617
68.842783
70.040821
72.715708
71.517166
75.660982
71.496301
72.507361
66.670706
71.825468
72.400964
61.333346
69.345494
72.717897
82.546753
54.200721
62.693157
70.277199
57.877169
69.265861
73.038280
73.686035
70.381374
61.762766
66.829392
66.673500
72.329790
75.346506
81.143911
77.676140
76.270746
69.837515
79.287542
77.969203
81.932929
74.818376
63.126248
65.420982
62.869184
62.165659
76.204632
67.756771
66.471032
56.584332
59.189489
74.954168
73.722361
71.861183
69.320256
72.581833
64.958344
65.035547
73.450040
71.181398
61.388669
60.822184
76.980835
67.529495
80.210153
76.612801
69.512936
73.038763
70.229753
72.640313
66.844945
73.692813
72.293899
73.474886
74.923248
77.624493
70.776981
70.822889
75.506123
65.893358
62.612951
70.071349
60.519747
67.745619
65.162421
76.901847
72.952418
75.377867
69.482606
68.765116
77.203901
67.257613
71.374053
69.245931
60.943539
60.341288
48.498274
72.776202
65.932824
65.418670
66.209478
68.602716
68.297947
71.656768
71.537340
69.673744
67.898412
68.533423
69.321320
70.899543
73.071714
76.614740
66.208679
67.598019
72.050766
61.773162
66.932411
62.433926
66.531174
73.898628
62.598802
68.437146
60.373392
62.577626
63.518695
73.649346
70.736712
62.420267
64.615626
65.776240
60.999367
67.224297
64.465921
64.546803
60.142759
59.319635
67.523992
68.304378
67.972826
65.721845
72.815182
75.171002
71.581989
67.978557
65.515265
68.452424
62.730468
65.932699
67.544422
63.752854
71.146795
65.355614
70.477397
70.198127
64.006703
65.090864
65.328429
62.715253
65.007915
62.849133
65.860464
62.216426
68.038822
65.360019
60.131881
74.992019
68.645995
69.024392
78.010183
71.711050
68.893104
61.575578
68.890834
77.206160
63.349727
63.434020
58.371325
70.384059
65.671804
67.618365
74.857807
71.290972
65.628428
58.599250
56.344460
74.183604
80.849268
72.150448
64.548577
65.409071
62.492024
62.563242
60.952442
57.248282
58.550276
64.933880
62.662963
62.922489
64.170989
63.949462
61.399887
68.911134
71.354926
76.332739
75.685184
74.940151
80.561636
71.457158
69.725824
61.323099
65.351883
69.203652
59.675897
63.970368
65.060129
59.728292
60.961523
63.535371
64.523711
71.576307
71.642561
67.546409
62.905954
62.070167
60.607303
74.207795
71.828814
67.946598
64.849509
65.178676
66.046287
65.611616
64.329046
62.801549
70.201105
67.159363
64.339154
68.151826
70.980727
68.382420
69.947387
69.869007
65.964446
62.840114
62.321274
65.222211
64.373359
65.564445
72.083230
67.841881
64.478594
67.181463
69.944497
60.909657
66.696617
60.808564
63.884068
70.521947
70.292948
75.929742
64.672393
65.028812
69.307609
72.575237
67.329880
66.461844
68.411039
68.087051
69.232040
68.203285
66.425479
64.645867
64.887871
63.810278
66.055438
63.498685
60.268765
63.253299
68.344248
68.889225
63.869647
65.182935
69.951394
79.535251
65.749987
65.853912
72.496724
68.879046
71.743193
66.573088
69.864210
70.549882
67.821720
60.877429
62.671982
61.856303
62.969082
63.008453
69.443524
63.075420
64.035929
66.258557
67.899300
70.276271
67.766592
64.959085
63.637319
77.374041
68.280515
66.816017
63.705004
65.332598
67.161849
63.330564
59.254606
63.091862
69.386530
76.043422
68.878766
69.602216
65.618402
60.023672
65.717146
67.817699
73.242825
69.096094
66.760673
63.781922
56.885485
66.303599
62.585456
60.882643
68.528144
65.363552
72.113833
63.670367
68.359466
62.624547
66.919180
70.861316
66.911536
64.177196
65.180416
63.627910
67.107755
72.947733
72.847476
70.827564
77.339669
78.444827
74.741398
74.858061
71.133050
73.541339
82.312339
73.079089
74.509718
73.522598
72.826574
73.109460
57.066544
66.663419
74.618860
67.615411
71.102952
71.270821
75.574464
71.699992
73.777676
68.824192
76.426237
70.044504
61.671439
72.407669
74.021492
68.726564
70.426702
67.202012
79.132226
69.249147
63.275470
62.687464
68.483413
68.002655
69.145690
63.895185
68.842874
71.130982
74.175890
72.585837
69.329310
59.271036
59.870016
67.917239
61.832330
65.280295
65.517229
57.328614
78.880835
76.224341
69.973538
67.807076
58.889019
66.642411
71.034956
58.717666
62.171700
70.679110
66.455242
58.896838
60.362963
56.392901
60.458852
58.921202
64.804426
68.665284
73.765012
61.642870
66.886965
80.918319
68.409400
71.733585
69.138317
64.883897
76.261147
75.545429
79.177451
73.666644
71.225553
77.792903
74.690934
65.259179
65.055072
66.261367
61.949290
58.987839
58.517437
62.970093
65.662195
64.574523
68.244620
67.792365
73.441562
70.970604
63.041295
63.571784
57.632886
69.087971
79.274182
81.190984
64.880998
67.880539
69.036268
68.692155
67.062568
66.419551
63.488575
63.210641
61.826871
78.605706
65.322807
66.306907
66.566096
55.982395
70.051417
71.367387
68.682046
65.170088
73.460791
75.515722
66.781898
64.958820
71.405015
61.428121
62.932574
66.402686
60.668290
64.388282
56.972053
62.422612
59.045452
68.630937
67.159843
66.731061
64.956038
67.171593
60.930164
59.650124
64.075561
64.401088
55.832682
54.693059
62.389850
71.365903
66.425642
65.111114
60.840506
54.744324
55.816327
61.631602
53.473479
63.655396
69.964617
68.792038
58.306286
54.922851
60.716790
62.668397
63.383029
64.100229
63.608215
64.061040
68.082674
66.075643
66.718425
76.891673
70.887798
80.976936
79.668700
62.866073
68.240385
65.302673
79.356030
85.285043
81.567275
80.804480
63.362230
77.839705
75.661250
66.970028
59.289338
63.061834
63.918320
60.818912
61.903937
58.878109
61.846527
73.332105
79.359947
67.190528
60.032020
60.215047
60.106477
62.225738
59.312799
59.592512
60.683672
60.422359
60.831820
58.645284
57.962744
72.063823
71.529800
71.821622
68.252288
71.424174
67.747601
66.461661
63.236833
72.158186
67.443695
67.720188
62.286880
68.665408
59.355615
63.838452
64.281767
76.401888
74.017134
71.043300
71.997380
93.875537
224.393982
57.805341
60.066317
58.200621
60.551526
66.432519
70.040619
68.583820
70.172106
63.421695
61.803831
59.355482
66.496968
65.413032
47.353093
46.266939
50.027586
74.168982
79.105277
52.303590
55.500636
58.000266
56.273695
60.689853
63.497581
71.758951
66.055436
59.264854
58.067935
63.278313
66.880343
68.549671
74.242498
71.246550
74.831126
62.668652
59.527379
63.076717
66.771945
77.077326
68.304687
64.373516
67.058353
71.452914
68.498085
69.939409
59.147741
66.339215
74.624433
67.163600
60.206819
61.041475
68.238432
65.450973
65.146250
61.043152
64.155295
65.328464
63.749633
64.345712
61.695540
58.525627
56.516316
65.995032
65.876624
69.742928
65.328279
65.401037
61.870665
65.449668
68.701908
65.281388
69.515875
72.307909
64.306092
64.820273
63.593346
59.674626
64.211024
65.134783
73.404356
67.376502
68.978280
61.908818
63.690181
59.380712
70.500647
62.258656
67.669010
71.646958
72.226364
67.143109
67.252811
73.282482
71.886944
72.384951
69.113304
70.078691
71.514411
69.071364
67.196413
70.185419
64.788331
61.922466
60.046144
66.817935
70.295026
59.490619
62.934945
59.362023
60.032557
64.020209
65.074443
68.291539
76.786787
69.210297
68.183208
73.139981
71.637812
78.903349
71.036625
71.205301
70.601027
70.615919
68.582296
68.029512
72.488161
64.045047
64.396916
71.126803
71.733482
73.373362
73.745165
68.311823
70.568209
74.386668
67.729046
65.235431
71.289790
72.118152
72.246289
69.222548
72.393513
74.212909
61.477590
66.917039
69.683377
66.260412
60.452732
62.110680
65.563676
65.091461
70.239628
67.996015
60.270951
56.298894
59.442598
64.578475
71.649593
66.850801
67.931134
73.548152
69.085943
62.687774
54.428643
64.375434
69.743549
64.906408
73.154907
72.768921
73.965188
78.876789
66.876420
68.604005
61.642149
70.326859
71.936374
70.025836
68.910015
74.428354
70.882636
78.033836
72.832475
72.210375
71.136721
66.154797
70.961424
64.096753
76.247043
67.695917
73.936775
67.339374
67.884763
65.257134
69.798618
69.233566
77.520311
68.992617
72.008035
66.233558
67.090580
67.468905
54.872015
59.004447
67.515150
64.989018
64.809983
67.193627
70.706171
60.204911
61.543024
59.597511
58.633423
72.399992
61.877730
66.089418
65.632241
63.719695
68.357873
67.941515
68.006655
72.533331
60.207134
64.838673
71.918327
74.293547
70.548846
71.602923
67.983461
77.125640
63.311387
69.833555
76.265770
68.424989
73.003824
75.441506
67.940498
68.287134
68.270510
65.801915
55.233888
65.088757
68.090339
71.335327
70.232899
71.549930
71.289284
73.394206
66.555397
64.657773
72.110772
63.006594
64.599312
66.291881
70.689957
68.160329
73.234185
63.513644
57.172155
66.786123
64.831127
60.569248
66.568047
67.217216
67.100875
65.305213
66.727636
68.424357
65.710294
62.084036
60.287338
59.909986
63.234833
72.086253
65.471109
70.343451
69.936378
71.187209
72.601090
66.736508
67.720032
63.075143
58.779876
66.282222
68.605892
74.330945
65.606473
65.407767
68.453928
60.526546
64.952219
57.308494
63.667062
60.696409
63.062332
76.271955
75.244829
66.581286
64.447827
78.190775
79.673369
76.801254
69.146056
72.173951
57.812767
60.950074
66.788344
65.139502
60.714013
66.464547
62.076930
67.824453
85.039776
73.897504
69.767391
75.770628
70.854649
77.950447
67.545428
67.857382
61.354664
67.161892
70.569513
74.781481
66.090226
63.620847
70.073486
73.776329
76.459073
67.041945
70.976426
65.200563
70.968437
69.716572
67.252170
62.568851
64.127608
77.833865
68.191412
67.119026
65.455734
60.682494
59.723752
64.610522
78.448489
75.272890
64.188107
61.520968
62.680371
73.596083
79.505648
68.875910
67.382278
75.244339
80.471009
61.706097
59.672841
62.202923
61.762958
61.275464
77.859630
66.951026
63.068275
69.665950
70.894604
67.307364
63.986781
66.910105
77.683016
71.009786
65.567466
55.361384
57.990986
62.998465
73.097981
77.085618
61.697559
66.051931
63.816832
70.191113
64.943309
61.101105
62.470154
63.968453
68.163989
63.963058
61.491666
64.513508
61.042891
68.673483
59.381973
63.423305
59.880293
62.696254
60.987228
59.776965
60.054900
60.995131
66.320047
66.203845
65.660960
64.141569
65.302816
65.578516
62.740135
65.373207
65.741878
65.156326
67.177472
66.181030
66.404699
67.536012
69.785810
69.896071
74.147099
73.433708
78.036890
75.284362
74.084321
68.154595
71.506942
72.812320
67.886481
77.183994
71.260290
66.611286
70.315875
65.846774
74.548021
72.249701
67.868996
69.302975
65.008937
64.352007
57.156334
67.478963
70.024656
73.275304
73.816841
68.471067
72.097256
76.271582
70.782003
64.956985
66.781973
65.722706
66.329502
62.237580
63.447943
70.009208
65.733955
61.531671
65.427452
70.790717
64.348403
65.356179
59.883964
61.720201
69.543130
69.301483
75.505960
77.851767
69.068691
57.484252
59.241548
60.709992
69.872480
68.775680
69.382647
67.215593
64.878893
78.382679
69.916958
65.126830
66.518768
62.783365
65.074933
67.361178
61.911186
65.819412
65.203223
77.358046
68.966864
70.011208
67.619008
64.710334
67.927945
73.447426
75.717253
70.213807
69.848577
62.857848
63.771124
67.254187
64.438524
62.642166
65.207562
65.400238
62.138208
63.883824
72.443137
70.421525
63.963442
65.113398
67.760127
62.357184
63.120271
62.003221
69.467785
62.451227
66.954488
61.081113
64.632976
71.425193
66.939933
72.414254
72.504618
67.216506
59.610210
60.451930
64.350087
68.313114
70.324503
64.111601
62.276223
64.507869
60.307442
64.222469
62.891607
68.139356
63.979178
64.399563
60.446763
66.213719
72.169681
65.811072
74.724530
72.860847
68.051989
62.201173
67.607941
60.985870
63.646045
59.764438
57.824567
70.257844
59.791369
61.672527
62.461875
69.256389
69.333122
62.749530
70.657277
65.578452
64.759624
68.873490
69.598395
67.329654
70.108659
73.693332
70.034590
66.464686
65.832304
62.882844
65.362723
70.543780
70.718997
64.012433
70.766573
75.630316
69.820468
69.637533
62.621123
60.770651
58.960787
58.500134
68.638245
77.692750
67.736051
65.912326
64.678443
65.251914
60.274273
60.374969
63.584803
59.061413
66.468644
74.929890
65.178698
64.930904
63.156899
63.416773
65.937510
64.052120
63.980926
60.867267
65.235860
61.638454
58.934645
65.913095
67.397743
79.663819
74.017803
71.307963
74.336657
75.214635
77.164055
74.274698
75.066087
71.278584
71.866743
75.114340
74.912726
70.055328
66.781976
79.680548
71.217677
54.293031
62.593753
70.047506
72.093811
68.093936
55.356746
68.997883
58.386031
68.596888
63.975147
60.554102
60.882942
77.839462
77.307755
66.452255
61.458123
67.296072
61.613284
61.485361
63.837937
58.308411
65.928851
66.381373
60.586514
60.968559
62.119211
64.615373
69.793631
61.189147
59.948846
62.583087
68.076732
62.382247
58.353168
61.885711
63.318404
76.523660
65.082358
63.599520
57.413376
64.490151
64.684566
67.397644
61.325141
61.617547
79.218626
76.782408
57.837799
70.512859
70.809411
76.957523
74.011972
62.329800
74.365725
76.984338
73.098211
74.630485
74.003859
67.436366
66.138014
65.627144
68.023318
68.597508
73.266965
70.230011
67.339735
66.060321
62.782602
66.134384
66.245942
62.777021
61.433330
55.938458
62.267007
71.570471
73.053994
72.506140
69.274095
69.414923
64.644787
63.563415
65.289337
62.881036
66.385926
57.596592
62.298041
59.540644
62.018357
72.369061
81.111644
63.641222
79.465978
73.983679
64.532432
71.186329
65.740897
65.313835
63.820453
64.295027
65.406834
67.322414
62.194519
73.975598
67.222129
67.683472
64.230348
61.441334
70.426907
68.003921
73.647309
74.214938
69.181812
69.255826
64.409957
64.703742
79.815091
75.608983
81.130076
80.465850
65.361912
69.875904
63.635955
66.779984
61.807621
61.773147
58.425611
73.000212
62.247502
70.628003
65.805251
59.435995
67.548494
66.806319
62.410587
63.378339
61.805572
61.673767
67.077882
65.872253
64.285915
68.087869
66.341620
63.599736
59.995851
69.120744
74.374697
70.758854
62.753395
71.598589
64.832252
64.074755
63.240929
70.733528
72.316182
70.542642
77.027777
71.970185
64.988247
58.923114
59.448599
74.684718
76.044347
67.888389
66.766875
66.159850
59.081184
60.746108
71.437541
61.727067
56.233304
63.527655
74.897297
73.291061
75.052150
82.960167
80.030077
89.743111
98.667443
114.269400
112.526385
115.050753
73.890392
67.767447
56.274085
75.887118
69.121768
60.108573
57.311212
61.532229
67.392109
59.175163
58.830575
60.440904
61.994758
56.074638
64.563145
74.693888
65.308947
79.456474
63.754891
60.247925
62.684286
66.492075
62.837334
64.550207
67.282943
66.945315
57.746013
50.573493
49.693052
60.297462
56.901053
58.783385
56.649855
58.725395
61.969887
69.224988
69.925835
64.076324
63.973533
64.491001
63.348721
73.527189
76.051225
74.453747
73.717137
68.501350
59.854076
66.166765
71.372485
78.016001
66.330537
59.730859
61.980506
67.206648
71.235878
77.071939
74.943981
75.117995
68.500935
69.021351
61.774923
64.376812
68.250550
58.578551
62.070648
63.721036
71.862126
73.136979
70.046275
74.552862
68.147551
68.655235
71.718504
80.644787
65.449474
70.992647
65.356654
74.525263
71.332825
64.649941
64.589183
64.623612
74.230780
76.793905
84.865370
78.341259
62.768336
59.941533
69.382292
72.533740
60.037290
67.892716
73.483039
75.573352
71.853337
69.070628
60.103510
58.620256
75.344780
79.478382
66.644394
67.931261
64.123675
59.938898
67.911304
68.631066
70.472795
73.346950
79.837627
59.132467
56.313925
67.250281
63.326694
63.861022
63.763217
66.219318
64.033068
66.066461
60.855035
66.335404
57.795635
55.497565
52.376162
77.617366
60.177313
62.730973
54.081137
69.144111
76.162885
80.116111
79.400864
67.573910
76.934361
69.215282
67.097535
62.447500
62.655616
60.902661
69.819052
66.245149
59.862385
60.011805
59.425688
76.459955
68.641841
59.646139
58.770319
63.349429
62.757822
63.354260
67.228670
72.603812
71.233285
69.122386
70.941365
66.022616
71.037548
72.022356
70.728262
66.787035
67.955681
64.542238
60.610553
64.357173
64.001501
66.344089
72.248118
71.759078
69.148094
66.794953
69.946046
70.529208
69.587439
60.117688
66.144163
73.992024
72.986812
64.095759
66.824135
67.083819
63.362786
76.994242
69.297389
69.380297
60.899413
62.397117
65.229550
63.974872
78.289164
76.774355
77.832540
63.180185
67.843672
62.231959
58.925389
64.973064
75.866638
68.339377
63.646046
61.359736
59.633052
59.990978
60.887149
55.965244
75.583103
60.889742
67.483237
69.335398
76.189910
72.458302
71.591142
80.617255
67.696722
57.974489
64.941155
62.994042
62.080322
62.661933
63.103074
65.057459
65.360960
65.095868
65.653523
67.988691
70.336432
66.707933
69.387825
70.135880
68.801591
65.126300
63.662503
63.137840
64.639257
69.230265
68.931026
62.890887
65.615556
68.756063
65.166282
68.921366
66.313165
67.782148
67.817892
69.489509
67.591720
61.621441
62.474919
61.816336
70.025279
60.988776
64.759085
70.729602
72.296479
62.610140
59.192789
64.815781
59.962812
62.011952
61.852556
69.169500
67.452908
61.336955
61.345458
61.060269
61.997757
65.109455
59.375742
62.903428
62.702720
61.545012
66.494099
73.642973
82.733613
77.122362
74.892878
76.583144
73.966754
73.190875
64.897319
55.844959
62.099207
65.377498
68.799757
74.524863
78.983151
74.083818
70.589084
67.395756
74.057855
80.049447
71.245555
72.056183
71.913170
78.413906
78.704157
67.670763
66.438624
70.799490
67.654962
64.112501
61.125801
68.245942
63.510234
55.839285
62.518690
66.871127
62.052069
61.023814
70.411510
65.568570
63.949753
66.751582
70.921832
67.033815
74.997882
79.492480
64.460332
57.937604
60.966841
67.585381
65.471332
60.168493
53.833001
62.611817
65.882849
60.996484
64.744347
63.426367
65.786820
63.672208
70.213752
66.975861
80.535180
73.318718
73.532293
70.525989
61.750463
74.397030
81.343678
73.657669
74.206155
73.671170
74.808746
73.880255
66.845655
65.775674
67.592496
60.740008
73.208718
70.852656
79.041812
66.818159
70.621177
73.967119
76.088732
70.821422
68.487567
66.209744
62.718787
65.845183
70.953058
67.464557
65.746767
55.283361
62.267439
71.900541
66.040721
66.303909
68.560689
73.497278
74.781367
60.979424
64.620090
63.525388
62.717841
69.362249
62.711723
65.208164
67.106835
68.902495
66.795793
62.106901
71.395246
71.504284
68.311839
59.298680
61.653213
62.778186
71.669826
74.173201
67.715821
67.332360
62.706693
65.380717
60.350585
72.319327
74.395081
60.061855
59.686037
70.714915
67.371852
63.171595
65.754671
56.493387
62.983534
67.825711
62.091137
62.208944
65.162591
69.545523
62.969794
68.893927
65.499698
61.459019
70.520909
62.435065
66.475357
63.314184
65.587145
66.128390
59.425627
58.197718
62.250494
62.898375
65.473463
66.122308
63.711322
62.544632
62.008088
62.312300
64.653289
57.952754
60.488197
60.200742
61.845130
63.942478
63.340512
63.141269
61.436454
63.348593
66.211903
74.695322
63.409359
69.100622
71.011270
63.556374
63.861796
64.496610
62.512226
61.401294
70.528012
66.166401
72.666984
68.038232
64.186140
71.905103
64.915436
58.684724
65.814471
77.275106
72.252207
72.860147
62.638615
68.505916
63.454736
59.222290
61.885163
67.504794
71.226327
62.643949
65.394228
69.537725
75.223241
65.756961
66.008687
59.066932
55.188672
64.191980
65.775638
66.069708
62.887367
70.958594
73.763189
73.232652
75.795642
70.010163
65.756104
72.247675
75.955957
76.448958
74.749548
78.099130
72.339704
75.441135
76.591169
75.855519
75.635218
67.915771
70.395741
71.811472
69.383275
74.402154
67.959890
65.845323
67.955228
72.133143
71.865325
66.046009
62.969831
60.926449
61.398325
62.714117
67.020978
59.644115
61.895257
63.898913
62.790820
63.279853
66.027715
72.260086
69.298215
69.361816
67.071974
70.611637
61.370002
78.685371
71.298835
73.670481
86.581640
70.445632
58.846637
63.813432
73.074826
75.214095
60.108799
65.132374
63.851001
69.351713
71.565098
71.656968
77.538983
60.404772
61.162339
62.091688
58.153812
60.544600
71.063493
61.834998
68.658771
66.153038
61.195165
65.658871
61.670294
55.621620
64.854347
70.657993
66.761604
69.612016
72.533368
73.562802
57.268882
65.250390
63.701654
74.836546
79.629813
71.497389
68.547079
61.670548
62.717267
59.653253
73.366852
71.983413
63.746410
66.542952
60.375084
67.808592
67.927831
63.992027
74.126514
78.688560
65.749823
56.732711
63.971161
72.523396
68.690677
68.929425
62.977380
63.493348
61.431330
63.885331
66.867997
79.715927
73.083696
71.233281
67.313131
70.313856
62.248542
61.423202
65.686002
68.754051
73.064990
67.242354
63.940594
65.475277
67.954240
68.801307
65.846078
64.434521
67.302556
58.737113
62.613752
60.077057
63.013958
64.282268
66.147486
62.934226
65.288903
62.028831
67.269727
66.449060
67.648677
63.293061
59.871089
61.972771
64.684900
65.192902
60.745519
65.139670
81.036979
67.503382
73.362196
73.224494
73.030622
65.498174
65.668986
60.972063
58.081318
71.679350
74.775828
66.302464
69.129268
71.302734
74.729019
74.320679
74.150591
65.107413
74.578591
74.132244
74.783871
64.846285
60.714068
58.582064
65.341189
68.931785
68.864487
60.290272
63.917218
62.873154
62.702844
71.347188
60.616704
58.677259
74.240765
65.712710
70.414245
67.892656
63.965516
69.328145
72.400866
59.383747
66.381269
67.398088
64.228381
64.868277
68.234060
67.335502
65.871615
66.171573
63.746432
58.459189
60.604830
69.017606
64.415024
61.734760
63.914722
64.486449
65.900417
62.741058
67.399202
64.121404
67.955413
66.382726
61.723916
65.828649
67.418658
67.164117
68.285201
72.923362
76.425290
77.029707
71.132747
72.078060
65.571849
55.062102
67.764290
64.780182
60.134070
65.719388
74.286344
67.236775
70.826741
71.897556
75.848882
75.534398
71.458052
78.865730
71.459771
76.199913
70.912238
72.421896
68.523932
58.856807
59.177415
58.891138
67.543979
73.595843
77.180555
68.563531
75.824607
70.625237
61.913782
52.388166
55.800887
67.196943
72.189763
70.627190
66.473810
77.244978
68.281791
59.721773
64.957637
63.526224
63.358243
63.908645
66.850308
60.920671
61.192479
69.084907
72.861363
60.771199
64.694837
61.421766
67.114207
65.469485
58.965426
57.016004
57.291398
59.713665
62.777367
60.634627
68.245944
76.035278
67.871089
68.844490
63.783667
64.167295
69.238009
62.481377
67.664009
69.084840
73.861226
75.887704
56.189327
63.104005
60.965880
64.637711
70.579558
74.813684
72.834019
73.092712
66.439443
65.810080
66.894093
61.550155
72.721371
71.195794
61.725981
69.441549
73.037203
67.126885
70.616816
67.326058
65.177740
69.153492
66.952558
67.143916
87.212314
336.649141
64.446745
62.228624
64.209643
67.097400
60.965166
70.164281
58.293766
71.843173
76.114928
71.193594
68.666642
61.304436
62.078095
62.332854
55.794492
59.328779
57.202647
60.414703
62.523183
62.107245
62.976546
60.300184
56.801732
63.403150
60.643371
61.615978
56.734114
63.738414
66.307217
68.460829
58.628558
57.744357
71.863745
59.643813
63.487086
64.835758
69.699977
56.041205
67.158807
67.376174
61.085826
65.929796
60.043340
63.360891
70.486036
67.787799
65.424763
62.608987
68.831876
67.975299
64.928678
72.907321
73.706386
63.025510
65.481340
64.325934
63.495944
68.346619
67.409157
63.644372
74.113079
58.340836
63.478301
70.892181
73.043797
68.522545
65.004813
67.116604
68.826028
77.578297
69.745781
76.948771
69.187707
75.846430
68.045076
61.140515
60.474711
70.245808
60.829446
63.342472
61.365343
67.176233
64.307730
64.637270
68.616985
61.835319
65.972026
61.911266
62.953571
60.934662
60.078939
64.750471
65.620654
65.306506
62.220980
59.738890
69.422445
59.711818
60.525935
64.693952
61.007097
63.050763
60.096559
65.887681
66.883560
68.047400
68.217303
72.302647
69.515776
69.904694
67.174615
73.519876
68.927382
67.635806
72.323467
62.582931
69.313338
61.000614
65.374529
60.957950
67.181212
63.301275
62.576782
63.206497
63.759041
62.564793
63.876510
64.399824
62.793502
63.951462
62.304533
63.919916
67.523210
62.976265
71.014605
67.660133
65.399553
63.384139
68.110566
62.497982
61.959524
60.000708
61.022202
76.808651
67.242712
79.718388
70.238953
62.842649
62.595983
55.629125
63.262756
60.866446
61.933148
67.901696
69.568088
62.611949
64.992543
68.267844
66.170560
65.637940
65.864802
61.963504
67.251010
53.237493
65.023096
75.110780
75.016666
81.229738
81.260853
76.507048
75.294759
73.254728
63.812664
64.792168
69.155599
63.546935
67.144642
64.419949
66.933409
64.415889
64.872228
71.248708
62.592021
68.075059
60.601587
64.212874
55.919283
59.910968
66.247831
72.451455
70.415222
69.041515
64.907238
58.302022
62.417350
72.871733
63.285943
72.543354
74.598042
66.712672
77.151480
76.363141
76.430041
68.845215
79.962717
65.874143
70.616999
65.332651
63.336927
63.375063
64.701914
62.695203
74.869494
66.444349
67.982832
67.546997
74.006041
75.170523
71.966368
75.368657
67.343626
64.222951
68.099369
69.741736
70.347273
61.884706
78.426894
72.258873
69.826802
65.557535
62.578283
68.057243
66.446726
71.414311
64.059502
67.473285
66.767748
72.551831
66.935610
68.633181
71.925006
76.043818
72.813248
66.079260
64.562877
70.613621
75.923390
76.966568
72.199728
71.807848
66.695640
66.579517
63.866982
70.949462
69.076694
68.009007
72.947489
69.783728
72.586196
73.694864
73.268961
77.224799
76.968399
71.321720
71.450273
74.640878
72.200753
66.634683
69.789310
64.588120
70.890567
69.959661
67.384594
61.923335
64.314644
66.373026
61.664498
62.160553
61.624472
62.170169
67.677240
64.665807
70.997685
72.798277
66.156511
64.346353
70.056082
76.110330
63.790403
70.944166
74.588216
62.203153
63.464848
64.578056
68.916830
66.325371
69.053209
77.949209
75.382335
62.121988
58.168185
62.560518
64.741984
68.668019
63.020382
68.081225
74.872328
68.220479
73.013032
67.032507
62.633010
72.437979
65.910038
70.825050
72.433637
64.703877
75.217249
68.210546
67.749432
63.975105
70.070291
65.079655
73.105652
71.315953
69.510178
64.431141
66.843855
65.081364
72.003450
65.133617
60.031588
69.743183
75.381415
72.877642
75.938645
73.474845
77.548708
71.584788
70.798676
68.147527
65.163607
60.769411
69.666817
68.295476
64.854935
61.782830
58.021914
70.390687
72.982281
75.746909
68.763430
65.344929
69.229637
62.701789
68.627705
71.647881
69.208631
66.398631
65.634675
66.131398
61.937534
64.427744
64.504412
64.479676
64.583374
67.762651
60.350377
65.847481
62.561731
66.195066
65.926618
63.337219
70.416123
64.453410
61.325064
66.659191
61.171548
69.321955
59.208872
62.269778
63.123692
69.122746
67.910217
57.055747
64.067590
62.969718
60.862500
62.868363
63.503465
62.427682
61.150081
58.486718
70.640877
76.320873
79.538482
74.210474
69.605132
65.943369
62.950465
64.948676
73.087574
83.427361
76.683349
77.254631
67.199867
63.651313
67.139056
65.060523
66.318540
63.831904
67.269492
61.693320
64.938447
74.566777
72.562493
70.490047
68.903206
68.017004
67.953653
71.754121
70.621455
67.423731
61.243072
58.819487
65.570161
71.540560
73.377446
63.084368
70.045512
65.869943
70.291321
73.889035
62.788625
69.092699
58.968444
69.644190
77.684949
74.425926
71.077723
67.134721
62.747019
57.797249
63.548661
59.832308
58.658639
65.499670
65.513956
61.475611
70.147693
63.942039
78.183663
64.372424
60.371587
59.035029
64.083304
69.043228
73.415202
73.227298
72.064046
68.805977
62.078597
67.037526
59.963819
60.917161
61.233352
63.082611
57.087552
56.270503
65.286568
64.427873
64.711820
58.797652
61.886084
61.971700
65.560975
62.111858
65.734728
60.154719
68.521489
70.062096
73.773450
74.737473
71.390264
69.861715
69.601995
71.262011
64.353108
61.637112
60.104405
66.346806
62.804820
63.222198
66.545198
73.617237
82.880469
77.814888
79.609105
62.542019
69.162638
70.473202
59.794080
65.594693
63.421313
64.069413
61.392415
64.753542
68.131701
65.357493
66.968619
64.907254
79.728905
65.623476
65.267578
62.094031
62.198287
68.960193
62.974198
61.554543
71.317399
68.629506
63.488585
73.255922
70.225925
72.546720
61.683644
72.225066
64.921723
60.328038
73.140688
67.604390
73.109231
70.514912
74.404656
75.731907
70.784100
72.329014
76.979135
71.484649
72.222312
67.402410
68.881864
64.261536
71.639464
71.611329
68.042530
74.208990
77.131654
65.433330
63.917524
68.672063
66.675578
71.450799
62.059784
63.389734
65.787981
62.993091
62.977169
64.733950
66.558068
63.252753
60.018400
66.637335
82.330741
71.749622
75.112325
72.218265
70.605818
74.916685
73.704566
66.921889
66.954422
68.025210
61.829538
67.189088
62.559511
63.083532
62.139812
57.082938
63.047934
61.930309
62.511195
66.668718
61.859053
57.683576
64.163455
61.973299
62.499471
75.762332
71.752414
58.308896
64.948788
75.020402
76.269067
63.466128
60.296121
64.457948
71.590387
60.978177
74.484265
68.203266
69.161566
65.927110
68.126061
73.746652
61.611388
66.488602
58.675136
67.816524
63.470130
63.707113
73.592801
71.543185
74.486163
68.860242
76.432267
68.890157
76.544941
65.561148
68.799013
69.860454
75.877884
69.579759
64.537148
63.527242
66.265254
71.926064
70.353985
69.623792
66.129731
70.792125
70.055108
71.535838
61.558079
60.127926
69.601453
69.764998
72.452316
64.353108
69.692251
67.856060
67.267277
65.644708
54.592314
55.342906
51.836211
57.578322
62.928686
62.377742
65.764218
60.957271
62.377576
61.894796
59.518719
65.722081
62.703193
66.490454
67.101468
67.121912
65.400947
61.893510
62.499406
64.423651
64.325022
60.127192
63.454578
63.592688
63.700902
63.748107
73.477964
77.173728
72.283306
70.210798
73.105160
73.532357
72.577219
60.785404
63.811719
61.610799
64.519658
67.546252
66.644936
70.617380
64.081058
59.920370
73.133153
69.797737
64.507925
64.878325
69.419129
65.716016
77.005911
66.132236
61.609616
63.569680
72.143349
68.551445
73.191457
68.921773
72.277581
77.278979
73.479151
58.312123
62.561369
62.709994
71.611196
61.901856
61.995337
62.804614
58.401495
62.646718
64.511168
64.361870
66.767366
65.803762
62.123950
67.791502
68.387511
73.445637
59.036363
57.548642
56.017563
61.885797
60.561818
63.684454
65.924933
74.970425
67.150483
69.422906
70.379890
74.239314
67.865349
73.658433
68.789374
63.488283
69.941535
63.430094
64.140824
62.059113
63.364825
61.928170
72.914600
63.686040
60.106036
70.321248
68.579325
71.788225
74.022385
80.516598
76.480075
63.141977
66.189281
58.024021
71.097727
72.563217
70.845377
70.385003
74.336486
82.447845
65.350275
69.717103
66.167131
60.135876
61.503155
58.944031
70.281811
62.572401
65.018277
75.891574
63.891891
69.894839
64.893073
69.359823
69.738234
77.800339
78.678673
56.723882
66.089067
64.713474
60.033098
69.395217
80.099083
77.511239
80.782923
62.740814
68.230342
67.362462
64.161564
70.418580
69.978637
74.635452
72.453643
69.238617
66.410621
67.419822
93.897322
112.378381
106.616046
289.271016
