50
73.353349
73.378943
73.293374
73.213277
73.200580
73.212839
73.217327
73.180643
73.204688
73.196640
73.183230
73.204078
73.197255
73.201528
73.176674
73.211392
73.216376
73.192698
73.218060
73.251475
73.214491
73.221700
73.208871
73.189873
73.209861
73.204927
73.224563
73.206917
73.207696
73.219718
73.197564
73.216420
73.226054
73.229666
73.193967
73.214673
73.207317
73.191067
73.205449
73.210023
73.193398
73.199841
73.364787
73.218366
73.187058
73.216596
73.186219
73.200293
73.237169
73.234291
73.202659
73.242386
73.241720
73.208247
73.189907
73.211267
73.329170
73.222515
73.229114
72.395711
73.201127
73.206251
73.208294
73.223637
73.200370
73.204500
73.208817
73.190620
73.226749
73.210494
73.204824
73.229791
73.238544
73.229610
73.208504
73.227987
73.223643
73.193059
73.207431
73.197323
73.204629
73.194530
73.208061
73.193290
73.264407
73.206350
73.224254
73.177917
73.218630
73.211348
73.197286
73.187248
73.211702
73.259987
73.188598
73.216283
73.210792
73.199822
73.230176
73.224495
73.202239
73.213770
73.199346
73.212749
73.179843
73.304701
73.782194
73.405112
73.718542
73.378646
73.206123
73.198831
73.244212
73.322811
73.251059
73.224117
73.313136
73.315991
73.253388
73.262329
73.225921
73.212504
73.236792
73.226105
73.204812
73.242356
73.233373
73.221253
73.261759
73.228035
73.239260
73.219312
73.230016
73.246320
73.188482
73.223345
73.216346
73.227794
73.220863
73.238212
73.249894
73.212640
73.228615
73.238229
73.205691
73.222455
73.221511
73.193413
73.219488
73.201837
73.211140
73.329744
73.254601
73.257449
73.171037
73.257585
73.170623
73.212114
73.219227
73.215010
73.208068
73.202743
73.216502
73.241023
73.212763
73.256869
73.231578
73.200394
73.205116
73.212597
73.187123
73.221371
73.236348
73.231699
73.193462
73.215478
73.220446
73.195370
73.227906
73.244963
73.243992
73.193043
73.199226
73.186115
73.180590
73.217592
73.212778
73.187202
73.212121
73.216748
73.185224
73.180735
73.191252
73.218013
73.188295
73.205953
73.248925
73.187825
73.213162
73.227788
73.221955
73.207459
73.237819
73.229266
73.195334
73.221870
73.240287
73.212945
73.219435
73.213740
73.201901
73.179422
73.485595
73.294174
73.186571
73.333457
73.274364
73.248788
73.262083
73.257151
73.574493
73.218636
73.235194
73.222278
73.215971
73.222873
73.220813
73.886454
73.241504
73.300833
73.264462
73.262083
73.281076
73.276413
73.233808
73.219074
73.210379
73.250559
73.204038
73.233887
73.222540
73.182886
73.205483
73.209249
73.193617
73.195610
73.195554
73.226236
73.207392
73.214048
73.208578
73.192431
73.214425
73.207021
73.202392
73.197584
73.190582
73.202043
73.221594
73.211635
73.233251
73.190053
73.265961
73.302579
73.094184
73.098370
73.100929
73.104256
73.083548
73.102993
73.099880
73.115385
73.168485
73.210344
73.180038
73.188035
73.226522
73.245833
73.230111
73.201661
73.230392
73.223925
73.219114
73.195856
73.235132
73.223939
73.221598
73.224721
73.210947
75.430842
73.221971
73.194877
73.240709
73.197284
73.229291
73.206973
73.225740
73.216404
73.206575
73.225890
73.210394
73.187019
73.231813
73.236873
73.216739
73.216675
73.224759
73.211864
73.224115
73.211537
73.220998
73.213006
73.219113
73.210973
73.198539
73.219401
73.220693
73.215200
73.217211
73.249114
74.035823
73.215260
73.246501
73.223837
73.250598
73.185739
73.227124
73.228942
73.202158
73.225336
73.246418
73.213084
73.294645
73.269764
73.593624
73.215369
73.316858
73.219981
73.231763
73.206272
73.284013
73.194814
73.207925
73.244243
73.205079
73.191430
73.235681
73.249070
73.200273
73.263228
77.244054
73.452484
76.717654
73.250351
73.205880
73.187106
73.214005
73.422072
73.212908
73.244379
73.214364
73.194976
73.185208
73.232648
73.213873
73.198115
73.249098
73.220595
73.190035
73.223285
73.234035
73.184286
73.218846
73.214164
73.205023
73.250824
74.863885
73.268475
73.198471
73.214749
73.208472
73.191168
73.180326
73.217909
73.180292
73.191428
73.206498
73.179851
73.191730
73.197775
73.171223
73.216690
73.211868
73.190187
73.209819
73.217975
73.192883
73.211339
74.304653
73.315545
73.379380
73.361058
73.334486
73.364849
73.362626
73.330319
73.390305
73.360730
73.348061
73.339265
73.376183
73.348409
73.399619
73.375314
73.239993
73.234397
73.256413
73.282878
73.285178
73.239308
73.230779
73.246927
73.219151
73.226965
73.231934
73.241583
73.209350
73.218409
73.231746
73.211833
73.242958
73.243234
73.126454
73.112844
73.128331
73.097873
73.120688
73.202351
73.223987
73.975858
73.217971
73.245250
73.216369
73.230301
73.220674
73.242304
73.199071
73.221950
73.238625
73.189877
73.224420
73.226463
73.208018
73.222805
73.219630
73.196669
73.211313
73.192952
73.225516
73.211167
73.221431
73.208449
73.177396
73.223876
73.215332
73.204464
73.213557
73.234067
73.220573
73.183984
73.218370
73.218659
73.195389
73.216187
73.180373
73.203554
73.189579
73.222268
73.198305
73.195807
73.211234
73.209862
73.175516
74.966462
73.344996
73.222329
73.208033
73.222020
73.209164
73.205641
73.230972
73.199784
73.207503
73.225076
73.228249
73.233439
73.208168
73.214225
73.219263
73.206045
73.190828
73.208658
73.227304
73.216085
73.210519
73.206963
73.181063
73.211735
73.196879
73.201873
73.218060
73.223724
73.207207
73.236068
73.218630
73.213994
73.203178
73.225727
73.228981
73.192672
73.192536
73.206956
73.228258
73.195596
73.246391
73.230498
73.191831
73.229706
73.208269
73.194747
73.203617
73.209676
73.219979
73.193508
73.333472
73.226250
73.181752
73.235323
73.223804
73.195168
73.217329
73.226874
73.210375
73.189652
73.240960
73.233626
73.220107
73.227503
73.231069
73.197552
73.225163
73.217772
73.221741
73.198819
73.234377
73.233619
73.202159
73.211648
73.222508
73.187659
73.214678
73.222560
73.191095
73.199971
73.227225
73.231286
73.195848
73.240836
73.238576
73.202053
73.207513
73.220149
73.203934
73.247409
73.236696
73.256813
73.224143
73.241753
73.231955
73.208568
73.220823
73.232687
73.227851
73.200539
73.269317
73.226191
73.202526
73.228257
73.227690
73.185448
73.223933
73.234630
73.233481
73.200697
73.215274
73.226180
73.202321
73.227601
73.223755
73.201930
73.227594
73.212567
73.214574
73.235169
73.247877
73.250100
73.231463
73.218394
73.213134
73.183907
73.241360
73.227988
73.196519
73.214493
73.221937
73.236822
73.257471
73.261363
73.248530
73.339496
73.271971
73.236854
73.232892
73.196565
73.225571
73.209351
73.204355
73.210438
73.247662
73.229814
73.266470
73.215647
73.223164
73.193175
73.231422
73.212274
73.204245
73.218447
73.203170
73.198644
73.188718
73.220714
73.222778
73.286961
73.208467
73.233207
73.227079
73.240481
73.243245
73.230376
73.191095
73.228925
73.219602
73.199423
73.206044
73.198089
73.199327
73.237122
73.224867
73.214728
73.206424
73.211644
73.224449
73.205726
73.220712
73.220497
73.208902
73.199853
73.222614
73.261187
73.210843
73.261536
73.223524
73.183926
73.197536
73.221214
73.210880
73.230491
73.223007
73.218792
73.200490
73.203933
73.227107
73.220286
73.239335
73.234887
73.205948
73.207534
73.415262
73.227009
73.221143
73.214325
73.227522
73.201185
73.221091
73.211383
73.191336
73.216438
73.224629
73.216602
73.201957
73.196510
73.230652
73.182110
73.204390
73.232104
73.186160
73.221723
73.221071
73.211902
73.207764
73.229524
73.226132
73.222107
73.210263
73.221327
73.211954
73.218869
73.224945
73.216310
73.178011
73.240427
73.214127
73.190963
73.206406
73.220351
73.204783
73.191653
73.214030
73.240017
73.180622
73.212024
73.182640
73.183326
73.189687
73.207839
73.195629
73.213354
73.208075
74.468751
73.221937
73.245701
73.246311
73.229964
73.259188
73.216812
73.227936
73.182420
73.235621
73.241006
73.212474
73.234761
73.243355
73.219367
73.223018
73.225208
73.210797
73.209731
73.227909
73.228487
73.211419
73.228211
73.239616
73.207634
73.229196
73.237187
73.247305
73.215412
73.207905
73.201203
73.208069
73.232771
73.228889
73.218970
73.229622
73.207439
73.200307
73.185608
73.201062
73.210665
73.200183
73.219198
73.205871
73.192043
73.197885
73.217740
73.227509
73.198507
73.224158
73.198252
73.195317
73.188217
73.198859
73.180504
73.194162
73.216970
73.221888
73.182803
79.863977
73.161675
73.315702
72.717841
73.292023
73.319179
80.758610
73.487352
73.354430
73.383132
73.277169
73.188669
73.189692
73.181653
73.214808
73.196255
73.192470
73.167613
73.175288
75.740389
73.186378
73.165422
73.188424
73.183937
73.177246
73.163947
73.182508
73.164533
73.174166
73.175247
73.169729
72.326685
71.997264
72.284673
72.731687
72.698263
72.568845
72.925159
73.202874
73.187592
73.196016
73.201149
73.197102
73.182343
73.203393
73.188414
73.191191
73.189556
73.186238
73.207248
73.207325
73.198891
73.191266
73.180584
73.198762
73.193570
73.185330
73.194958
73.200565
73.211948
73.225982
73.199647
73.188452
73.188674
73.169998
73.184171
73.173626
73.180887
73.211039
73.220067
73.200324
73.208364
73.188267
73.208868
73.199970
73.234232
73.227647
73.196624
73.204360
73.208898
73.241055
73.259629
73.190624
73.210676
73.208639
73.211041
73.202552
73.196988
73.247747
73.240337
73.226193
72.222792
71.753628
71.710902
72.091955
72.083880
72.055211
71.870789
73.000275
71.915845
71.796972
72.113412
72.304428
71.759999
71.559051
71.845789
71.819717
71.801840
71.941366
71.644466
71.491444
71.927727
72.110360
72.561515
73.193199
73.200073
73.197999
73.178164
73.205227
73.208539
73.190946
73.198037
73.198947
73.200552
73.192064
73.220607
73.205534
73.204891
73.218116
73.181488
73.180843
73.193707
73.223649
73.206857
73.201171
73.202187
73.202115
73.199054
73.209230
73.183113
73.209238
73.207598
73.190747
73.206258
73.185640
73.208420
73.177785
73.180610
73.196686
73.189176
73.206888
73.207983
73.185521
73.197717
73.208275
73.199933
73.187727
73.197840
73.190172
73.189329
73.195744
73.198573
73.194029
73.193944
73.224063
73.202810
73.174428
73.196054
72.910181
73.194301
73.169448
73.197137
74.814943
73.399648
73.345266
73.343027
73.326439
73.223141
73.196852
73.189013
73.184676
73.191340
73.169315
73.190431
73.190399
73.199711
73.180999
73.200275
73.199256
73.168443
73.175652
73.173414
73.187597
73.197036
73.196971
73.181952
73.180824
73.192237
73.181268
73.213217
73.060320
73.249426
73.169418
73.182732
73.225786
73.243978
73.249317
73.239735
73.191488
73.152018
73.195512
73.210254
73.205794
73.210241
73.280560
73.232044
73.204016
73.197255
73.221368
73.188032
73.220739
73.191552
73.180373
73.225539
73.198096
73.216602
73.199288
73.138313
73.128121
73.208086
73.211412
73.190484
73.193386
73.271876
73.199551
73.194076
73.170400
73.218673
73.208369
73.209010
73.213335
73.151945
73.256721
73.194707
73.189403
73.200456
73.180371
73.237280
73.192079
73.170033
73.181327
73.188937
73.185649
73.186903
73.195078
73.187322
73.195491
73.201772
73.183817
73.172801
73.183387
73.195982
73.193971
73.183235
73.184631
73.192831
73.173433
73.185468
73.185398
73.193370
73.201822
73.191456
73.179477
73.173735
73.193517
73.174766
73.165807
73.180889
73.213891
73.191838
73.197277
73.192806
73.205365
73.193679
73.185882
73.189507
73.223619
73.204930
73.208181
73.204658
73.535227
73.405903
73.426969
73.429178
73.428545
73.452909
73.235321
73.191543
73.181159
73.192218
73.202493
73.198451
73.181820
73.185425
75.637748
73.427881
73.346526
73.193877
73.191551
73.200295
73.215250
73.215340
73.218473
73.225482
73.204737
73.198704
73.193830
73.189978
73.172016
73.196364
73.202760
73.184861
73.184732
73.195282
73.193832
73.190145
73.193823
73.196749
73.213256
73.183600
73.206622
73.193707
73.194742
73.194833
73.186593
73.200265
73.194934
73.206579
73.528410
73.186134
73.184852
73.211431
73.199000
73.194060
73.183764
73.193965
73.216157
73.187788
73.207800
73.194990
73.191804
73.188978
73.191256
73.192998
73.189529
73.208380
73.211180
73.216086
73.198699
73.189669
73.187620
73.202100
73.180829
73.202229
73.194904
73.195016
73.190095
73.212925
73.201550
73.198133
73.223844
73.180170
73.184274
73.199320
73.174791
73.195533
73.196282
73.211645
73.267500
73.219804
73.210193
73.193726
73.198002
73.212565
73.188839
73.188269
73.190995
73.194165
73.198304
73.195486
73.184653
73.242313
73.254532
73.207285
73.219802
73.211347
73.215370
73.212711
73.212489
73.187148
73.222502
73.204590
73.199259
73.209669
73.202967
73.193414
73.193814
73.193781
73.188221
75.133114
73.430057
73.430641
73.246236
72.790527
72.364707
73.344554
72.739656
73.314014
73.234542
72.798387
73.293717
73.276014
73.113189
73.248993
72.667919
73.173606
73.299507
73.218813
73.139385
73.053796
73.056437
73.142722
73.194244
73.195376
73.190900
73.169220
73.244054
73.185977
73.322116
73.298049
73.465309
73.827222
73.475240
73.270602
73.193548
73.156737
73.185303
73.177491
73.186724
73.173383
73.187675
73.170445
73.188275
73.180918
73.183629
73.169032
73.191953
73.203199
73.170114
73.183379
73.169551
73.172709
73.193258
73.171409
73.188767
73.177425
73.199304
73.173807
73.188133
73.179989
73.199586
73.170109
73.197676
73.187812
73.186639
73.191251
73.182341
73.175009
73.183060
73.193600
73.175058
73.181209
73.176038
73.187920
73.192765
73.173867
73.203988
73.178978
73.173002
73.186438
73.173735
73.188809
73.187747
73.170881
73.198357
73.198577
73.188551
73.172926
73.189422
73.186161
73.172099
73.203147
73.194753
73.194626
73.189152
73.189158
73.196690
73.197417
73.178152
73.185363
73.197679
73.193842
73.180877
73.180721
73.179921
73.187180
73.184234
73.182387
73.174541
73.181796
73.179139
73.205118
73.175136
73.937183
73.183565
73.182171
73.224282
73.196719
73.196055
73.193005
73.185956
73.184055
73.204709
73.186446
73.195148
73.191478
73.176128
73.173729
73.185692
73.199489
73.193206
73.171909
73.255599
73.220034
73.201606
73.183798
73.194939
73.209920
73.299510
73.330133
73.332287
73.449470
73.952430
73.655588
73.273663
73.239583
73.256602
72.879772
72.978256
72.812961
72.671145
73.181992
73.249789
73.244172
73.206743
72.949485
73.191542
72.754025
73.246942
73.135630
73.081128
73.192658
73.196375
73.405571
73.199867
73.182840
73.203519
73.199476
73.192090
73.187976
73.199886
73.175300
73.192250
73.211998
73.191834
73.182401
73.219275
73.183709
73.194077
73.202536
73.207187
73.189412
73.198966
73.226031
73.194019
73.232604
73.209373
73.195069
73.245425
73.233209
73.106441
73.188573
73.199543
73.185146
73.207118
73.185974
73.214938
73.195388
73.192009
73.216107
73.205766
73.198525
73.185755
73.194710
73.208006
73.196079
73.187940
73.193351
73.185330
73.179752
73.196226
73.194217
73.221139
73.185640
73.211038
73.195447
73.191000
73.181095
73.193913
73.207028
73.225004
73.171493
73.189182
73.192715
73.213258
73.262255
73.211810
73.093669
73.138814
73.593626
73.279951
73.413928
73.529630
73.123771
73.158586
73.207395
73.119532
73.365418
72.571594
73.242575
73.207447
73.195972
73.209165
73.195575
73.191877
73.187018
73.160466
72.987951
73.197105
73.201242
73.191405
73.185551
73.283265
73.356469
73.587075
73.205787
73.367166
73.232070
73.855384
73.297764
73.217808
73.231221
73.255017
73.194247
73.229826
73.895357
73.648317
73.539750
73.361510
73.399485
73.362606
73.359116
73.354261
73.341412
73.328039
73.342928
73.375383
73.337041
73.358854
73.372116
73.344231
73.345463
73.352615
73.076484
73.179817
73.193645
73.600170
73.182469
73.191856
73.168222
73.190803
73.194544
73.263094
73.183884
73.143352
73.050105
73.532896
73.206062
73.187241
73.190043
73.183177
73.193063
73.176225
73.192544
73.213395
73.294174
73.250215
73.182990
73.197088
73.198163
73.177794
73.203811
73.199069
73.189146
73.184152
73.206460
73.183537
73.180320
73.189422
73.178514
73.196109
73.195122
73.177021
73.213690
73.196023
73.162422
73.183448
73.181742
73.194061
73.180914
73.199234
73.202585
73.179291
73.181505
73.180835
73.189883
73.180028
73.176810
73.219524
73.186609
73.181397
73.188199
73.194563
73.192569
73.188169
73.184033
73.195772
73.206747
73.181307
73.181086
73.193117
73.183487
73.195985
73.163156
73.168097
73.189004
73.168746
73.167355
73.172402
73.177628
73.188231
73.194750
73.185156
73.173443
73.187508
73.191678
73.192854
73.182901
73.210253
73.163945
73.205221
73.200844
73.186490
73.185101
73.196807
73.200744
73.195170
73.187135
73.191925
73.196764
73.191787
73.187013
73.210398
73.194578
73.187632
73.203210
73.188938
73.185602
73.185683
73.171624
73.165844
73.172160
73.162731
73.202619
73.199733
73.203760
73.213173
73.208337
73.230117
73.209302
73.234684
73.231478
73.205876
73.215505
73.210505
73.226845
73.229531
73.202055
73.197300
73.468525
73.239234
73.218962
73.192774
73.197333
72.952846
73.137817
73.072093
73.116085
73.222832
73.181887
72.757817
72.869782
73.153930
73.139576
73.190689
72.932778
72.860948
72.794672
72.920852
73.098517
73.196231
73.190973
74.973417
73.249787
73.256600
73.248989
73.240886
73.252287
73.265797
73.263233
73.239632
73.260748
73.253898
73.252017
73.577909
73.533107
73.343711
73.347297
73.566850
73.356623
73.439894
73.453301
73.386688
73.345238
73.366625
73.291850
73.205685
73.191784
72.977723
72.516894
72.431293
73.045986
74.142450
72.534718
72.665787
72.685465
73.251381
73.213160
73.214306
73.203976
73.214807
73.208119
73.205335
73.210646
73.209008
73.207113
73.193696
73.205283
73.209160
73.209353
73.220463
73.219061
73.222052
73.209631
73.207845
73.623031
73.380056
73.390268
73.369683
73.372647
73.355161
73.352129
73.473595
73.352532
73.368587
73.357408
73.387703
73.363218
73.372110
73.186975
72.461668
71.857632
72.456686
73.339847
73.371970
73.350881
73.340721
73.356342
73.351493
73.354765
73.364281
73.373737
73.366828
73.355824
73.528498
73.362517
73.371471
73.355853
73.341586
75.106903
73.326571
73.670364
73.358697
73.397216
73.357937
73.620167
73.378188
73.347034
73.332419
73.351150
73.337784
73.360215
73.342760
73.332935
73.330486
73.339895
73.357147
73.333130
73.367264
73.356986
73.365229
73.346958
73.353349
73.334496
73.366768
73.726441
73.372633
73.353435
73.374388
73.359962
73.370431
73.372488
73.375247
73.349786
73.325021
73.354330
73.351488
73.348489
73.359617
73.381301
73.371947
73.368547
73.343134
73.354876
73.372452
73.233080
73.218173
73.230903
73.199484
73.201394
73.210958
73.224754
73.208100
73.200946
73.207476
73.221375
73.212660
73.220465
73.211908
73.204297
73.223555
73.233049
73.198503
73.212192
73.218156
73.202076
73.240867
73.207484
73.219904
73.216245
73.209658
73.221240
73.210673
73.222994
73.204525
73.219815
73.203431
73.218023
73.201526
73.224147
73.209135
73.205167
73.194264
73.203421
73.214767
73.211805
73.197003
73.200102
73.211368
73.205939
73.207468
73.218600
73.290019
73.204034
75.948159
73.402185
73.402587
73.360545
73.358395
73.237060
73.173798
73.204261
73.189481
73.174298
73.204950
73.179805
73.458722
73.211549
73.289005
73.344717
73.249871
73.213872
73.208161
73.254374
73.225796
73.289792
73.212963
73.202800
73.275134
73.245248
73.231157
73.242220
73.433835
73.213628
73.237709
73.234465
73.223754
73.195948
73.239617
73.235784
73.207698
73.228361
73.205522
73.220439
73.200775
73.203917
73.224560
73.203119
73.203123
73.216907
73.218926
73.190010
73.200326
73.227685
73.185378
73.200526
73.220589
73.194430
73.193775
73.179095
73.200767
73.171871
73.198304
73.202434
73.176497
73.165264
73.188248
73.169823
73.174295
73.179335
73.196226
73.175268
73.178914
73.191158
73.182897
73.181401
73.191053
73.189401
72.411221
71.577978
71.603808
72.516567
73.074013
73.166102
72.139206
72.122851
72.655451
72.834602
72.848346
72.801611
72.336333
73.316284
73.223126
73.286623
73.227612
73.211578
73.215212
73.210683
73.216007
73.200262
73.214763
73.215473
73.229944
73.219453
73.231196
73.224307
73.209303
73.213973
73.202098
73.285630
73.201864
73.255987
73.236035
73.224421
73.214922
73.215261
73.211543
73.222007
73.249000
73.189378
73.225939
73.238671
73.229398
73.226272
73.223169
73.217905
73.226001
73.233339
73.187503
73.218742
73.213270
73.200322
73.237395
73.218945
73.214843
73.202106
73.220754
73.220173
73.214242
73.239355
73.224202
73.224460
73.223928
73.236668
73.222826
73.227636
73.561819
73.212641
73.208267
73.224827
73.216741
73.225030
73.217873
73.229824
73.211866
73.284075
73.234295
73.211852
73.213232
73.243286
73.209291
73.219592
73.218101
73.220816
73.212218
73.223436
73.239663
73.201629
73.214371
73.240174
73.207054
73.228572
73.214574
73.489272
73.237906
73.212825
73.218263
73.228946
73.214788
73.223767
73.219962
73.195607
73.209547
73.349417
73.211645
73.236286
73.213406
73.216161
73.224056
73.231401
73.215096
73.233552
73.242321
73.235037
73.237869
73.227511
73.221967
75.015654
73.441101
73.459485
73.482392
73.454955
73.457747
73.473823
73.447125
73.438808
73.267011
73.197058
73.223891
73.224312
73.211564
73.200052
73.200425
73.202613
73.223895
73.232170
73.230026
73.214981
73.201125
73.202485
73.186304
73.192755
73.211755
73.199333
73.197525
73.198236
73.232464
73.244719
73.202365
73.198827
73.212645
73.212643
73.227724
73.211327
73.217072
73.215972
73.227037
73.228205
73.233060
73.219674
73.204665
73.224272
73.201509
73.214827
73.200830
73.222526
73.211701
73.222272
73.218083
73.206194
73.233467
73.212193
73.217229
73.263974
73.214403
73.220770
73.216470
73.225893
73.206848
73.217290
73.194611
73.214389
73.220422
73.217041
73.203000
73.214391
73.218089
73.234061
73.231859
73.225021
73.224707
73.228771
73.226725
73.209852
73.216576
73.185438
73.212436
73.235045
73.218611
73.210156
73.199852
73.211013
73.221324
73.228053
73.221778
73.195806
73.207441
73.345455
73.216952
73.205369
73.215612
73.217228
73.238202
73.220550
73.239149
73.222464
73.221881
73.217459
73.230509
73.217708
73.233584
73.201349
73.208314
73.199456
73.246058
73.225925
73.245071
73.220395
73.204435
73.208816
74.701852
73.628928
73.144506
73.146765
73.159699
73.175230
73.173027
73.174112
73.189517
73.201650
73.197333
73.191709
73.192401
73.205330
73.169296
73.185782
73.198714
73.191055
73.183577
73.452216
73.168296
73.243848
73.331848
73.215332
73.241430
73.204441
73.421666
73.211664
73.211970
73.188148
73.195392
73.198325
73.189956
73.183370
73.189236
73.215854
73.207886
73.206403
73.197878
73.187330
73.209664
73.176577
73.200110
73.211404
76.107825
73.250364
73.254076
73.215043
73.186306
73.203059
73.189824
73.183414
73.178080
73.202755
73.217467
73.198346
73.197612
73.187292
73.176525
73.197822
73.185307
73.194563
73.224220
73.224262
73.220489
73.464213
73.212682
73.204305
73.209578
73.203880
73.204319
73.208280
73.213503
73.203825
73.221000
73.193101
73.202008
73.206242
73.199239
73.196559
73.452539
73.207741
73.202377
73.189923
73.170596
73.172880
73.179154
73.174773
73.179500
73.189802
73.184798
73.175026
73.173612
73.167054
73.345552
73.207147
73.176539
73.173710
73.177063
73.185507
73.182266
73.167247
73.185908
73.186162
74.773912
73.188639
73.195587
73.195343
73.214498
73.207600
73.202534
73.216524
73.187456
73.192880
73.287572
73.211727
73.205192
73.222904
73.206852
73.284089
73.223444
73.222838
73.201016
73.197452
73.206384
73.209484
73.200736
73.214505
73.189117
73.181951
73.201520
73.189045
73.205679
73.196305
73.198495
73.208067
73.208352
73.217262
73.209508
73.199408
73.179096
73.514290
73.213962
73.216840
73.234012
73.237415
73.226929
73.201745
73.202518
73.207787
73.206025
73.179373
73.192780
73.205992
73.216752
73.206685
73.210979
73.218547
73.219230
73.197260
73.215359
73.201045
73.202656
73.204199
73.205099
73.222218
73.627876
73.193807
73.483651
73.217432
73.211345
73.207886
73.208612
73.214331
73.206483
73.207028
75.507828
73.171749
73.153085
73.188118
73.202723
73.205931
73.192353
73.254988
73.433075
73.179709
73.188853
73.200151
73.256675
73.180768
73.202060
73.182984
73.188075
73.172030
73.186366
73.185771
73.194966
73.180385
73.242047
73.169031
73.186264
73.496805
73.184244
73.185955
73.179821
73.185387
73.190106
73.232211
73.209771
73.209523
73.212500
73.222398
73.214199
73.200450
73.229765
73.498196
73.381801
73.371700
73.355636
73.327701
73.376039
73.325075
73.338550
73.353082
73.367242
73.356396
73.383775
73.355434
73.377008
73.403088
73.346214
73.339604
73.349710
73.345073
73.329026
73.389616
73.350669
73.359800
73.329943
73.353060
73.321942
73.343439
73.335187
73.369353
73.324215
73.368828
73.341101
73.363716
73.349057
73.372878
73.359945
73.346414
73.355598
73.325576
73.323236
73.380488
73.320732
73.353506
73.353773
73.353669
73.349134
73.335630
73.346661
73.318469
73.370778
73.343558
72.475484
72.098959
71.805403
72.411184
72.453108
72.501223
72.617557
72.377191
72.539309
72.705290
72.418491
72.014071
71.989598
72.250139
72.048849
71.881167
72.046592
72.053814
72.095035
71.972753
71.556365
72.112356
72.069070
71.674886
71.947225
71.879122
72.375952
72.555755
72.355866
72.570791
72.302130
72.418998
73.292707
72.618937
72.362416
72.326193
71.878395
72.344631
72.291935
72.213914
72.280530
72.439248
72.227534
71.759023
71.690945
71.940223
71.818996
71.910432
72.521037
72.261614
71.994184
72.362251
72.234659
72.137534
73.048700
73.103693
73.171376
73.180097
73.172345
73.160571
73.165510
73.202066
73.196275
73.164682
73.163982
73.192191
73.167057
73.152115
73.179519
73.188070
73.168546
73.180927
73.186780
73.170984
73.174469
73.274251
73.206352
73.018235
73.030462
73.125287
73.188483
73.181175
73.191532
73.198295
73.180409
73.195279
73.188404
73.183874
73.172405
73.214300
73.186198
73.173362
73.184221
73.191704
73.174650
73.167023
73.161294
73.186922
72.993529
72.908816
73.067979
73.016368
73.204310
73.237588
73.045428
73.112363
73.059852
72.967858
73.096792
73.197659
73.161352
73.183088
73.216693
73.184894
73.173419
73.204393
73.026810
73.165812
73.097099
73.220124
73.269462
72.836141
72.979269
72.940473
72.704633
73.187932
73.213366
73.229864
73.245866
73.302395
72.925004
72.838183
73.000433
73.011146
72.961805
73.155712
73.147163
73.057058
73.007110
73.234654
72.811864
72.867943
72.568768
73.345332
73.749008
73.725060
73.529841
73.964100
73.779894
73.405953
73.647127
73.669852
73.451696
73.569209
73.623119
73.559987
73.385229
73.815539
73.885376
73.756718
73.743783
73.844224
73.808760
73.255367
73.150254
73.173707
73.182377
73.164277
73.177571
73.206271
73.183865
73.335663
73.253223
73.184109
73.169785
73.185734
73.188424
73.186591
73.203050
73.150559
73.167702
73.418534
73.175037
72.834198
73.585107
73.235074
73.188399
73.168317
73.176470
73.185540
73.289800
73.417275
73.183747
73.174007
73.170850
73.184777
73.239645
73.281600
73.364353
73.225430
73.202768
73.238041
73.344177
73.175516
73.177534
73.192314
73.171826
73.169884
73.174564
73.198572
73.185906
73.187774
73.195790
73.175582
73.186060
73.186862
73.182702
73.214420
73.213911
73.183687
74.152158
75.592700
73.165425
73.347988
73.217479
73.315276
73.272192
73.175150
73.189346
73.163848
73.205036
73.208089
73.146127
73.154469
73.151151
73.252523
73.200146
73.152976
73.167651
73.261739
73.218665
73.193782
73.160735
73.183612
73.172727
73.157345
73.176203
73.168687
73.157988
73.165571
73.177593
73.154267
73.171828
73.195113
73.168675
73.169626
73.173877
73.199365
73.184219
73.167496
73.173239
73.160098
73.166313
73.174171
73.162594
73.158003
73.164176
73.188667
73.175476
73.162766
73.158700
73.161116
73.165288
73.162743
73.151365
73.159690
73.137557
72.481106
72.908950
73.156131
73.203692
73.198491
73.204688
71.957838
71.485438
72.446404
73.167630
73.160341
73.169314
73.161648
73.167802
73.171206
73.159460
73.139239
73.163952
74.384516
72.966101
73.235606
73.359058
73.288172
73.254187
73.298820
73.229264
73.262269
73.216047
73.339346
73.320564
73.313081
73.183943
73.181756
73.181624
73.221119
73.236187
73.200037
73.154599
73.167580
73.196486
73.245876
73.338866
73.196377
73.208654
73.182095
73.199183
73.371771
73.368715
73.281549
73.186701
73.170145
73.165513
73.160458
73.173159
73.177237
73.175803
73.186023
73.172202
73.214834
73.196602
73.134870
73.113500
73.270132
73.169052
73.212823
73.150680
73.166028
73.105516
73.055553
72.780026
73.000853
73.177036
73.185824
73.167794
73.174511
73.153459
73.160657
73.097416
73.049859
73.055837
73.067890
73.062868
73.218836
73.494579
73.645087
73.287280
76.191554
73.215976
73.216888
73.223068
73.185991
73.178196
73.166675
73.145090
73.173191
73.164782
73.150562
73.173419
73.173571
73.194103
73.190269
73.173199
73.181795
73.170558
73.196920
73.173512
73.175222
73.175219
73.176564
73.151642
73.174075
73.177369
73.193780
73.197981
73.187318
73.186337
73.172203
73.217526
73.209738
73.191648
73.189696
73.195996
73.180674
73.162294
73.180969
73.171631
73.356576
73.181358
73.205264
73.173812
73.186134
73.174652
73.173281
73.152935
73.234301
73.188091
73.156962
73.165485
73.188446
73.195712
73.210397
73.193851
73.174083
73.174887
73.193631
73.196720
74.935742
73.133896
73.188209
73.205124
73.222910
73.232673
73.215006
73.226814
73.264669
73.215663
73.175992
73.200396
73.165971
73.170910
73.168451
73.158105
73.151496
73.206141
73.166585
73.170904
73.212408
73.224630
73.188559
73.177066
73.176449
73.202664
73.183906
73.173403
73.200276
73.175758
73.170112
73.232101
73.252187
73.180328
73.189435
73.172884
73.157578
73.175000
73.170802
73.164120
73.177700
73.172725
73.165442
73.176985
73.173872
73.161730
73.174086
73.178822
73.192660
73.176495
73.175708
73.161270
73.191254
73.156165
73.075977
73.083000
73.043104
73.048480
73.052932
73.073128
73.061101
73.053344
73.083713
73.147790
73.154203
73.172952
73.400102
73.162814
73.179377
73.177784
73.130660
72.699448
73.108526
72.576058
72.605392
72.664457
72.870883
73.159193
73.141213
73.210113
73.158746
73.185846
73.224461
73.186365
73.169210
73.184479
73.177699
73.175116
73.182518
73.171108
73.171483
73.178609
73.173638
73.168523
73.168473
73.182791
73.174268
73.181796
73.162870
73.162017
73.189278
73.153085
73.178148
73.172713
73.163840
73.157432
73.164346
73.215041
73.188249
73.174261
73.170179
73.183858
73.179803
73.176833
73.193782
73.177122
73.165182
73.179088
73.169087
73.166562
73.169150
73.154403
73.181575
72.841162
72.772894
73.174108
73.186817
73.180487
73.176190
73.028790
72.451878
72.880094
73.165386
73.232031
73.213863
73.357217
72.799376
73.360410
73.232158
73.110699
73.242178
73.099885
73.149046
73.160095
73.245638
73.414506
73.204784
73.228832
73.221960
73.191800
73.209723
73.191109
73.184283
73.191627
73.213868
73.200495
73.196802
73.200564
73.230977
73.206379
73.197632
73.179780
73.201384
73.195284
73.198697
73.198795
73.181397
73.202090
73.186248
73.199211
73.193326
73.182685
73.199435
73.177891
73.181348
73.198106
73.186658
73.191066
73.191445
73.188413
73.184245
73.212338
73.291501
73.173280
73.144242
73.240093
73.130205
73.263638
73.148086
73.113391
73.215030
73.164007
73.238361
73.223003
73.383429
73.236699
73.213894
73.181756
73.118173
73.225131
73.134992
73.157345
73.100951
73.288545
73.089473
73.285353
72.855124
73.064908
72.908958
72.984960
72.760869
72.736970
72.318905
73.209363
72.606143
72.836283
73.209895
73.071275
72.513132
72.833051
72.862150
72.756718
73.031488
72.637611
72.751150
72.843636
72.953050
72.671191
72.406478
72.297499
72.623232
72.528975
72.508659
73.864169
72.783503
72.973127
72.938964
73.009368
73.209250
73.082580
72.800638
75.343634
73.262249
73.087299
72.837711
72.951023
72.792774
72.906434
72.921980
72.943111
72.691196
72.962460
73.418061
73.175171
73.161132
73.168499
73.155322
73.171819
73.170402
73.191831
73.182907
73.165550
73.176238
73.157166
73.173482
73.165692
73.195018
73.202662
73.195848
73.184338
73.157020
73.221925
73.197987
73.185434
73.172615
73.156709
73.149494
73.163378
73.161002
73.177604
73.176256
73.168519
73.191421
73.174978
73.159012
73.160885
73.168096
73.167083
73.160327
73.171283
73.146336
73.160846
73.181496
73.159550
73.160966
73.195452
73.186236
73.207280
73.207850
73.196148
73.193085
73.178874
73.189835
73.189378
73.195245
73.196653
73.192882
73.150880
72.995451
72.480127
73.171753
73.177405
73.178177
73.185330
73.171520
73.193857
73.162760
73.172226
73.160573
73.160006
73.189876
73.183774
73.206262
73.172511
73.142443
73.158097
72.111441
71.512273
72.217197
73.171041
73.174241
73.145132
73.151015
73.162762
73.162486
73.163834
73.177664
73.161947
73.145640
73.147079
73.181137
73.161695
73.197450
73.178337
73.175157
73.162929
73.164532
73.177734
73.186946
73.187100
73.184455
73.169962
73.174961
73.187687
73.198583
73.163533
73.160565
73.176952
73.159200
73.176406
73.163677
73.225085
73.186104
73.172632
73.191871
73.174270
73.158701
73.162293
73.167922
73.177276
73.173676
73.177789
73.146924
73.160032
73.157265
