50
77.564898
79.652624
79.551898
80.719891
81.641352
80.013389
82.042622
80.595205
81.325041
81.481805
80.382526
82.136012
80.504296
81.408748
81.428252
80.412303
82.095787
79.756727
81.948346
80.576790
81.090859
81.308825
80.298553
81.879599
79.854785
81.566262
80.846761
80.492744
81.766934
79.834513
82.136074
80.541919
81.317378
81.192709
80.829993
82.108067
82.179325
80.423308
81.397285
81.174033
80.368337
81.982852
79.919815
81.747671
80.602627
81.003004
81.316233
84.395301
82.359299
80.199999
81.331124
81.883993
80.981468
81.389366
80.119917
82.151437
79.991948
81.603224
80.902327
80.890910
81.367494
80.172827
82.214702
81.243394
80.470385
81.850652
79.925687
82.071662
80.345642
81.241025
81.408247
79.905232
81.935373
80.554573
80.691696
81.703952
79.913007
81.560412
80.543171
80.847992
81.384286
80.151055
81.895731
79.774117
86.928711
87.533891
84.760641
81.791575
80.113212
81.167624
81.069870
80.323100
81.673703
79.682160
81.802665
80.001854
81.016138
80.981718
79.916112
81.741854
79.585029
81.543867
80.329753
80.202177
81.525823
79.684087
81.417669
80.339319
80.562705
81.288687
79.729779
81.793517
79.767831
80.690045
80.931354
79.678368
85.781763
86.845529
88.403601
87.187919
83.277153
81.570394
81.949350
80.039756
81.125697
80.996294
81.213821
80.646242
82.538186
87.918820
86.912738
89.237765
87.101119
83.261897
87.590057
87.895562
87.790141
87.572974
89.037618
82.527693
81.892990
80.156388
80.927598
81.013501
80.239805
81.718323
79.750432
81.552027
88.951654
86.619532
87.571108
88.334226
86.835253
88.376876
86.626275
88.262079
86.931902
87.767971
88.311972
86.948077
87.001419
83.096972
87.347965
87.613757
87.534541
87.642486
87.067723
89.354114
87.023749
82.625255
80.934715
80.221126
81.856904
79.795587
81.533575
80.469843
80.665778
81.243749
79.999128
81.966927
79.842117
81.331372
87.872336
86.977179
83.749981
80.479652
80.622235
81.334315
80.256448
81.980259
79.759824
81.355162
80.531996
80.698472
81.543141
79.997438
82.062401
81.976114
79.942427
81.243893
80.794867
80.103909
81.477332
80.460106
88.695406
87.048704
81.397596
80.968442
80.485391
81.645557
79.708893
81.770050
80.264137
80.698902
85.120286
87.103934
88.613170
86.826979
88.167470
88.585388
86.626984
84.415810
80.406756
80.441808
81.140443
79.936716
81.971180
79.846078
81.657071
80.447529
84.763228
82.109111
79.978466
81.883936
79.574825
81.269189
80.414700
80.842717
81.087092
80.295690
81.550802
79.515829
81.358570
80.349762
80.146251
81.847360
79.735089
81.397442
80.774161
80.574884
81.136331
79.614239
79.800592
79.767129
79.760994
79.835592
79.753756
79.723136
79.726283
79.734571
79.755286
79.735865
79.730241
79.751217
79.617319
117.307805
78.584777
80.037668
79.959560
79.904828
82.165140
80.562656
80.568278
81.715583
79.851552
81.766367
80.053749
85.946248
87.957535
82.169278
81.891435
79.747866
81.081527
80.652809
80.140804
81.578308
79.654253
81.166390
80.519375
80.499640
81.455496
80.077829
82.041222
80.255897
81.069103
80.844232
80.147552
81.884636
79.877799
81.477222
80.643260
80.714846
81.661526
79.811935
81.777453
80.234789
82.046921
81.742895
86.814173
87.820912
80.844941
80.487861
81.240197
79.710030
82.057058
80.205965
80.688206
81.218441
79.896943
81.669670
79.674700
80.819956
81.011456
79.993183
81.675656
79.752401
81.738531
80.321671
87.706038
87.409323
87.345787
88.504967
86.743653
88.277422
88.571469
87.409951
88.644983
87.895967
87.745660
84.247190
79.832093
81.983688
80.455177
80.913065
81.459977
79.865327
81.913432
80.056823
80.803897
81.197204
80.179524
82.130496
79.962930
81.342190
80.875226
80.273989
82.066938
79.839480
81.233480
80.906052
80.465650
81.795740
79.950510
82.058881
81.559299
80.341410
82.050392
80.132353
81.287317
80.917735
80.059430
82.074021
80.038286
82.734179
88.079961
86.978965
89.223747
86.835632
86.763475
83.160233
80.484635
81.447405
79.628969
81.672580
79.941304
80.231593
81.628687
79.927501
81.431298
85.754839
80.780827
81.709146
79.835857
81.815857
80.523435
80.661643
81.377579
79.962137
82.224690
80.210287
81.050341
81.280671
80.030276
82.061161
80.403211
80.871686
81.529881
80.074638
81.986008
82.324233
80.312964
81.020398
81.233266
81.088603
81.909522
80.122093
81.340464
81.049464
80.017729
81.850833
80.481891
80.017822
81.922946
80.032388
80.897005
81.369604
80.052238
81.687832
80.457265
80.332492
87.952934
87.157111
88.511570
87.902161
81.197319
81.984551
79.724666
82.338695
80.863915
80.316092
81.896218
79.879138
81.735100
80.654550
80.600080
81.515016
80.218237
81.432189
80.923234
80.284134
81.983856
80.078016
81.529672
80.720342
80.381741
81.799610
80.011746
80.989429
81.103322
79.842111
81.907846
80.243118
80.745759
81.309568
79.968559
83.610062
80.177114
80.414164
81.915958
80.271173
81.705271
81.620605
80.353715
81.768850
80.901239
80.398428
82.196914
81.593304
80.240991
81.342736
81.235504
80.025703
82.064722
80.424651
81.032039
81.505425
80.332684
81.847620
80.694726
80.365632
82.101980
80.804188
80.383314
81.988034
80.688665
80.348609
81.531482
81.064009
80.390564
82.169597
80.133931
80.479457
81.946862
80.136025
80.769656
81.661879
80.230114
81.972803
80.754331
80.564044
82.067713
80.360866
81.399534
81.520902
80.372319
81.327117
81.445006
80.479376
81.663725
81.272788
80.419670
82.127908
80.770509
80.428489
82.088680
80.918627
80.348825
81.653191
81.142084
80.439592
81.964655
80.739604
80.631126
82.525953
81.145916
81.145892
81.581696
80.520349
82.112723
80.308366
81.886517
80.746766
80.846031
81.992835
80.413352
80.583256
82.073283
80.475964
81.383744
81.355889
80.311509
81.457690
81.422258
80.289792
81.325837
81.360487
80.344728
81.548901
80.809158
80.248129
82.179687
81.694043
81.191212
81.366057
80.338897
81.407369
80.904501
80.306667
85.009254
96.535724
78.896380
80.312680
80.406969
80.309921
80.273426
81.764477
80.726492
80.381222
81.191141
81.473283
80.413895
80.670774
81.839848
80.371385
80.912470
81.741822
80.582986
82.334027
80.213219
80.953384
88.782463
80.344974
80.247243
80.086937
81.383540
81.199383
80.251900
81.918728
80.572252
80.227472
81.829827
80.446477
80.820267
81.589301
80.291791
81.057212
81.422300
80.308910
81.403308
81.172410
80.488631
81.731155
80.768762
80.340238
82.094672
80.296377
80.339677
82.047416
80.610786
80.465771
81.738278
80.976131
80.310130
81.693735
80.723555
80.262045
81.632180
80.771459
80.280656
81.616626
80.907058
80.327554
81.336892
81.099116
80.377457
82.507888
81.992554
80.230317
80.240894
81.809092
80.318976
80.220420
81.467172
80.816906
80.210250
80.837879
81.998226
80.276109
80.480798
81.752658
80.291154
80.271008
81.968244
80.357523
80.281894
82.000666
80.485671
80.284798
81.912430
80.597547
80.468031
82.088181
80.229174
80.302467
82.168154
80.370481
80.418673
82.139533
81.048173
87.606797
88.889706
87.126571
87.945029
86.556180
86.273278
80.167509
81.211058
81.429878
82.096673
85.788324
80.601429
81.016393
81.703316
80.302638
81.206744
81.499013
80.478049
80.892806
81.797021
80.687567
82.003396
80.808513
80.661410
80.675903
82.209366
80.546846
80.396820
81.565985
83.566485
86.564177
80.381629
80.390390
80.326889
80.406772
80.318867
81.913197
80.626317
80.605237
82.849484
80.944143
80.494442
81.346325
81.057917
80.310963
80.887522
81.666031
80.394699
80.677677
81.949250
80.412721
80.319277
82.077442
80.604507
81.476900
82.616211
80.609438
80.472376
82.352769
80.436671
80.407308
80.838759
81.687611
80.419301
80.535445
81.663005
80.891614
80.388451
81.176901
81.082986
80.259995
81.103659
81.362636
80.282375
80.328368
82.062494
80.422903
80.392702
81.694261
80.851837
80.467888
82.053840
80.986630
80.527111
81.252471
81.423315
80.357680
81.187727
81.320823
80.515244
81.900917
80.473192
80.290716
82.345816
80.178878
80.736986
81.761795
80.497288
80.547311
82.113145
80.514328
80.937316
82.088171
75.383715
77.433768
77.716590
77.571716
79.654011
77.975942
78.896522
78.636104
77.697372
79.763138
77.531396
78.604511
78.702302
77.610565
79.647193
77.543577
78.176338
78.993096
77.616463
78.585369
78.504504
77.541802
79.913896
77.535534
78.284608
79.162737
77.491666
79.311905
77.908408
77.797589
79.292249
77.498136
78.493432
78.555624
77.596329
79.051642
78.123767
77.597794
79.627794
77.587325
78.569769
78.907056
77.455533
79.273726
77.931070
78.521098
79.206738
77.597660
79.550486
77.839109
78.747322
78.992055
77.678633
79.812411
78.100381
78.595759
98.282952
75.728622
77.286001
77.214971
77.558114
79.344965
77.177378
79.036002
79.326116
79.350041
78.359742
78.202395
79.480249
77.529051
79.126330
78.472232
78.142662
79.544365
77.454274
79.074918
78.593062
77.868774
79.531615
77.434572
79.405734
78.103111
78.521935
78.451616
78.113153
79.212198
77.489927
79.306329
78.302539
77.817503
79.736104
77.625297
79.091317
78.510390
77.940522
79.305621
77.505574
79.091088
78.293154
79.128276
79.242163
77.413754
78.910425
78.381024
78.207086
79.240026
77.462424
78.859116
78.419811
77.944545
79.492214
77.451695
79.172576
78.313531
78.019314
79.098242
77.432202
79.438312
78.167535
78.358958
79.033542
79.206823
78.982201
78.540094
77.862355
79.536725
77.388266
78.909669
78.185931
78.018292
79.383976
77.478696
79.283275
77.981820
78.219650
79.023860
77.503369
79.521660
78.023028
78.763682
78.595539
77.463865
79.023784
77.805367
77.643537
78.812689
77.687155
77.163515
79.318880
77.255451
78.085403
78.583863
77.366470
78.193728
78.548369
77.457945
79.081803
78.493248
78.318718
79.348414
77.472346
78.990482
77.980410
77.485680
79.228882
78.869274
77.332686
79.006554
78.164666
78.325452
79.098833
77.323197
79.283992
78.157860
78.251005
79.473979
77.602010
79.597807
78.054152
78.676881
79.035446
77.555468
79.641232
77.662548
78.900532
78.399897
78.532261
79.480408
77.549778
79.291976
77.991334
78.247580
78.988117
77.482442
79.375772
78.051633
78.401490
79.257870
77.459337
79.290685
78.024565
78.317550
78.979994
77.357379
79.275705
77.670891
78.243685
78.833949
77.323163
79.489717
77.663641
78.775623
78.793957
77.453299
79.456819
77.876543
78.182651
79.281513
77.489970
79.291842
78.069626
77.909341
79.370351
77.456911
79.144150
78.502781
77.906081
79.472507
77.621939
78.854079
78.514132
78.090500
79.748082
77.780429
78.904413
78.871912
77.853728
79.468121
77.588862
78.868571
78.417699
78.309812
79.247323
77.539511
79.428018
77.968758
78.377082
79.164825
77.623300
79.607198
78.093093
80.201728
77.983432
78.195376
79.472874
77.609702
78.990428
78.622751
78.303995
79.291425
77.401211
79.294438
78.004252
78.699490
78.995363
77.525402
79.649849
77.579349
78.972516
78.304054
77.985267
79.661788
77.578089
79.054014
78.407252
78.323506
79.345877
77.485518
79.045577
78.354809
79.008789
79.537171
79.487660
77.533575
78.621081
78.835411
77.417079
79.550414
77.549826
78.954289
78.423920
78.314862
79.066990
77.479011
79.443277
77.839220
78.431180
78.955533
77.494395
79.522273
77.707412
78.594564
78.610927
77.592488
79.463280
78.502147
78.361601
79.145400
77.526826
79.499921
77.854451
78.552979
79.066792
77.693735
79.634261
78.025798
78.460521
78.996044
77.788744
79.620140
77.742884
78.972373
78.281575
77.533522
79.638837
77.511385
79.060214
78.849135
77.492276
79.501160
77.967350
78.063339
79.175884
77.503239
79.141353
78.336726
77.865663
79.509348
77.464621
79.208414
78.316817
78.263088
79.074004
77.490957
79.505448
78.421779
78.869618
78.907444
78.282722
77.458565
79.298132
77.524501
77.826620
78.782202
77.464331
78.186057
78.608897
77.901000
79.489156
78.258602
77.338447
78.211806
78.528968
77.329577
78.556162
78.176347
77.543172
78.793099
78.572153
77.498946
79.405194
77.490417
78.020911
78.847148
77.487329
77.481590
79.288160
77.516816
77.534643
79.315170
77.509303
77.397913
79.105620
77.342020
78.138137
78.742348
77.349783
78.630679
78.061348
78.001496
79.050100
77.477413
78.112061
78.860338
77.463890
78.608780
78.422027
77.534662
79.283438
77.990844
78.036374
79.357151
77.601820
78.749621
78.445790
78.140474
79.155504
77.719986
79.029626
78.131230
77.527457
79.308346
77.570481
77.777248
79.279817
77.602144
77.764640
79.279276
77.631208
77.992284
78.955837
77.342673
78.780006
78.264762
77.479733
79.182504
79.063125
77.461257
79.005409
78.069895
77.541231
79.675228
78.069885
78.169276
79.005844
77.439718
78.242650
78.542229
77.326282
78.694060
79.467696
77.475552
78.529852
78.487658
77.389311
78.702990
78.028114
77.619545
78.229650
78.822794
77.623271
79.038313
78.090895
77.483094
78.686266
78.219206
77.516701
79.276754
77.595564
78.097784
78.974673
77.478902
78.827555
78.201058
77.419030
79.368657
77.666615
78.262189
78.969224
77.515570
78.997525
78.397545
77.548107
78.928410
78.279486
77.669877
79.149002
77.356518
79.563806
77.926331
78.728693
78.423083
77.490547
79.526096
77.763064
78.357535
79.164968
77.487918
79.447766
77.734332
78.437488
78.808546
77.495171
79.665244
77.577083
78.575222
78.508803
77.607046
79.546774
77.514415
78.113325
78.720380
77.455855
78.901559
77.937454
77.447012
79.378357
77.400176
77.648277
78.997627
77.389329
78.322901
78.740506
77.477417
78.784050
78.164515
77.459976
78.991797
78.020061
77.742566
79.173657
77.512511
78.626197
78.333770
77.487685
79.622543
77.609209
78.201818
78.844865
78.306101
79.650830
79.788516
77.977891
77.976669
79.112216
77.492063
78.977175
78.096058
77.675970
79.431615
77.470083
78.378324
78.522916
77.579379
79.306938
77.333716
78.598526
78.397874
77.336296
79.108556
77.887461
77.578917
79.112330
77.497034
77.976888
78.867373
78.410659
79.166963
77.497618
79.288109
78.076996
77.762627
79.371618
77.479704
78.796873
78.084059
78.018520
78.806353
77.328023
78.735441
78.299486
77.530601
79.513370
77.570126
78.700518
78.682022
77.758439
79.212433
77.355940
78.582516
78.411503
77.396483
79.470928
77.524524
77.947680
78.841966
77.391659
78.551984
78.354310
77.307665
79.415986
77.687474
78.311761
78.807956
77.478066
79.032915
77.912053
77.732827
79.622466
78.403844
77.499242
79.438985
77.619889
77.900803
79.251351
77.498226
78.623663
78.309088
77.655259
79.396554
77.921984
79.627000
77.595640
78.148116
79.049671
77.381817
79.021334
78.310081
77.470197
79.049410
77.847272
77.548431
79.372430
77.461529
77.499556
79.158756
77.740729
77.586920
79.655683
77.664508
78.026009
79.116189
77.424863
79.519772
78.280877
78.625509
78.604044
77.707936
79.413339
77.324737
78.676791
78.299568
77.355375
79.493960
77.575116
78.157826
79.022337
77.518134
78.970401
78.007279
77.452688
79.277127
77.621902
77.747138
79.113272
77.461460
78.277509
78.839098
77.575399
79.648226
77.372298
78.295798
78.646520
77.545389
79.273416
77.861573
77.880865
79.086395
77.525759
78.773240
78.190411
77.356108
79.570667
77.505182
77.772873
80.106860
77.501895
78.421555
78.737704
77.466680
78.915957
78.363097
77.549754
79.417044
77.495434
78.879460
78.360298
77.530697
79.352092
77.960062
78.024890
79.241267
77.338230
78.032216
78.816658
77.350673
79.157798
77.800623
77.913616
78.861256
77.334117
79.031799
77.672593
77.759839
79.118330
77.335454
78.539664
78.173834
77.548846
79.201969
77.298783
78.746361
78.428808
77.318369
79.204096
77.729292
77.380724
79.365233
77.369313
78.117016
78.543776
77.360419
78.595420
78.119529
77.377855
79.530223
77.370199
78.849051
78.061777
77.908858
79.088739
77.353990
78.529234
78.231787
77.347660
79.393688
77.351818
78.947861
78.593533
77.512185
79.355641
77.371206
78.371265
78.369730
77.583749
79.472916
77.602234
78.208555
78.722954
77.331425
79.321905
77.466861
77.771768
79.047027
77.339371
78.072621
79.017082
77.487475
78.801383
78.301583
77.604483
79.659141
77.627296
78.330035
78.810209
77.500003
79.110963
77.724615
77.873995
79.004878
77.509855
78.584928
78.403778
77.482251
79.197420
77.622252
77.949136
79.001185
77.479832
78.338291
78.589728
77.177718
78.891348
77.585469
77.763574
78.845826
77.211075
78.882702
77.828335
77.465017
79.211703
77.215692
78.131590
78.542394
77.240508
79.318592
77.394157
78.291209
78.432922
77.364776
79.391033
77.319317
78.660259
78.252524
77.508112
79.348909
73.545042
76.076713
77.411690
79.495107
79.512701
79.492771
79.507816
79.499637
79.523060
79.492863
79.503201
79.483032
80.184060
80.535384
79.526280
79.512932
79.515092
79.532458
79.545477
79.472948
80.731164
80.334192
79.652666
79.682756
79.665890
79.682540
81.244647
79.685182
79.694510
79.664304
79.645373
79.639307
80.812427
80.036673
79.667779
79.634917
79.660140
79.894209
80.752512
79.630916
79.679220
79.674632
79.646139
79.636881
79.640969
79.867430
80.950850
79.666891
79.657414
79.649000
79.648225
79.891973
81.119547
79.660550
79.674034
79.652625
79.652651
80.262900
80.823468
79.638204
79.633971
79.650041
79.683583
81.109155
79.574847
79.525752
79.490199
79.491100
81.315857
79.341076
81.557598
79.737669
79.503578
80.409901
79.524163
79.503298
79.504648
79.510049
79.359063
79.393999
80.575640
79.748008
79.393432
79.379008
79.684761
80.616736
79.346289
79.363689
79.443642
80.939221
79.399800
79.368914
79.324246
81.091975
79.424173
79.711790
79.831102
80.881082
79.491322
79.528452
79.706707
80.968898
79.542536
79.509003
79.490962
79.677291
80.905344
79.555949
79.510873
79.525199
79.514604
81.159782
79.494094
79.510540
79.495417
80.722516
79.981638
79.515631
79.485997
79.529572
79.541910
79.534670
79.530417
79.535970
79.538823
79.516137
80.051643
80.561205
79.511554
79.506280
79.505527
79.490251
81.145626
79.534738
79.539860
81.186499
79.697872
79.537235
79.557947
80.597033
80.038727
79.532332
79.519982
79.533544
80.634271
81.305660
79.716834
79.659256
79.652796
79.649576
79.684518
79.669175
79.721620
79.636460
79.715026
79.717412
79.683531
79.602342
79.560760
79.511911
79.554233
79.545439
79.523186
79.522046
79.508088
79.555674
79.515999
79.539064
79.525579
81.111922
79.556409
79.662558
80.716568
80.733603
79.681506
79.670527
80.619563
80.465686
79.514454
79.539451
80.701542
80.026167
79.594886
80.967482
79.537959
79.628722
79.355372
80.908099
79.380722
79.357411
79.401484
79.357362
80.009295
80.189532
79.352698
79.353918
79.384170
80.764897
79.605715
79.358467
79.361929
79.425817
80.978932
79.387631
79.352866
79.361956
80.930225
79.377653
79.354605
79.335265
79.353459
80.243869
79.891433
79.365184
79.386209
79.358356
79.352056
79.362940
79.344932
79.432135
79.529876
79.530652
79.726865
79.482517
79.497227
79.496030
79.530065
79.488846
79.496399
79.486631
79.500537
79.492999
79.492959
79.490392
79.506824
79.486089
79.623035
80.941164
79.510632
79.492359
79.495250
79.501605
81.098581
79.488415
79.478089
79.476525
80.315894
81.452759
79.362962
80.212161
80.554832
79.341016
79.364467
80.147678
80.212199
79.680030
79.649458
80.742311
79.385394
79.892390
80.711273
79.355880
79.854160
80.564205
79.358483
79.363311
79.351252
79.362208
81.324369
79.523756
79.338415
79.336014
80.607277
79.783328
79.335482
79.346952
79.322837
79.318505
79.328997
80.812893
79.366725
79.342245
79.348618
79.511570
81.249194
79.498560
79.785407
80.942694
79.489982
79.872997
80.797750
79.364452
81.161527
80.671779
80.701838
82.048656
79.727847
81.612327
79.658382
81.596748
79.588638
81.169345
80.174964
80.282897
80.520095
79.498687
81.396303
79.385582
80.199486
80.357209
79.725823
81.105721
79.349153
79.861573
81.005053
79.340466
79.973233
80.224957
79.328462
79.339406
79.537394
81.099274
79.329253
80.812889
81.635425
80.477104
81.581057
80.198604
81.002847
80.551404
80.623177
80.788173
79.359085
80.627553
79.758933
79.337324
80.865809
79.462813
79.341521
79.376354
80.269659
80.502897
79.697325
79.678183
79.693650
79.897397
81.089140
79.683999
79.646382
80.927566
80.052360
79.669534
79.639962
80.193059
80.766348
79.668802
79.653362
79.752852
79.722761
80.813396
80.046936
79.676959
79.638290
79.675310
79.687676
79.668783
79.685925
81.095838
80.441681
79.761165
79.812269
79.842641
79.824901
79.795055
81.253285
79.731737
79.687464
81.079452
79.527014
79.578134
79.578264
79.897341
80.742167
79.478663
79.512069
79.510712
80.689884
80.050976
79.491381
80.276706
80.534449
79.520152
79.587493
79.592111
81.029252
79.753753
79.590910
79.512285
80.652594
80.062878
79.711561
79.664127
79.986391
80.924208
79.653987
79.687257
79.704347
80.305241
80.635053
79.647331
79.654632
79.714407
81.247276
79.664697
79.655182
79.686017
80.805158
80.046877
79.630092
79.678472
79.673184
79.601760
80.320448
79.373793
79.372740
80.010516
81.066041
79.353515
79.373451
79.360285
79.347404
79.363133
79.358355
79.390361
79.341857
79.578940
81.401974
79.319748
79.508488
79.353800
79.336370
79.319730
79.316096
79.323710
79.370452
80.977205
81.518955
79.522719
79.539247
79.676978
79.584517
79.536203
79.525847
79.536742
79.539205
79.571085
80.625640
79.990973
79.526651
79.500456
79.520561
79.533322
81.070876
79.509137
79.541484
79.547542
79.535672
79.524042
79.500651
80.671198
79.705410
79.565669
79.523173
79.498711
79.501241
81.169045
79.525347
79.503565
79.532432
79.515978
81.011094
79.499702
79.504002
79.532978
79.561378
80.993467
79.532087
79.660501
79.524428
80.588869
80.148894
79.524032
79.521470
81.143065
79.523631
79.539259
80.272957
80.556719
79.511299
79.504466
80.451994
80.235369
79.503741
80.426426
80.499464
79.521429
79.509030
79.503584
79.499444
81.369563
79.514201
79.499131
79.715669
80.882824
79.510117
79.505812
79.512014
79.515488
81.101251
79.516269
79.499263
79.499513
79.492030
79.509577
79.538910
80.342728
80.257211
79.530024
79.496086
79.511513
79.500154
79.535790
79.487122
79.482125
79.500860
79.495521
79.496474
79.489899
79.520147
79.722871
79.551920
79.548277
81.166944
79.543053
79.507950
79.522422
79.729665
81.078442
79.549371
79.990365
80.905978
79.497839
79.537796
80.699834
80.198978
79.513483
80.029281
80.828450
79.526768
79.528202
81.153109
79.534828
79.518947
80.637520
80.189532
79.497893
79.862030
81.765662
79.600113
79.511710
79.611048
81.087419
79.481345
79.526107
79.525157
81.252180
79.536305
79.543241
79.541005
79.538601
80.800531
79.944533
79.491470
79.540329
316.182313
179.635498
83.051594
82.332338
82.823865
82.756614
80.539236
75.914820
76.317240
76.028670
76.096611
76.033463
76.129588
76.280582
76.658771
76.685103
77.077507
76.596355
76.493718
76.738964
76.701378
76.732797
76.599477
77.645883
79.490490
80.375013
80.290489
80.269246
80.557949
82.012224
80.334767
80.686250
81.924671
80.464653
82.286680
81.119989
81.145366
81.830245
80.332661
81.973801
80.549143
80.680760
82.010156
80.270870
80.807628
81.806424
80.402019
81.057090
83.036342
80.374452
81.322588
81.394660
80.270404
81.972436
80.522245
80.350063
82.239353
80.216801
81.028069
81.791959
80.396687
81.993204
81.129709
80.257037
81.805068
80.918435
80.717310
81.894476
80.216790
81.210409
81.486337
80.359277
81.787603
80.643072
80.768647
81.707490
80.277372
80.916341
81.413701
80.231495
81.854183
80.881271
80.382578
81.922775
80.946495
80.356506
81.421181
81.265859
80.304147
82.082083
80.964729
80.381467
82.280005
80.380222
81.159818
81.261246
80.159999
82.205262
80.309086
81.109269
81.528978
80.342746
82.348513
80.382648
80.437571
82.501009
80.419718
80.682972
82.026108
80.303959
81.807796
82.646347
81.103167
80.403284
82.207373
80.454614
80.350642
82.356267
83.817791
87.777606
84.214766
80.944082
81.694880
80.212774
82.410363
80.271476
80.982413
81.680657
80.347619
81.749230
80.944212
80.375214
82.726688
81.405349
80.432608
81.572988
81.197741
80.403424
81.805224
80.755967
80.203329
81.797306
80.700516
80.332932
82.009328
80.495119
80.395907
81.757151
80.775216
80.274428
82.415334
80.374600
80.447924
82.147978
80.230152
80.948835
81.534639
80.396162
81.097327
81.489673
80.180800
81.234482
81.002436
80.245513
81.035138
81.202425
80.109228
80.270978
82.048056
80.229216
80.362053
81.853358
80.659328
80.297747
81.629929
80.889693
80.347021
81.979079
81.223897
80.341143
81.419264
81.272360
80.339360
81.089292
81.679480
80.398417
81.636557
81.244878
80.656628
82.047125
80.464088
80.843285
81.957472
80.325018
81.604812
81.273672
80.547607
82.365442
80.455311
81.299138
81.564890
82.643445
87.462627
80.168587
82.151134
80.610177
81.003641
75.882352
76.524603
78.874104
79.715871
79.822515
81.131069
80.739486
85.263029
87.536483
87.798252
88.727261
87.915162
88.827125
88.519840
87.387743
89.701397
87.140389
81.245540
80.577456
80.742212
81.226731
79.725145
81.875274
79.950052
80.752520
81.357533
79.665648
81.819262
80.191760
81.256747
86.815592
80.396455
81.437280
106.068118
78.218301
78.520879
79.929557
79.976162
79.940816
81.066658
80.781092
80.749905
81.150928
80.376722
81.935883
79.997335
80.837710
82.138332
80.368747
80.912393
81.351377
79.953798
82.067066
80.144755
80.667272
81.401943
79.993097
81.688021
80.459316
80.398113
81.638358
79.862372
81.559862
80.562750
80.504857
81.255389
79.947051
81.681137
80.399584
80.634651
82.086975
80.835738
80.024118
81.995539
79.986104
80.753793
81.169373
79.972247
81.632356
80.423648
80.967906
81.167474
80.007204
81.907322
79.912815
81.055289
81.143828
79.886566
81.465274
82.990345
87.017517
88.088861
86.241590
88.045059
87.531413
88.141916
87.379686
87.627869
88.161147
86.909580
88.310328
86.501193
88.398606
86.480523
87.995078
87.767935
86.912762
81.849051
79.943093
81.213270
82.097955
80.378004
80.420609
81.742010
79.842895
81.956633
80.106912
81.857258
87.838622
86.729476
88.546104
87.547389
89.205028
82.320130
81.377763
81.075737
80.107546
81.877442
86.094393
88.831744
87.002821
86.300738
80.991306
80.367075
81.487646
79.533110
81.431774
80.327326
80.668545
81.369093
86.383524
88.473479
83.105721
80.590466
81.022507
79.731301
81.676762
80.352592
80.632314
85.605877
86.840863
88.806068
81.943227
81.212186
80.495849
80.539736
81.635917
79.742616
81.699851
80.431744
80.907031
81.320890
80.049148
81.881551
79.831613
81.405744
80.637098
80.278296
81.451866
79.846165
81.626355
80.261091
80.676072
81.184616
79.710927
81.109886
80.652655
80.152942
81.936996
80.450549
82.004389
80.584117
80.152649
81.888140
79.776249
81.195685
80.490955
80.465163
87.937398
87.303993
88.270545
83.294909
81.795682
81.180486
80.427608
81.779625
79.779425
81.943576
80.424285
80.420055
81.669019
80.096418
81.967931
79.858780
81.663995
80.588589
80.870331
81.532093
79.879977
82.096720
80.493958
81.207019
80.814204
80.214389
81.910893
80.032239
81.491344
80.741830
80.878702
81.252515
80.029553
81.953126
79.854272
87.119802
87.326284
83.265932
81.031785
80.323657
81.504712
79.811877
81.741565
80.126201
81.238584
81.045276
80.212380
82.020219
79.806988
81.354829
80.548478
80.838544
81.772849
79.724689
81.771140
80.096136
81.323880
80.746590
80.362635
81.247745
79.976230
89.373157
80.321747
79.778140
80.122634
81.634145
79.735388
81.627428
80.434146
80.393125
81.334625
79.866308
81.994703
79.908948
84.294382
87.704079
84.735165
81.595361
79.584030
81.474831
80.139644
81.164817
81.137012
80.199453
81.870384
79.678529
81.122505
80.597641
80.460076
81.537188
79.831222
82.022966
79.934503
81.369460
81.025999
80.597609
81.980425
79.915972
81.512065
80.458130
80.955945
81.385131
80.057640
82.051670
80.042028
81.524903
80.776553
80.696177
81.338680
79.845954
82.121958
79.991865
81.575026
80.706528
80.548913
81.875235
79.925417
81.847640
80.278937
80.884831
81.698682
79.963509
82.199631
81.472911
87.997135
87.587207
87.266233
88.332559
87.003910
84.826202
79.867083
81.369803
80.907816
79.994158
82.233155
80.181844
87.477094
87.997371
87.960809
88.356012
83.247987
82.095370
80.241348
81.545135
81.140034
80.676846
81.993075
80.240257
81.892665
80.698494
86.285076
87.990852
87.937981
88.961972
86.448754
88.858750
87.336559
88.494746
87.029827
89.610179
87.752039
87.711367
88.325117
88.013854
88.054457
87.743782
88.617479
81.525329
82.103865
80.503149
81.248293
81.487160
81.458429
80.844372
80.567471
81.673395
80.135827
81.976358
81.180138
82.169772
81.831013
80.177015
81.935886
83.735650
88.949040
87.645487
81.675346
81.783137
80.032527
82.163424
80.686428
80.501956
81.850548
80.219934
81.949420
80.730564
80.915608
81.728466
80.322772
81.734722
80.838427
80.822081
82.025144
80.464959
81.525899
81.178585
80.826071
81.890876
80.309714
81.319488
80.986290
80.144096
81.442075
81.036836
80.205053
82.024648
80.747666
80.572149
81.813348
80.191364
81.075982
81.226108
80.240409
81.496907
80.963874
80.172887
81.931171
80.515842
80.418443
81.894122
80.102032
81.178563
81.405942
81.053848
81.830624
80.399426
81.611732
80.857864
80.552198
81.931906
80.292839
81.393945
81.168671
80.176388
93.227623
96.600180
77.710666
79.392673
80.381488
80.371564
80.213431
80.317045
82.247888
80.199706
80.976751
81.258422
80.129445
82.073735
80.331767
80.770082
81.525624
80.266358
80.641966
81.724719
80.403809
80.554179
81.810895
80.277486
80.415593
81.988824
80.358616
82.106369
81.186205
80.170980
82.196659
80.345895
80.823350
81.583997
80.253861
81.156714
81.569785
83.570196
86.382183
88.647077
87.209845
87.964909
87.144132
88.298601
88.025869
87.603565
88.477690
87.490151
81.787041
80.088352
82.336841
80.720069
82.156912
80.487544
81.025992
81.499445
80.451034
81.047165
81.477804
80.363083
81.274731
81.306604
81.707024
80.273842
80.966097
81.286754
80.229554
81.744942
80.695997
80.267554
82.159743
80.343378
80.449065
81.946371
80.307428
80.316556
82.109829
80.168975
80.950674
81.370549
80.388809
81.122788
81.679105
80.362635
80.283577
82.099533
80.492823
80.283927
81.868967
80.477884
80.299246
82.114089
80.304638
80.877958
81.715809
80.230830
80.761334
81.673238
80.437589
80.597488
81.948158
80.406816
81.680443
81.025730
80.543707
82.178325
80.398427
81.096622
81.760229
80.421275
81.820364
80.883933
80.850194
81.823227
80.738969
82.531379
80.391561
80.598988
81.931493
80.337126
80.631727
82.603056
80.988190
80.207597
82.155118
80.040325
86.986853
87.891574
86.631981
81.990238
80.399494
81.373432
81.072451
80.400635
81.782834
85.177392
89.377734
87.275882
88.862286
86.770659
86.907146
88.148722
86.362449
88.120114
86.819252
89.096250
86.761990
84.938026
80.850238
80.528877
81.529660
80.164336
81.495813
81.128428
80.210798
81.309826
81.772599
86.834641
88.151351
87.028094
88.594062
86.624502
82.215079
80.324682
81.033660
81.401089
80.760395
81.423991
80.042192
81.284167
80.737990
80.054030
82.114255
80.355951
80.451721
81.839667
80.326820
81.139724
81.361626
80.301360
81.184398
81.427489
80.477499
82.189837
80.263113
80.684800
81.625383
80.225881
81.044062
81.344271
80.345546
81.325899
81.175102
80.206811
81.877562
83.105137
87.017241
88.196032
86.175383
88.654376
87.525903
89.108935
86.231998
88.305550
87.407960
87.025375
88.377142
87.629645
85.543407
79.155254
79.647755
79.659468
79.704232
79.711106
79.680405
79.625708
79.688154
79.668288
79.649742
79.684336
79.645413
79.659293
79.620464
79.647238
80.058835
80.807175
79.781417
79.545030
79.530637
79.517263
80.521274
79.364432
79.372548
79.342546
79.341319
79.329410
79.312648
79.342401
79.390116
79.350737
79.330049
79.371423
79.340180
79.359464
80.216622
79.863725
79.309461
79.336306
79.312135
79.303315
79.347633
79.369834
80.361440
79.777574
79.335126
79.311657
80.641752
80.079431
79.361885
79.347317
79.344555
79.337442
79.374854
79.338576
79.343836
79.340597
79.362593
79.360493
79.354821
79.361078
79.346097
79.347713
79.338152
79.339146
79.461156
79.204711
79.231396
79.217062
79.213100
80.048852
79.601233
79.604549
79.407255
79.347432
79.353834
79.358360
79.344223
79.345542
79.327857
79.353166
79.330733
79.346126
79.363786
79.347258
79.221149
79.223125
79.211524
79.287207
79.317553
79.318850
79.534573
79.372853
80.779195
79.241335
79.198040
79.215198
79.217557
79.218349
79.233271
79.216539
79.969317
80.102293
79.326562
79.521257
79.328735
79.326565
79.329573
80.848973
79.323262
79.352920
79.347961
79.352587
79.366728
79.539281
80.547913
79.314400
79.327561
79.325332
79.306635
79.305435
80.930426
79.316360
79.303527
79.294819
80.675120
79.618591
79.315292
79.324457
79.294680
80.229434
79.984426
