50
66.438218
71.964706
67.316992
75.536282
77.091570
66.325834
68.392032
69.657793
82.785481
70.757331
61.428805
55.629079
58.997754
57.901648
62.100602
63.391562
65.675351
71.824611
74.736293
76.147897
74.441893
61.322584
74.932343
71.929931
64.885883
64.088082
67.922581
63.815072
62.136556
63.528961
64.282352
57.806399
58.983274
61.398962
60.378456
62.575627
64.442387
64.851981
71.778292
69.432253
65.072071
67.614989
82.132690
71.532064
62.446546
69.706726
63.822269
57.740417
65.165501
65.144829
70.526330
63.709017
60.149086
56.137833
69.921601
71.237247
72.543302
67.117748
64.792435
63.135853
66.692734
73.891529
67.264111
57.923582
73.746818
68.346192
68.726572
62.818894
72.179064
67.838767
66.587869
78.740529
73.653985
78.244430
72.519664
71.399845
74.020070
71.299219
63.699556
65.280921
66.559988
64.600531
64.784200
63.048969
79.546385
68.081996
64.957573
67.822379
66.294034
67.414116
77.194442
69.496810
68.492610
78.096871
85.218215
70.770161
72.746302
71.283213
61.750792
61.960150
67.239649
73.658337
66.526969
63.000166
67.644104
64.419481
72.137701
69.528410
60.968833
62.888849
75.372732
74.402642
69.040667
69.570786
61.890587
62.306387
64.972339
64.743174
64.219194
66.817366
72.975646
69.579487
57.416956
61.144468
62.839129
61.201818
74.042757
69.317274
57.107375
73.024446
67.834152
70.710991
76.059206
65.121875
67.245473
63.464632
70.507117
67.126216
72.650386
70.231795
70.892423
69.677649
66.980756
74.626900
74.225613
73.452201
69.629217
63.338490
62.705988
64.520779
69.767257
73.941470
64.265350
67.082904
67.331910
74.635270
69.718741
71.318492
64.811617
59.213873
65.741478
62.050085
70.780705
79.715684
65.583973
62.324145
65.146909
63.957108
65.275916
63.009188
62.608910
65.185310
64.225989
63.450156
59.212731
68.584194
64.723088
74.991183
70.862820
64.849699
62.437360
67.408859
67.786365
72.874517
65.016346
71.477511
63.390386
69.292953
74.022486
62.999635
67.875660
61.654856
64.301743
61.817766
60.952612
65.684423
70.332423
70.290385
69.463615
60.988547
63.902261
66.492264
62.678652
63.854701
70.725639
71.186407
68.575791
67.447314
75.046422
71.692592
65.406777
59.716141
59.746573
61.761893
64.438749
70.431436
63.078441
65.612010
63.671985
62.356915
66.137800
65.443073
67.474283
66.904645
59.001361
61.401018
51.175544
51.533580
63.651031
55.518475
59.218834
68.768332
74.802203
71.837576
66.548634
62.870772
79.501074
71.703341
77.284968
78.999941
80.823710
62.272509
55.259368
55.973403
75.680478
79.928852
73.028335
70.377028
63.711855
66.298414
63.682763
67.183611
65.153173
61.902277
65.463482
65.677740
72.349923
68.853242
64.467827
63.890954
66.454322
64.643576
62.768532
64.623282
67.410479
79.192333
70.435614
63.088792
61.059148
60.896334
64.179431
69.214867
63.035089
58.811188
66.467905
64.623479
66.017672
59.825346
64.763135
68.755660
63.657792
70.991333
78.602034
72.189670
70.039170
59.902457
65.364334
67.141990
71.477628
73.064891
71.630504
67.054648
69.249856
76.430834
71.494321
69.922156
64.450820
62.484420
68.715067
58.908365
74.086122
69.302610
70.035137
71.795664
76.514673
78.454378
71.276765
65.352091
64.794195
63.054437
66.929010
68.524814
66.193741
71.033380
65.431875
65.985804
67.423176
76.832059
71.857817
62.784307
66.231914
67.976094
66.920825
65.509162
68.503983
67.861608
72.118776
70.260285
61.038910
64.149616
58.183674
57.802855
56.855925
55.454578
58.114948
65.029698
69.516773
61.492010
68.748550
64.622885
66.202718
63.391886
62.356233
61.002782
65.710961
65.428990
69.206579
63.686676
65.701726
70.032568
70.557525
65.698895
60.498472
66.479996
69.408296
66.641685
66.978617
68.744098
62.669935
63.509723
65.516168
70.597415
64.371708
67.748955
61.861652
65.404785
61.993720
59.201294
64.499637
65.954958
64.342413
65.293813
64.599786
66.371285
67.644026
65.438672
64.599787
68.778339
62.516687
66.748519
74.298393
75.353529
63.743546
63.212341
63.646849
62.461058
61.746862
62.720005
63.731130
57.237163
71.816536
74.411674
75.537376
67.458472
73.209247
65.400747
73.656622
71.651492
66.670820
74.206982
76.967715
75.177736
65.649864
61.861762
70.447402
70.107077
80.975158
71.744898
78.488522
61.871965
65.449385
67.000628
70.434480
72.269228
77.559030
65.645535
73.728106
69.327863
58.632782
69.431283
68.297990
64.513953
67.396004
62.984030
72.379405
64.259947
58.189013
55.341990
65.629036
63.502652
57.463348
61.073166
66.894138
61.005664
59.532128
68.482796
74.594593
67.227063
67.999660
65.774142
74.026190
73.164544
66.327077
69.073543
73.399162
75.981709
74.495645
59.092332
60.677352
59.689959
72.201166
63.513097
61.932084
70.450793
77.834550
74.786756
76.795018
71.461901
69.920664
61.791566
63.653959
68.060589
73.242249
71.337297
59.868234
60.263555
61.580271
65.529920
59.660422
57.944836
73.227108
76.105620
65.981916
73.199721
60.124935
55.888818
57.226330
68.839336
68.028955
64.171893
61.435175
63.504924
61.836949
64.904450
64.029806
64.691541
65.802098
61.726121
64.137026
64.843959
66.547772
66.838803
66.454730
73.537273
72.452083
70.759976
77.187528
65.705195
67.223975
61.588304
59.505050
65.732405
69.383180
66.971172
68.609553
64.300918
58.011938
68.329875
72.760524
65.359134
61.097921
64.915002
62.404294
63.174114
58.926191
67.371102
71.519174
69.410559
67.381715
69.253028
65.442417
69.365730
59.559493
64.337560
70.602723
69.097332
62.965481
62.949714
64.758917
65.637819
63.029771
63.052157
58.891417
60.169760
62.238127
65.511186
65.382049
70.260635
60.715512
59.682110
61.870995
68.317718
70.245463
63.966371
74.119754
61.471388
64.290965
65.906620
57.802687
66.933183
70.565218
66.692671
59.999385
65.645398
71.648666
74.152163
63.123726
62.684774
59.326740
72.837103
72.054588
66.989746
60.804038
63.862172
63.760472
68.513951
66.274651
65.069791
65.684129
64.161059
70.202222
63.890170
64.381388
59.536318
59.321246
62.425183
59.131028
65.559576
67.329207
61.847950
69.441056
62.791943
65.514093
70.782742
67.671911
61.371174
63.152940
71.189924
71.289671
70.938716
67.508269
78.454082
69.950181
67.782429
73.672328
65.444432
61.019986
62.561386
55.275673
61.348266
62.657327
61.073876
59.215769
61.612524
54.978003
73.128211
61.991160
68.220207
59.319402
74.176112
72.384379
76.838186
77.231256
69.106049
58.590492
61.759399
62.746384
67.284035
77.202831
76.253921
73.836843
78.014629
78.248996
70.842264
69.863041
76.218233
69.859047
63.884358
67.197557
75.803913
64.996985
54.458023
54.558999
65.996031
67.357431
68.560866
66.009473
68.622505
80.920800
82.858621
63.980630
73.756269
70.890433
76.467140
70.777875
63.656477
63.622604
70.789854
69.003009
60.374245
62.175283
64.871876
65.878025
71.430487
62.343363
56.411698
55.139510
58.389691
65.569191
78.912638
70.424410
71.530690
68.535294
77.729489
78.228919
71.866184
68.616371
65.676678
67.734965
61.789654
65.559120
79.502857
73.883672
67.913898
63.627082
64.052672
65.451966
65.668128
66.684795
68.679964
64.114063
61.289805
71.352194
81.144417
73.533750
65.488852
70.804366
66.114057
64.463544
74.349093
64.862853
57.557138
59.259134
65.940876
61.639658
64.560689
66.117028
73.295082
67.298804
67.515419
71.613453
80.675544
73.807078
78.496292
74.046891
68.819373
66.464698
73.844806
68.537072
69.338986
64.093385
68.415027
55.268131
64.937801
78.441040
73.944701
66.987835
62.278695
60.290729
56.425755
62.147952
66.388971
61.281384
64.983618
76.750434
66.522215
55.513918
66.457036
72.612453
78.804225
72.035007
71.025211
62.856463
63.619412
62.491029
66.034306
63.139416
68.350699
58.989666
60.543153
55.212721
51.559306
46.529297
51.243386
59.545160
67.998059
63.942959
60.330081
72.152361
74.050670
58.979462
57.715598
59.593786
53.853385
55.293072
66.228216
73.496546
78.812902
77.771031
86.126188
79.574195
82.088009
73.630490
60.236086
67.769104
79.084397
75.077725
77.296763
62.044746
61.767607
58.548198
64.861724
64.312796
61.124479
58.901119
65.866018
60.716315
63.197473
64.682341
59.520805
68.584702
72.003135
68.506600
69.314784
64.379392
73.791269
76.650256
72.644099
71.113303
70.440639
67.960825
71.859235
71.417353
67.268752
72.785695
78.258839
115.844388
814.354610
73.412069
75.255668
66.653310
65.867668
65.393840
61.694590
71.340749
71.697402
62.745329
61.841202
73.434585
61.500189
45.964571
48.572478
51.203121
49.903797
50.017193
46.441041
77.901338
56.069356
57.451212
58.362494
56.481452
57.449972
55.939116
65.103324
73.889686
71.901283
63.741778
64.975483
57.900828
58.959814
58.841867
58.317706
63.867195
61.146434
63.762727
64.677940
65.051601
65.306376
61.357258
68.768341
73.771486
66.536700
72.067344
75.976734
66.416108
65.332448
80.116960
72.499230
68.280199
60.543507
65.055574
66.906674
74.603449
72.590718
68.122294
68.090931
62.927551
74.943611
69.101943
59.464423
57.864730
60.184873
61.886663
65.570535
70.259610
66.482206
66.826354
65.108036
68.893526
68.023041
72.514178
70.030201
68.961769
72.758764
65.638164
61.344803
59.406996
70.097601
63.167970
74.579813
67.502707
60.076712
63.631701
69.955555
70.671734
67.992062
66.327767
65.233200
68.313397
65.451163
65.458191
62.042382
71.353447
71.337552
66.212644
63.850099
68.422712
64.008371
63.743429
63.983547
70.384361
66.246341
67.141126
67.283803
78.117963
74.592994
69.068247
70.676627
69.246157
67.197790
69.757879
63.113906
70.355120
73.398984
70.701032
58.852123
62.075495
60.611559
62.846021
64.918681
61.099236
61.323943
67.080058
68.590432
71.353436
64.320790
63.692738
62.005745
65.372326
59.170589
60.415454
57.646558
62.701319
64.498906
66.243315
70.841692
67.667483
66.582704
65.722096
63.537373
62.433569
66.283290
65.905453
60.812180
72.768422
71.551080
69.701998
66.562022
73.669324
65.327276
72.195329
68.075106
74.195108
72.581921
68.024513
69.437702
59.086023
68.272716
71.814914
65.986302
68.388056
66.793047
62.756443
55.077998
62.654637
64.454965
64.631626
63.885558
65.091603
66.871233
58.866059
74.061221
82.427281
70.244444
76.776720
64.773433
60.468097
67.300606
64.593580
59.900847
63.479584
62.870775
63.231945
63.575067
69.425261
74.122767
74.162828
71.671458
73.420298
72.398187
65.824924
68.430592
71.532703
67.052876
72.024075
68.737501
76.099124
70.670190
72.515384
68.828941
65.746318
68.128011
60.448089
67.606176
61.057181
70.839756
63.604914
62.023134
71.290265
71.774820
69.516520
68.615374
68.545945
68.654604
71.389850
62.403315
61.776921
62.096251
61.362642
64.112809
66.389177
60.731482
59.286744
52.456306
60.294340
67.446941
76.534949
74.258212
64.437011
63.685386
65.440998
63.557636
63.259557
69.325755
72.334893
69.690945
66.393369
61.879720
68.208115
69.015083
67.231564
71.094637
66.299287
63.375415
64.050137
73.025997
73.577032
71.333026
65.638773
65.840217
64.945933
62.936600
69.206660
64.384424
60.970886
67.003883
67.019706
64.907280
71.623688
68.627325
68.920785
70.251925
70.065649
70.021211
70.826529
63.882194
65.636557
64.195229
62.177308
62.957764
65.398400
72.662596
69.806830
67.808858
65.893145
73.973254
62.265550
68.033649
60.602888
64.422266
63.091708
66.473949
67.574602
66.924524
61.301842
61.967978
58.777612
65.579775
68.533145
63.845816
72.250605
69.295429
67.051885
56.412259
61.778963
67.975515
62.015979
65.795373
64.668653
61.036126
60.651162
65.094403
62.353040
58.553831
74.599414
79.568747
72.015412
66.130959
61.804122
61.699743
65.142518
64.115891
61.148507
62.768675
65.966518
65.258800
61.022988
56.520182
66.652847
73.578824
74.301865
64.119888
63.622440
69.632472
66.068516
67.445475
74.668225
71.421345
66.852660
65.460438
65.057863
64.527458
71.421987
64.413231
64.234211
65.793270
64.508925
72.719566
67.130230
62.798246
67.846214
67.972510
77.597783
71.348934
59.113645
61.787990
58.231609
73.716860
79.103087
78.639992
65.788334
65.664960
74.786536
67.921298
76.628216
77.821619
71.753606
71.422445
68.164066
60.327290
64.004449
61.635105
69.963498
75.459397
70.755137
61.043285
63.966823
63.084023
59.134092
61.469112
61.923339
62.741693
75.415694
66.047609
61.585512
59.594829
57.492665
65.078404
78.566796
65.223645
64.731780
68.240704
65.500180
67.526920
69.363871
62.533065
64.927454
65.370851
68.512435
66.672416
65.958578
71.179205
74.157717
71.245296
77.735337
67.828765
73.836463
67.782343
71.583457
66.351075
69.723150
67.267561
67.987871
66.267305
64.036773
68.034945
70.922734
69.211421
63.543751
65.765365
68.062093
73.630805
72.413279
69.745921
71.518986
75.980111
70.928727
76.981248
73.338106
75.667886
64.815299
67.185340
61.895560
59.238070
60.191698
65.703897
69.341652
71.144159
67.348460
58.354291
69.744747
64.792026
64.722184
66.223891
68.474596
59.712448
68.552409
71.646277
70.568249
72.864332
69.417971
75.979947
65.395393
72.390658
68.647254
67.423164
60.618911
63.173577
60.095112
66.388338
69.026422
69.382356
66.657072
63.334251
63.371992
71.836460
71.768280
67.656680
59.281311
60.864295
61.818336
72.568930
66.839544
70.803950
70.967793
63.036312
71.186230
74.727991
68.067626
71.063693
65.295548
61.882916
72.080402
74.993569
72.137670
76.079688
76.091071
74.088927
75.300577
65.363424
60.812606
76.251564
72.335466
68.372403
67.705570
68.490281
65.535327
61.939854
73.727405
72.076619
65.398917
68.911582
72.343768
68.445280
70.288925
71.843647
71.416820
69.293493
64.970850
59.644553
65.403921
71.023237
68.859372
68.432608
63.321301
67.920569
62.835205
70.612563
69.082780
65.240841
72.717273
66.735919
65.041334
66.128505
67.602466
77.095348
74.302985
71.286180
68.312421
68.080481
61.963094
72.271968
74.499053
74.674326
72.358140
70.931317
72.138339
73.988234
74.181127
75.450755
66.105871
61.455295
67.451948
67.253339
67.777592
64.080908
63.588056
68.234778
63.558412
73.274828
72.083436
66.370993
73.284894
72.696379
72.456582
66.017335
79.461018
79.534414
66.782875
72.694163
64.845875
56.005233
60.424221
63.590312
59.174499
54.099133
56.326926
63.945733
67.721663
63.643194
68.905050
70.227620
72.632680
67.362596
59.737084
61.435576
65.164531
65.430102
68.939385
60.899064
67.632222
63.745940
62.964543
73.164417
74.425907
69.077616
70.266940
69.474398
63.607487
71.310107
68.825753
65.657920
59.753924
66.105316
63.970631
65.034552
62.936299
64.585814
73.884474
73.161421
67.238679
71.012861
67.859857
80.767080
76.105483
69.508112
68.915906
63.278467
67.194373
70.380267
68.852340
63.330109
65.487100
74.244555
77.569907
75.288415
71.523901
77.024777
71.946879
59.341491
62.227537
62.927904
63.568462
70.108988
79.576635
64.521834
67.305943
67.530878
78.284287
69.825360
74.867344
66.407888
67.249772
63.943398
61.528982
62.445238
62.320068
62.672185
61.306883
67.134376
72.537660
74.729429
60.165906
58.790442
62.627845
62.416723
65.783746
71.946996
64.824723
73.346996
67.343381
67.906240
69.194027
64.851605
58.705750
80.956604
67.530737
68.293766
77.341493
61.320784
64.875610
68.798909
58.160107
57.509590
62.037296
66.421331
73.719118
58.663647
66.381957
74.542176
77.043958
70.406892
57.265856
56.964654
66.504022
80.636205
72.544264
67.983444
61.382529
63.966739
69.637684
60.264042
59.580472
59.243281
59.499334
69.550217
57.615321
56.439783
65.245861
66.365921
70.815616
71.458096
67.671921
56.886526
58.312257
73.795959
70.354119
66.678604
61.924175
63.546049
59.952924
58.388079
60.204959
60.022687
63.267235
63.622881
62.200549
62.628913
69.025949
74.545972
74.234685
71.194566
54.889596
65.312007
59.195906
66.411238
64.800066
69.672168
66.058488
68.668385
68.700534
65.044135
79.330773
70.807924
66.658975
67.995037
66.596294
73.367642
77.897440
64.289509
69.815187
63.894039
59.285203
68.231149
75.652401
77.053739
65.317632
66.623063
72.505688
61.195789
62.430310
62.728136
64.856169
61.293028
68.931192
79.526906
79.163838
71.754767
66.745591
64.934146
63.357296
61.533315
62.168768
63.790439
63.972881
55.728178
58.663831
66.786675
67.806749
75.929723
78.106436
77.943320
80.565271
63.369685
61.191769
76.880014
80.035394
68.598614
65.605689
63.460129
63.633332
60.655681
63.683535
59.675067
70.623625
65.792595
73.765248
59.507436
68.073249
76.714383
72.016585
75.111213
72.417177
62.874946
69.447779
72.120646
63.456179
64.358880
59.938898
65.617189
65.499643
67.514855
61.436505
65.998722
60.449530
63.165348
70.421675
69.708821
74.101315
83.995912
94.024554
119.338187
129.823793
124.918951
153.627412
64.092852
62.079155
69.027428
62.820942
61.694656
58.780643
61.702799
58.671625
62.580056
62.231911
51.130087
61.881390
70.228849
64.334166
76.522593
67.687572
68.795636
59.592709
60.705148
69.767732
75.945618
64.580451
54.953513
60.587781
61.196376
63.307000
74.654120
68.956052
52.356480
63.797583
66.253791
62.762089
74.111458
63.118441
62.467627
61.490371
62.940961
67.025786
62.914796
73.071896
65.759364
60.522202
65.362433
70.535222
66.623338
69.726226
65.557586
63.961552
76.805140
65.313316
64.751188
69.414097
73.995867
66.441774
66.013591
63.517428
60.710225
62.618251
61.543037
65.341440
68.797993
68.340290
72.395043
79.942340
74.175342
80.689690
71.162634
64.500728
68.126365
63.195814
59.878346
64.339654
59.366449
62.846243
70.243536
78.234943
70.672709
67.544558
62.443680
61.092842
64.342483
60.944514
60.215770
68.116706
62.359789
63.263321
61.072505
62.757463
78.824186
68.412036
62.384348
64.155324
70.213812
68.618117
70.789517
70.913910
59.362738
60.104919
58.491979
68.346928
69.365978
60.470607
74.891900
67.014714
72.428680
73.064330
68.765780
70.372883
71.203817
57.447249
60.029535
73.404537
69.927296
64.749121
57.691113
65.163360
58.626059
64.063005
64.890846
67.498934
81.798158
67.724881
75.604401
79.674746
69.016155
74.924279
80.628526
70.787932
73.056257
80.546479
70.045078
73.091614
75.480008
77.004357
74.967160
68.205684
71.794582
66.823434
66.228015
60.910218
60.675260
67.604750
77.795761
73.103531
77.673928
76.175417
74.130177
72.551119
68.549570
66.025749
56.805967
60.300289
57.953936
64.150539
63.311858
62.184599
69.511559
64.251289
68.696319
68.249333
71.583732
70.829137
65.890222
67.611082
70.047349
71.228344
68.105184
62.866437
61.235115
62.458568
62.117093
68.055409
73.430677
69.849017
67.454585
63.592300
61.363097
69.232585
72.815699
71.956320
74.393510
72.180574
76.429492
63.868170
74.332210
69.243014
71.596554
73.530236
65.249870
61.987338
63.024034
65.044066
68.027937
67.269015
70.306757
61.745400
63.614187
62.131956
73.005009
85.219627
86.485821
81.415377
77.513538
75.915285
66.037490
61.600580
67.944013
62.112653
63.792944
59.644302
63.240925
63.840945
62.444386
63.894498
64.198301
69.818773
68.369712
69.462807
66.215333
71.721872
74.680328
65.012366
61.470526
60.218386
62.662603
64.399536
62.831578
67.061798
67.228323
66.132684
64.962180
64.565540
69.481450
64.800432
65.977216
66.513707
72.179819
69.976442
69.429171
73.775081
74.539205
70.398873
70.372381
66.968608
70.192298
67.383430
78.372018
63.897440
64.625506
61.305182
64.593827
68.096919
69.354843
67.832662
64.690081
62.628454
63.412210
59.724832
61.905545
62.374108
73.139828
70.723650
70.979469
64.235048
72.067976
62.126512
68.357478
65.971383
69.265946
67.958640
68.897715
63.486187
70.894032
66.550521
62.536189
62.603583
70.098862
81.919868
70.641428
73.340723
69.654499
62.048046
69.011747
72.299842
64.673571
72.523041
70.359668
72.577478
74.196401
74.991765
64.380868
66.923647
64.799881
64.498041
64.366413
63.330076
63.136774
65.490160
73.361145
61.956532
75.615058
70.554543
62.816095
67.187716
68.920126
68.051675
59.171200
62.427866
67.562868
72.120964
66.713033
75.970683
63.114926
63.350871
65.644172
68.205545
61.264579
62.731279
76.737549
77.519156
74.789992
70.791868
60.528479
65.246908
63.987640
66.595234
65.738279
66.035295
73.981410
61.494455
62.339932
64.136990
69.238585
74.526043
73.955248
65.800620
71.417940
66.358693
64.782979
68.205017
70.902351
63.850039
61.910002
71.783500
60.937060
69.923507
74.951384
64.247592
64.528616
66.208809
66.282619
58.888756
61.463270
61.068693
59.450762
63.044904
61.283750
70.022207
63.786575
63.551622
63.600801
65.552587
69.214308
74.609112
65.148908
64.369411
67.981301
65.806666
65.727041
73.886252
66.972533
66.123043
63.028050
77.960793
70.437674
69.383283
77.885948
82.121156
78.862075
72.019051
69.199610
60.530932
68.974276
80.042423
70.334347
73.917866
67.435742
59.297370
59.791231
65.540338
71.399455
72.527848
66.181412
57.264242
64.664922
72.296534
76.353070
68.952188
74.695285
75.542376
69.530469
69.449323
72.990253
73.636227
70.471134
65.972350
62.055947
63.171971
70.518291
60.803511
66.645564
55.691945
65.455645
66.738953
69.256854
65.438243
72.761287
69.726412
67.056265
65.701376
64.301103
63.872053
69.476254
68.298330
63.408591
67.332408
68.452166
69.835372
66.069135
67.307606
61.497367
60.955976
64.085306
64.678592
59.918661
62.403531
67.200218
59.362907
67.015322
73.544610
71.330626
75.956153
77.554521
72.126727
70.401143
72.901761
68.044827
75.808331
69.828635
73.205270
67.871307
69.884069
73.079421
63.162143
67.533515
75.676065
68.386362
66.361972
64.156844
67.288250
74.574487
68.394954
62.871975
64.355912
74.189020
69.235594
72.851975
66.757580
69.445682
71.468386
64.662274
69.429976
66.015848
65.109143
66.233288
62.221544
66.396762
70.622508
63.525681
69.951274
71.162007
67.614800
68.502155
71.177040
66.965712
70.923182
71.786748
67.645531
68.915381
67.102772
66.924303
71.687080
68.811937
63.314590
56.327367
58.183656
56.375762
56.050753
71.591172
67.714082
68.962719
70.192890
71.191378
73.125991
67.791875
83.973188
66.378283
75.795892
59.719645
61.719869
64.627022
61.756578
55.946894
66.487638
74.240189
70.696954
73.054104
76.478223
61.337957
70.244705
77.291099
71.125168
72.257565
69.576622
67.631576
65.760634
65.711298
62.650770
61.116413
58.199802
74.817724
78.277752
69.692273
63.149014
66.433290
72.471493
61.780112
66.016261
82.971385
73.492253
68.401398
64.497244
59.662532
64.465941
60.478038
62.552128
60.788113
59.341064
69.303410
71.067278
59.816265
67.787957
64.280711
77.363530
68.133445
70.955056
73.774625
65.944051
59.526376
63.907074
62.213310
63.322849
68.137251
87.045120
72.550192
69.048686
63.181545
66.879328
66.991187
60.945315
69.149239
70.281325
80.177606
66.302296
64.533197
74.382418
67.941306
62.213605
61.127474
72.136023
65.417764
63.339007
59.842950
69.681236
68.692451
56.006699
60.273463
62.506630
64.350283
61.004110
58.469279
62.690381
66.396063
66.889005
69.826409
72.408792
70.816202
65.668507
67.189089
64.264271
61.602124
66.350294
64.060269
64.431821
62.945489
71.279311
81.043943
75.287511
74.756843
71.832766
80.346965
78.294831
75.010864
74.163213
82.702653
60.757089
58.001608
65.050310
74.840690
72.277558
61.065676
61.378932
57.738708
63.257257
69.120683
62.266634
61.501598
67.425308
78.228096
67.378659
69.709595
76.401809
79.580744
72.452933
72.953056
68.254998
77.353902
74.060221
68.996704
67.683189
65.421033
65.227811
67.216202
68.193926
63.272880
70.732800
74.821071
72.361615
64.314998
66.274521
61.867803
69.512879
67.324315
62.201961
64.501533
64.351186
60.320106
61.764822
71.229672
73.283550
78.206567
76.828980
69.750201
64.619625
63.485430
75.671076
69.254958
69.267509
77.214285
71.186952
67.876505
68.818979
67.351844
69.766900
71.899996
67.730652
75.326652
75.188596
78.003309
81.397972
76.308889
71.863223
75.066602
72.240689
69.578286
60.862357
62.738158
67.416463
66.255301
58.723226
55.846396
61.600590
67.895582
72.707433
64.681232
70.926402
66.032474
66.569408
70.421138
67.524957
70.823118
63.132783
70.539953
62.661112
61.884259
60.299459
66.365953
68.811433
67.185713
65.263047
63.690080
69.201935
71.648225
63.797278
56.975448
63.537605
69.917091
60.090582
63.536374
63.481976
60.098532
60.943842
60.705312
70.713345
68.346849
75.772461
65.745352
63.649207
67.107728
60.834556
65.454293
70.022395
70.189475
69.750399
69.388733
74.173600
66.364333
60.844555
55.323174
64.638539
67.409501
65.849746
70.576756
70.914072
64.866631
62.777817
60.914135
68.980199
58.414954
60.762377
59.927792
63.830577
63.338948
62.501662
61.762721
64.539836
63.576446
61.310332
66.323418
63.797273
65.855092
63.448027
69.727873
63.489583
63.751943
63.900971
65.190416
64.407535
63.738371
59.629545
62.831105
65.095829
71.059240
64.122361
68.603390
69.766317
67.836092
77.400811
63.927752
60.401497
69.080608
63.108920
79.330697
73.882713
82.900119
78.481645
78.400854
72.327644
81.787081
104.303044
375.356822
53.661532
57.716848
64.454105
61.052568
62.366297
60.209849
64.258937
67.708608
72.124560
55.208933
58.968963
54.696532
60.785313
60.017592
54.932395
64.973499
72.635912
72.836958
67.273067
67.180850
63.993230
65.628862
63.771167
55.317589
64.186131
59.370666
60.784179
62.845167
65.836724
68.885074
60.159253
69.076788
63.939294
60.873251
60.192857
64.949017
59.282286
62.476481
66.736150
53.933187
62.747283
69.561984
75.958882
66.890345
61.385313
63.509309
60.158047
65.468298
62.206535
64.498312
63.261723
66.394042
65.561089
64.895136
62.063796
66.092158
67.282181
67.041034
65.120465
60.055424
60.268360
63.712098
58.030901
68.550793
69.812544
70.373664
61.796982
61.983406
59.613977
63.632032
64.906717
59.665283
66.957460
68.855244
68.440476
61.748056
62.345502
55.503136
63.341979
66.186275
65.174925
66.089555
58.614885
70.726811
67.848905
68.927940
66.622392
68.295073
68.996693
67.504510
73.379828
72.065957
75.065377
58.422318
60.854427
63.919900
73.468123
72.376905
64.109662
68.994080
70.690671
64.654378
68.489081
70.923202
67.021154
69.141392
71.221570
65.510471
65.662825
66.231027
59.278931
63.907377
64.611268
75.401275
68.105023
67.378018
65.348336
61.817142
60.123851
63.851888
59.823782
61.897890
61.765201
63.856495
63.221222
65.410862
62.646429
64.467179
66.680765
67.629639
60.982284
63.987066
66.225247
66.361005
65.393804
63.100839
69.397214
65.461108
60.473660
66.261237
64.124132
61.013502
64.059161
66.016350
74.919607
70.670454
71.991753
74.100614
75.075090
70.289895
61.951847
63.457604
62.336897
64.991639
61.680059
65.440467
61.955539
60.573901
71.882808
68.022593
72.094402
63.857292
73.022779
78.758963
75.530657
63.781697
67.351475
58.766820
64.107989
61.219237
63.875752
74.468867
78.233459
62.784850
66.855441
60.248975
64.654988
67.695119
69.968855
66.012989
72.528252
60.697350
57.725741
66.298996
73.104254
77.637569
61.193093
63.951785
74.856214
73.336311
70.471094
70.586477
71.665375
62.211189
73.605954
67.484936
60.516238
61.956680
68.150824
59.578187
62.479157
63.771025
60.561708
63.061278
72.739312
66.343651
60.769556
74.990264
84.461180
75.952499
72.070691
58.955161
63.168513
65.494350
66.499019
61.176320
58.815083
65.373768
62.735851
57.876401
58.180084
61.735500
59.875768
63.219809
64.774139
69.067505
64.969345
67.667167
63.993458
65.838109
60.257113
57.306123
61.998761
60.320408
66.886830
60.165980
62.706768
67.627778
65.914288
63.021795
59.637537
62.091607
67.700506
64.031434
64.224767
62.975236
63.765409
63.270768
68.250448
71.583038
74.317452
72.938696
71.255078
69.858244
65.241330
66.390679
65.352493
69.726503
69.404831
59.158688
63.083872
59.988090
63.518794
62.901871
59.186328
62.699485
63.555727
63.595440
63.676116
62.380636
59.997081
64.254694
67.456716
66.223312
59.236327
75.554650
65.408310
69.467188
72.149607
66.297768
67.601749
64.232162
64.447686
65.485556
63.507787
64.322198
63.562384
68.872041
63.637787
57.099201
65.446188
71.957904
71.921507
59.268821
65.685095
70.733528
82.316348
73.956822
66.931101
64.776382
66.029804
64.750034
65.651213
59.751048
61.573750
68.094265
74.843993
65.829702
74.302084
77.192521
69.816926
66.216170
71.903705
63.826192
66.789544
73.639807
66.504758
65.171130
62.305543
66.209690
62.781862
58.116808
60.149647
71.907916
62.296126
62.781289
67.068229
57.416349
68.291991
71.170209
63.733174
62.231139
58.361651
60.415294
61.424623
64.187001
61.139096
70.050625
68.975986
66.857367
64.000464
67.207538
64.387710
67.271097
64.617626
63.871546
72.448429
68.263533
70.666549
67.083864
62.659734
60.941293
57.364901
58.428177
57.636956
61.184195
63.890349
71.736071
68.395592
72.173191
69.544075
73.452672
67.486024
66.214021
60.527090
62.222778
65.900622
64.774405
66.311351
66.100747
61.046307
62.575754
56.779600
64.044353
60.805364
67.542820
57.590720
59.808635
72.645437
58.948486
55.994482
58.874497
60.075591
64.425249
75.244064
64.061272
64.628038
71.253886
68.902556
71.899720
68.945876
67.774435
66.439255
61.416143
65.889232
64.117053
64.044229
74.969830
72.633769
65.230381
66.606552
58.662838
69.737518
68.141257
68.366699
61.295637
66.497772
63.062290
64.054342
65.385113
64.112075
66.562558
64.189504
69.681462
68.503168
72.394071
75.867068
70.346441
57.532129
76.104482
71.791720
70.754897
59.372121
78.018864
79.833840
74.163352
78.347906
77.235686
73.325035
74.623992
71.769875
59.213504
68.382299
60.746878
60.225290
71.285699
62.816556
75.268968
57.906592
68.355727
75.573896
76.655547
70.548726
65.379732
59.502571
64.554828
60.299839
65.966942
63.894708
59.816134
55.994896
61.464724
74.288444
60.602979
61.103952
61.952545
58.920638
56.349139
58.123964
59.226312
62.699186
67.700960
63.049729
76.147743
70.678962
76.026897
71.472628
61.212357
72.033008
64.384510
69.074723
67.493401
61.786659
70.156925
67.930612
70.992500
68.630745
62.750781
64.498182
66.555814
70.318629
68.926195
62.599958
62.508924
65.699190
59.134890
63.001473
66.452137
62.650638
71.420286
66.664602
75.565140
72.147852
68.834629
68.294542
66.003629
62.263502
71.452349
70.404364
68.321962
72.812874
64.796908
60.757263
67.660311
64.624665
68.246847
66.159946
65.173993
62.639978
74.498527
66.513910
67.511131
64.864352
66.340349
61.947360
62.541050
62.306671
60.031550
74.535650
61.630326
69.316882
73.343823
62.931192
64.078124
65.369730
72.251327
68.700682
64.596895
67.836431
68.890849
69.474220
70.164952
62.544684
62.086472
62.493934
70.969866
76.289597
66.522050
63.473966
62.249036
63.981195
61.892291
66.360127
70.833785
65.299549
68.763938
68.952841
68.548704
60.972522
64.496535
64.512905
70.678796
60.395850
66.540512
63.826250
66.541056
60.271886
66.511446
71.099592
76.524865
70.040655
74.410210
73.046929
70.070139
73.042785
73.088924
68.955292
75.559636
72.378119
74.426261
70.614159
61.935453
67.306439
64.377055
70.335552
66.382952
67.347943
68.871670
66.649063
66.849730
61.600773
62.502518
60.475956
65.918299
76.495982
63.323199
80.445450
72.533804
71.022377
63.237967
62.224829
54.257767
61.854236
66.767756
66.543226
64.240083
71.918431
57.823618
72.590555
60.023315
62.348102
65.480288
64.232343
64.007610
74.958604
65.458890
66.456655
74.567994
66.338833
67.733703
82.467110
74.987175
70.597480
64.641514
65.865265
68.212266
76.376818
69.689011
66.356302
66.430082
70.783967
64.229635
61.230506
63.581910
57.433008
70.762150
62.829483
64.309029
64.148891
73.129202
69.447941
66.590680
64.500986
62.112378
69.731321
70.694744
58.848166
64.254082
61.220850
67.006411
62.782929
69.320536
59.824251
54.166080
65.998825
68.243544
70.176438
66.153001
71.600822
67.437171
75.119833
72.007049
77.708700
72.221191
68.096470
70.929465
70.906574
71.219201
72.343171
75.998197
69.221749
74.767150
78.373822
73.421064
66.731361
56.518312
68.126931
62.612745
66.640071
65.905333
63.025218
63.684099
66.009566
62.255903
64.686080
62.312158
65.582525
66.406524
63.350918
68.702505
59.330013
61.663739
64.157076
72.110642
74.546138
76.459298
72.930848
63.053589
76.269482
71.723728
63.984267
66.063330
76.111021
70.576029
59.261009
63.091117
68.511905
64.162786
66.623565
62.264553
72.309941
77.071077
71.703338
72.586310
69.863048
64.783862
66.238708
63.571058
62.913825
62.128133
81.596386
80.321929
71.585221
79.043854
74.497409
79.746285
76.333321
77.645748
74.169792
61.996251
60.142543
62.398366
79.336031
68.598198
70.105312
77.155975
69.582951
63.454728
68.151437
70.509273
72.337274
68.564418
65.758181
72.999007
64.273272
56.775629
54.120741
61.983573
57.951511
72.815712
71.892956
58.184701
69.515154
71.897781
71.108479
67.894176
60.879362
65.729840
72.236819
65.630711
61.114609
58.776945
60.426465
59.615264
72.949446
67.406945
67.823036
71.698305
66.256788
73.019137
76.791107
72.202483
72.611624
79.297746
75.847360
76.123285
62.997739
81.113679
78.201055
69.188559
62.838949
61.698110
65.683219
72.549798
70.009957
63.634039
68.944342
69.472542
59.024904
60.571276
64.768106
61.133251
75.622981
76.593390
83.064110
72.127069
65.268123
63.463151
61.150762
66.013207
65.283177
68.262683
73.456422
65.617068
71.163129
62.861560
60.393372
64.974638
78.782292
80.101497
95.741983
112.006296
110.227429
238.627248
