50
38.435388
39.710141
41.480565
41.551417
43.506795
45.075784
41.296790
41.070565
42.253446
42.479484
42.942908
45.645297
42.391633
40.283029
38.755470
38.448928
39.907128
39.992485
40.876452
39.878707
40.743216
46.670664
45.020933
43.010762
43.009227
40.888943
42.661344
41.063315
39.295279
39.960861
43.065085
42.191717
47.868110
47.086781
46.079588
46.271845
44.571745
49.691060
47.042765
47.203429
42.534131
44.433964
46.466355
46.186455
42.876130
44.745507
43.894119
45.656238
42.620685
42.264470
44.215093
42.419926
41.488263
41.727762
43.483026
45.321407
44.524682
44.375872
43.012827
44.884719
43.938659
44.768679
44.416278
45.416460
45.225807
49.145223
46.273050
44.330267
40.557279
42.609311
45.111509
43.678204
44.849189
43.334663
44.218522
49.650778
45.296428
41.154185
49.242440
44.273699
43.691161
46.163353
42.877754
44.984526
43.997730
46.128920
44.704792
43.449908
45.108056
44.723654
46.457101
47.404837
46.493380
44.297882
45.070431
46.215052
47.094028
45.625758
43.301071
43.719379
46.197334
46.018180
45.362613
45.246312
44.392496
46.292143
42.895216
44.483144
42.398050
44.183053
45.484546
44.479932
47.278605
44.504573
46.479506
44.878716
42.373913
47.860356
42.002140
47.097900
47.499610
45.648542
45.640459
45.578953
44.727072
46.983148
47.025095
49.487437
44.219966
41.484762
42.142243
43.613821
42.812488
43.566149
38.494738
41.983656
38.003066
43.752195
46.831151
42.130457
44.038125
45.667098
45.748755
44.493156
49.613913
46.221905
44.088055
45.305091
45.425312
47.577905
45.906471
50.280586
45.424355
46.197250
43.829763
45.515064
46.921640
46.604916
45.419507
46.092711
44.730486
45.524643
48.500514
46.434907
46.097237
46.396333
44.332345
44.008611
50.183357
47.671395
43.537560
42.258658
43.473450
43.714964
43.254549
43.224899
41.216504
41.546999
40.988076
40.960719
42.613404
43.935960
42.477655
45.960588
46.462949
46.248744
47.344238
46.953781
50.450465
47.958085
46.253164
45.826732
50.007449
47.845876
47.511687
46.134534
45.555689
47.665688
44.090355
43.627131
43.921488
44.415354
43.443252
43.379489
44.662752
45.503787
44.651891
44.804030
48.799429
48.006078
45.229601
48.787044
48.020877
42.944233
45.247896
44.352904
43.875129
45.078750
45.268619
46.719573
44.611373
44.209408
46.278802
43.643612
45.788362
46.935174
45.774659
44.215864
45.931132
45.453083
43.714600
44.327532
45.514719
42.651155
45.460986
44.516743
44.410348
44.725619
47.492374
44.603072
44.606177
44.756440
43.476811
44.254854
43.740754
46.114901
45.066164
46.604879
42.645475
43.260019
43.893296
44.716830
42.966145
43.158788
40.017593
44.518853
44.059451
44.896214
42.763237
41.521472
41.650248
44.734739
43.110034
43.605880
44.467446
40.585857
40.334475
46.449344
39.855044
43.694005
37.327681
42.582696
43.838606
43.646407
45.515299
45.223785
46.246282
44.654949
46.805427
43.049328
46.722615
44.828279
47.108526
49.700372
44.527409
44.744975
46.971811
46.028923
44.626039
49.838994
45.833111
44.251914
46.806873
46.269912
44.357003
44.483410
41.385982
41.595324
43.750932
43.255729
43.449724
41.473429
43.501391
44.533811
45.938064
43.220888
42.348927
40.013393
40.481192
44.776586
44.704378
44.817760
45.256354
44.364851
45.338690
43.378619
43.544149
43.750002
45.324171
45.398095
44.385354
45.068913
44.954158
41.761505
46.307084
45.288273
44.629430
47.327181
44.472549
46.497724
43.142545
41.644324
47.082040
44.201144
42.320006
42.758265
41.624542
47.728843
42.589171
47.656465
41.867957
44.844733
46.294271
44.094225
42.972507
42.572862
45.468592
43.271146
44.781776
47.530986
46.415952
41.955647
44.404092
46.311306
45.571941
45.340722
45.478587
46.046857
44.005455
44.767340
42.966370
43.888755
43.782728
42.609956
44.031432
42.446660
42.684718
43.025507
45.555341
47.702265
45.684866
43.538566
42.484856
45.755149
45.791569
48.020548
43.818301
44.856220
45.704423
47.751877
47.006429
46.583400
44.961493
48.525085
45.491231
47.986532
48.054710
47.694811
46.455983
45.758505
45.566365
48.495156
45.554705
45.597811
45.558257
44.548328
44.028133
42.760477
42.231007
46.164651
46.249196
45.526239
45.444026
45.278373
44.356958
45.318417
47.286742
44.113725
47.448276
44.028660
45.166995
43.926188
46.198614
45.005152
44.754936
43.148509
45.773043
45.465857
44.116053
44.889289
44.431467
45.466329
45.271623
43.835180
42.351744
44.251961
43.774785
43.382857
43.603629
46.544572
45.999705
45.636088
45.444636
44.451694
47.912967
46.227890
46.034285
46.360748
43.860262
43.311699
44.017961
44.979446
45.959587
48.392148
49.861731
45.114198
46.359634
44.775191
45.717888
45.505029
41.712956
46.126556
46.573084
47.440211
44.438664
45.424572
45.439834
47.298406
44.361499
43.808628
44.707590
46.161373
44.657202
44.797843
46.076252
44.526448
44.317965
47.131503
46.989957
47.378150
40.954323
40.929009
40.197910
42.076520
43.247147
40.367997
39.100227
43.762766
41.053956
39.110907
41.492279
40.951580
42.506126
37.758699
45.144688
41.270227
44.542769
44.861924
43.305490
44.217997
46.538819
42.514534
45.803423
45.447512
44.605046
45.429031
49.142487
52.604933
47.510175
48.977852
48.083482
45.406445
42.793574
41.590791
43.646225
44.525691
43.653402
43.590204
43.402026
42.585971
44.801213
42.717922
44.202607
43.557791
42.330135
41.244317
42.100528
42.624622
42.611780
42.923178
44.113425
43.151915
41.388002
42.427374
47.012336
43.746459
46.242833
46.340554
44.955440
44.072121
44.541610
46.771113
43.924958
43.582032
45.022236
44.220286
46.835761
46.491998
44.946474
45.960667
45.027453
45.644061
46.789811
45.842791
46.433364
45.664900
42.212104
45.982545
44.350314
45.263327
44.172704
45.787900
46.331730
47.437453
45.642228
42.591127
46.921080
43.658092
46.732997
44.660767
44.293592
43.397317
43.431224
44.071502
44.745304
43.970337
45.195873
44.727361
45.535934
45.340666
44.927133
45.606342
46.930110
42.354351
43.455342
40.998979
42.402486
43.885022
43.703271
42.715627
40.936090
41.910034
46.552331
45.247622
45.982682
44.100426
42.766204
42.947429
44.306977
41.865495
43.841286
43.805167
44.188476
43.007752
46.427936
45.134695
47.183196
44.920969
44.209567
44.050597
44.417139
43.757232
45.315778
45.490367
44.334660
43.792440
43.095917
45.434041
43.847370
42.957001
44.371678
42.361804
43.695977
44.573615
43.605963
47.261576
44.071047
42.070919
43.992124
44.549794
41.903347
44.909244
46.958853
43.948390
43.280801
44.699289
43.676379
42.180749
41.883656
47.111158
49.526287
49.388209
49.530287
52.039203
43.577711
44.112532
42.280002
44.954950
45.304208
47.124771
45.298233
44.373177
48.177277
45.665535
44.226230
45.262406
45.439798
44.563141
44.480940
47.682837
43.936055
46.385335
47.616597
52.581062
45.618269
46.831976
45.710936
43.630066
42.187699
43.693039
43.623186
45.189425
45.354222
45.621545
45.240932
45.988932
46.331632
43.234597
42.154424
41.012735
43.917615
47.846257
48.003018
48.150188
47.356965
44.327772
42.561354
41.696233
47.114878
46.221095
44.645274
43.754574
47.732444
44.449886
43.897806
46.457414
46.113176
44.492710
44.705100
44.160646
43.542200
46.976918
45.111858
43.324180
42.542019
43.540226
43.566245
46.173731
45.428856
44.566437
43.740949
45.178491
48.343649
45.412974
41.535957
43.350134
42.623393
45.681471
40.762628
48.599711
48.140989
49.279355
48.254136
48.192583
46.848802
47.531969
47.645425
47.450209
45.898174
45.533977
46.909380
49.746498
46.316341
52.668595
48.426530
47.482590
48.007442
48.214748
44.961662
43.728048
44.534826
43.732525
45.313946
45.404779
41.212155
39.675887
40.815776
41.006812
42.353003
44.043892
43.077323
48.583853
45.279431
44.255531
44.700586
46.327831
45.892172
47.884723
46.524432
47.248767
48.393086
48.449713
44.135206
44.182894
45.615831
49.312791
45.548764
47.793228
47.030007
47.065779
48.325919
44.777829
46.649451
43.544648
42.888199
45.457099
45.032802
48.416804
44.981873
47.603864
45.829397
46.889153
46.666150
45.733537
47.748785
48.220237
46.432489
42.817075
47.391046
50.281645
48.489897
48.130048
51.750402
47.738874
44.036182
41.031689
41.525666
40.167682
42.257138
41.698265
46.040512
49.788741
49.501164
49.581304
59.513952
81.039612
306.663901
41.716759
42.649327
40.313458
42.118255
46.482510
50.089973
49.518621
39.995412
43.156424
43.079852
42.680903
39.670712
40.037545
39.105787
38.228777
41.567266
39.410742
42.747091
39.637095
44.688207
41.505738
42.621887
42.931801
40.962878
43.415998
45.585873
46.636741
46.148166
47.287226
46.388588
46.196476
43.256992
45.734169
42.177255
44.579517
44.562305
46.812491
45.799198
44.280403
44.826855
46.075677
42.225605
46.686686
47.339200
45.562137
46.026227
42.500978
42.184220
45.494952
45.401040
43.256723
44.403418
47.197053
42.562459
42.023967
43.857995
43.658731
46.863870
44.908489
49.223899
44.904938
43.968424
45.905446
45.760170
44.434229
48.032120
45.459021
46.446819
45.336736
46.244874
41.972665
43.113212
45.216841
43.023821
45.424809
47.074464
47.688207
44.280867
49.942127
43.671981
47.153298
44.354277
49.159807
45.075485
45.434026
47.700722
45.114212
46.363238
43.101452
43.177754
46.269904
42.681137
43.914012
43.352449
45.366037
47.438200
43.190780
44.242690
44.846749
47.834128
47.099717
44.288814
44.306849
43.446862
44.941899
47.055137
45.283698
47.776530
48.689986
48.698597
49.447758
41.454950
44.882057
42.718532
43.849967
43.477443
42.208427
41.483362
41.423021
40.919587
40.763734
43.108412
43.646946
46.681205
47.936748
48.766269
49.505278
45.286048
45.411889
44.281011
44.557409
46.361067
42.555611
43.906977
42.234472
44.003659
44.954061
42.678556
42.732601
44.435626
46.415059
44.095981
44.043109
43.404988
42.055675
44.698903
45.301094
45.581896
47.390242
45.149828
45.576292
45.029406
46.235579
41.887032
45.924152
43.555469
42.648208
46.842630
41.348209
40.926359
46.148635
46.294356
46.887762
47.287532
47.583547
50.678636
51.283981
46.784973
45.991696
42.392036
40.837877
39.906998
38.043068
40.807434
38.321724
40.876865
41.638723
40.978702
42.925789
44.202296
43.176723
44.016244
43.594180
42.497356
44.318723
45.889981
44.111070
46.263461
46.782948
44.561788
45.593679
47.144562
45.770833
41.952232
43.925537
44.524059
41.944101
45.029078
47.898556
45.444466
44.324403
45.259781
44.623003
44.141905
47.728005
47.644596
47.649203
45.217904
48.120577
47.468221
49.211051
45.152863
44.642680
46.487795
46.296923
44.479271
44.592841
43.981113
45.241343
45.771927
47.072307
44.996141
44.237914
44.598010
41.824927
45.595075
46.414717
45.827065
44.945362
50.111695
40.901888
43.794591
43.635371
45.306194
43.309438
45.417284
45.583597
44.141315
43.501106
44.421708
43.988167
44.920296
46.186204
43.774213
45.916081
40.628607
44.466519
42.639307
43.954144
42.901051
41.648041
43.850623
42.765641
42.956422
42.383495
42.699669
45.367590
41.910736
42.498457
43.050451
42.683978
43.026214
46.112806
46.356401
42.955993
44.635887
43.460236
41.931860
42.862791
45.767237
49.080031
43.380056
42.855125
44.019332
43.162959
42.778476
42.203554
42.111146
45.277568
44.462761
43.349509
42.492265
44.669004
44.643662
45.958122
44.234600
42.412703
42.408541
46.470402
44.364085
47.991418
49.890298
47.119119
43.161579
47.521509
47.368313
43.638296
46.947696
46.833485
44.916952
44.361377
46.720556
47.221910
46.957463
44.946389
42.890903
45.304851
43.813680
43.676277
44.964686
46.071050
44.186627
44.242209
46.396340
49.569731
46.235236
45.586122
47.673583
45.318319
45.258803
43.993676
48.122566
45.622853
45.118199
43.654325
44.274140
44.385904
41.965738
40.629877
48.010961
43.981016
44.217237
41.641286
45.156479
44.742714
45.180123
46.086657
44.077917
46.258183
41.327474
45.816947
43.578712
45.554122
45.866179
42.377020
47.941851
40.582349
42.122431
44.229916
45.819441
44.766096
48.179018
48.047020
44.401989
45.835677
49.640614
47.002153
49.929353
47.127437
49.020148
47.445306
50.597146
46.151617
45.292806
40.971784
43.910421
42.812314
43.134714
43.642999
39.462641
39.922173
43.892816
43.851578
47.009594
47.969941
48.931114
48.181836
46.630720
44.243872
43.982794
49.255649
46.583293
48.985681
50.022448
46.758204
49.302249
48.452857
45.135021
41.750306
43.491515
42.808318
44.788892
43.481972
46.194286
44.922046
43.637077
47.697708
45.566618
44.874922
45.571293
40.573919
38.625814
43.261437
40.929908
45.397476
43.175287
47.562973
45.832225
44.990174
45.949125
47.409207
43.087311
45.885914
43.930686
41.720858
43.087208
46.447630
48.035438
43.447068
38.786996
40.213201
46.493773
43.496712
46.273029
44.106445
45.705727
42.292321
43.739849
47.376302
45.297939
46.261186
44.509970
41.917552
47.799953
47.753543
49.727734
47.596158
44.430062
45.588003
42.157346
45.002449
47.240880
45.257465
43.750386
45.005976
41.384967
45.894668
44.628201
46.341100
43.690415
45.509195
42.444453
44.349431
42.988032
43.298007
43.329412
40.466319
47.226866
46.640266
44.419691
44.779975
43.846208
46.373193
46.975277
43.514175
44.852352
42.355342
43.643825
45.489365
47.514416
44.719512
43.046251
47.473115
47.714494
49.586261
46.819676
42.292934
45.492709
46.200339
45.259307
45.791289
40.788474
44.606429
45.435052
41.755497
47.263243
47.774152
51.295047
48.418291
40.922145
45.433555
43.111120
49.584236
50.840274
47.951954
48.044123
47.647797
48.770090
53.085675
47.387918
45.385966
43.167473
46.414661
45.101701
51.708621
46.227615
47.995093
46.073456
43.186469
47.897405
43.763228
44.595246
44.550732
45.746988
44.175979
47.095913
41.944306
45.436511
49.052024
46.554874
43.977286
40.884216
49.261545
49.929378
50.779155
44.748846
47.966340
50.142601
44.678409
44.039457
44.628251
44.277330
40.272822
39.585677
42.728137
42.375953
44.516569
41.963428
40.853833
41.349345
48.206695
40.349494
43.115634
41.384590
43.725998
41.434271
41.996774
42.760809
43.708279
40.930796
44.140594
38.900648
42.038949
39.275826
42.072526
44.511539
41.779847
44.036025
42.900857
41.143282
46.313390
44.034618
41.912663
46.181285
46.954581
43.505474
46.009051
46.418207
38.330016
41.086541
40.455592
41.326797
40.770796
43.847856
42.075916
43.388987
46.502871
42.431967
44.541540
43.353798
43.863120
45.266662
44.637026
45.859797
43.574807
44.150135
46.043934
44.126330
39.328578
43.025487
48.724112
41.180120
44.190079
43.087219
41.591658
46.791008
44.526086
46.014844
48.039018
42.947865
43.159528
41.712718
42.149409
41.120614
41.539491
42.979413
40.995270
40.272938
45.241978
44.932484
44.648373
44.449973
40.440306
41.960355
43.860250
44.804270
46.698052
43.558606
43.214458
42.781546
42.618801
45.814233
43.005455
42.476377
42.377778
45.481586
42.496668
42.684295
38.036454
38.553605
45.161020
46.332681
46.194958
46.314939
43.247212
44.223971
47.455309
46.906536
47.343081
44.414669
43.711763
44.372997
45.269403
44.553706
44.367166
48.398119
46.227885
45.931555
45.780717
43.343081
47.324390
45.068689
47.508311
45.383749
44.486122
44.242802
41.161177
44.184313
42.876906
43.069470
44.031292
40.654392
40.923432
43.829716
43.275836
41.443447
43.612854
44.770246
37.011475
39.746347
45.727630
43.942737
44.416552
43.629516
42.994054
42.728519
41.153683
40.905145
43.401834
39.396273
44.371293
43.606091
43.464845
42.436174
36.061303
40.592589
43.678069
46.207094
44.093023
45.760405
46.397289
46.090714
46.936611
44.950730
44.125444
43.760933
45.166103
46.476733
46.286381
46.262647
46.918514
48.916385
43.665480
44.401707
44.082026
47.498762
44.471632
43.875179
45.265006
44.634071
45.641411
45.606973
45.422922
43.826777
48.471476
46.164931
44.541732
47.361659
43.991265
46.624070
44.319208
45.467054
46.384327
46.201658
48.200072
45.808474
48.139670
49.890104
43.146717
41.339266
47.846553
40.946487
45.310913
46.199266
45.693193
43.017577
45.238477
47.510214
47.335793
47.633894
45.300664
42.427215
45.811171
44.873352
43.332738
41.941312
45.567965
47.917863
47.249034
48.867863
48.197742
44.326420
46.486040
44.642544
42.570338
43.732208
48.441301
44.481254
46.180488
45.371147
44.536674
43.194676
40.536619
42.639119
41.667196
42.117024
41.621914
41.776660
43.738194
40.972328
44.385086
49.561056
47.479945
43.553489
45.679857
45.113430
43.516498
46.650021
42.672506
45.147189
43.308142
46.986722
46.918462
45.282135
44.298650
44.356074
45.280425
47.115409
47.602300
47.901302
46.381074
47.115805
52.920659
52.566764
52.827963
59.485562
63.577505
65.166020
108.843176
42.455792
39.322449
39.727026
40.426158
41.504530
40.448110
40.108779
43.186868
46.966395
44.606038
39.826491
40.374808
39.353541
38.634084
39.001490
38.926907
44.508163
47.200021
41.898713
43.741199
43.910754
45.781073
44.511044
44.564211
45.081091
44.312511
45.003461
45.197597
43.381498
49.705121
50.541906
43.615035
41.815459
49.292952
52.725388
49.360018
51.186576
48.883380
50.385865
49.240318
44.085976
44.409119
43.737059
41.480010
45.930198
45.665111
44.189216
44.285457
49.312568
49.298400
48.713391
46.150358
44.716553
46.301943
49.438107
45.347544
46.951730
46.783161
47.930182
42.886740
46.437962
48.186292
46.619091
49.546982
41.483809
42.848146
46.040577
43.783120
44.433598
42.741852
44.572410
44.738751
44.814502
43.892638
44.246511
44.522180
44.553248
42.739150
44.117704
43.569551
40.001845
44.459518
42.796191
45.099600
43.751585
44.499803
43.973030
44.210970
43.565165
45.440065
45.174580
46.326545
42.260788
44.465396
46.761216
46.315598
46.290764
45.455834
44.530197
45.868445
43.679124
46.693088
45.459133
50.251676
44.833675
45.089343
46.559140
41.948134
43.951241
42.209333
44.467516
46.279106
43.427369
46.516057
41.305177
42.421018
42.989020
43.899533
45.430457
44.415411
44.512090
44.756087
44.143290
43.382452
47.052097
46.261383
44.808379
47.006948
44.267574
45.722225
44.258513
44.353778
44.870962
42.925057
42.416627
47.542993
42.144534
45.486389
43.586020
46.029552
41.103465
46.629686
47.161102
45.214419
44.622500
47.275447
52.392546
44.129107
45.989030
44.876113
46.099028
44.480312
43.596253
44.811105
47.056803
46.365727
45.979638
44.460246
43.167386
41.231836
42.850250
42.465001
42.408112
44.426540
42.141685
44.311188
44.634348
40.681533
47.992694
50.897059
47.295129
54.620431
52.537664
52.399141
47.849923
43.811591
44.987798
40.639577
45.687521
44.335658
44.122974
44.405956
43.208731
44.439318
42.972431
43.338276
44.447667
42.572708
47.023637
45.926016
46.928362
41.568484
44.280388
45.011053
47.041903
46.035325
46.303844
46.267849
48.426291
44.783281
43.204106
45.944935
45.735832
46.651319
43.282942
42.875677
42.477979
42.569061
39.808798
42.230286
42.943043
45.312861
47.853044
47.671478
47.934506
51.010701
45.943648
45.602563
42.465573
43.796205
43.638654
42.204559
42.419703
45.805088
42.804019
43.095787
48.304361
48.131714
48.586486
45.595990
45.497260
47.936454
47.445088
43.562771
46.358067
46.058569
44.533974
44.646378
44.658800
45.650387
46.098374
46.526878
42.017608
44.549751
42.731983
47.127544
43.893476
45.398275
44.533150
41.174781
42.609499
41.050461
40.672674
41.221279
45.442488
45.668049
46.122409
41.519483
41.480907
46.382140
44.267423
45.796011
42.709110
47.757808
44.422040
45.167876
43.090597
42.516480
44.492534
43.535327
44.735789
44.382656
46.980341
42.817964
44.071481
42.953305
44.708621
44.188211
45.804256
45.228687
43.640783
40.978930
44.864427
45.063705
42.738183
45.869784
47.581864
43.234995
43.263763
44.425503
44.513468
47.553004
42.829800
45.082475
46.077529
47.433890
41.661196
41.988752
42.207051
43.047042
39.553429
41.555683
42.715141
42.411416
38.310304
40.788713
41.000872
39.944585
39.337273
41.014588
40.464359
43.357434
41.708729
40.088846
41.489594
39.747305
41.008806
43.713339
43.796949
41.070837
38.914233
39.233875
40.075702
40.688720
41.309176
44.427858
42.254046
43.854909
47.296359
46.652285
42.625794
46.475524
42.471895
42.575848
41.504160
43.022571
49.819759
48.225586
47.783364
46.656041
45.594101
47.152417
45.764880
43.391626
45.228451
42.749654
43.424475
43.895778
43.607994
42.848126
40.615880
45.345138
45.461450
44.475426
44.284823
43.267529
38.005136
40.919110
44.365345
43.430031
44.633212
42.619548
44.417735
41.989336
43.540225
46.684179
43.987841
42.778880
45.167963
49.631221
45.194260
45.593453
40.871702
43.208272
45.699702
46.817854
46.441114
46.572208
48.132773
46.350381
44.674160
42.830624
46.321225
44.667001
43.644745
44.623449
45.498635
46.496869
47.641226
47.124676
46.869270
44.702345
44.951612
46.704183
44.514491
46.142273
43.233697
45.397418
46.792014
44.100399
46.004700
45.407473
44.422098
46.620097
43.819790
48.683429
46.779219
48.040060
45.095047
47.047633
47.180900
42.864807
44.000945
46.210940
45.594082
44.581079
43.416638
46.519397
41.009375
45.763519
42.544245
43.910036
46.267883
45.263477
46.101327
44.428949
47.886835
45.543746
43.578374
44.317090
45.011330
44.960570
43.558395
42.747035
45.036818
37.557647
40.426796
41.017904
44.232622
44.042975
43.894545
46.241138
45.674165
46.381220
46.170682
43.891491
47.349545
46.989194
44.900921
43.675504
46.404560
51.481927
50.641292
44.013726
40.853324
44.780036
45.342714
44.483600
42.980860
44.487282
47.661643
44.638892
46.591304
48.574699
49.118895
43.187581
46.139446
45.480749
44.577560
42.860071
45.422849
45.260590
47.503883
47.833634
44.173135
43.331866
39.736989
42.811058
44.513939
43.935047
41.979273
36.010552
39.564134
42.977212
41.974403
40.923724
42.218415
43.476685
43.254804
42.958112
43.540966
44.578599
45.314020
44.555345
42.742269
45.156364
45.784667
44.720251
45.988010
44.659148
45.000595
43.678899
43.862183
44.523789
42.077400
43.530174
45.167496
45.495610
41.892598
42.103385
46.119197
47.081580
44.630335
45.100244
45.329192
46.198943
47.071105
43.616589
45.422655
44.548846
45.454294
43.424480
44.700893
43.085722
41.975125
44.730903
45.055679
47.406995
47.033458
49.906878
50.607176
47.709410
43.834503
45.787401
46.959887
46.093471
45.435640
44.473573
44.936305
45.775298
44.773884
45.409995
49.206906
46.764244
46.020233
44.577419
44.305787
43.029561
44.978911
46.272940
43.878286
44.348287
42.702814
45.355997
44.620765
43.953821
46.025954
45.353724
45.307230
45.536565
46.368352
47.627685
43.083307
45.139018
45.988207
42.781910
43.623155
43.554125
43.490735
47.564025
45.743010
43.086555
44.975116
46.718581
45.648942
42.545752
45.766939
44.487193
45.331644
42.452272
43.907434
43.551589
46.007246
45.353408
44.501696
40.767160
41.880761
44.661138
47.078392
44.994615
44.079332
45.560208
46.640002
41.349390
41.151588
44.959594
43.136433
46.678754
43.865748
45.397777
45.863392
44.354454
44.079905
41.842540
42.460682
41.811950
43.528381
42.577994
44.648763
42.151722
43.782366
45.821707
46.347666
44.554529
44.451200
45.255410
43.125411
47.345908
47.957482
48.076989
52.326964
49.757687
47.723151
45.934693
47.538397
46.477199
46.297670
45.009971
46.186375
45.049830
48.932857
42.791506
42.348014
39.740135
37.455911
39.836589
43.517842
41.640884
43.102957
44.356817
41.957585
45.335908
43.876162
45.445114
46.965917
48.222881
44.730923
45.388576
40.734441
45.005081
40.969985
42.095804
42.020536
44.318194
42.820534
44.668888
43.483471
44.352061
40.975403
46.767575
49.224328
46.839353
45.148543
47.862505
48.055728
44.116767
44.690749
45.950439
44.832847
44.855057
49.686803
47.761601
47.109429
47.145425
47.432047
47.151964
48.003716
51.803454
51.388859
49.403759
49.389450
48.788621
46.505050
46.806860
45.377722
46.924299
46.309570
46.975226
47.991800
45.516878
44.744801
47.026019
43.411785
44.318396
42.947363
44.434026
44.647089
45.316354
44.891266
43.383931
45.414289
46.070241
44.928295
44.234597
42.184384
44.983834
45.003827
49.651006
45.339502
45.249124
43.542443
48.107576
41.358599
40.394417
39.594083
39.877702
43.809877
46.435421
44.259867
43.275536
43.842671
44.553236
43.128810
45.066876
44.588816
45.170808
45.478600
46.341635
46.310946
46.128260
45.414529
46.065763
48.548050
46.472512
43.566564
46.269968
46.992531
42.976448
43.251648
45.898421
47.204135
45.757065
43.745766
45.422910
44.161949
43.273856
44.204377
43.938397
44.392192
43.012129
42.223096
43.412944
42.554342
42.149627
43.486202
40.929153
42.554029
43.100965
46.170313
44.697013
44.830390
45.095536
45.565350
45.428554
46.253268
44.951431
42.446582
39.089999
39.971216
45.852368
43.200046
44.619927
45.269359
43.989311
43.027737
41.818448
44.064504
48.743042
44.045484
42.774969
48.539256
44.706782
45.036008
41.008976
44.089828
45.333462
43.628156
43.485715
42.481979
40.690518
39.704322
40.413422
42.997658
43.871878
47.904100
46.461152
46.174034
61.894249
132.798845
826.727845
41.596402
39.866861
42.386905
44.024714
45.588938
47.729238
43.279826
46.471997
43.049240
42.229786
46.928396
41.686503
42.108907
41.206827
41.195851
39.756560
43.905533
42.598314
39.261820
41.463464
42.209823
42.828801
38.624013
41.583989
43.258082
41.112114
39.556319
46.356143
41.518341
43.826305
42.711951
44.894572
45.435627
43.993585
45.726209
44.403912
45.284468
45.386308
52.741112
52.502292
46.011416
47.048148
50.335114
40.507487
43.446107
43.289314
42.459909
40.415808
45.888744
41.326835
45.371910
44.821306
45.530769
44.845233
44.158496
44.147143
45.656634
45.378863
46.902423
45.171817
46.745937
43.931843
45.411736
44.537383
46.420934
45.327398
45.830032
43.093588
43.937059
45.151394
43.431956
51.511066
47.650179
50.155130
47.550882
47.274582
49.300699
46.039036
45.844250
44.910153
46.202539
45.259612
42.280227
39.436349
45.137133
44.671791
47.084613
48.383824
45.475650
43.785520
45.164095
46.606207
45.973807
46.879991
45.294354
41.331252
48.137355
48.641518
44.562775
45.384308
46.487738
43.082326
44.271641
44.200361
49.967905
47.607826
49.171900
43.231379
44.403218
44.369811
47.247831
45.862902
45.635786
45.747952
46.474274
46.067222
45.290544
44.437968
44.430167
45.452816
43.340260
45.660198
44.898090
42.998015
43.891734
45.951954
49.196835
44.239521
47.795618
50.000801
45.622470
43.479747
47.137106
45.607924
44.941360
49.357949
46.125142
43.240476
45.704474
45.894506
45.733942
43.077107
41.671465
43.487922
43.946871
41.931889
42.588799
45.298973
46.196248
45.387503
45.206674
44.795269
45.070734
44.762297
46.259229
44.494524
46.790593
46.457640
46.407354
46.249569
44.141362
42.699033
45.294829
43.046237
43.889945
41.472129
46.684349
44.427256
44.352376
45.371900
45.397391
44.013760
47.823418
45.031457
41.411525
46.681162
43.600338
46.088324
43.689777
46.445847
46.941233
47.089387
45.249575
47.108276
44.555175
46.111327
45.930120
42.797323
44.787869
46.203378
43.632437
45.595946
47.973118
44.278647
43.129559
41.614769
41.525056
42.427688
43.782956
41.432854
41.665363
39.270442
44.079581
42.342563
42.768381
40.993584
40.698100
44.505383
42.927652
46.448994
46.391053
44.257073
46.015838
42.339802
40.813042
43.478019
44.847526
42.718565
45.027355
45.277619
44.194560
42.680689
43.949440
41.756569
47.347376
46.331139
46.299904
43.869802
43.308517
47.969509
47.286835
44.159636
46.240067
46.751712
42.624498
41.017390
41.592515
45.778016
45.477062
46.159824
47.531215
44.899368
44.104635
44.515595
45.772408
45.998510
42.687227
47.744817
44.069107
46.867954
46.691854
48.260915
47.910254
44.288999
44.175250
43.351590
43.558926
48.058271
45.538387
45.932622
44.792283
41.259293
45.836757
44.187306
43.528555
48.936162
47.237888
41.539228
41.609012
44.347013
45.253966
44.162487
46.085210
42.113728
40.207222
42.720497
45.115982
42.577684
45.891437
44.330316
44.547721
44.673476
45.901381
43.042767
44.481208
45.519395
46.014777
44.525447
46.473442
44.422709
41.314496
43.359366
43.947669
44.714884
46.238252
43.342123
44.004361
44.405287
42.909454
43.412336
45.670324
45.502366
46.352562
43.626067
46.409684
45.034706
46.330196
43.896621
43.984947
45.433496
42.797064
44.814523
45.406952
46.790112
44.047936
41.411124
48.141117
44.517722
44.463105
45.284233
44.873759
44.020611
45.404173
45.155427
42.673407
45.143609
44.577771
44.517184
45.500684
47.185179
46.256132
41.609082
45.358052
44.194927
47.733110
44.637980
45.631257
45.611794
46.307327
45.098821
43.911421
45.875123
45.418410
43.059409
45.082220
44.857725
46.920164
47.843681
44.354545
44.368093
44.405005
44.582989
45.192291
48.029523
44.569180
45.023185
42.077213
44.546899
43.469024
46.454632
46.229494
46.174419
46.951231
43.890525
43.845874
43.749061
45.794302
45.767548
46.584617
44.043363
43.924318
46.916571
42.936330
44.158299
42.384126
45.778213
39.981979
44.353923
43.621078
38.924527
42.257099
43.139281
44.501490
43.877919
46.743031
43.249998
46.883631
45.143844
43.517398
43.466056
43.585119
45.721749
46.845237
45.258726
44.980209
43.069924
45.749145
46.125965
45.504724
47.162742
46.947141
44.464427
41.073051
42.964168
44.412804
45.902642
43.545471
42.766361
43.147108
44.082879
45.296127
47.397576
46.243564
45.732137
43.843574
43.791106
44.458564
42.304567
42.938979
45.967585
47.020695
45.539837
45.959827
45.626395
45.077768
45.332408
45.654881
44.428733
45.339504
45.888363
46.101370
43.216042
43.599755
43.036086
43.482013
46.248386
47.468886
48.095192
48.014826
45.725044
44.793832
42.250511
41.217711
46.881789
45.021820
46.436258
45.986197
45.464391
45.546900
42.974839
43.073809
42.950749
45.196788
43.457635
42.763816
44.519178
42.731480
40.522104
40.506908
40.955786
40.018180
46.373886
43.623983
43.879886
44.155067
41.528747
46.310786
45.869868
45.203895
48.458832
45.100434
48.265407
44.403357
44.282814
43.812687
43.435757
44.770534
41.335274
41.939993
43.343456
43.749964
43.978748
45.922462
47.055030
44.604984
47.141455
40.728819
44.515852
43.525745
42.831400
43.195318
45.151525
44.165687
43.970850
44.900723
44.520390
42.376672
44.440167
46.005449
46.145769
41.484910
43.192065
41.784639
41.605023
43.947471
42.722293
41.720656
42.477235
45.718921
44.875255
42.820874
44.757205
40.870689
42.233089
48.411534
46.126009
45.246694
45.346387
41.757426
43.921407
45.395440
44.531750
44.456680
46.003746
43.690028
43.731113
46.366778
46.729626
44.110590
46.372439
48.103716
43.655817
42.857435
43.364781
44.257260
41.176523
43.005271
45.313858
47.716176
41.960984
45.124529
43.789627
43.082846
45.160347
44.816557
45.976162
44.209787
45.701367
50.787550
45.121692
45.294353
45.474487
43.658255
44.467604
43.238376
42.858228
45.865087
43.075712
42.939990
43.849781
50.039349
46.038542
46.390870
46.250035
42.372664
44.388231
46.527853
46.457455
46.694520
45.464794
47.244543
45.315857
46.578770
39.874530
46.284195
47.710599
45.529271
46.043562
44.700677
46.883231
43.422862
46.126253
44.467232
43.776954
45.178078
44.818692
44.641296
42.186398
45.185858
46.747566
43.033085
44.331867
41.946402
43.197121
48.083406
43.517102
42.871454
43.822449
46.274223
45.080848
43.687544
45.254581
45.095119
46.256161
41.304478
42.019472
41.649976
43.890032
40.768889
44.065300
44.391159
43.480828
43.811513
42.811925
41.480965
46.507695
47.107325
43.907970
46.164912
43.302901
42.394215
44.251118
43.235297
45.323879
48.096254
46.585231
47.963625
46.316258
43.254755
46.142649
46.669045
45.836874
46.813734
49.393058
46.605550
44.216962
46.720024
46.954600
47.920672
46.752436
47.785325
46.204183
46.872010
48.927021
46.302776
46.491930
50.392873
44.119046
44.976090
45.584015
41.510953
42.935163
42.166438
42.974123
44.436789
42.781209
46.113004
43.694995
43.862808
44.449351
44.335940
44.932104
45.299500
44.413427
46.097052
46.393205
43.985298
47.738935
47.235484
47.337218
48.159118
45.819140
45.665479
45.257551
48.447015
51.875228
49.326029
50.092942
42.784208
43.774501
44.736576
48.504407
42.158977
48.554811
43.311126
42.635728
42.581589
42.838734
43.445706
47.320604
43.903323
44.512393
44.418930
41.914928
44.416627
43.921968
46.309009
44.475704
47.713455
47.461433
45.892746
44.319762
40.737867
43.394215
45.825593
44.585213
45.513872
45.374145
47.162033
45.090999
48.754694
44.937333
43.809582
41.084950
45.290304
43.681348
43.863461
45.241029
46.011006
44.561380
43.708240
45.618859
47.123676
47.218122
45.012306
43.564182
43.610011
42.688988
46.541392
47.037337
47.198152
44.138101
45.614495
47.118700
44.119001
44.776996
44.424703
47.536443
48.218280
45.889688
45.330104
51.045758
48.862768
48.012977
47.263493
44.793518
47.799925
41.469703
41.956825
42.035798
43.331630
42.383628
42.820057
41.023360
43.862092
41.529391
44.506413
44.908084
44.535502
46.326367
49.578344
44.814223
43.613006
44.576647
43.843326
46.100933
47.241600
49.899677
49.858987
49.821706
44.905146
45.358589
42.935607
47.161958
44.071339
46.148787
44.289669
46.696007
53.951604
49.561372
52.316386
47.525935
49.322307
48.543646
51.497422
54.220087
48.815130
49.063178
49.029761
51.485730
54.454986
58.435509
65.991904
94.130788
