50
29.539914
26.737122
26.737901
26.694461
26.725975
26.741033
26.744971
26.747571
26.736703
27.653606
27.083835
26.734467
26.736760
26.739608
26.734983
26.733733
26.735294
27.041155
26.747063
26.749115
26.722972
26.771028
26.826252
26.729046
26.739772
26.744416
26.706579
26.721718
26.762739
26.743049
26.700202
26.717910
26.715385
26.721484
26.750600
26.707420
26.725781
26.758605
26.741434
26.726672
26.743060
26.739179
26.723551
26.732136
26.726748
26.714592
27.277591
26.749316
26.741152
26.726488
26.705519
26.715653
27.114620
26.731452
26.715957
26.577788
26.595279
26.592800
26.585368
26.604460
26.588311
26.581864
26.608526
26.603372
26.594325
26.581276
26.575883
26.596876
26.584640
26.592875
26.581085
26.587539
26.679373
26.590733
26.581152
26.584225
26.575888
26.575083
26.578004
26.582028
26.586503
26.584463
26.587062
26.590402
26.593174
26.596517
26.596668
26.591659
26.583529
26.578193
26.587664
26.579409
26.575321
26.583753
26.574710
26.571239
26.577655
26.575346
26.582158
26.574384
26.589353
26.579497
26.586367
26.582586
26.568409
26.585018
26.569868
26.571397
26.583212
26.579062
26.589546
27.145083
26.586945
26.584364
26.576356
26.576778
26.573724
26.591672
26.596084
26.584459
26.585344
26.581533
26.590556
26.600410
26.582871
26.589596
26.577192
26.580078
26.604332
26.591393
26.607453
26.614707
26.597689
26.602368
26.623722
26.585498
26.593749
26.619954
26.614649
26.597686
26.612408
26.590248
26.597599
26.580422
26.565502
26.586137
26.592719
26.597049
26.591258
26.585749
26.583812
26.598957
26.563130
26.586138
26.577070
26.578436
26.588775
26.584334
26.572162
26.582755
26.582784
26.572817
26.584971
26.580438
26.575992
26.575993
26.569114
26.571433
26.592930
26.568637
26.583984
26.594184
26.571363
26.590473
26.584510
26.577164
26.575664
26.589010
26.610020
26.600359
26.591029
26.573896
26.572419
26.579581
26.580402
26.588001
26.575339
26.589091
26.574281
26.583029
26.572264
26.560266
26.574740
26.595843
26.581503
26.601233
26.581397
26.583200
26.577867
26.590656
26.583773
26.584157
26.592836
26.570729
26.588373
26.582386
26.574196
26.585394
26.571438
26.589036
26.583505
26.583210
26.585671
26.592804
26.580312
26.598850
26.582725
26.583705
26.578804
26.598775
26.580510
26.602487
26.598145
26.601877
26.598196
26.595758
26.580286
26.584572
26.593662
26.784240
26.731338
26.716042
26.707464
26.713073
26.731581
26.694559
26.723303
26.694524
26.710131
26.710896
26.743272
26.706942
26.726246
26.716779
26.717069
26.718415
26.736285
26.722814
26.735311
26.729001
26.721252
26.737495
26.737819
26.750664
26.744647
26.748736
26.743811
26.727748
26.746235
26.730250
26.727505
26.730472
26.741608
26.722392
26.739748
26.737785
26.738034
26.727266
26.735052
26.724118
26.739700
26.741136
26.738086
26.726275
26.743825
26.722442
26.715076
26.731026
26.737635
26.714426
26.745322
26.735388
26.739635
26.732311
26.753292
26.719297
26.743340
26.766172
26.763423
26.754383
26.767627
26.738645
26.749341
26.734691
26.731161
26.724318
26.746126
26.719767
26.735900
26.709527
26.733251
26.710537
26.753542
26.736465
26.746096
26.751139
26.744847
26.741850
26.729628
26.712777
26.724692
26.725018
26.727377
26.732856
26.732202
26.743206
26.722824
26.729370
26.737360
26.750733
26.730681
26.720035
26.733193
26.783810
26.752741
26.735534
26.740835
26.751087
26.762516
26.758742
26.759175
26.736046
26.730075
26.716436
26.763708
26.769977
26.730440
26.749022
26.738367
26.718910
26.717627
26.752219
26.737297
26.761979
26.745564
26.742715
26.744716
26.759124
26.734716
26.739847
26.736388
29.283391
26.721373
26.733804
26.722794
26.721790
26.718005
26.711943
26.718570
26.714788
26.719293
26.733514
26.733783
26.734228
26.729605
26.724466
26.720953
26.714449
26.731145
26.712724
26.725058
26.709863
26.738489
26.724413
26.725539
26.720470
26.705840
26.743169
26.725821
26.700451
26.706396
26.728036
26.699135
26.708936
26.861409
26.726596
26.736899
26.705513
26.759638
26.720811
26.733741
26.736199
26.735466
26.745192
26.726951
26.724784
26.739359
26.739657
26.727916
26.740092
26.734298
26.721296
26.724747
26.733777
26.712251
26.742026
26.736039
26.714357
26.732201
26.712333
26.707141
26.725448
26.740244
26.736578
26.746230
26.726381
26.718329
26.718365
27.552073
26.728193
26.736397
26.739635
26.745309
26.739425
26.737693
26.722449
26.727212
26.715208
28.103968
28.348759
28.148953
26.735399
26.713027
26.693095
26.714834
27.054065
27.764100
27.889586
26.994665
26.742352
26.753711
28.164380
27.534743
26.761180
26.724303
26.734017
26.735015
26.753515
26.724016
26.730495
26.733208
26.732994
26.750289
26.731117
26.740231
26.730194
26.739459
26.737342
26.764932
26.764305
26.737301
26.748115
26.739274
26.738890
26.740564
26.759081
26.744108
26.738788
26.746484
26.720272
27.102358
26.810287
26.675139
26.593991
26.597860
26.585874
26.599511
26.613986
26.586046
26.586378
26.593612
26.574761
26.590455
26.609985
26.574862
26.588866
26.593185
26.574266
26.574898
26.576509
26.573593
26.580132
26.573010
26.586207
26.583459
26.568103
26.570220
26.573724
26.583632
26.594377
26.583377
26.581480
26.586715
26.589903
26.585791
26.598076
26.582711
26.589386
26.605306
26.579549
26.580606
26.621523
26.600321
26.589241
26.607800
26.577840
26.589977
26.595668
26.591125
26.597671
26.585697
27.557014
26.780911
26.594663
26.577363
26.580920
26.580463
26.576297
26.573191
26.573695
26.570122
26.585448
26.568176
26.581157
26.598627
26.580286
26.586494
26.580416
26.565039
26.576673
26.572483
26.579737
26.583885
26.586194
26.663515
26.584899
26.588312
26.567814
26.586600
26.586698
26.570834
26.578186
26.606691
26.590764
26.567462
26.577819
26.573389
26.570437
26.572394
26.597862
26.609405
26.576295
26.596556
26.596410
26.579815
26.598390
26.598217
26.590409
26.582088
26.589351
26.560569
26.577531
26.723566
26.570816
26.566119
26.571372
26.584224
26.595928
26.591618
26.592143
26.596895
26.599087
26.594853
26.587922
26.583715
26.585066
26.577368
26.572774
26.623786
26.593077
26.605162
26.588972
26.583021
26.590390
26.581981
26.580173
26.573573
26.587231
26.578974
26.588803
26.587554
26.581023
26.583281
26.581942
26.575947
26.600015
26.570383
26.576607
26.584765
26.566224
26.593290
26.588804
26.569940
26.574170
26.569657
26.573454
26.586493
26.600668
26.571999
26.589369
26.585414
26.589218
26.611951
26.594518
26.588474
26.591118
26.573325
26.591794
26.611008
26.580338
26.600589
26.601070
26.594392
26.599604
26.598635
26.591987
26.585321
26.590049
26.604518
26.589199
26.588859
26.596511
26.585853
26.578986
26.590866
26.592981
26.581678
26.592136
26.593708
26.597000
26.595053
26.610635
26.625605
26.622775
26.617495
26.620088
26.593055
26.592789
26.587086
26.595364
26.579934
26.598066
26.619231
26.592415
26.598258
26.607673
26.584781
26.586757
26.585766
26.576647
26.592883
26.605520
26.625225
26.616932
26.600364
26.591864
26.596869
26.605715
26.603551
26.610954
26.585684
26.602340
26.593617
26.609203
26.600657
26.593593
26.590380
26.589064
26.592963
26.580477
26.591542
26.596456
26.578564
26.596340
26.591759
26.580156
26.603375
26.596694
26.717239
26.664169
26.653263
26.667195
26.668286
26.598932
26.603134
26.588647
26.684318
26.566993
26.576795
26.559060
26.557404
26.588509
26.574096
26.595867
26.596667
26.576747
26.591445
26.588152
26.583416
26.584891
26.586997
26.582345
26.585584
26.584562
26.585361
26.585938
26.564058
26.569308
26.570682
26.573987
26.573981
26.594288
26.564465
26.572634
26.580992
26.554342
26.571691
26.570154
26.591957
26.589050
26.570229
26.597103
26.745713
26.666323
26.768035
26.585874
26.576351
26.587595
26.578217
26.580723
26.578177
26.572731
26.574364
26.572259
26.576092
26.569924
26.572462
26.577393
26.584320
26.582961
26.573984
26.668115
26.592521
26.587982
26.583853
26.853104
26.653032
26.857713
26.794282
26.666412
26.644715
26.947244
27.357834
28.095465
26.550989
26.580750
26.569605
26.580771
26.584616
26.568067
26.583504
26.600758
27.691106
29.686029
27.452475
26.587327
26.567338
27.832360
28.249988
26.955527
26.597051
26.566347
26.616666
26.587218
26.558288
26.584482
26.670854
33.279163
26.575955
26.584732
26.609256
26.722636
26.849436
27.887981
26.516088
26.668630
26.531314
27.036365
28.064352
27.859559
26.548528
26.556784
26.552942
26.552711
26.527199
26.544858
26.535342
26.558621
26.546318
27.039195
27.346719
28.545476
26.554557
26.949103
26.575575
26.928999
27.505057
26.551947
29.134506
28.153725
26.567138
26.546155
26.550715
26.568886
26.544749
28.062962
28.806839
26.776728
26.644699
26.642650
26.650856
27.733030
27.416912
26.641258
26.646394
26.658000
26.645862
26.634209
26.651577
26.631345
26.560176
26.562794
26.542120
26.541995
26.546249
26.534245
26.544821
26.565655
26.547547
26.542714
26.555406
26.549471
26.559721
26.522523
26.566128
26.536496
26.559145
26.548521
26.571489
26.556187
26.551301
26.565104
26.556633
26.548793
26.546347
26.538113
26.554263
26.549013
26.558796
26.565351
26.550471
26.560343
26.537799
26.548342
26.551681
26.547072
26.545460
26.575439
26.553366
26.543824
26.551649
26.543120
26.550748
26.557987
26.542599
26.553949
26.551286
26.540962
26.538031
26.555694
26.559798
26.555048
26.547777
26.569990
26.537863
26.532802
26.551673
26.544331
26.542209
26.573442
26.535305
26.564645
26.546326
26.550100
26.533291
26.539116
26.535142
26.553480
26.555757
26.554774
26.546256
26.538102
26.548918
26.549949
26.553034
26.556519
26.542058
26.539981
26.549110
26.554638
26.545044
26.547709
26.539829
26.551136
26.547247
26.565338
26.566964
26.559948
26.541623
26.651771
26.561004
26.545649
26.555554
26.565468
26.541300
26.538279
26.547805
26.549296
26.564101
26.549556
26.557887
26.862102
27.971921
27.525574
26.535146
26.633347
27.629929
26.756144
28.778922
27.937741
26.641659
26.646226
26.644437
28.433226
28.440445
27.134601
26.636091
27.902876
28.310882
27.299231
26.722499
26.622305
26.622120
26.599362
26.554724
26.575010
26.565487
26.546975
26.551669
26.560328
26.560484
26.553313
26.549359
26.547853
26.555171
26.546830
26.544581
26.563511
26.542148
26.563762
26.556572
26.550641
26.544746
26.546457
26.543922
26.566569
26.556994
26.545366
26.553466
26.561630
26.896365
28.504930
28.362026
27.112321
26.658075
26.656839
26.646374
26.646118
26.622728
26.957404
27.556836
26.537474
27.095643
27.232103
26.566175
26.549042
26.548408
26.563346
26.487081
26.530423
26.595637
26.550813
26.556790
26.544117
26.548158
26.565854
26.559487
26.556169
26.559056
26.544540
26.549155
26.557472
26.545911
26.568442
26.563445
26.560504
26.563957
30.157567
26.514381
26.537006
26.523721
26.535377
26.533829
26.533174
26.525992
26.542070
26.533336
26.532570
26.534639
26.562744
26.556398
26.541812
26.565054
26.544777
26.532531
26.547696
26.540548
26.537585
26.547663
26.541611
26.556690
26.534336
26.532093
26.543617
26.546277
26.535357
26.542771
26.554932
26.560334
26.541601
26.543740
26.548229
26.549134
26.542297
26.549912
26.552919
26.550053
26.542466
26.548129
26.829559
26.554520
26.547004
26.539507
26.553800
26.543687
26.578291
26.568286
26.575593
26.558095
26.563619
26.541162
26.557031
26.551508
26.559106
26.553003
26.557891
26.550140
26.565976
26.547676
26.541944
26.557492
26.551439
26.552310
26.557710
26.547872
26.568214
26.550771
26.549877
26.557771
26.534129
26.546931
26.541338
26.542294
26.544600
26.547597
26.538842
26.535722
27.287206
26.731808
26.530487
26.542621
27.543419
26.713158
27.533195
26.586294
26.558639
26.566503
26.556602
26.559236
26.566701
26.551973
26.554419
26.562125
26.578577
26.557434
26.560415
26.545864
27.360858
28.185798
27.370621
26.556178
26.662533
26.651622
26.655017
26.652869
26.655952
26.656751
26.636371
26.636554
26.635693
26.638149
26.580057
26.551527
26.548745
26.551495
26.554178
26.557286
26.539421
26.550213
26.559524
26.558144
26.551205
26.567495
26.540500
26.553407
26.555847
26.564473
26.543247
26.558125
26.566246
26.562712
26.583536
26.546125
26.558331
26.557684
26.550188
26.566733
26.656815
26.564385
26.555872
26.555427
26.553951
26.563407
26.551237
26.539283
26.553684
26.543752
26.560903
27.012052
26.634726
26.624065
26.647850
26.635396
26.658330
26.639122
26.636320
26.649167
26.627886
26.562397
26.612636
26.620166
26.552243
26.548539
26.558107
26.561612
27.233071
28.194058
27.188826
26.703758
26.696922
26.725466
26.717283
26.901979
26.912654
27.294124
26.724974
26.710500
26.728175
26.770317
26.718910
26.725880
27.624967
28.575734
27.672061
26.719641
26.714419
26.701112
26.715875
26.714043
26.724074
26.709610
26.698457
26.730297
26.705544
26.713657
26.731703
26.724424
26.727865
26.734712
26.727174
26.799813
26.749767
27.592769
27.107425
26.883967
26.830056
26.855136
26.729560
26.719635
26.717579
26.721943
26.720566
26.735195
26.712905
26.715155
26.713485
26.729305
26.720376
26.716931
26.874824
26.718141
26.733625
26.718854
26.736131
26.722879
26.724439
26.724051
26.709052
26.702672
26.707644
26.696410
26.723509
26.728302
26.698459
26.725631
26.741855
26.725008
26.717778
26.990125
28.028467
27.747519
26.729850
26.718240
26.725002
26.715969
26.708371
26.714061
26.723481
26.722399
26.722025
27.330521
26.743825
26.741892
26.858379
26.722471
26.712956
26.737446
26.715335
26.729174
26.732885
26.710778
26.713038
26.711396
26.616905
26.547927
26.554327
26.572837
26.547122
26.561885
26.577340
26.573858
26.558798
26.559769
26.570271
26.561410
26.556778
26.568048
26.576406
26.553427
26.553163
26.576129
26.542861
26.568306
26.569090
26.545552
26.556029
26.563540
26.549689
26.818455
26.539331
26.566223
26.558911
26.539583
26.558007
26.551252
26.542591
26.552162
26.557655
26.548146
26.565743
26.555882
26.557441
26.570235
26.560939
26.729080
26.602773
26.534264
26.543543
26.584584
26.549982
26.563391
26.555119
26.540860
26.553911
26.560823
26.558391
26.549611
26.552149
26.569519
26.538726
26.699748
26.870109
26.640118
27.234847
27.567690
27.174841
27.651731
28.654961
26.776631
26.628725
26.636666
26.642929
26.627801
26.624786
26.631434
26.634935
26.627581
26.648510
26.629763
26.542974
26.548037
26.539431
26.551399
26.557742
26.577619
26.566873
26.555138
26.550449
26.566069
26.569872
26.555509
26.550551
26.549365
26.556330
26.560520
26.541041
26.552624
26.556080
26.550527
26.557493
26.558241
26.545331
26.570250
26.558319
26.555759
26.547335
26.553277
26.560610
26.555040
26.538455
26.540898
26.544124
26.557046
26.548085
26.553894
26.538386
26.548123
26.554690
26.550321
26.572195
26.540899
26.556839
26.541355
26.561776
26.758813
26.706233
26.645068
26.553966
26.550982
26.558463
26.571732
26.544207
26.917882
26.534652
26.533635
26.544168
26.551184
26.548295
26.556105
26.556591
26.547471
26.549359
26.560396
26.555071
26.571123
26.543129
26.561285
26.554889
26.553585
26.561823
26.555954
26.546895
26.561273
26.561924
26.549323
26.545418
26.544769
26.563864
26.554623
26.553610
26.552949
26.544559
27.589671
27.760896
27.751686
27.759167
27.800823
27.744955
27.788247
27.752203
27.746282
27.810518
27.771313
27.767023
27.697564
27.715642
27.809699
27.749097
27.669370
27.731824
27.611794
28.105015
27.755940
27.733951
27.826987
27.840835
27.814490
27.836557
27.818941
27.890560
27.890740
27.900060
27.882634
27.862051
27.839576
27.829564
27.830399
27.856099
27.811676
27.819311
27.826025
27.862148
27.793652
27.843532
27.849140
27.869643
27.850639
27.778175
27.867026
27.948720
28.057008
27.945807
28.024849
27.974539
27.848817
27.849067
27.845653
27.847519
27.843875
27.852735
27.847512
27.860723
27.833628
27.746670
27.782429
27.814177
27.775222
27.736595
27.762084
27.724430
27.691457
27.690719
27.691203
27.680124
27.775172
27.783813
27.786053
27.767901
27.780134
27.759640
27.800599
29.083707
29.536907
29.157729
28.784067
27.863589
29.161011
28.512782
27.852883
28.117853
27.971152
27.916572
27.801102
27.769171
27.806482
27.863507
27.844472
27.860822
27.778214
28.164508
29.255613
28.772468
28.115938
28.623083
28.205912
27.917767
27.812677
27.914598
27.918522
27.938042
27.983649
27.946067
27.994459
28.076442
28.402728
27.853294
27.857744
27.862983
27.862772
27.871322
27.799994
27.793023
27.825722
27.826991
27.826487
27.808884
28.139302
28.099564
28.030422
28.092938
27.925162
27.930348
38.037142
32.896966
30.392313
30.468929
30.341238
30.239952
30.115890
30.025379
30.081055
30.056493
30.052295
29.973468
30.041981
30.043601
30.138590
30.038405
30.228264
30.007732
30.038751
30.071753
30.066714
28.505949
27.585235
27.603885
28.313977
29.828736
30.179683
30.078759
30.246137
30.298240
30.212391
30.179858
30.088320
30.242790
30.226730
30.192774
30.137732
30.135758
29.976158
29.964278
29.961123
30.092908
29.995983
30.037366
29.961617
30.048495
29.923674
29.919464
29.974117
30.019759
30.206401
29.973877
29.928827
29.981866
29.970306
29.987849
30.055979
29.257045
27.658343
27.652884
27.660343
27.648219
27.663646
27.669163
27.697127
27.657756
27.641786
27.670150
27.677851
27.665510
27.643535
27.657857
27.667945
27.677879
27.643008
29.776347
29.950448
29.936946
29.995325
29.988299
29.964539
29.911711
29.823304
29.947898
29.995031
29.912723
29.955963
30.213370
30.306818
30.144315
29.908836
30.021304
29.926493
29.969074
29.897241
29.958753
27.581299
27.610775
27.607878
27.640767
27.599996
27.612298
27.584616
27.579670
27.599846
27.587102
27.589194
27.588692
27.584273
27.580356
27.594822
27.613322
27.581930
27.575602
27.595664
27.577581
27.605921
27.581446
27.593507
27.596266
28.154247
30.055207
29.932687
30.165358
30.139686
29.989433
29.948265
29.965730
29.898091
29.960015
30.158174
30.128320
30.118341
28.874284
27.605976
27.616946
27.607210
27.616047
27.587101
27.591669
27.598322
27.594335
27.633208
27.577716
27.605202
27.991593
28.680561
28.030359
28.077298
27.584067
27.570173
27.845607
28.613757
27.569899
27.592166
27.589425
27.576253
27.574395
27.565747
27.577170
27.575742
27.575559
27.581119
27.578835
27.547195
27.799432
29.993684
29.947145
29.911466
29.937781
29.973038
29.889603
29.903379
29.963858
30.093804
30.008977
30.007034
29.875107
29.933167
29.924428
29.895031
29.867793
29.958231
29.933491
29.918940
29.890173
29.884417
29.956301
29.895854
30.100776
30.077628
29.963218
29.811267
29.970311
29.904388
29.906641
29.882492
29.965105
29.939515
29.858337
29.888699
29.893609
30.008156
29.936803
29.952056
29.917391
29.925262
29.895985
32.464790
30.026139
29.993767
30.003452
30.113740
29.914284
29.913523
29.904329
29.887313
29.852227
29.897879
30.040745
29.823283
30.336717
30.010825
29.991595
30.156283
30.114888
29.949522
29.706130
29.673384
29.785131
29.852805
29.590284
29.753367
29.776095
29.821310
30.097237
29.835307
29.920865
29.871858
29.929365
29.923201
29.943548
29.883268
29.814204
29.840903
29.868307
29.944411
30.026988
30.391986
29.885857
27.597526
27.572653
27.574480
27.601883
27.603524
28.291718
28.751368
29.694097
29.922458
29.929720
29.970433
29.942659
29.895697
30.095597
30.184842
29.980327
30.311683
29.968209
29.908304
30.000753
29.908224
29.927493
29.902049
30.086752
29.905639
29.913085
30.033361
29.872782
29.978851
29.900342
30.196020
29.897689
29.836792
29.910997
29.886512
29.932141
29.847887
29.902728
29.889317
29.880847
29.849172
29.878310
29.841736
29.920115
29.917439
30.109699
30.021464
29.837763
30.122192
30.138915
30.205913
30.211452
29.894058
29.093839
27.598486
27.624907
27.601026
27.599346
27.825170
27.604860
27.608498
27.613473
28.095196
27.805533
27.615512
27.618250
27.634316
27.707650
27.687977
27.699862
27.690580
27.724863
27.683309
27.680845
27.683974
27.771010
27.688507
27.705339
27.685274
27.750398
27.792548
27.767441
27.810472
27.792451
27.798121
27.782373
27.788106
27.810310
27.797998
27.774906
27.792432
27.765754
27.721411
27.700426
27.758124
27.788100
27.768371
27.751380
27.706291
27.678052
27.694329
27.701574
27.673534
27.680265
27.672703
27.672213
27.678986
27.683001
27.688147
27.682151
27.744530
27.685070
27.698346
27.811394
28.065497
28.222120
27.894751
27.944626
28.497972
28.335754
28.730937
28.065431
28.159942
28.283885
28.046553
28.140980
28.062543
27.718313
27.769649
27.638554
27.479630
27.854132
27.658545
27.703173
27.582084
27.848843
27.466910
27.671706
27.686856
27.689553
27.668696
27.708313
27.680885
27.671508
27.743811
27.671730
27.678326
27.750462
27.690726
27.684091
27.675113
27.674648
27.687450
27.853148
28.294293
27.850982
28.180248
28.545549
28.628847
28.445918
28.277640
27.898157
28.366880
27.731548
28.582954
29.900509
28.028408
27.674931
27.676343
27.664487
27.703086
27.686941
27.815817
27.922175
28.320587
27.695446
27.671526
27.690452
27.647949
27.753629
28.573612
29.092860
28.268432
28.442430
28.144528
27.676287
27.685872
27.703983
27.675236
27.702450
27.668033
27.683304
27.673564
27.674795
27.690594
27.679786
27.701712
27.684204
27.676993
27.689577
27.677406
27.707371
27.676224
27.677396
27.716623
27.672618
27.693085
27.589910
27.647366
27.528001
27.966776
28.251868
27.872930
28.449695
28.071227
27.395531
27.435917
27.603145
27.939715
27.795134
27.711278
27.708386
27.710735
27.684414
27.701140
27.707569
27.677638
27.695898
27.713712
27.682449
27.691030
27.727486
27.705214
28.021027
28.566541
28.347116
28.192401
28.580030
27.923290
27.709544
27.713278
27.686290
27.709076
27.869067
29.963747
29.988671
29.883689
29.933399
29.906468
29.971468
29.946531
29.942760
29.855681
29.916383
29.959608
29.890049
29.976647
30.113082
30.023338
29.886965
29.864486
29.925032
29.902284
29.908872
29.814254
29.991886
29.883350
29.874599
29.878064
29.941675
29.905952
29.913519
29.941493
29.866827
29.877231
29.858874
29.964013
29.877348
29.932478
29.958728
29.841122
29.982284
29.991773
30.015523
29.872498
29.929221
29.869210
29.964020
30.019759
29.949876
29.996891
30.133304
30.105323
30.174693
30.255758
29.982379
29.974171
29.826444
29.817137
29.864301
29.891551
29.952871
29.909946
29.970394
29.987127
29.958438
29.878796
29.978752
30.126178
30.295303
30.018743
29.933947
29.854577
29.908491
29.916756
29.926199
29.861379
30.000972
29.852021
29.879497
29.876283
29.143966
28.220588
27.674000
27.929653
27.987042
27.949291
27.804076
27.647886
28.273734
27.774081
27.587949
27.272834
27.395965
27.438966
27.368002
27.697431
27.639024
27.488963
27.585718
27.410799
27.553942
27.467379
27.408687
27.567359
27.591637
27.616872
27.631416
28.472655
27.987076
28.414973
27.851336
28.458277
28.547831
27.641848
27.915647
28.154427
27.274853
28.204840
28.039274
28.278926
28.056245
27.988910
27.608343
27.590362
27.595785
27.343234
27.468062
27.630655
27.435580
27.552666
27.407721
27.486727
27.643070
27.616542
27.615932
27.611113
27.513851
27.539865
27.465130
27.595951
27.489051
28.260372
27.758689
27.761851
27.774889
27.765363
27.745768
27.979299
27.872901
27.915152
27.872748
27.744630
27.772061
27.775037
27.765761
27.807409
27.768639
27.761928
27.768762
27.759912
27.789572
27.749430
27.793509
27.778436
27.786350
27.750448
27.782188
27.769025
27.751395
27.767494
27.761488
27.748650
27.752533
27.762696
27.780914
27.755782
27.773308
27.769387
27.781586
27.762176
27.776736
27.752433
27.754516
27.763128
27.761040
27.754100
27.688473
27.759750
27.906642
27.798883
27.824676
27.721361
27.703906
28.075872
27.789578
27.765155
27.771832
27.781114
27.750649
27.736413
27.850769
27.818548
27.917864
27.933811
27.900012
27.901051
27.810783
27.912572
27.708009
27.756138
27.797214
28.119632
27.844714
27.783326
27.756865
27.763696
27.765134
27.760473
27.771092
29.412150
29.955459
30.065126
29.963844
30.061138
29.880303
29.925964
29.884537
29.700474
29.551145
29.934369
29.963013
29.842369
29.957357
29.824670
29.861457
29.760531
29.846525
30.072322
29.719206
29.788110
29.670773
29.730683
29.715366
29.669750
29.703532
29.693331
30.201494
29.716767
29.889006
29.525958
29.850161
29.890815
29.669426
29.779663
29.651720
29.597854
30.098499
30.104513
29.607333
29.806809
29.666451
28.484806
27.665081
27.537087
28.383843
29.658603
29.653389
29.819118
29.847906
29.651861
29.739689
31.632695
29.463671
29.062756
29.587308
33.986436
36.305479
42.016891
32.243112
28.732752
28.003615
26.920812
27.133807
26.966824
27.876286
27.385320
27.212767
26.742115
26.729836
27.058867
26.724230
26.728800
26.744606
26.730487
26.726664
26.726339
26.720074
26.725336
26.719318
26.725994
26.741992
26.733033
26.723101
26.733040
26.730437
26.713975
26.724623
26.718336
26.738075
26.706327
26.727359
26.715393
26.799948
26.744917
26.782646
26.737701
26.715715
26.650926
26.719481
26.706067
26.712754
26.840191
26.549897
26.827107
26.626299
26.671147
26.714098
26.707791
26.752738
26.600500
26.602854
26.905039
26.738585
26.756515
26.412976
26.671644
26.704885
26.720627
26.706154
26.734174
26.726696
26.682638
26.706720
26.593167
26.779337
26.736274
26.701959
26.698080
26.719019
26.749630
26.804582
26.860520
26.831130
26.878760
26.876768
26.766187
26.746534
26.756238
26.750871
26.787265
26.796912
26.789545
26.792393
26.713223
26.711356
26.712762
26.516054
26.723905
26.592269
26.747300
26.730945
26.724052
26.746422
26.735350
26.731766
26.725816
26.976496
26.730409
26.766564
26.913056
26.800368
26.655031
26.760829
26.691523
26.745345
26.813936
26.624169
26.575181
26.573031
26.579499
26.589596
26.565713
26.590428
26.717882
26.591393
26.587614
26.585047
26.587891
26.584989
30.541584
26.598010
26.777107
26.799908
26.973647
27.071791
26.704759
26.744284
26.722896
26.723767
26.740618
26.740979
26.737115
26.742600
26.767281
26.727705
26.656838
26.725068
26.728020
26.726832
26.735072
26.719614
26.751970
26.729029
26.797619
26.701254
26.723342
26.791145
26.743639
26.747132
26.796641
26.738748
26.698034
26.772568
26.794032
26.770573
26.728039
26.729821
26.739531
26.723806
26.736249
26.884437
26.779750
26.775589
26.717603
26.798669
26.751329
26.721029
26.729441
26.733536
26.758682
26.736435
26.584858
26.845471
26.681436
26.734678
27.189002
28.515439
26.735790
26.728278
26.772815
26.939650
27.671617
26.779669
27.234594
27.288821
26.728069
27.487075
28.356945
27.227368
26.909999
26.746751
27.305716
27.446454
28.480186
27.618807
26.737041
26.744594
26.712598
26.741357
26.739190
26.736645
26.723302
26.729508
26.752022
26.711699
26.727432
26.732819
26.704841
26.745103
26.723918
26.744712
26.727319
26.735206
26.738532
26.709921
26.720548
26.733535
26.715262
26.739130
26.774884
26.705970
26.722119
26.663983
26.691762
26.702372
26.692666
26.704380
26.737429
26.597538
26.353184
26.431524
26.431698
26.390826
26.445274
26.369775
26.362325
26.811938
26.705554
26.740084
26.717322
26.700126
26.736965
26.727515
26.708084
26.726975
26.726923
26.715336
26.716882
26.723714
26.710913
26.713167
26.712434
26.714256
26.675760
26.440403
26.208043
26.215137
26.279321
26.596639
26.572653
26.586386
26.587665
26.585623
26.586371
26.584465
26.965323
26.671164
26.681154
26.677964
26.673774
26.682512
26.673606
26.667240
26.666911
26.671782
26.640117
26.588092
26.586426
26.567857
26.722462
26.573598
27.777368
26.818145
27.863074
26.578729
26.575278
26.581425
26.586840
26.578440
26.592608
26.573079
26.565867
27.350262
28.490632
26.644262
27.002788
26.669973
26.691503
26.627265
26.619631
26.636056
26.747489
26.615499
26.678382
26.658425
26.751844
26.779868
26.632140
26.665349
26.671677
26.718159
26.755711
26.718300
26.756332
26.741630
26.673060
26.723982
26.706047
27.351313
26.752626
26.772671
26.709395
27.110762
27.513979
26.799010
26.619035
27.641459
28.220482
26.781325
26.667311
26.745454
26.710702
26.794961
26.749578
26.707683
26.664763
26.668076
26.650857
26.812244
27.771664
28.524873
27.503772
26.619264
26.629452
26.641327
26.613967
26.625616
26.633963
26.631437
26.617803
26.629923
26.570096
26.590989
26.591430
26.575703
26.586199
26.573023
26.571859
26.582927
26.580250
26.572849
26.576383
26.561077
26.411216
26.655184
26.416164
26.726423
27.892498
28.081497
26.773117
28.182256
28.378532
26.602040
26.546645
26.483799
26.620158
26.603656
26.740934
26.576857
26.728452
26.731292
27.381829
27.678245
26.974001
28.831275
28.270725
26.821317
26.664111
26.644936
26.600180
26.660070
26.616116
26.617732
26.626729
26.637324
26.624343
26.619363
26.618252
26.625451
26.621322
26.614974
26.615789
26.632842
26.611842
26.629732
26.623381
26.617795
26.631833
26.619064
26.619160
26.631819
26.642217
26.627654
26.622088
27.283284
27.465326
26.642949
26.614458
26.616748
26.629139
26.613614
26.624024
26.620979
26.628193
26.621417
26.625230
26.590085
26.571468
26.574415
26.567844
26.581546
26.564799
26.571652
26.563272
26.578496
26.577605
26.576943
26.566861
26.573151
26.564370
26.589779
26.916463
26.585548
26.502049
26.147442
26.421276
26.371919
26.250336
26.391150
26.473891
26.636773
26.319929
26.388107
26.532053
26.325840
26.489690
26.594565
26.571484
26.578750
26.579756
26.580172
26.574404
26.581932
26.568702
26.633874
27.199555
26.968508
26.782197
26.378334
26.559198
26.362874
26.442412
26.482975
26.545644
26.405165
26.454224
26.629660
26.731066
27.086844
26.761106
26.736543
26.781229
26.843618
26.837037
26.829704
26.825169
26.835512
26.781403
26.719891
26.731245
26.750673
26.714688
26.723050
26.720479
26.720853
26.722361
26.723330
26.698483
26.716622
26.725984
26.730241
26.720611
26.722922
26.722536
26.734912
26.730937
26.728524
26.734495
26.745515
26.730622
26.735327
26.726379
26.734663
26.726740
26.726398
26.734904
26.728481
26.731416
26.495394
26.334428
26.506171
26.406097
26.709902
26.942042
27.536442
28.397475
27.285978
27.741986
28.386643
26.764666
26.310036
26.214305
26.379902
26.420873
26.566646
28.412925
27.264795
26.282681
26.283700
26.536252
26.318267
26.292654
26.374042
26.617125
26.368236
26.378555
26.263396
26.567170
26.355668
26.407449
26.471083
26.362905
26.292660
26.539623
26.351292
26.266548
26.183511
26.420521
26.349726
26.491264
26.632114
26.421799
26.797357
26.973529
26.827383
26.721955
26.712827
26.728368
26.720680
26.723095
26.721985
26.734490
26.724125
26.720734
26.723343
26.743669
26.723741
26.737717
26.727020
26.730269
26.707856
26.728893
26.725794
26.730344
26.726437
26.732385
26.733144
26.715525
26.740929
26.662804
26.724604
26.701208
26.680592
26.726852
26.728806
26.709241
26.783665
26.797824
26.809866
26.726091
26.749129
26.697967
26.726513
26.720636
26.768222
26.900061
26.761259
26.779892
26.816217
26.715221
26.720053
26.777868
26.834574
26.900967
26.713711
26.690261
26.756477
26.729770
26.807148
26.807838
26.789102
26.718670
26.782052
26.758771
26.726272
26.712835
26.762818
26.673089
26.780280
26.734074
26.717213
26.721189
26.729807
26.760611
26.724661
26.730908
26.708645
26.724314
26.770225
26.728597
27.145905
26.889634
26.895744
26.767384
26.734574
26.830106
26.724311
26.751144
26.796788
26.814044
26.752317
26.725582
26.730546
26.748944
26.723206
26.730553
26.722698
26.714052
26.707378
26.425848
26.458380
26.406038
26.345422
26.439123
26.555810
26.510234
26.432248
26.405198
26.572563
26.554280
26.327167
26.539432
26.576020
26.480091
26.755285
26.634868
26.823176
26.738751
27.939341
27.325204
26.498169
26.492766
26.443465
26.466677
26.533790
26.474479
26.548713
26.601128
27.298690
27.325236
27.182585
28.714275
27.607104
26.735370
26.720889
26.713447
26.719733
26.723285
26.722250
26.722381
26.723921
26.814178
26.873209
26.726185
26.310957
26.202944
26.324949
26.193980
26.348841
26.307633
26.346923
27.405166
28.762018
26.539988
26.232463
28.086478
27.335423
28.632808
27.763576
26.572377
26.331434
26.486200
26.520737
26.441066
26.433901
26.350113
26.458953
26.322994
26.434269
26.503651
26.533601
26.481503
26.380201
26.334210
26.591416
26.356077
26.516340
26.343706
26.338698
26.484101
26.338861
26.379976
26.591828
26.751135
26.733945
26.727958
26.726389
26.736713
27.020880
28.193252
26.601445
26.268647
26.422022
26.371284
26.545667
26.359108
26.445255
26.424415
26.417867
26.299340
26.305453
26.219050
26.539356
26.714570
26.713350
26.715711
26.721437
26.802703
28.580030
27.376913
26.766343
27.517708
27.893409
28.601712
27.600330
28.463892
26.759213
26.727326
26.724610
26.720866
26.710404
26.735606
26.734407
26.716189
26.719481
26.729477
26.729930
26.726169
26.665912
26.577752
26.573738
26.582633
26.576533
26.592820
26.578660
26.574595
26.578791
26.578885
26.560086
26.589043
26.572236
26.590589
26.582957
26.566687
26.579189
26.580786
26.561826
26.587907
26.579532
26.573163
26.896974
29.128640
28.863114
29.979554
28.823807
32.151667
40.855389
95.359474
32.346061
28.146602
26.707461
26.692165
27.673109
26.859028
26.704241
26.703041
26.712582
26.720634
26.705304
26.718830
26.722069
26.694554
26.710202
26.709235
26.731314
26.711246
26.673226
26.706643
26.698199
26.706428
26.706518
26.712714
27.027285
27.608428
26.710924
26.697627
26.726518
26.832251
26.562631
26.571030
26.582334
26.567759
26.560318
26.558004
26.570563
26.607880
26.562785
26.555879
26.548034
27.402636
26.636176
26.561603
26.571354
26.545309
26.546440
26.550382
26.552063
26.541911
26.535909
26.548240
26.554151
26.601917
26.554615
26.553516
26.559485
26.535486
26.535722
26.532388
26.553229
26.572346
26.562148
26.557906
26.558438
26.552438
26.538523
26.530001
26.557779
26.524657
26.551264
27.098516
27.270001
26.520020
26.522119
26.543752
26.532295
26.526808
26.538278
26.546498
26.550149
26.523101
26.523939
26.547391
26.542912
26.538680
26.537224
26.546482
26.529045
26.524649
26.532809
26.555855
26.546567
26.559832
26.553240
26.542140
26.528977
26.526994
26.523973
26.555063
26.534535
26.530675
26.529470
26.542712
26.546096
26.537110
26.539070
26.555715
26.537651
26.523000
26.511651
26.543790
26.569173
26.522780
26.522423
26.545728
26.538509
26.526258
26.525501
26.566107
26.530393
26.525464
26.545095
26.559742
26.533189
26.516574
26.542615
26.554290
26.538635
26.573541
26.556302
26.570776
26.529587
26.541600
26.556264
26.556795
26.551585
26.552652
26.563049
26.532475
26.546975
26.554521
26.556952
26.553717
26.525125
26.540106
26.510117
26.497250
26.482473
26.509284
26.500382
26.544563
26.553741
26.556125
26.576667
26.544429
26.535198
26.570716
26.572857
26.565038
26.563336
26.553203
26.578970
26.538198
26.558935
26.542372
26.554440
26.559391
26.556271
26.519729
26.567704
26.559438
26.549333
26.556774
26.582477
26.537776
26.551292
26.552277
26.580019
26.553865
26.551644
26.558991
26.554312
26.548708
26.542452
26.553445
26.573630
26.543573
26.541567
26.555773
26.564985
26.545541
26.540095
26.558231
26.544659
26.533857
26.550892
26.557526
26.550408
26.550699
26.556780
26.578311
26.553177
26.547077
26.556521
26.562654
26.539647
26.537667
26.537716
26.563317
26.547420
26.543243
26.552703
26.554063
26.546687
26.543279
26.543507
26.575133
26.551133
26.545767
26.550896
26.574181
26.546800
26.539660
26.547326
26.566045
26.556536
26.535950
26.542094
26.568507
26.528919
26.541334
26.533699
26.751471
26.569755
26.535181
26.531301
26.606170
26.528507
26.536733
26.544289
26.556115
26.553338
26.547522
26.543333
26.568396
26.524518
26.543762
26.544631
26.643762
26.548541
26.547674
26.557192
26.557183
26.528109
26.712653
26.682268
28.222837
27.142014
26.541647
26.631030
26.683550
26.741297
26.647697
26.638770
26.528204
26.534048
26.526898
26.559668
26.563038
26.555191
26.535408
26.556068
26.530931
26.535843
28.040143
28.015668
26.703390
26.538911
26.549733
26.641365
26.654575
26.710286
26.789340
26.619790
26.578018
28.152539
28.512946
28.333966
26.636503
26.631726
26.624001
26.558413
26.526224
26.539468
26.781207
26.552197
26.555207
26.538412
26.553999
26.545936
26.560365
26.551725
26.571962
26.569260
26.553993
26.542854
26.552892
26.542594
26.532301
26.529649
26.537697
26.539396
26.534291
26.538697
26.561154
26.532438
26.544268
26.559738
26.555555
26.560770
26.553855
26.538441
26.549546
26.547110
26.526765
26.534701
26.548667
26.533633
26.523685
26.527907
26.562192
26.539254
26.552559
26.548813
26.550097
26.552801
26.546969
26.548294
26.583980
26.560997
26.543532
26.536772
26.583517
26.533447
26.543928
26.532691
26.560739
26.541317
26.522211
26.549610
26.537488
26.530074
26.533784
26.547282
26.557787
26.562327
26.541770
26.565243
26.548129
26.532774
26.540565
26.557641
26.543905
26.542978
26.543907
26.548554
26.541718
26.524244
26.534857
26.564952
26.550893
26.538329
26.539762
27.729567
26.853662
26.546944
26.546626
26.553632
26.541054
26.539032
26.569614
26.559175
26.527912
26.535575
26.527786
26.551863
26.547750
26.529881
26.523407
26.552740
26.532194
26.542441
26.544365
26.555106
26.559937
26.547019
26.530404
26.553621
26.538084
26.530049
26.547182
26.527651
26.607708
26.561377
26.538625
26.557152
26.541434
26.556468
26.572957
26.755921
27.678692
26.550492
26.574969
26.571090
26.550694
26.545792
26.563958
26.564202
26.547376
26.539215
26.560360
26.546634
26.540980
26.538403
26.561619
26.543131
26.536093
26.543846
26.566102
26.530510
26.534937
26.549169
26.552017
26.526259
26.526890
26.538868
26.571352
26.561280
26.542055
26.536632
26.567940
26.577371
26.548760
26.541093
26.553781
26.559625
26.560203
26.540558
26.557541
26.540591
26.570164
26.566485
26.561504
26.555315
26.548655
26.531395
26.557303
26.546707
26.540949
26.559726
26.539885
26.527720
26.533088
26.530296
26.537992
26.531276
26.530105
26.548646
26.537580
26.556454
26.551879
26.535047
26.549587
26.544025
26.557111
26.659755
26.563993
26.539324
26.542726
26.561964
26.549642
26.542205
26.557037
26.570986
26.548891
26.541260
26.695445
26.560416
26.546073
26.549524
26.549790
26.555539
26.699017
26.534859
26.544233
26.744546
26.556565
26.536700
26.550958
26.560096
26.549681
26.564340
26.531003
26.562344
26.551398
26.543211
26.535811
26.543984
26.554050
26.541328
26.521381
26.572000
26.553817
26.546002
26.561002
26.560018
26.528761
26.534020
26.533917
26.552488
26.539963
26.534772
26.546754
26.787570
26.538336
26.533684
26.550734
26.542286
26.543091
26.544554
26.555714
26.544749
26.545451
26.549948
26.571757
26.553058
26.547389
26.554399
26.554151
26.554106
26.546049
26.587315
26.555444
26.534111
26.544111
26.545874
26.540472
26.555517
26.562147
26.558745
26.564395
26.562009
26.540514
26.546887
26.543109
26.556058
26.537864
26.565534
26.565804
26.554806
26.701445
27.181398
26.565025
26.573360
26.540273
26.560071
26.547042
26.532848
26.528981
26.523458
26.562380
26.528591
26.529224
26.552498
26.541404
26.553506
26.548106
26.553750
26.561694
26.545756
26.543367
26.545492
26.543739
26.525678
26.540892
26.555124
26.555057
26.539725
26.530141
26.560694
26.530965
26.520119
26.555854
26.565602
26.545511
26.551219
26.550571
26.567735
27.094328
27.102615
26.820083
26.618588
26.554473
26.556114
26.675930
26.714372
26.545130
26.565449
26.554845
26.554117
26.548793
26.540797
26.547277
26.569129
26.554176
26.621613
26.550342
26.557315
26.533960
26.530725
26.525838
26.603961
26.535720
26.534948
26.539198
26.550859
26.532703
26.523994
26.597747
26.543883
26.543292
26.540534
26.551637
26.527952
26.533664
26.535793
26.535901
26.532754
26.544535
26.538926
26.561635
26.566284
26.559598
26.540552
26.569961
26.544263
26.534248
26.530786
26.541426
26.540829
26.524577
26.523273
26.555415
26.525250
26.540136
26.548500
26.551735
26.541886
26.527724
26.541073
26.676771
26.543180
26.554479
26.551277
26.560332
26.552223
26.536214
26.545614
26.570493
26.535339
26.529295
26.531371
26.552833
26.539916
26.544336
26.528310
26.557908
26.544274
26.540422
26.537577
26.554134
26.550708
26.533426
26.531227
26.813281
26.538409
26.536672
26.546705
26.557663
26.542063
26.532868
26.529654
26.561500
26.565750
26.534790
26.554562
26.545133
26.533013
26.532538
26.558830
26.540948
26.544356
27.911006
28.375016
27.180587
26.918414
26.545923
26.554176
26.573895
26.549375
27.158994
26.567839
26.572647
26.618562
26.537440
26.561121
26.537487
26.747517
27.456905
26.704294
27.297223
26.748906
27.592095
29.902802
27.173147
26.554013
26.553597
26.568637
26.551866
26.541858
26.556284
26.566626
26.541983
26.535557
26.555067
26.536287
26.553075
26.552330
26.549976
26.529047
26.539538
26.589349
27.043017
26.624383
26.542956
26.560755
26.627242
26.532070
26.548931
26.544305
26.588812
27.740846
26.552641
26.552068
26.567838
27.086005
27.363732
26.529307
26.564632
26.536808
26.528601
26.539349
26.565584
26.540096
26.545086
26.613339
26.566544
26.551781
27.597937
28.714100
27.208669
26.540840
26.540025
26.558544
26.542501
26.539658
26.525870
26.544470
26.549695
26.557654
27.546320
29.114781
26.632835
26.547390
26.534064
26.558807
26.544473
26.529323
26.560968
26.553522
26.528117
26.542411
26.547297
26.550148
26.549623
26.530286
28.013994
