50
18.380843
18.371750
18.372709
18.314035
18.412362
18.417459
18.535456
18.423158
18.462233
18.329528
18.312094
18.328704
18.260703
18.280197
18.305534
18.296007
18.326489
18.387439
18.298078
18.296296
18.354599
18.344495
18.339382
18.326109
18.351144
18.341850
18.346381
18.334258
18.299747
18.305638
18.311429
18.314011
18.302921
18.307717
18.411103
18.366475
18.396304
18.356425
18.401564
18.411978
18.337086
18.330224
18.305736
18.301467
18.309058
18.367399
18.290648
18.311510
18.306067
18.294337
18.382597
18.305054
18.305899
18.294273
18.302755
18.406289
18.340816
18.355597
18.285388
18.434284
18.361110
18.337326
18.341663
18.307001
18.350659
18.333227
18.296691
18.379398
18.343066
18.310175
18.288203
18.297030
18.343914
18.344190
18.329525
18.302082
18.301462
18.296714
18.294987
18.378314
18.292145
18.304280
18.300132
18.295126
18.345852
18.343935
18.305382
18.306994
18.310082
18.309200
18.930037
18.790384
18.319984
18.354013
18.400026
18.300860
18.432368
18.306122
18.300947
18.317127
18.315781
18.387888
18.352307
18.306632
18.308603
18.314860
18.355776
18.396458
18.348903
18.303270
18.302885
18.307837
18.301269
18.387450
18.311259
18.299204
18.412910
18.443470
18.402271
18.346200
18.392521
18.394653
18.307861
18.322196
18.457453
18.447089
18.306841
18.498655
18.430108
18.316577
18.561072
18.401302
18.306108
18.344369
18.389828
18.391855
18.425338
18.360471
18.310971
18.380684
18.342505
18.509237
18.393981
18.353161
18.354148
18.432037
18.343226
18.448509
18.350639
18.340462
18.402459
18.341230
18.433354
18.394990
18.311296
18.427259
18.388275
18.354540
18.431276
18.384203
18.340423
18.376657
18.389974
18.380481
18.441226
18.428532
18.382081
18.438356
18.436824
18.341007
18.349340
18.390387
18.341853
18.300282
18.385440
18.333858
18.294347
18.389563
18.349978
18.381983
18.373720
18.416996
18.915633
18.461514
18.394286
18.370488
18.345969
18.345906
18.391498
18.384119
18.376257
18.511773
18.381213
18.389142
18.340695
18.342915
18.331989
18.424688
18.420241
18.373177
18.420522
18.343513
18.376412
18.348743
18.344820
18.345951
18.388460
18.713822
18.749096
18.536543
18.500020
18.434794
18.378032
18.393291
18.325212
18.376317
18.332029
18.416508
18.339261
18.383034
18.456107
18.369799
18.343076
18.335723
18.328309
18.420485
18.470227
18.412208
18.317158
18.297510
18.347843
18.310794
18.401463
18.392558
18.380835
18.321372
18.345830
18.387712
18.515920
18.306322
18.367198
18.335946
18.301814
18.365575
18.309789
18.317196
18.299220
18.306318
18.311128
18.901131
19.062768
18.328814
18.324420
18.342477
18.311904
18.435566
18.326583
18.333476
18.323398
18.442333
18.331859
18.320302
18.314085
18.353832
18.321632
18.340607
18.320460
18.354465
18.319138
18.399267
18.310978
18.324493
18.401561
18.315783
18.316970
18.381236
18.333223
18.351356
18.324497
18.345147
18.321233
18.322688
18.426722
18.436047
18.367366
18.322800
18.322177
18.471634
18.312619
18.359053
18.314573
18.343875
18.389322
18.316396
18.567630
18.397618
18.328029
18.325895
18.324620
18.398341
18.551868
18.504149
18.313363
18.316700
18.336077
18.318382
18.320295
22.728687
20.278549
19.787842
19.507152
18.322474
18.297622
18.289933
18.308745
18.285107
18.290908
18.360784
18.323377
18.331093
18.325996
18.335310
18.322416
18.372984
18.335213
18.336660
18.338825
18.324428
18.371020
18.364980
18.347249
18.327884
18.320415
18.333087
18.363679
18.347645
18.299949
18.342772
18.312190
18.289637
18.301523
18.308968
18.305899
18.291318
18.302028
18.301904
18.335940
18.379615
18.298725
18.306340
18.305210
18.371123
18.308670
18.294492
18.295209
18.297563
18.305431
18.354208
18.295943
18.302598
18.304671
18.314632
18.298705
18.344029
18.290801
18.291691
18.316665
18.301031
18.316387
18.311017
18.299773
18.310533
18.302335
18.313765
18.311253
18.306880
18.290454
18.296996
18.303186
18.300921
18.349928
18.299363
18.302551
18.307576
18.294210
18.301141
18.360522
18.309567
18.306067
18.299270
18.294306
18.343387
18.308791
18.304994
18.306876
18.306410
18.301750
18.311447
18.298686
18.315878
18.333541
18.314327
18.321041
18.312253
18.300118
18.302713
18.302277
18.289489
18.299386
18.302880
18.306485
18.293897
18.296720
18.297248
18.301413
18.306578
18.303729
18.292367
18.307717
18.355388
18.305928
18.314727
18.307015
18.312688
18.302827
18.301600
18.300605
18.304280
18.350188
18.310044
18.308929
18.294262
18.310582
18.293497
18.297077
18.311016
18.289049
18.310731
18.302241
18.319219
18.301719
18.302685
18.319032
18.297659
18.395296
18.301274
18.304293
18.296555
18.290928
18.302474
18.284209
18.296579
18.296968
18.303885
18.294659
18.301362
18.333775
18.290767
18.295017
18.295716
18.290942
18.301505
18.301047
18.301826
18.289446
18.308127
18.287011
18.301196
18.308975
18.285961
18.296605
18.291068
18.302450
18.297904
18.301159
18.310256
18.294466
18.303274
18.297177
18.288977
18.303132
18.294719
18.295782
18.287645
18.303544
18.283733
18.294245
18.297864
18.333477
18.313612
18.304600
18.307332
18.299213
18.301959
18.310541
18.300611
18.315860
18.285874
18.297567
18.302736
18.299286
18.301157
18.297328
18.298783
18.285554
18.361745
18.304772
18.300840
18.305160
18.303508
19.664839
19.980177
19.855161
20.061269
20.348989
20.416066
20.219235
20.415606
20.114439
20.198822
20.125284
20.484245
20.684533
20.074583
18.366263
18.364588
18.380655
18.374776
18.366805
18.359453
18.368387
18.372264
18.361098
18.374097
18.361964
18.374230
18.388696
18.358900
18.371562
18.361941
18.391364
18.372490
18.365883
18.374036
18.358203
18.364814
18.358715
18.372059
18.362269
18.400629
18.318461
18.305737
18.319286
18.304122
18.307240
18.317444
18.319164
18.327094
18.313310
18.307031
18.311158
18.301379
18.325663
18.304643
18.308836
18.305924
18.359216
18.312843
18.312220
18.288516
18.305954
18.312682
18.308534
18.298768
18.310737
18.302362
18.294583
18.316039
18.307481
18.313473
18.298972
18.308210
18.303303
18.319818
18.319396
18.303663
18.314967
18.306874
18.314311
18.295715
18.306972
18.308661
18.306316
18.302173
18.318704
18.304673
18.298668
18.302070
18.315880
18.298541
18.311673
18.303387
18.312040
18.316722
18.319209
18.311227
18.300273
18.305100
18.295738
18.309678
18.295552
18.319681
18.308200
18.309604
18.304548
18.294528
18.311321
18.333368
18.393513
18.321370
18.301401
18.301928
18.297349
18.304152
18.303862
18.285365
18.294284
18.301191
18.307621
18.353138
18.313517
18.314301
18.293356
18.312040
18.285675
18.293411
18.359757
18.295533
18.308411
18.304479
18.309893
18.294442
18.317295
18.309357
18.288222
18.300715
18.336140
18.306276
18.302267
18.310582
18.306092
18.303685
18.340453
18.290414
18.301471
18.312386
18.303783
18.294772
18.295820
18.301679
18.302521
18.297776
18.311330
18.321016
18.303818
18.301619
18.311966
18.301999
18.299501
18.306352
18.300293
18.315053
18.296957
18.306790
18.418235
18.357569
18.368598
18.368751
18.375975
18.373483
18.402396
18.368755
18.359867
18.376068
18.368080
18.358063
18.370187
18.361097
18.375786
18.371007
18.369022
18.366482
18.348654
18.378791
18.358609
18.376108
18.376360
18.346558
18.362097
18.365826
18.381904
18.364143
18.370083
18.374594
18.361778
18.365300
18.349554
18.359141
18.367140
18.368984
18.372995
18.364463
18.372481
18.373633
18.378788
18.372648
18.361875
18.379182
18.376577
18.358103
18.398074
18.305916
18.300602
18.302655
18.310545
18.295035
18.296652
18.332731
18.297150
18.304689
18.285734
18.290628
18.322883
18.291990
18.306906
18.306526
18.305033
18.300892
18.306008
18.296321
18.295122
18.310610
18.293978
18.303525
18.320476
18.300856
18.307468
18.290018
18.299415
18.300030
18.309994
18.309427
18.292369
18.314879
18.322057
18.364959
18.303797
18.306117
18.320555
18.305797
18.357961
18.316640
18.344916
18.310216
18.296269
18.299789
18.828578
18.791686
18.773656
18.314371
18.315383
18.487603
18.572764
18.350811
18.342351
18.313808
18.825844
20.826512
20.013647
20.205288
19.973807
20.092556
19.856927
20.057998
20.013979
20.355475
20.316681
18.446467
18.513155
18.340360
18.382432
18.342553
18.325298
18.450081
18.424161
18.336650
18.358347
19.649687
19.123412
18.967205
18.916874
18.926319
18.925235
18.916934
18.919908
18.907350
18.990190
19.003335
18.957244
18.970245
18.945774
18.938208
18.954109
18.945454
18.950479
18.955588
18.944167
18.941160
18.985854
18.952488
18.953925
18.938841
18.970925
18.936592
18.951170
18.940142
18.945069
19.025649
19.011879
18.998474
19.003003
19.025795
19.099386
19.087656
19.006963
19.001758
19.022020
18.990402
19.676647
19.004083
19.007731
21.467169
20.532734
19.671929
18.960661
18.962819
18.956709
18.949719
18.978559
18.950588
18.962392
18.991480
19.000918
19.010420
19.000955
18.997308
19.010049
18.992061
19.002244
18.998016
19.005385
19.019259
18.995078
19.000714
19.017725
19.033202
18.997994
19.021955
19.006045
19.014222
19.014416
19.052620
19.021110
19.012077
18.985507
18.990590
18.997098
19.000751
18.989255
19.002076
19.056475
18.987917
18.946031
18.963496
18.963264
18.956906
18.953380
19.252103
18.983012
18.966241
18.964681
18.953081
18.963444
19.670694
19.467218
19.395925
19.026155
18.955599
18.996354
18.980116
18.949741
18.961914
18.927933
18.957503
18.934039
18.957021
18.997952
18.956147
18.941581
18.950306
18.960056
18.992782
18.961176
19.047878
18.969731
18.944347
18.951884
18.963304
18.966757
18.947186
18.959045
18.965822
18.973746
18.958598
18.967200
18.990475
18.948610
18.994093
18.949271
18.961628
18.964587
18.960686
18.968559
18.978439
18.940152
18.967533
19.001430
19.703164
20.391744
20.376333
20.406317
20.394902
20.387663
20.372276
20.392430
20.382658
20.423418
20.388224
20.419128
20.443749
20.423711
20.453022
20.412389
20.426221
20.408493
20.411210
20.462880
20.455415
20.447887
20.483010
20.439413
20.461611
20.499253
20.465306
20.473776
20.443921
20.463488
20.448851
20.469301
20.438486
20.428794
20.456620
20.469276
20.476349
19.793089
18.948856
18.948269
18.939967
18.953601
18.948092
18.951461
18.966871
18.940167
18.945591
18.960658
18.964646
18.946471
18.956151
18.979172
18.938221
18.949023
18.934625
18.962603
18.950474
18.942224
18.952741
19.126755
18.963124
18.914610
18.910228
18.889553
18.895655
18.897598
18.907141
18.903789
18.910170
18.883706
18.911840
18.907208
18.890913
18.898404
18.897305
18.907264
18.892015
18.906802
18.911882
18.899010
18.899709
18.890489
18.892877
18.886824
18.915358
18.893302
18.889871
18.919322
18.906895
18.895122
18.906148
18.896369
18.904987
18.892447
18.894614
18.898228
18.905355
18.914140
18.895762
18.905783
18.904891
18.904855
18.941805
18.932643
20.018945
20.044773
20.080688
20.039795
20.040677
20.036170
20.029528
20.061254
20.066028
20.080535
20.063339
20.009153
19.999035
20.019147
20.095061
20.022185
20.036350
20.049309
20.042713
20.116850
20.048439
20.031882
20.016368
19.989414
19.938232
19.964035
20.028147
20.025874
20.039891
20.044473
19.997397
20.023626
20.043976
20.016456
20.036637
20.039121
20.096386
20.027623
20.018193
20.035305
20.050492
20.075328
20.109446
20.385600
20.063355
20.102605
20.005658
20.093622
20.067855
20.104279
20.095069
20.059852
20.108514
20.072506
20.027669
20.040965
20.099347
20.169954
20.113803
20.119744
20.099020
20.021708
20.052530
20.102088
20.050448
20.098291
20.092985
20.072348
20.058988
20.099553
20.063672
20.057826
20.016105
20.024526
20.043918
20.106194
20.021266
20.140078
20.186270
20.085301
20.088572
19.982323
20.031437
20.053146
20.005671
20.018166
20.044985
20.031812
20.046154
20.018970
20.061970
20.073170
20.106993
20.021717
20.139980
20.135154
20.536942
20.393104
20.413370
20.546207
20.548204
20.625238
20.579734
20.042126
20.015866
20.121101
20.085715
20.083005
20.075010
20.057255
20.063388
20.015589
20.091642
19.969068
20.547036
20.033730
20.004319
19.980458
20.045332
20.049951
20.048907
20.047279
20.027462
20.043683
20.089479
20.051014
19.997808
20.022926
20.033590
20.092445
20.054784
20.150143
20.034668
20.109054
20.041281
19.964797
20.032619
19.998720
20.050799
20.061377
20.109659
20.105720
20.043338
20.089553
20.012985
20.052755
20.054285
20.087353
20.076519
20.036426
19.992689
20.038528
20.046476
20.053424
19.984377
19.995428
20.007835
19.952550
20.065819
20.302265
20.254721
20.264115
20.166322
20.071142
20.078298
20.143501
20.093724
20.106102
20.135536
20.073641
20.114728
20.072676
20.058900
20.024352
20.125145
20.056003
20.033426
20.088256
20.034634
20.061385
20.102362
20.033263
20.054426
20.116974
20.084047
20.136198
20.104956
20.016515
20.051425
20.077034
20.087641
20.041184
20.060077
20.088249
20.076894
20.097513
20.097203
20.070161
20.043099
20.135461
20.024414
20.350989
20.177494
20.085421
20.010507
20.083571
20.051411
20.097343
20.097836
20.075392
20.128861
20.101613
20.220568
20.040896
20.005800
19.991521
20.050971
19.887128
18.924950
18.946904
18.923002
18.918002
19.011131
18.986811
18.962100
18.928614
18.948643
18.970292
19.047414
18.910811
18.921660
18.909964
18.945216
18.959732
18.997499
18.969451
18.906510
18.956175
18.961675
19.035792
18.984905
18.986768
18.955906
18.947627
18.987929
18.954965
18.958557
18.952058
18.986273
18.944350
19.100706
19.032026
18.928723
18.999672
19.007946
19.050384
18.997629
18.984194
18.947570
19.005959
19.129690
19.259319
19.072333
19.065990
19.054388
19.055431
19.060869
19.049493
19.066083
19.039597
19.066839
19.073622
19.451771
19.169460
19.077952
19.045720
19.058602
19.044054
19.053854
19.062641
19.061354
19.061242
19.094645
19.068910
19.069122
19.063430
19.067926
19.073602
19.063768
19.072785
19.062339
19.060851
19.057847
19.067097
19.071408
19.047954
19.072760
19.060768
19.074345
19.065858
19.075108
19.076760
19.696756
20.395568
20.395946
20.401804
20.432254
20.431046
20.399827
20.390651
20.397053
20.421650
20.360203
20.376316
20.369512
20.375003
20.389469
20.398226
20.286204
20.335927
20.371840
20.399324
20.374358
20.366727
20.442883
20.487921
20.409557
20.356157
20.363738
20.390783
20.435589
20.378509
20.356748
20.357815
20.365311
20.384638
20.390443
20.406546
20.441590
20.472230
20.395956
20.372205
20.374410
20.433601
20.374044
20.362266
20.447304
20.365622
20.629223
20.374329
20.410763
20.380356
20.350110
20.354365
20.387072
20.369257
20.400021
20.372643
20.405651
20.379820
20.375592
20.406637
20.379513
20.389426
20.417150
20.407045
20.437876
20.396374
20.458246
20.350976
20.392860
20.410906
20.379942
20.374447
20.344555
20.355493
20.411988
20.426637
20.373520
20.372151
20.378821
20.361460
20.427395
20.380250
20.374116
20.364384
20.424745
20.435819
20.387748
20.351636
20.400964
20.369296
20.365662
20.382337
20.357990
20.370941
20.403786
20.375831
20.356145
20.357092
20.439050
20.408147
20.459675
20.340451
20.430345
20.383397
20.368712
20.396481
20.428344
20.365350
20.367039
20.407021
20.364149
20.338666
20.372311
20.383602
20.390183
20.361351
20.395135
20.352802
20.400571
20.364620
20.435120
20.348819
20.359119
20.367077
20.345683
20.367330
20.361771
20.366734
20.326918
20.364798
20.342767
20.375771
20.358376
20.377180
20.396053
20.376541
20.343568
20.395423
20.366472
20.367489
20.367043
20.377829
20.360553
20.391573
20.370180
20.413464
20.367802
20.375443
20.384432
20.346030
20.404845
20.660307
20.447234
20.397565
20.410852
20.429268
20.463045
20.536392
20.435943
20.398146
20.354840
20.402411
20.422089
20.357124
20.508539
20.360593
20.350487
20.389838
20.405542
20.431195
20.456134
20.408302
20.401925
20.361877
20.432674
20.325987
20.391004
20.345570
20.367464
20.388999
20.393865
20.406605
20.411213
20.349657
20.378026
20.372159
20.344542
20.425102
20.318796
20.340235
20.339807
20.419183
20.404554
20.390649
20.381622
20.377073
20.429132
20.434620
20.380408
20.344496
20.380500
20.429694
20.387213
20.380345
20.369649
20.393942
20.432949
20.416277
20.371039
20.380492
20.377934
20.374014
20.369530
20.422199
20.380868
20.386539
20.387523
20.370865
20.372475
20.381769
20.412126
20.391351
20.368749
20.377173
20.418957
20.425709
20.416902
20.367148
20.444419
20.383894
20.412396
20.432075
20.401691
20.400104
20.397411
20.353249
20.361409
20.385250
20.386505
20.390382
20.514518
20.461502
20.455884
20.434569
20.391481
20.424327
20.420116
20.356198
20.457892
20.439058
20.421067
20.411521
20.384228
18.752678
19.079051
18.827397
18.769236
18.755316
18.764224
18.777122
18.728668
18.561398
18.382571
18.325347
18.377679
18.366089
18.507563
18.301732
18.388738
18.334597
18.294526
18.371873
18.337413
18.347935
18.470810
18.538504
18.573061
18.748557
18.681214
18.337693
18.280814
18.307145
18.331577
18.511252
18.781864
18.348697
18.292529
18.304988
18.304318
18.343008
18.291195
18.328998
18.294972
18.288787
18.335897
18.279406
18.302095
18.292732
18.300369
18.295472
18.320236
18.286855
18.291936
18.309299
18.287552
18.323698
18.293091
18.287272
18.296323
18.336385
18.298995
18.368899
18.301374
18.304505
18.287594
18.308280
18.287140
18.376491
18.301045
18.298842
18.296973
18.296931
18.338685
18.337499
18.293397
18.290623
18.362367
18.663862
18.850063
18.379021
18.385886
18.281985
18.298335
18.335834
18.330085
18.359626
18.320372
18.330994
18.318842
18.360142
18.370938
18.318459
18.322285
18.321929
18.336861
18.411139
18.361146
18.366419
18.358540
18.363277
18.351868
18.400196
18.391167
19.009747
18.778682
18.775915
18.757658
18.752057
18.625030
18.297442
18.302577
18.300056
18.308232
18.304402
18.335770
18.334137
18.359951
18.367805
18.418012
18.333693
18.333404
18.365921
18.367682
18.375882
18.371081
18.327360
18.285016
18.335978
18.374798
18.290423
18.409868
18.359149
18.381330
18.410544
18.370776
18.413025
18.403400
18.342343
18.335807
18.294240
18.373392
18.326101
19.296773
19.655035
19.559444
19.561630
19.451334
19.531367
18.583229
18.405060
18.324565
18.401191
18.313259
18.353371
18.387994
18.367578
18.369096
18.322098
18.407216
18.338562
18.442042
18.366682
18.395590
18.440917
18.366986
18.365891
18.356879
18.365318
18.365915
18.404603
18.325885
18.327981
18.366760
18.370545
18.384764
18.351912
18.331155
18.359929
18.312635
18.349024
18.330589
18.332712
18.379062
18.374269
18.364545
18.340942
18.517815
18.326555
18.359879
18.426416
18.407154
18.286047
18.431837
18.426293
18.401085
18.406618
18.390831
18.320959
18.362846
18.323623
18.452011
18.362732
18.295521
18.336886
18.302839
18.294008
18.289011
18.296325
18.307495
18.326113
18.304616
18.288560
18.292926
18.295231
18.298871
18.370033
18.293637
18.295653
18.286949
18.302061
18.337826
18.342532
18.296255
18.285369
18.305468
18.288494
18.347132
18.286897
18.295899
18.287396
18.299175
18.293830
18.323548
18.299819
18.334674
18.286419
18.290895
18.367600
18.289311
18.358850
18.857828
18.798526
18.772162
18.778976
18.773839
18.768039
18.759757
18.762934
18.767589
18.759350
18.756933
18.495329
18.281821
18.411568
18.559173
18.503248
18.744354
18.759949
18.485127
18.340079
18.411766
18.298618
18.300143
18.288361
18.290299
18.295786
18.294104
18.295809
18.306905
18.290448
18.288967
18.281767
18.293733
18.335244
18.283718
18.295753
18.304855
18.280046
18.339089
18.292291
18.292462
18.283061
18.295993
18.305219
18.296046
18.350475
18.293528
18.297692
18.296839
18.308012
18.293772
18.286217
18.284232
18.285206
18.455856
18.327732
18.296890
18.306531
18.283982
18.299981
18.299997
18.302480
18.343695
18.300301
18.371025
18.290957
18.302399
18.287898
18.289901
18.294908
18.289530
18.293944
18.281837
18.354067
18.291570
18.284637
18.295764
18.296103
18.291888
18.283408
18.294790
18.296498
18.282186
18.289068
18.277845
18.295898
18.343159
18.307937
18.336249
18.290217
18.297183
18.280537
18.296458
18.306769
18.311456
18.307572
18.294198
18.345906
18.289702
18.294949
18.294510
18.301916
18.299149
18.298484
18.293783
18.284234
18.308927
18.277285
18.295424
18.339623
18.295014
18.414827
18.745768
18.615906
18.721775
18.606873
18.335503
18.292004
18.411251
18.397711
18.395536
18.445794
18.484306
18.397332
18.304555
18.355150
18.494081
18.370885
18.414215
18.446213
18.323103
18.404887
18.363467
18.436091
18.401274
18.393259
18.370559
18.349464
18.440925
18.480478
18.397518
18.430803
18.400682
18.372849
18.397462
18.404438
18.401536
18.371668
18.395551
18.363318
18.423188
18.471323
18.435120
18.400680
18.403124
18.345832
18.398135
18.402441
18.359546
18.401200
18.351645
18.390348
18.530905
18.334386
18.513513
18.329402
18.323132
18.321541
18.327916
18.330048
18.323641
18.336423
18.327598
18.319237
18.367645
18.317517
18.331560
18.457182
18.407821
18.345988
18.298856
18.288786
18.292846
18.291610
18.288229
18.287651
18.295640
18.287163
18.289382
18.291925
18.286447
18.345664
18.284888
18.310664
18.289761
18.282229
18.285580
18.323542
18.293535
18.289177
18.294158
18.281335
18.305138
18.278730
18.297046
18.295492
18.334013
18.293915
18.301103
18.297630
18.288774
18.285607
18.295628
18.283937
18.294800
18.295438
18.281220
18.276318
18.299357
18.293693
18.259773
18.378410
18.299918
18.305832
18.286864
18.368456
18.281516
18.283701
18.292687
18.276525
18.305614
18.294950
18.297039
18.459955
18.283340
18.301695
18.295178
18.307576
18.300266
18.356223
18.285422
18.289825
18.496729
18.296213
18.302583
18.309492
18.284608
18.295082
18.293045
18.303652
18.288367
18.310349
18.295485
18.378718
18.297434
18.289933
18.297894
18.294431
18.283507
18.305995
18.287953
18.304508
18.293195
18.303973
18.311025
18.295695
18.301230
18.294232
18.307940
18.285999
18.293710
18.288360
19.144567
19.818634
19.800664
18.409762
18.360635
18.338125
19.488175
20.086311
20.112898
19.785864
19.756267
19.897917
19.810807
20.346744
20.421991
20.422237
20.102986
19.921540
20.168226
20.025600
20.130633
20.527810
19.993814
19.956399
20.036801
20.047993
20.098733
18.693275
18.284386
18.408187
18.330126
18.316311
18.323009
18.310371
18.327521
18.311391
18.311276
18.321238
18.310629
18.325777
18.310572
18.318403
18.314771
18.323513
18.315314
18.346184
18.373285
18.361188
18.333117
18.323723
18.325680
18.344319
18.333630
18.360664
18.499344
18.424345
18.302240
18.335926
18.332830
18.322973
18.292073
18.303134
18.287999
18.296637
18.300663
18.304693
18.293421
18.497779
18.304213
18.298182
18.321419
18.298868
18.289088
18.288956
18.290255
18.297299
18.315136
18.275055
18.299616
18.282306
18.300767
18.294274
18.305707
18.295898
18.290915
18.289181
18.302113
18.292752
18.283884
18.293431
18.298489
18.298603
18.281205
18.286523
18.295150
18.291884
18.293693
18.280627
18.285948
18.293627
18.286057
18.290641
18.321501
18.297007
18.307852
18.289167
18.290552
18.298982
18.323289
18.284230
18.296569
18.322685
18.282739
18.287537
18.294436
18.288833
18.285362
18.299675
18.292801
18.287515
18.300582
18.293558
18.443237
18.337532
18.301270
18.328710
18.285588
18.293933
18.299822
18.331543
18.301019
18.297143
18.293579
18.288864
18.286377
18.341289
18.288785
18.295269
18.294609
18.288124
18.292431
18.285469
18.292984
18.331881
18.295867
18.296481
19.023820
18.714115
18.461862
18.417121
18.341441
18.286220
18.367206
18.462703
18.561495
18.281051
18.314184
18.445785
18.522138
18.370332
18.402042
18.293105
18.294101
18.299555
18.440144
18.441644
18.321664
18.327994
18.311292
18.374222
19.674132
19.451380
19.464145
19.513356
19.337557
19.253879
19.506939
19.284068
19.979420
19.376566
19.785515
19.378832
19.405838
19.468397
19.449880
19.366260
19.569065
19.440159
19.429415
19.196986
19.883118
19.458485
19.451812
19.507008
19.565930
19.504479
19.707058
19.813908
19.798767
19.562950
19.593928
19.271302
19.622341
19.550924
19.391754
19.442573
19.227025
19.549625
19.379183
19.613760
19.751432
19.556727
19.553725
18.532843
18.457374
18.312621
18.366066
18.318918
18.311787
18.319509
18.310195
18.353366
19.941818
19.334758
19.513009
19.284267
19.205611
19.066200
19.037173
19.232194
19.165787
19.104565
19.058524
19.030282
18.391343
18.420142
18.426695
18.622207
18.921260
18.931947
18.638844
18.495469
18.736168
18.482057
18.470978
18.466889
18.458287
18.479120
18.676333
18.463939
18.647898
18.448934
18.435576
19.336622
19.418389
19.508118
19.650152
19.447062
19.621647
19.540690
19.527198
19.382778
18.684958
18.447818
18.434799
18.457070
18.462059
18.459122
18.434729
18.444856
18.446056
18.504491
18.449536
18.458649
18.443293
18.441098
18.455631
18.446051
18.439647
18.494276
18.492491
18.455018
18.443033
18.447129
18.461434
18.441884
18.450872
18.460207
19.390997
18.842784
18.792436
18.798105
18.739796
18.412436
18.351488
18.353248
18.379959
18.414441
18.437351
18.356063
18.360869
18.352926
18.415476
18.455609
18.431535
18.381583
18.432749
18.420128
18.414667
18.367680
18.402803
18.358388
18.371884
18.519000
18.524537
18.325222
18.398380
18.399210
18.396925
18.385036
18.364792
18.320514
18.408211
18.356826
18.321805
18.390397
18.356848
18.378404
18.359269
18.394685
18.448177
18.402243
18.361769
18.639408
18.366590
18.357611
18.671472
18.672272
18.324110
18.357829
18.318159
18.318723
18.447842
18.348650
18.360901
18.362095
18.352726
18.447813
18.467470
18.319013
18.439042
18.318941
18.348804
18.429813
18.364894
18.439831
18.368123
18.316184
18.324455
18.412656
18.377744
18.349707
18.399554
18.394590
18.358820
18.366951
18.355269
18.346996
18.411859
18.345135
18.413769
18.410586
18.325648
18.311232
18.360498
18.394084
18.339213
18.401601
18.363423
18.414827
18.439296
18.400050
18.378130
18.352550
18.414425
18.314547
18.399782
18.342794
18.363896
18.398491
18.367153
19.000086
18.802511
18.803965
18.785718
18.624506
18.661025
19.682057
19.431864
18.333684
18.418400
18.365678
18.378293
18.407767
18.319843
18.374586
18.406660
18.364545
18.373471
18.396644
18.337199
18.401249
18.404102
18.331744
18.355641
18.424719
18.376502
18.400485
18.434195
18.361362
18.328319
18.418006
18.379390
18.402983
18.402611
18.405929
18.325856
18.390519
18.368853
18.380770
18.448267
18.363410
18.454051
18.648638
18.803030
18.799798
18.346551
18.324947
18.346912
18.360022
18.333051
18.339628
18.337666
18.335497
18.330101
18.337214
18.387225
18.331125
18.323843
18.338165
18.374422
18.333003
18.332715
18.316810
18.333677
18.352063
18.357540
18.410085
18.330860
18.373595
18.348365
18.379396
18.323887
18.316041
18.339255
18.329188
18.335601
18.367308
18.361821
18.326042
18.363304
18.318650
18.352006
18.332243
18.333587
18.322824
18.330940
18.316763
18.349175
18.332742
18.323926
18.323205
18.335021
18.334363
18.342968
18.317463
18.333360
18.324304
18.337004
18.340602
18.323455
18.335540
18.332830
18.329836
18.340565
18.346618
18.342017
18.324987
18.339519
18.583955
18.580047
18.379394
18.329319
18.344878
18.333840
18.331005
18.360393
18.331989
18.342142
18.317840
18.336773
18.335330
18.415369
18.330902
18.324248
18.331730
18.327398
18.334907
18.341941
18.326752
18.335695
18.329284
18.332936
18.342001
18.339830
18.328628
18.331012
18.368353
18.331861
18.345908
18.330189
18.319166
18.326089
18.320162
18.345782
18.347934
18.320863
18.329050
18.410952
18.331391
18.336934
18.335722
18.328562
18.333442
18.331465
18.340321
18.340706
18.343794
18.329780
18.317386
18.355728
18.338901
18.438518
18.349479
18.326488
18.330139
18.337810
18.351467
18.337213
18.341085
18.336545
18.326458
18.337863
18.362464
18.337743
18.320269
18.346805
18.332084
18.340455
18.345335
18.333564
18.332243
18.337451
18.330813
18.309493
18.355896
18.340103
18.325360
18.339840
18.316685
18.346330
18.336635
18.339131
18.340085
18.325261
18.320830
18.335016
18.337871
18.320034
18.329645
18.321552
18.319966
18.336425
18.322393
18.330853
18.321288
18.322297
18.345039
18.402493
18.323124
18.320046
18.312145
18.332339
18.336328
18.330487
18.900697
18.827050
18.823453
18.825207
18.857140
18.806707
18.804591
18.787814
18.516659
18.359572
18.371799
18.381725
18.335919
18.330068
18.373553
18.339608
18.378020
18.322996
18.492329
18.440068
18.361208
18.461758
18.349867
18.356872
18.360344
18.389636
18.413355
18.376330
18.336906
18.433116
18.408318
18.485357
18.383916
18.459374
18.411272
18.359235
18.447223
18.312339
18.472134
18.442900
18.335437
18.374174
18.365938
18.350646
18.390543
18.351387
18.375066
18.409852
18.371474
18.470411
18.452033
18.372490
18.397974
18.397812
18.349140
18.467227
18.401243
18.356611
18.414349
18.371495
18.376446
18.448558
18.351786
18.372112
18.409361
18.363063
18.393022
18.738921
19.477721
18.937022
18.625412
18.495687
18.428037
18.491339
18.461606
18.493875
18.595229
18.392074
18.496651
18.462572
18.328653
18.430764
18.424601
19.028639
19.540689
18.963344
18.485234
18.543391
18.469701
18.553319
18.515132
18.460295
18.638812
18.561519
18.582106
18.467952
18.568040
18.491342
18.490910
18.530637
18.527110
18.589130
18.567785
18.486771
18.477789
18.524274
18.429457
18.651330
18.484003
18.509460
18.461941
18.610935
18.748600
18.521463
18.577015
18.508398
18.583951
18.539049
18.623133
18.505514
18.644110
18.472329
18.535210
18.545052
18.512204
18.507460
18.673077
18.496416
18.536404
18.499371
18.519207
18.629969
18.488903
18.593827
18.548746
18.488359
18.571509
18.458550
18.654922
18.522133
18.520415
18.538860
18.665454
18.489059
18.545570
18.519303
18.519701
18.531941
18.626579
18.466509
18.657776
18.497314
18.494089
18.759105
18.441472
18.596087
18.498629
18.569447
18.526742
18.608864
18.636382
18.556073
18.547823
18.582059
18.540721
18.489124
18.395119
18.606593
18.421774
18.564864
18.505520
18.552855
18.625751
18.470028
18.483277
18.464603
18.422432
18.418478
18.540543
18.568833
18.622964
18.433694
18.574970
18.548175
18.486432
18.413848
18.613572
18.495581
18.596367
18.441407
18.520550
18.481408
18.464317
18.613889
18.548014
18.452046
18.626150
18.471633
18.536599
18.520629
18.435819
18.593485
18.536605
18.660945
18.575477
18.717324
18.489075
18.533164
18.504811
19.349380
20.153586
18.587997
18.388153
18.518990
18.479728
18.440210
18.527639
18.617937
18.481349
18.487839
18.524795
18.401581
18.522443
18.480915
18.546547
18.446141
18.560142
18.515546
18.445507
18.492015
18.426773
18.499929
18.386250
18.569628
18.511152
18.511581
18.515427
18.524288
18.403527
18.505168
18.484379
18.536998
18.440125
18.465056
18.400490
18.356861
18.500970
18.436870
18.377724
18.314539
18.362537
18.451603
18.336168
18.360499
18.315281
18.390205
18.358518
18.422534
18.477953
18.380502
18.408120
18.321003
18.412325
18.380174
18.448379
18.314741
18.408665
18.330536
18.395541
18.349286
18.385159
18.362485
18.325819
18.310217
18.357519
19.228507
18.808199
18.581333
18.465361
18.423540
18.485660
18.565239
18.581864
19.640080
20.007948
20.122510
20.162768
19.598798
18.354323
18.446956
18.399360
18.640766
18.373066
18.436618
18.532385
18.404766
18.464099
18.447739
18.385714
18.484584
18.450917
18.449514
18.401801
18.481565
18.491688
18.373499
18.518990
18.441030
18.577251
18.460394
18.535071
18.355479
18.513149
18.360984
18.574917
18.364390
18.395223
18.373669
18.338050
18.396365
18.415922
18.373949
18.392790
18.419030
18.378902
18.450209
18.379347
18.527415
18.489981
18.431181
18.440993
18.549702
18.397834
18.393546
18.313654
18.407092
18.427168
18.402594
18.413862
18.443293
18.333110
18.367636
18.384707
18.320045
18.307849
18.396559
18.322074
18.389192
18.343820
18.373709
18.363145
18.367089
18.370090
18.414378
18.449895
18.401353
18.397172
18.367137
18.305115
18.346958
18.375288
18.359034
18.316378
18.351529
18.318607
18.433339
18.353329
18.413758
18.363524
18.443916
18.365547
18.425532
18.367577
18.320243
18.398142
18.366448
18.413650
18.332758
18.390987
18.416453
18.416557
18.354561
18.384803
18.369634
18.398181
18.695946
18.318984
18.363782
18.388541
18.419606
18.395728
18.359203
18.408119
18.385068
18.397804
18.387598
18.309885
18.402434
18.377285
18.429777
18.321271
18.344846
18.368972
18.442650
18.397575
18.396585
18.417715
18.378322
18.397065
18.369117
18.370429
18.388002
18.357066
18.363389
18.416745
18.355854
18.417708
18.443109
18.314706
18.418726
18.346804
18.412494
18.410748
18.362240
18.411898
18.365293
18.407599
18.377498
18.316175
18.323537
18.365161
18.361827
18.376865
18.385998
18.324549
18.356952
18.838101
18.614893
18.313132
18.343140
18.340039
18.316412
18.306214
18.581975
18.334231
18.316750
18.319728
18.327020
18.318762
18.313636
18.320532
18.311161
18.317371
18.319882
18.329569
18.331086
18.338748
18.318168
18.324890
18.319681
18.324830
18.347889
18.317010
18.329746
18.311984
18.362820
18.306341
18.321954
18.320398
18.337623
18.318890
18.321940
18.319142
18.359766
18.319541
18.333242
18.318892
18.319532
18.345510
18.325364
18.454532
19.017465
18.817961
18.774960
18.825783
19.779615
19.224532
18.436823
18.475402
18.593418
18.470130
18.564956
18.442021
18.530914
18.461701
18.481372
18.517567
18.533929
18.650194
18.640573
18.482349
18.546956
18.516420
18.511083
18.616135
18.566855
18.591077
18.470105
18.473285
18.638183
18.421470
18.869362
18.780224
18.632880
18.597372
18.508497
18.514985
18.470726
18.399789
18.452698
18.431770
18.530008
18.434050
18.479406
18.555636
18.603869
18.507592
18.573613
18.428947
18.503848
18.487326
18.835425
19.019920
18.463821
18.502793
18.468704
18.403300
18.538002
18.436068
18.462350
18.512417
18.407373
18.323298
18.530924
18.517099
18.511334
18.352256
18.512436
18.489063
18.439548
18.421511
18.484235
18.534870
18.452672
18.552575
18.515216
18.490738
18.380120
18.496304
18.465425
18.534013
18.524316
18.523079
18.478970
18.532292
18.524030
18.493395
18.350034
18.508856
18.460343
18.438866
18.760126
18.753364
18.763298
18.705543
18.431652
18.492720
18.433749
18.432445
19.577295
19.424915
19.807785
19.619979
20.329740
19.898567
19.786570
20.228146
20.025075
19.916252
19.763436
20.389647
19.530851
18.295332
18.332383
18.318705
18.314478
18.325759
18.296717
18.322396
18.307937
18.306582
18.309078
18.302111
18.305478
18.319695
18.308355
18.303601
18.299070
18.307398
18.303750
18.336951
18.312941
18.300760
18.311623
18.307096
18.310468
18.313957
18.298407
18.301245
18.309374
18.305595
18.312559
18.324640
18.310473
18.359036
18.387481
18.363367
18.325841
18.292554
18.353807
18.303348
18.310679
18.314142
18.311288
18.325616
18.303770
18.311108
18.317827
18.316808
18.327769
18.302219
18.303948
18.302834
18.304508
18.321672
18.306571
18.303509
18.297884
18.305357
18.302577
18.369405
18.310380
18.300806
18.312976
18.297416
18.320091
18.302246
18.317295
18.311145
18.311044
18.304022
18.310958
18.357417
18.311771
18.297741
18.323360
18.297303
18.327297
18.302867
18.312990
18.405872
18.349941
18.299336
18.355961
18.304616
18.301842
18.290452
18.304310
18.313784
18.349020
18.305909
18.301838
18.301470
18.309810
18.305220
18.300508
18.298985
18.298152
18.312415
18.298399
18.319044
18.310704
18.298784
18.307604
18.316376
18.315741
18.315339
18.303855
18.298785
18.294141
18.306383
18.317437
18.309231
18.305152
18.314834
18.297059
18.293690
18.339582
18.301909
18.311196
18.314145
18.304515
18.309839
18.345438
18.309693
18.302134
18.285479
18.304273
18.309919
18.310165
18.306933
18.309519
18.387394
18.294890
18.359297
18.299526
18.311891
18.304449
18.297904
18.306577
18.309455
18.296395
18.296531
18.306351
18.306758
18.309836
18.780549
18.370999
18.382135
18.373693
18.364376
19.112679
18.448419
18.293097
22.355384
18.890147
18.377337
18.363234
18.345133
18.394654
18.307897
18.301941
18.354663
18.292971
18.304998
18.290281
18.285977
18.307271
18.405867
18.345482
18.350583
18.385558
18.285441
18.302233
18.347388
18.307280
18.291184
18.302220
18.302801
18.349555
18.355049
18.373691
18.310278
18.300237
18.299380
18.404909
18.308786
18.291178
18.305718
18.296446
18.315302
18.349926
18.309567
18.301738
18.294760
18.311478
18.306598
18.299225
18.427684
18.307078
18.306144
18.343607
18.559808
18.327171
18.340213
18.295400
18.300061
18.341515
18.391835
18.343826
18.302905
18.300059
18.290825
18.339542
18.349804
18.331498
18.312496
18.300876
18.294282
18.314367
18.305464
18.324590
18.301353
18.312277
18.341643
18.348471
18.400727
18.291311
18.342179
18.298941
18.394220
18.343632
18.336370
18.305036
18.295529
18.294799
18.345960
18.292672
18.306824
18.286730
18.317376
18.285530
18.395936
18.292089
18.298302
18.301731
18.334264
18.336840
18.447788
18.299991
18.317349
18.302255
18.356945
18.441371
18.399358
18.296092
18.302917
18.302948
18.290671
18.402644
18.308774
18.299853
18.351991
18.333974
18.309828
18.394240
18.318123
18.299974
18.328749
18.318978
18.362430
18.349540
18.301722
18.289672
18.421317
18.290763
18.365869
18.349458
18.298291
18.308066
18.302549
18.306748
18.367714
18.311958
18.312309
18.291608
18.310563
18.344776
18.347349
18.291899
18.383166
18.349216
18.287162
18.356733
18.349850
18.307982
18.297550
18.298944
18.299280
18.396301
18.341440
18.293721
18.299829
18.295693
18.286547
18.388390
18.284497
18.343320
18.286390
18.297674
18.599895
18.780745
18.484645
18.296836
18.282406
18.308527
18.327510
18.307484
18.306943
18.293110
18.308617
18.297349
18.371563
18.299329
18.294238
18.308823
18.290224
18.359671
18.309880
18.307607
18.296677
18.310558
18.309724
18.310898
18.315046
18.299448
18.296039
18.300770
18.291009
18.325322
18.310735
18.327644
18.285872
18.293504
18.306744
18.301604
18.304944
18.293346
18.300837
18.288844
18.321154
18.308724
18.282631
18.290848
18.288610
18.303900
18.313276
18.304103
18.301952
18.295503
18.301058
18.316291
18.321621
18.310992
18.308686
18.296658
18.301468
18.316550
18.300415
18.295835
18.306120
18.292047
18.310366
18.311849
18.311254
18.295933
18.302255
18.360655
18.344750
18.309887
18.297607
18.297445
18.289488
18.313447
18.354929
18.302360
18.518612
18.319818
18.309470
18.301278
18.326380
18.315082
18.304318
18.306761
18.305175
18.291278
18.314599
18.308305
18.299905
18.307648
18.299941
18.301989
18.317549
18.298000
18.306397
18.311814
18.294332
18.324537
18.378621
18.310810
18.299653
18.311616
18.319647
18.310099
18.299276
18.303990
18.299453
18.311319
18.313159
18.353768
18.380887
18.298240
18.309665
18.295358
18.317989
18.295546
18.301759
18.284575
18.289217
18.310238
18.317160
18.304942
18.326934
18.316453
18.301876
18.302370
18.335922
18.299294
18.299067
18.301731
18.304265
18.319864
18.303455
18.299379
18.309914
18.307132
18.300997
18.330214
18.326820
18.306437
18.306364
18.292490
18.312112
18.324209
18.300942
18.309167
18.306262
18.314262
18.366096
18.323724
18.309125
18.293791
18.300407
18.295032
18.321444
18.306109
18.320136
18.305128
18.309330
18.311370
18.322029
18.425307
18.318162
18.303326
18.298341
18.308119
18.307779
18.299240
18.286640
18.292438
18.293998
18.328491
18.287623
18.317632
18.295107
18.304802
18.306842
18.312073
18.311309
18.290936
18.303664
18.285205
18.295858
18.326272
18.305026
18.297838
18.305461
18.305768
18.318670
18.364815
18.311671
18.294905
18.305118
18.298525
18.310313
18.306160
18.292125
18.309132
18.292992
18.307788
18.308563
18.307192
18.308537
18.298820
18.296090
18.300541
18.303665
18.335201
18.349578
18.292884
18.289939
18.377312
18.299004
18.302980
18.302579
18.473039
19.174423
18.799992
18.775292
18.778998
18.781875
18.779760
18.783886
18.527661
18.314445
18.304452
18.306713
18.638371
18.727147
18.321387
18.308997
18.304760
18.291887
18.320676
18.327850
18.314626
18.294094
18.297781
18.302401
18.313030
18.313010
18.299094
18.296284
18.292049
18.311215
18.319321
18.360967
18.310863
18.301099
18.302662
18.303429
18.326154
18.304559
18.305760
18.302816
18.291584
18.302476
18.321374
18.289952
18.299338
19.415825
19.261961
18.539696
18.314930
18.307671
18.293656
18.301121
18.295113
18.323177
18.318063
18.311004
18.306638
18.307545
18.302787
18.311764
18.310939
18.306439
18.314201
18.309734
18.365568
18.313074
18.321142
18.312912
18.305811
18.325625
18.422754
18.345606
18.302483
18.305142
18.302916
18.299312
18.335686
18.312452
18.317510
18.311359
18.318548
18.326581
18.314087
18.318294
18.294291
18.290845
18.294475
18.303172
18.365899
18.305907
18.306978
18.301309
18.316964
18.319967
18.308492
18.314166
18.300898
18.305932
18.317858
18.313282
18.311196
18.301927
18.300635
18.308070
18.317037
18.312795
18.307592
18.318198
18.296226
18.297409
18.314545
18.309098
18.357726
18.339939
18.317580
18.306664
18.310747
18.307175
18.311205
18.312388
18.301128
18.325593
18.308095
18.304529
18.300416
18.304433
18.304355
18.317641
18.312665
18.299958
18.308022
18.308025
18.304198
18.321364
18.305485
18.310757
18.288110
18.309562
18.320956
18.352207
18.315861
18.292167
18.314506
18.302239
18.315507
18.307856
18.293908
18.311229
18.305143
18.312296
18.320142
18.306727
18.300952
18.298885
18.314541
18.487149
18.729248
18.745732
18.684352
18.469365
18.306846
18.311644
18.354401
18.308138
21.491676
