50
150.038496
182.001314
164.200547
173.520882
166.012222
177.474701
165.345390
166.055672
165.650160
165.588351
168.082778
165.612199
167.558907
165.460868
200.925403
200.566855
171.130481
169.282452
169.725892
170.037075
172.109312
177.768295
182.088899
185.540102
183.192003
182.470868
182.780153
184.378911
181.960490
183.982702
183.249758
182.923826
170.022954
172.040865
169.941353
171.392002
170.797124
170.694761
173.343789
170.267637
172.310478
170.144005
172.301783
170.458689
172.407354
170.475549
171.521591
171.465842
170.434747
172.711141
170.373716
172.125609
170.198851
171.490724
170.978780
170.530609
174.944920
170.461724
172.121710
170.822544
170.907412
178.926093
169.763702
180.545961
183.006840
182.223709
188.327955
180.987488
167.988279
182.304053
183.392198
182.203648
172.024606
172.101520
180.365406
170.114019
170.336999
170.812838
170.165272
172.393745
170.200814
172.388326
170.361565
172.418824
170.439291
172.608824
170.223276
172.355907
170.325583
172.461313
171.207947
171.922509
171.337635
172.252981
172.550261
171.460237
172.694544
170.498987
172.724081
170.757119
172.809975
170.557916
172.710288
172.932255
170.728323
172.788141
170.704326
172.920458
170.677343
172.796279
170.632140
172.802979
170.691377
184.137810
183.033387
184.982179
183.711718
183.717607
181.909462
170.111765
172.098898
170.976875
171.502419
170.783731
172.220292
170.421376
172.630996
170.707388
174.982686
182.091438
172.096516
170.477282
172.585673
170.415679
172.491549
170.575966
172.583753
173.773344
170.618167
172.061118
171.084171
171.651029
171.610789
171.725123
171.408474
174.443746
171.802340
171.441307
172.388815
179.390899
170.597670
171.371803
183.168582
177.059803
170.613987
172.754981
170.759031
172.856147
170.688786
172.836688
170.871807
172.198241
171.720023
171.073390
172.768163
170.796176
172.873507
170.723045
172.679932
170.640944
173.293914
170.847174
171.685598
171.867355
170.699939
172.745627
170.831501
172.626597
170.650674
172.265553
171.442133
170.967302
173.195659
174.724312
170.967452
170.872293
175.777235
182.288184
173.792884
172.137665
170.557424
172.339327
170.662529
170.638465
173.026191
180.177963
170.666312
170.796909
170.780210
170.747955
170.953444
170.932201
172.708694
170.675670
172.633068
175.617336
181.833735
178.221031
182.539351
171.582948
172.008298
177.401601
251.923746
164.130142
165.108945
165.076814
165.072149
167.176231
165.217742
167.273547
165.256582
169.159537
166.676831
167.036272
165.862611
165.244078
167.233857
165.236861
170.173005
171.450956
165.003258
164.909281
164.881801
164.893560
165.142321
165.118981
167.101843
165.482528
165.339945
167.317739
165.573294
176.169710
212.274714
170.788217
170.686480
170.559036
171.595213
171.995262
170.663752
172.477721
170.582754
172.058491
171.958993
201.353195
164.786850
165.108513
165.048615
165.025660
167.170939
165.014926
166.569766
165.483879
165.040315
167.042420
164.905257
164.943924
166.887312
165.073010
167.197843
165.549401
165.899258
167.528126
165.376554
167.162856
165.061240
167.107355
165.073684
166.160860
166.041874
165.101291
167.141869
165.365074
167.780099
165.819049
167.812449
165.630142
175.030021
165.848083
173.735154
164.684883
165.699744
165.454311
168.132731
170.045820
165.247587
171.353864
165.070065
165.122821
165.097351
165.468631
217.182967
163.262523
164.911728
164.960629
165.127200
167.209554
165.288318
166.965369
165.467773
166.016569
166.179181
166.394356
165.869542
166.488366
165.678025
166.464292
165.855195
166.310816
166.509865
168.892982
165.046747
167.281828
165.362948
167.255942
166.209755
166.117103
167.528637
166.020060
167.879635
165.751373
167.527641
165.428875
167.466391
165.438024
166.773436
167.685868
165.624968
162.768537
165.722415
165.600783
165.778413
172.072353
166.656517
166.508365
166.372179
168.302930
166.129976
166.076149
167.835923
165.843034
166.076569
167.558017
165.799517
167.747790
165.824544
167.216104
165.053019
166.215070
175.001217
165.039820
165.284064
165.291326
165.377591
166.566672
166.290075
168.061078
166.108062
168.226574
166.195625
167.794653
165.951829
166.115913
167.275397
166.880091
168.328197
166.028840
166.364023
167.261233
165.650989
167.697868
165.620439
167.325174
166.097117
165.642204
167.036701
165.054783
167.095385
165.035914
167.061851
165.040902
166.685495
165.483186
164.974338
166.928414
165.146072
165.632224
167.266156
165.169482
166.933455
165.156410
166.705821
166.874520
168.438104
166.525608
166.559963
166.881579
169.077194
168.304482
166.634229
167.048601
168.230796
166.361156
168.322633
167.117367
168.472461
166.091877
167.944386
165.751832
167.509434
165.323816
167.359645
165.303430
166.667465
166.107964
166.008929
167.683760
166.001441
167.909458
165.795620
167.761065
165.915271
167.846959
166.041043
167.969748
166.397431
165.909304
167.681173
165.509321
168.068927
165.031571
166.254348
165.824876
165.159995
168.756231
166.529478
166.196357
167.724898
166.386299
167.577204
165.660862
166.426177
166.964738
166.513906
167.795928
165.808005
167.875501
165.831541
167.776062
165.545981
167.506257
165.555798
166.206496
167.361487
165.790585
167.863866
165.685606
167.684675
165.741150
166.592179
166.358264
165.512960
167.582452
166.164521
167.657491
165.515393
167.316003
165.962190
165.725999
167.633370
165.687484
169.609170
165.642276
165.741854
167.660820
165.686968
167.371762
167.697285
166.028473
167.874127
165.192330
165.566083
167.209042
165.508735
167.135955
165.000766
167.158514
165.065567
170.589981
165.333067
165.491160
167.532621
165.410066
166.360843
167.174881
166.680953
167.248270
166.621867
165.768416
167.608042
166.061176
167.552208
165.736642
165.407907
167.223559
165.295812
167.234158
165.401913
165.462660
167.242475
165.329156
166.781834
166.109653
165.743883
170.311756
165.346733
166.635943
165.472598
165.095278
167.163719
166.339429
167.850070
165.941462
167.497407
167.594902
168.149667
166.016951
167.798008
165.247046
166.846192
165.393427
165.121448
166.991714
164.906832
166.356870
167.067554
165.514438
167.347925
165.283454
165.374938
167.192827
168.608425
165.458508
166.526319
166.583489
166.308226
167.891135
165.788856
165.772571
177.839694
165.400332
173.804159
165.547418
165.799385
165.667946
172.907900
169.759092
165.565370
174.272036
164.556192
165.485135
165.082962
165.103628
165.055054
167.125768
165.096609
167.178169
165.095859
165.720674
166.916673
165.185900
167.247568
165.538960
167.270216
165.231840
166.938339
165.314063
165.911117
166.997489
165.178505
167.066565
165.100776
165.627387
166.561596
165.055537
167.030484
165.078092
165.069673
167.046689
165.072132
165.079567
167.075285
165.087592
166.857543
164.889688
164.915364
171.690076
165.047582
165.066958
166.518905
165.589257
165.863418
166.320611
167.887159
165.720921
165.002047
166.967873
165.046512
165.504678
166.691279
165.080288
167.108252
165.071055
167.264796
165.317116
166.606181
166.412129
166.697914
166.806189
165.810941
167.962964
165.857681
167.896178
165.894815
168.053141
165.913095
167.777907
165.798658
166.840067
166.094004
165.402976
167.371387
165.498383
165.516473
167.399689
165.466771
172.659895
161.989386
160.144901
158.437631
160.083244
162.287609
165.236348
165.300478
165.575229
165.650454
165.949534
167.085291
165.450330
168.000418
166.173537
165.945487
166.207287
164.924347
166.837430
165.220964
165.722065
168.621023
166.539250
166.444551
166.836116
167.382289
165.608046
167.729592
165.607200
167.362208
166.093108
166.337718
167.710920
167.937922
168.060098
165.974569
167.838538
165.789327
165.769646
167.033914
165.183559
165.237611
167.445242
165.772138
166.757193
166.303731
165.463508
167.619395
165.752446
165.618392
167.560979
165.629736
167.822757
165.725016
165.465274
167.527740
165.557291
167.820439
166.390705
167.844750
165.608625
166.777164
166.281790
165.376483
167.248191
165.085969
166.066898
166.237130
165.130947
167.646885
165.637841
167.586331
165.741540
167.671966
165.575258
167.163976
166.957951
168.483374
165.633625
167.536258
165.585118
166.901570
166.302797
165.463560
167.457272
165.425955
167.652484
165.560168
167.824066
161.389984
157.355191
158.242051
159.067527
158.911377
157.491665
157.601068
158.373487
162.758134
166.204448
166.196934
166.098305
166.016663
165.999741
165.907260
168.143038
165.928001
167.483485
167.497981
165.504693
166.717214
166.528054
165.863339
166.760779
165.508283
167.358886
165.463268
167.605904
165.782760
167.875291
165.590971
167.577422
165.458422
167.578858
165.502971
167.715810
165.593550
167.672766
165.588113
167.131067
166.017929
166.276544
167.044773
166.023037
167.519611
165.319142
167.272952
165.301597
167.423895
165.783061
168.053045
165.763691
166.755619
166.925853
169.441450
165.894850
166.290560
167.386560
165.731379
167.766504
165.516089
166.380820
166.201048
166.265884
165.999984
166.137775
177.631492
166.096270
175.940431
164.496196
165.591270
165.652537
165.536801
165.730706
167.692996
165.722635
167.683589
166.042351
167.833729
166.309700
166.932480
165.201788
165.433156
167.329088
167.660643
177.897355
162.689732
166.236629
165.916318
165.733878
165.772589
165.791113
165.435863
167.243756
165.494651
165.444807
166.214306
167.210356
166.431358
167.352337
166.015232
167.990975
165.810910
167.387016
165.963301
167.210569
166.257506
177.023389
166.026145
165.762875
165.776221
165.682663
165.550591
167.563153
165.581302
166.848543
166.510458
165.735093
167.680528
165.876353
166.596257
169.183069
165.482455
165.505400
167.504354
165.584438
165.322084
167.267051
174.228435
167.795417
165.397368
165.418134
165.339922
166.868099
170.574815
165.487141
165.405740
165.423917
166.040728
165.607188
167.702971
165.715140
165.301983
167.275565
165.228525
166.605114
166.184638
165.933669
167.245111
166.605619
166.606461
165.601041
167.557291
165.575716
167.579410
165.473263
167.586244
165.158462
167.148067
165.401859
167.207243
166.197405
165.405776
167.392359
165.465935
165.893900
167.431922
166.046851
167.806383
166.230066
165.818977
167.647057
165.611058
165.601710
167.527276
165.592168
165.619445
167.512673
165.558293
166.027067
167.007085
168.656467
165.761768
165.750502
167.625414
165.604052
165.604410
167.514149
165.512517
165.444273
167.469080
166.019061
165.764591
167.132101
166.098181
165.572442
167.592244
165.706281
165.576207
167.573713
165.469260
167.747031
165.308374
165.152655
167.024232
165.029896
167.057277
165.507175
167.157976
165.188731
165.124995
167.414982
165.559734
167.551705
165.568657
167.571272
165.468360
166.924395
166.007592
166.058987
166.855083
173.550278
165.663019
166.320135
166.570928
165.750415
167.071931
165.398327
167.567311
165.833473
166.007851
167.538141
166.413862
167.103758
167.675133
168.741336
165.752008
166.528179
166.720784
165.634307
167.467644
165.729885
165.703676
167.537144
165.468655
165.597153
167.734529
165.569433
167.458469
165.435994
165.462573
167.420141
165.400746
166.125085
167.175395
165.538596
171.142503
171.115865
165.994256
166.304999
166.001690
165.884272
165.860228
167.944521
175.689122
165.634367
165.441994
165.434151
165.790881
166.314901
165.971108
165.750317
167.891602
165.838763
165.690265
167.526915
165.604716
167.745267
165.756545
165.770162
167.900654
165.937987
167.986392
165.768620
166.548553
167.106699
166.009199
165.792014
167.669669
165.489181
167.717003
165.728262
166.439576
167.302762
168.110691
165.700135
166.901158
166.604363
165.779104
168.049257
166.630156
166.351121
168.433907
165.775795
165.693722
167.813981
165.756730
166.989084
165.919492
165.359717
167.345555
166.379717
166.139530
167.965030
166.073780
165.952382
167.780398
166.040048
167.174116
167.239768
165.589888
167.534070
166.179340
165.566363
167.338616
165.652298
166.215134
166.244525
167.924882
165.851139
165.796103
167.772683
165.733598
167.353548
166.482647
166.509593
168.072118
165.829125
165.673683
167.564934
165.793336
166.778675
166.649264
165.599865
167.489740
165.590685
165.482315
167.257573
165.070739
165.024430
166.821891
164.930236
165.865522
166.127106
173.752711
166.827798
167.395326
165.825192
166.505991
167.272190
165.486865
167.607307
165.882885
177.774468
165.692861
165.737609
165.453155
165.480535
165.513069
167.566973
165.606080
166.352370
167.277914
165.927190
167.577787
165.487240
166.450213
167.031003
165.210557
167.055091
165.173278
167.109685
164.992242
164.897188
166.750098
164.943287
164.900008
167.120845
165.024067
167.085174
165.347859
169.210588
165.242944
166.654741
165.765139
165.323890
167.106178
165.090143
166.898271
164.937582
165.042689
166.913136
164.915732
166.587681
165.188566
164.933062
166.890962
164.899299
166.901355
164.906833
164.928609
166.883988
165.836017
166.089423
167.495666
166.198290
165.829859
166.515532
166.490341
165.431164
167.432001
165.298853
167.535968
166.135420
165.205743
166.981747
164.929954
166.858926
164.886191
164.895964
167.174083
165.058251
167.238459
165.478165
167.021265
164.970976
166.468855
166.238272
165.228055
165.112234
165.189169
167.153846
165.575667
165.660840
168.189385
165.257992
167.057619
165.047016
167.098869
165.035583
166.452335
166.376690
165.371066
168.582778
165.357236
167.416388
165.302808
167.613964
165.637981
167.773851
165.567762
167.601826
165.488334
167.345447
165.162136
166.678546
165.726889
165.366194
167.495434
165.078430
167.022048
165.050473
165.034264
166.977473
165.037644
165.947741
166.110549
164.910043
166.996646
164.953458
167.058891
164.989547
166.967546
164.953424
166.983998
164.942924
167.049657
164.937682
166.982831
165.068689
167.152811
165.280133
166.987190
165.984242
166.945542
168.810726
165.508841
167.170940
165.573774
165.497554
167.347650
165.778405
166.201346
166.476488
165.005765
167.121413
165.101003
167.549665
165.173864
166.906098
166.423190
165.587656
166.098646
168.010706
166.134270
166.278869
166.345998
168.024630
165.892410
166.825594
166.633394
165.585334
167.571189
165.466817
166.979126
165.659131
165.911761
168.549048
167.977079
165.995682
167.926774
165.781584
166.374934
166.324329
165.316636
167.381422
165.503914
167.638460
165.581108
167.506774
166.958423
166.849894
166.156779
167.434678
165.438747
167.482235
165.332238
167.261595
165.333873
167.379469
165.555273
167.513757
165.543945
167.528230
165.483402
167.611296
165.422833
167.527700
165.826933
167.412458
167.736423
165.950588
166.712036
165.379073
167.319139
167.222935
165.212202
166.226994
167.989168
166.205798
165.646578
167.466223
165.490519
167.283130
165.317238
165.322802
167.436494
165.568821
167.450181
165.491351
167.616053
165.442612
166.248761
166.672121
165.459186
167.440586
165.676847
167.234719
166.054738
165.706594
167.925154
165.936924
167.984693
165.802058
169.476381
164.923560
165.475475
165.604533
166.683822
166.791595
166.419475
168.007283
168.438794
166.541162
166.086808
168.390280
166.172703
167.859448
165.883373
167.883280
165.568950
166.783293
166.159791
165.644089
167.099988
165.089828
166.299888
165.806759
165.243161
167.125426
165.211149
167.062107
166.416785
165.117920
166.621753
165.495231
165.356714
167.378325
174.856552
165.465551
165.537694
165.473740
165.466756
165.420746
167.221387
165.252298
165.109047
167.323017
166.721524
165.084593
167.056044
165.083713
165.104465
167.088967
165.457320
165.756536
167.696130
165.630426
165.637935
167.449516
165.418849
166.679820
166.491710
169.273637
170.215420
165.053794
167.187168
165.564985
165.747177
167.538957
164.935388
165.152020
166.808345
165.060312
165.482680
166.563638
165.104204
165.817804
166.223204
165.089637
167.062790
165.097479
165.087473
167.069380
165.088671
167.081139
165.657125
166.027477
166.402615
165.193750
167.166209
165.183231
167.001343
165.670089
165.521313
167.230893
165.430315
165.818516
167.176041
170.514124
166.238394
166.166777
165.996944
165.688057
165.954358
167.450592
165.568058
165.590513
490.229041
139.672942
139.793684
139.998524
164.530480
161.513461
165.448447
168.890961
169.810035
165.022202
165.107630
165.126701
165.102543
167.066786
165.094270
165.205920
167.080489
165.041686
167.191058
165.143614
166.131173
175.664061
165.245492
165.412094
165.514112
165.223175
167.254721
165.520746
166.337622
166.515823
165.338235
167.627074
165.852998
174.879095
166.373605
166.030935
165.867522
167.170297
166.217243
165.698270
167.598917
165.681079
165.616716
168.250546
165.643710
166.784151
166.250572
165.405441
166.999469
165.319187
165.185253
166.432175
167.073594
166.415703
166.224825
167.965025
165.868562
166.397459
167.699463
165.531222
165.514968
167.393248
165.514502
165.496818
167.218795
165.471336
165.621953
168.328363
166.641401
166.415083
165.993295
165.882960
167.775924
165.874190
166.101325
169.922773
166.286265
166.315830
166.593494
166.530320
166.212216
167.779226
165.910939
165.810528
167.881804
166.237998
165.560250
165.542569
167.224905
165.401051
165.362074
165.373797
167.246166
165.448090
165.351057
167.300509
165.359661
165.414570
173.109961
165.903076
165.127661
166.887986
165.307617
165.124332
165.207461
167.007618
165.048733
165.039945
167.028777
165.095642
165.095301
167.390766
165.287538
165.267097
167.204674
165.567977
167.189863
165.217738
168.227258
169.949959
174.461942
165.502455
165.461033
165.424392
165.487849
165.417116
165.276566
167.189859
165.523180
165.331277
166.578275
165.905297
164.972743
164.919141
167.197770
165.999097
166.042849
165.936197
168.174465
165.593573
165.285262
166.826017
166.041490
165.152085
167.107277
165.157248
165.149926
167.410579
165.539647
166.762451
166.259781
164.964309
164.952557
166.856327
165.046515
167.365431
165.081515
165.372862
166.784373
165.149742
165.026732
166.800197
164.962398
164.902895
164.050444
165.228003
196.285677
165.186557
165.764397
173.947973
165.753636
165.577176
165.513852
165.425419
165.663077
165.597458
173.736472
167.639794
165.726219
165.747889
165.580156
165.551582
167.611970
165.799238
167.020238
166.532562
165.878799
167.836390
165.945891
174.255858
165.851235
165.761831
165.717288
166.182011
166.051245
169.201885
165.901657
165.994878
172.377301
164.890239
165.833174
165.720689
165.602257
165.644422
165.547832
165.675424
165.754701
167.592363
165.717022
165.940436
167.581906
165.733439
166.203286
166.757718
165.386261
166.473051
166.498899
165.678773
167.723807
165.646865
167.667393
165.559732
168.171204
165.701087
167.687672
165.525307
167.810176
165.345393
167.392152
165.362873
167.034934
165.714747
166.642905
166.147400
166.328329
166.553761
165.350877
167.369697
165.554059
165.808169
167.206522
165.589656
167.674963
165.540941
165.990960
166.935634
165.455129
167.518198
165.513786
166.170298
166.883934
165.659408
193.968492
175.405955
165.750744
165.627913
166.166417
167.578208
165.627558
166.470304
166.947994
164.999689
165.347102
177.791934
164.988507
178.348823
162.016909
165.043620
165.241703
165.553181
165.618941
167.061125
164.929994
166.396275
165.611496
165.259815
166.754266
165.029829
166.991348
164.963270
165.791536
166.189881
165.052271
167.582855
165.154714
165.247609
167.208050
165.259459
167.571067
165.344391
165.246211
169.209729
165.227628
167.186682
165.245121
165.071608
166.919364
165.056051
165.897547
166.999438
166.260506
167.591033
166.320048
165.786378
167.689877
166.017492
167.870599
165.882972
167.818882
164.971454
166.345556
165.747447
165.317553
166.747274
164.975288
166.998736
164.957374
167.213340
165.156161
165.700511
166.797380
165.349604
167.296265
165.841257
167.214905
165.520052
165.305787
167.300620
165.341592
166.062056
166.587885
165.307000
171.415090
170.371846
165.334361
165.455909
165.610744
166.701854
167.560338
165.586766
167.947001
165.601956
165.704620
167.264225
165.665656
167.024144
166.030484
178.231366
165.203852
165.679139
174.183493
164.556196
165.150010
165.183803
165.151107
165.344894
167.190133
164.964700
173.019879
165.194179
165.169665
165.333972
165.041287
164.949736
167.018784
165.002641
166.681054
165.626135
165.114336
167.050916
165.260140
165.279322
167.217956
171.744620
167.219338
165.118161
165.717917
166.497622
164.966781
167.092439
166.694761
166.763132
164.991202
167.087697
164.996354
166.982024
165.677959
165.454637
167.429952
165.686255
165.638038
167.619668
165.633101
165.591751
167.578323
165.518778
166.636298
166.619144
165.594625
168.021227
165.923989
165.913982
167.743494
165.850776
165.806773
167.752270
165.915068
165.953970
167.899196
165.756469
165.606929
167.465074
165.506741
165.603338
167.678605
165.652891
165.635462
176.234877
165.446655
165.531761
165.596952
165.701804
165.537027
167.437001
165.439906
165.508185
166.930860
165.998100
165.522946
165.554443
167.436205
174.943072
165.468224
165.451368
165.488831
165.783065
166.015495
168.032897
165.970626
166.804623
167.407372
165.967927
167.859059
166.003492
165.914840
174.139245
166.258167
166.543127
166.243153
165.990978
168.098176
166.235190
166.557938
166.410015
166.473984
167.468925
175.064841
176.342962
167.404915
164.793570
165.374404
165.343546
165.426592
165.461651
165.326946
167.228150
171.568015
165.170817
165.193285
171.903245
165.201843
165.193615
165.235309
165.215650
165.886361
166.525151
165.238682
166.796197
165.516152
165.260862
166.062722
166.139927
165.036214
166.968023
165.053607
165.209655
166.738979
165.492858
165.141860
165.687956
166.376147
165.042590
166.980399
164.996980
167.882245
165.012673
165.147571
166.810383
164.988403
166.977571
165.016554
165.037840
166.917209
164.992546
165.000322
166.799064
163.298710
164.991910
165.004392
165.059515
165.025238
167.054425
165.009123
165.277293
166.717353
165.017143
166.966273
165.300387
167.234201
165.179756
167.268403
165.229233
167.315495
165.252359
167.216580
165.070803
165.038127
166.964685
165.011566
165.052616
166.959954
165.032510
164.964820
166.913328
165.034542
167.030014
165.231829
165.214077
167.264907
165.383417
167.344560
165.358395
165.708920
166.826997
165.222936
167.187542
165.179391
165.178905
167.107142
165.294110
165.176022
165.358267
167.158041
165.257932
167.886689
165.919823
165.144535
167.094443
165.128133
165.149493
167.094505
165.156469
165.051222
166.959708
165.039063
167.106412
165.071463
164.981004
166.888757
164.949718
164.967258
166.730627
165.151858
165.017819
165.490292
166.482983
164.982937
166.978672
165.049659
166.858710
165.038944
164.954559
167.008221
164.967585
167.017443
164.957578
166.195078
166.076254
165.177234
167.437458
165.127163
165.162773
167.049186
165.156478
165.119159
167.059882
171.986178
165.151009
165.140169
165.173035
165.165467
165.131208
165.280334
165.237356
166.997265
165.140821
165.140241
167.053729
165.074579
166.041450
166.213301
165.021883
166.959553
165.010493
167.716037
166.903098
165.270028
167.116783
165.156238
165.220643
167.652923
165.409277
165.371809
167.266252
165.345899
167.454115
165.397216
165.338018
165.881781
166.683352
165.156548
167.168484
165.092015
165.032625
166.823611
165.160041
165.309590
166.096836
167.517721
165.670446
165.609112
165.626533
167.491883
165.478524
166.383830
166.308303
165.161389
165.120357
167.036917
165.270827
165.341127
167.573118
165.269025
165.318370
167.266294
165.300689
167.984404
165.489076
165.533265
167.585590
166.579028
165.858731
167.948782
166.502686
166.689934
166.985628
166.791233
168.643963
166.538121
166.451023
166.174001
167.373897
165.876298
167.739124
165.175075
167.161297
165.092682
166.012961
166.323900
165.672742
167.227732
165.188661
166.865985
165.422404
165.140068
167.185984
165.151788
167.143633
165.125509
165.240326
167.019195
165.126725
167.245896
168.443288
165.178645
165.150921
167.210700
165.188703
167.161464
165.190628
165.181721
167.118756
165.232917
166.798866
165.879826
165.160725
167.118083
165.179714
165.195662
167.133305
165.203182
165.754978
166.635921
165.198415
170.425956
174.848380
165.716299
165.374245
165.374644
165.347756
165.346817
165.324787
165.035780
166.956854
165.205483
172.204614
165.314814
165.421013
165.328914
165.579018
165.146415
167.178522
165.418267
167.426285
165.453157
169.395660
165.020618
166.241924
165.710101
164.998129
166.993284
164.993691
166.558627
165.329817
164.972871
167.104192
165.208127
165.393528
166.682284
165.154204
167.020044
165.745738
165.413323
167.354646
168.930180
165.441946
165.420237
165.402559
165.363605
167.342414
165.650557
165.729316
165.832838
167.442670
176.857841
165.462871
165.411677
165.368570
165.557213
165.586132
165.516015
171.640453
165.142256
165.146423
165.124683
165.134710
165.067008
166.331516
165.645244
164.965378
166.982504
164.961271
165.489301
166.776494
168.172002
165.199209
165.149483
167.123941
165.187305
165.110161
166.792346
165.147716
165.022645
165.028752
166.888120
165.048195
165.005694
166.951858
165.050957
165.017749
167.016147
165.508025
165.191965
167.740200
165.336676
165.431161
167.821358
165.465429
165.514053
167.309396
165.335540
167.326117
165.406432
165.565825
167.402606
165.051107
166.929212
164.974875
165.026533
166.964302
164.956708
165.027507
167.884144
165.330451
165.350343
166.682793
165.997359
165.279407
167.109461
165.151943
166.227678
166.336796
175.418001
165.177411
165.158041
165.272911
165.252066
165.313994
167.634823
174.669209
165.153847
165.143062
165.032780
165.047832
166.988006
164.974943
165.658466
167.185975
170.559765
162.377012
165.385218
165.320339
165.323544
165.405428
165.488882
167.539554
165.495280
165.473713
167.327349
166.116575
166.005267
165.999786
167.957804
165.927411
165.784422
167.623827
165.696065
167.173128
166.061068
165.597369
167.630397
165.796853
166.885194
167.419351
164.962697
166.931636
164.935443
165.414838
166.471373
164.982822
166.916323
164.933107
164.984603
166.904038
164.957700
165.589159
166.262230
164.998121
166.223570
165.653469
164.978774
167.025056
164.983668
164.979186
166.841137
164.955072
165.076971
166.790862
164.972810
164.961328
165.303343
165.715875
166.823727
165.453988
166.428745
164.924129
166.933717
164.957453
164.962544
166.937389
164.955095
166.450543
165.756298
165.198451
166.504145
165.870458
165.227700
166.227022
166.012053
165.138936
165.163849
167.040615
165.156188
165.192464
166.707485
166.152899
165.213890
165.251103
166.828185
164.977517
164.955917
165.019741
166.849038
164.991405
165.800676
166.322119
164.970580
165.021487
165.013102
166.962696
164.984946
165.030004
167.334311
165.027279
167.082006
165.113518
165.103672
166.908329
165.290865
164.965209
166.840698
165.044418
165.426831
166.638798
165.027847
167.161910
165.196217
165.208156
167.153220
165.191787
166.217194
166.086109
165.173204
167.297431
165.339751
166.223005
166.315539
165.451584
165.355660
165.331919
165.365246
165.900683
167.691960
165.788148
165.815703
166.364406
167.661652
165.726205
165.731121
166.435001
166.942312
166.276693
166.733400
166.708711
165.415315
164.991429
166.955978
165.144481
166.353797
168.553035
166.599719
165.588086
167.559076
165.478077
167.544981
165.595058
165.904179
167.099717
167.747749
165.731602
167.587238
165.458185
166.417404
166.484723
165.777793
165.809421
167.562304
165.678322
165.302006
164.966188
167.079347
165.587853
165.866579
168.053971
165.587432
167.491500
165.319361
167.485324
174.306860
165.565477
170.676965
166.286403
165.811964
165.765461
165.751608
167.353325
166.032710
165.789785
167.907912
167.768317
165.485139
166.097692
166.009505
165.300849
167.281431
174.510272
165.318195
165.370776
172.212772
165.288703
165.474628
165.449527
165.557237
165.721237
166.681090
164.984750
166.935519
165.031860
164.966125
167.158679
174.737433
166.252973
165.804408
165.846434
165.929508
167.890347
165.357449
167.085140
165.245577
166.082165
166.478126
165.414850
167.355172
165.380427
166.775396
166.501654
165.672610
167.675935
165.685244
167.669047
165.797124
165.709189
167.415011
165.398501
167.547351
165.893849
167.907578
177.102337
166.233461
173.700872
165.827570
165.860899
165.945841
165.886201
165.694406
165.689755
166.593769
165.636641
167.072457
166.085676
165.619809
167.521554
165.604087
165.630630
185.517810
163.171420
165.623539
165.517048
165.464544
165.485219
165.772187
166.912686
165.306725
167.287403
174.649875
165.290800
164.969376
172.676111
165.391419
165.379275
165.339700
165.352053
165.400523
165.496031
165.840125
174.971556
165.505282
165.436290
172.961065
165.523296
165.345615
171.245985
161.170527
162.845383
165.959123
165.233638
165.202424
167.115129
165.432895
166.407672
166.286641
166.085592
167.321226
165.329914
166.999289
164.970823
166.943029
165.022467
165.029321
167.057461
165.009230
167.095294
165.026690
167.054957
164.973830
166.961723
165.011929
167.468184
166.600010
166.139934
167.916863
165.124239
166.924227
165.483424
165.175801
167.015576
165.207103
165.344455
167.282929
165.408236
165.342056
167.366696
165.336445
167.348574
165.243053
165.951315
166.270986
165.016935
167.051047
164.972661
166.997901
164.947929
166.983051
164.947754
166.669134
165.345663
165.036463
166.949176
164.949322
164.993765
166.880041
167.002993
165.032007
164.969055
166.929615
165.143148
166.195283
165.747340
165.029877
167.003370
165.001357
164.975282
166.792910
164.815791
164.770813
167.300439
165.183410
165.305759
166.905215
165.145744
165.723741
166.428916
165.105430
166.337522
165.925804
165.214058
166.574848
165.405933
164.868368
165.516896
170.664097
165.271203
159.818826
164.980132
164.970909
165.023354
164.996688
167.604408
173.270577
165.075719
165.138887
165.036819
165.025750
164.957806
165.084432
165.177054
165.109149
164.978054
164.984426
166.811974
165.038413
164.973697
164.906699
164.992083
166.160344
165.536353
164.970303
166.986107
164.986562
164.936668
166.879587
164.958489
166.835488
165.043939
164.912864
167.004267
164.999494
166.908899
164.950756
167.220059
166.721441
165.394931
164.950703
165.201684
166.843053
165.047402
164.989364
165.041826
164.984991
168.726955
171.973831
165.008653
164.946196
164.971578
164.949622
165.006717
164.978057
164.968147
164.935264
164.966566
164.912655
165.817945
165.972462
164.984316
164.927443
164.974183
166.886664
164.923113
164.926106
166.873069
164.977767
166.935340
165.031527
164.992144
166.952758
164.984423
167.372244
176.864231
165.290629
165.374026
165.370478
165.241715
164.966760
166.975039
164.942061
167.025963
167.175200
165.238470
165.031310
167.013532
175.008655
165.425996
165.381467
165.046247
165.044539
165.105258
165.090055
165.099337
166.067117
166.161868
165.145686
167.030935
164.973670
165.597842
166.299078
164.977347
167.088268
167.051915
164.991808
167.000208
165.139872
165.450447
166.902647
165.013939
167.046636
165.026393
167.035807
164.958290
167.034941
164.945688
167.027062
164.969803
167.002733
165.005302
165.837179
166.068429
164.947011
166.999461
164.983808
164.962954
166.880264
164.987678
164.982149
166.003135
165.936058
164.977578
167.065294
164.974582
166.825558
165.077905
164.958728
176.758629
165.137140
165.114893
165.099570
165.065085
165.087410
165.048730
167.076329
165.022933
165.782775
166.291814
165.654989
165.106395
167.093449
165.598968
165.169462
166.702554
164.958037
164.987381
164.961727
167.475344
164.929043
164.953533
166.979780
164.991449
181.630553
162.179371
165.109464
165.167513
165.143252
165.155339
165.131698
165.068156
166.992065
165.015926
164.979885
167.031607
164.984663
166.957003
164.961409
166.375400
166.202733
166.082885
165.881294
164.987437
167.185168
167.399258
166.521608
165.149280
167.304277
165.179910
167.224073
165.145788
167.148485
165.160309
166.777021
165.615494
166.111640
166.709370
172.123207
165.419685
165.348553
165.374066
165.373186
166.068003
166.544618
165.397122
168.094685
165.358224
166.673357
166.079230
165.513542
167.532786
165.538822
167.577169
165.355628
168.870531
165.523854
165.455029
167.416395
167.426911
165.360955
167.322325
168.178439
164.653974
165.421990
165.403877
165.431358
165.407672
167.347391
165.443119
165.275305
167.231549
165.327470
165.324723
165.376032
165.349378
167.185349
165.348631
165.205862
167.228576
165.680552
165.246566
165.212787
167.216515
165.182077
167.212978
165.223571
167.175821
165.424915
167.467933
165.397953
167.152386
165.657424
166.516213
166.222774
166.309787
166.521326
165.328770
167.349819
165.314217
167.516001
166.072644
167.710530
165.737403
165.822422
166.980899
164.979700
166.996534
164.942939
166.993305
165.127824
165.679977
166.685740
168.767644
164.965083
166.991924
165.048325
165.879887
166.009338
164.975153
166.976049
164.901010
165.454747
166.513277
165.003698
166.927223
164.983953
165.025774
165.016871
166.767807
164.923156
169.334103
165.148566
165.193805
165.223945
165.207806
165.222594
167.188298
165.198274
165.210886
167.237853
165.212935
166.642270
165.971432
165.004828
174.170126
165.182786
165.531348
165.151551
164.963573
166.043026
165.975274
164.971124
166.978105
165.036998
177.412271
165.073443
165.086619
165.091659
165.098011
165.431762
165.118297
165.094698
165.150379
167.152120
165.093569
167.114862
165.161510
165.135584
167.054071
165.162128
165.179315
165.678524
166.250118
165.004279
165.004967
165.004098
166.783576
164.995227
164.958275
165.653107
167.165970
165.005581
168.469545
169.074200
181.236744
163.207458
164.979406
164.965288
164.941300
164.965537
167.014461
165.070577
165.021166
166.988094
164.999002
173.326849
165.076795
167.118415
164.963113
164.980668
166.915137
165.112863
166.888147
165.032857
164.920908
166.889048
164.913857
176.795499
165.130495
165.117520
165.149008
165.045207
165.131108
167.058670
164.971370
167.063256
165.016081
166.964401
165.298187
167.671679
164.990381
164.983289
166.972115
164.962585
166.966094
172.773013
165.106088
165.006778
164.967135
176.389376
164.128802
165.104331
165.017341
164.972798
165.019607
165.893273
166.017733
164.956308
166.926995
165.018994
176.173232
174.092081
162.788615
166.676015
166.140846
166.085925
166.158219
166.125698
165.986865
165.994509
168.990313
166.105726
167.251383
166.665512
165.737599
167.601206
165.638012
167.535313
165.483083
165.503772
167.171008
165.347545
166.078205
166.817436
165.387868
167.409338
165.476681
166.756324
167.692396
165.849226
167.661867
165.661944
166.792548
170.823755
165.105655
165.004871
164.990268
167.124124
165.018572
167.052698
164.956635
166.847375
165.075452
165.273914
166.847219
165.258818
167.301052
165.059528
165.005073
166.973799
165.023804
166.185713
165.926716
164.952432
164.929959
164.896182
164.944484
166.822751
170.845804
165.163408
165.164477
164.950606
165.001033
165.043991
167.065116
166.456945
164.960939
165.037240
165.113629
165.493483
167.984227
165.829476
165.673438
167.599040
165.559016
165.490072
167.387892
165.397974
165.456638
166.389707
166.268034
165.540151
165.847773
167.293936
165.334203
165.386922
167.341868
165.354542
164.995334
166.872923
164.966148
164.960073
166.883346
165.758717
165.385743
166.618844
166.539143
165.692810
164.985780
166.953848
164.953700
164.975205
166.897766
164.951598
166.903302
165.259136
165.161765
166.671379
165.106097
164.950722
164.975327
166.646515
165.269006
165.092856
165.096313
167.058300
165.165661
165.827607
167.152046
164.927030
165.455391
171.549687
165.197644
164.986864
165.076500
164.958889
164.938849
164.992367
166.943190
165.188610
165.190351
167.091880
165.098572
165.694011
174.298978
165.262583
165.168127
165.186910
165.156104
165.128817
165.155597
167.037753
165.148948
165.074130
165.194328
167.110115
165.193342
165.360445
173.119872
165.767235
165.433156
165.372795
165.381531
167.184286
172.279098
165.191457
165.103824
165.127226
