50
68.862883
49.185894
50.351832
56.091062
51.310255
70.967395
83.969255
87.430382
93.933190
67.059548
62.065119
53.232279
57.376302
50.382906
51.770338
53.981199
55.905795
58.713172
56.856159
73.223247
91.306196
72.864607
84.643518
57.012217
69.510391
55.811220
56.492305
56.901883
58.029465
78.740808
80.990706
75.133184
82.103737
57.246930
64.453390
50.293385
58.289184
61.309849
52.284531
60.364433
58.560601
55.092108
51.035087
54.184961
59.655693
79.800339
73.703499
59.893042
72.401210
81.627109
75.335253
54.532601
63.740710
63.047454
60.726127
64.311415
66.132151
86.218209
55.075622
68.163624
68.304430
66.101827
55.657849
58.602806
60.886027
61.074659
56.792997
52.245440
54.196143
55.599052
77.673398
80.757902
66.866545
61.890275
58.950631
87.414232
86.317825
65.016048
60.619690
58.502256
48.886307
73.341098
78.448787
61.655273
64.011211
48.869617
75.434529
52.191804
61.134788
59.142205
60.805672
76.452901
65.844159
58.934125
58.880641
69.778886
87.513239
71.124158
58.285167
60.234445
56.874685
64.863972
77.257954
59.060374
65.563217
83.035118
68.450487
60.115354
62.943064
67.695107
69.318660
77.547212
82.828871
57.182839
60.530331
58.256060
60.849719
78.848918
88.781980
50.069025
58.777516
54.570131
49.586154
49.881978
62.016313
67.989976
72.862935
59.659340
59.029320
59.324360
85.052927
81.960617
68.176418
59.695863
60.487924
68.224273
55.105090
49.650122
68.865203
67.143652
61.960940
57.503392
84.268039
52.307486
61.852509
66.369352
70.400399
75.205520
63.221059
67.484074
68.186926
84.482835
58.942187
56.269486
55.515975
61.488266
87.309371
55.452482
85.166864
84.320803
61.330980
67.937933
56.162709
56.712109
60.088592
56.883831
64.055583
58.031165
61.233177
60.176760
59.009307
64.117344
81.528720
75.923938
71.421606
72.352294
68.018816
78.859321
86.379069
68.912992
91.363770
76.917100
68.256674
59.491810
60.480553
59.196231
58.922481
60.823266
47.253827
54.894223
74.643736
59.418946
48.265467
57.307921
59.121328
58.927216
59.151080
81.651789
62.147350
54.345118
81.001129
55.698355
84.995935
75.139868
83.340488
74.191005
64.725063
89.590175
78.470037
85.643870
63.795483
62.661103
59.459724
58.436018
70.962624
60.826006
59.635332
83.068508
71.191385
64.941044
65.203974
52.881355
48.702194
75.142034
84.464563
71.841246
51.899007
61.065592
59.124408
48.965484
64.193205
60.699391
65.643725
66.661310
61.988212
54.920218
59.590605
58.231836
60.274944
72.916001
59.440663
59.726750
62.248262
73.253155
80.659214
83.352963
69.594765
47.510939
47.169822
58.102154
79.996269
80.467720
70.928858
85.873618
78.245998
76.071674
60.456113
63.463601
60.954124
75.116539
86.560407
83.647567
58.964383
67.847459
65.230639
58.957531
50.782661
73.940134
69.796020
57.206287
73.537850
99.811765
87.816438
85.501227
75.155909
79.538674
66.564302
52.701429
53.375939
53.574329
58.278200
62.131331
59.588517
71.136435
57.250766
65.951332
66.022210
59.846975
59.508742
68.141748
58.220167
48.982719
48.690736
64.805725
59.493457
59.452722
67.263811
62.683900
59.951864
58.696545
78.002451
71.854720
48.222176
55.201568
83.223673
59.187728
53.330750
77.005998
79.953003
68.445757
61.190616
63.182602
58.497867
59.043687
58.119935
58.521297
56.317268
62.964488
72.122044
65.542422
79.861488
85.210557
77.925442
58.501338
73.182788
91.664793
66.491902
61.878020
58.438004
77.992146
74.456847
83.285961
59.130347
57.756837
62.034906
65.684719
68.824802
64.078709
84.103726
74.613482
61.208803
88.481886
86.679146
81.942439
69.494852
50.809395
57.970988
62.415624
65.333484
58.803349
81.147502
85.168187
62.538256
59.113682
72.906560
87.293239
52.361040
53.892035
47.421346
57.163500
56.947283
52.284931
60.182847
62.682650
57.822700
49.935079
76.695365
82.391575
71.599737
72.374731
82.416876
85.572160
83.090411
51.499381
70.941228
78.473821
69.753457
79.392366
61.175544
60.863642
65.425056
80.117686
79.138056
68.077322
60.850705
60.135380
60.725309
68.646444
86.985278
82.655505
76.746297
61.249438
59.304963
74.334117
68.369700
61.091346
60.024019
52.204718
51.136417
52.187669
63.327095
62.755645
73.164909
69.130345
56.851915
62.580242
68.301033
62.710694
86.096190
97.344388
75.309488
86.435175
60.038163
75.368158
79.218592
74.759820
66.992564
58.536145
54.104178
50.726532
58.732731
70.593634
65.692918
59.172816
67.514006
72.900422
57.668510
64.660082
62.144720
71.445582
62.550029
70.198133
61.696069
62.246986
67.941086
73.419959
71.685510
72.156832
60.012242
58.858132
60.695288
57.176250
60.389981
59.076191
60.204543
67.787645
47.462319
58.186033
61.518455
73.408823
73.690243
81.761728
80.454459
79.668345
64.626639
62.702453
94.443999
59.753429
66.745537
84.619665
88.122252
78.179782
86.760498
63.118889
74.609900
56.445539
60.043036
73.572419
63.496801
66.895768
67.004194
60.000465
58.317153
76.379294
59.166480
65.649086
83.254001
62.087648
58.039388
65.694747
56.448205
65.038339
66.958570
72.635030
77.100667
55.796666
71.437127
50.740363
62.748323
56.898433
62.679231
70.622977
79.263731
68.028904
47.650862
59.607961
70.364124
79.634859
66.664855
57.535623
53.402613
51.761594
58.378965
47.538508
53.920154
70.866580
60.879942
62.979696
70.059475
88.797163
85.944157
67.734895
67.955784
63.850630
61.695908
56.217979
58.265103
65.245615
58.237071
57.650684
59.514578
71.600773
76.527959
68.893678
66.346687
66.717919
65.233026
64.091601
65.017268
61.877546
65.591935
66.643438
69.133652
49.048663
62.220491
79.475169
74.465471
86.015156
78.068859
62.716268
71.755042
51.510491
51.978112
59.304241
63.863161
69.770088
50.217795
59.647682
59.136978
57.515468
63.435899
68.113537
67.870417
66.884287
59.041097
78.663842
65.890460
60.857095
60.367530
65.292118
68.139697
78.813911
88.918923
67.740647
58.092382
59.315140
58.615691
73.590687
72.172054
55.700711
77.503722
89.504707
77.089069
86.428890
66.711426
90.331713
69.624050
63.303219
98.934154
81.319101
65.464586
48.458835
56.401662
75.778648
68.605561
77.480060
74.360257
59.903683
54.339079
47.392792
51.397973
55.906816
76.976860
86.108545
68.541759
53.992734
86.911863
75.365206
59.482419
50.493559
59.467291
61.293570
82.285959
80.738199
77.823811
49.889442
55.747508
52.080442
62.210618
60.003991
55.898307
58.091477
63.723789
59.858591
77.801978
81.417708
66.942624
61.798203
78.988360
76.727483
64.384341
69.103074
51.593743
55.137574
84.041511
72.861599
48.794072
49.742225
69.162301
84.319514
61.114883
59.638346
59.427940
83.520403
85.347004
68.139749
69.727957
68.663946
59.671867
51.397047
67.217774
76.923686
72.374904
66.662382
63.658120
64.680853
59.674272
53.876289
68.669566
65.544581
63.712973
66.395782
75.659787
64.389280
76.909002
66.039338
61.803393
64.769964
63.534139
58.704637
61.952384
63.433161
66.437844
60.265495
67.976768
58.247399
59.174288
64.038610
54.670086
62.123883
58.427941
59.607257
58.281960
61.342599
50.070179
60.483207
50.905709
56.478602
61.414312
57.675205
47.487973
61.518762
64.917052
49.953639
48.656625
58.817558
58.900248
61.030173
58.055472
65.703547
60.067865
62.373592
60.183955
47.964158
60.931973
52.561754
62.747519
66.824466
66.068397
65.280990
68.078629
55.593740
69.502030
64.283513
60.240331
70.010601
88.555510
67.856390
61.226151
77.649676
84.862458
68.234157
58.285190
62.340628
62.156128
62.343990
69.119506
58.706064
62.461035
69.496032
86.091076
96.136452
77.332785
66.081455
63.934029
62.451646
73.268655
65.471008
86.272481
72.872449
67.694665
66.777857
77.628248
61.863305
66.078358
59.850980
58.372088
59.881768
53.471519
56.708682
66.442043
63.652733
57.945792
51.781771
52.606025
54.915249
60.651596
60.534748
59.626470
59.438287
49.852894
60.817834
66.697304
59.091627
61.098486
70.474902
58.858473
64.457910
73.811601
71.992849
68.695150
76.694882
65.865824
81.733547
69.571126
71.707703
73.282916
74.703762
67.896792
82.067247
64.548496
65.812996
61.170689
61.286665
64.656522
73.891353
70.019245
59.148950
62.717327
58.583781
65.862121
52.198209
61.997736
60.678653
80.153814
79.251521
74.145064
61.150378
60.016835
67.236514
55.686771
49.988724
57.897462
60.457989
60.015547
60.139477
58.890710
60.730915
65.519087
77.089843
85.269083
81.629620
62.232455
60.317928
53.745967
62.924067
74.668229
75.295937
84.138834
142.786831
65.961962
60.213079
67.612338
61.699417
68.106824
63.497335
82.887231
58.604873
55.715513
55.188340
56.304150
61.071318
52.217297
73.546629
59.629509
54.316281
54.689914
56.288791
66.100466
67.116138
61.170026
55.517964
56.426037
58.380230
63.934642
67.643383
73.296866
71.642754
65.755412
85.067070
74.063044
57.534235
67.874421
58.868348
59.403982
56.663672
54.360044
57.728226
62.500051
53.792032
60.495791
60.548887
82.823584
71.765828
47.223257
53.480411
56.897822
63.703921
83.950912
56.380654
56.877951
85.675676
71.012686
60.544821
58.598633
60.547976
87.538555
78.066704
64.879536
59.541044
54.455788
69.457571
59.441415
62.974207
78.648664
72.757604
59.789389
59.809664
60.341113
60.263492
69.152993
58.487325
52.981242
65.117500
61.702482
63.141843
58.958876
65.267333
62.350371
59.705128
57.046113
58.145663
53.079574
58.409285
58.392799
58.155725
56.769705
70.591024
80.174131
75.182405
84.600850
82.230948
58.977461
50.415547
54.519976
53.319002
54.021245
73.692293
76.033503
64.277325
58.769440
60.426232
60.184970
57.287589
49.691701
56.479239
80.718162
71.360287
76.107767
60.376735
62.193579
56.597311
60.151556
59.208657
70.270132
80.584417
73.152259
64.075224
65.118301
64.694710
70.345059
59.562049
62.179360
63.745198
59.892782
84.690658
61.093154
67.559211
71.517873
86.577531
66.516487
65.860053
75.825841
77.026269
74.778384
63.673057
62.928454
76.479742
58.273658
70.451105
69.274025
62.002085
75.959820
70.652771
63.404164
64.360472
73.632259
67.919156
75.165308
64.037704
73.647546
62.370885
75.613330
79.692973
60.502670
64.924075
78.197814
82.798723
61.060831
61.733782
81.788938
71.248030
65.278087
61.361256
66.819717
62.503508
68.502966
80.938088
87.058194
83.513115
63.393650
59.855542
88.726730
99.291383
88.503239
72.288582
61.389091
63.524995
78.916460
79.670458
56.954062
56.940624
53.256271
66.158352
59.037882
79.092289
86.646843
86.992592
56.833892
59.726648
56.368179
65.112713
87.877909
64.276666
58.700309
86.059864
64.660662
73.801626
75.147111
61.780033
59.562476
61.804638
63.274021
61.396970
62.405087
48.297262
54.417414
59.256724
63.101621
57.453971
59.024185
59.632781
60.998738
70.389592
82.712607
84.036255
75.230611
68.401667
62.397332
59.338246
68.095696
80.457008
49.083785
58.307969
67.953713
65.719936
63.839318
56.927564
58.202845
61.164841
57.315721
62.572052
81.030511
63.707816
78.167501
75.288857
59.752083
61.760929
62.875525
65.589998
63.681773
51.584729
64.276948
73.025591
58.994019
59.779114
58.658317
59.660564
72.478269
65.448897
68.970637
65.708150
62.763079
68.443858
79.647400
78.990113
71.618453
59.740092
76.783884
76.878309
71.407461
84.701390
74.460547
66.216003
60.583570
64.501467
70.673619
72.629750
79.906665
50.239364
54.065633
57.853878
54.326962
60.426653
59.747037
82.850709
76.281704
57.718276
76.558173
83.132016
79.299680
70.241121
84.299567
66.415013
59.533531
63.025432
63.966937
60.108160
57.979891
63.242448
68.574257
84.343255
81.005834
77.296106
84.315440
85.607404
88.607160
86.876777
69.133353
48.295802
48.066349
62.499294
74.242248
67.607181
83.297413
80.989396
75.106521
81.126819
57.180773
73.452302
50.290030
58.317248
60.136487
83.536122
67.798577
85.926673
84.997277
58.248505
61.828248
60.011876
65.250350
69.867202
62.297292
59.097172
63.287190
81.737524
57.393382
54.317991
61.884138
61.346143
64.432673
62.881042
59.619264
63.213466
72.630682
66.815974
59.318571
58.248544
64.543962
56.279072
51.502637
66.180319
61.085351
59.272339
79.483734
66.682582
51.353269
52.856098
66.028691
58.726124
68.810037
69.088317
66.641505
66.914790
70.221956
86.323057
87.170354
87.630303
70.713445
56.543342
60.533793
58.357442
59.276556
83.801030
79.289658
66.580231
72.163890
85.888337
85.608689
81.062080
58.482322
61.555482
59.060740
85.531477
69.478788
73.884757
79.846416
62.786468
58.300459
74.837344
57.251955
60.878677
55.058285
78.910745
78.498364
64.436134
70.113542
71.560851
64.769538
53.837147
66.178101
74.171815
79.757394
60.689075
70.006863
62.746316
59.269377
76.718370
87.616101
69.963970
86.546015
85.525484
64.530121
64.468029
70.729291
62.287531
69.956761
87.775907
75.666625
70.744383
51.031390
59.095301
51.556071
62.236497
70.959575
68.864871
60.013212
48.829972
53.937112
60.768221
62.048502
60.033739
72.241347
73.452263
84.457112
62.132654
58.701845
65.601160
76.087033
72.860621
70.046202
66.812201
87.352632
82.582156
57.920408
60.108505
56.339495
48.932133
53.999119
64.972979
60.973072
75.110329
54.328055
58.341658
58.864307
49.652946
47.693887
48.562005
56.406447
48.008028
58.066664
59.303796
74.031931
69.840344
75.413092
54.575625
48.007685
57.910539
59.714432
48.551555
74.956494
86.435677
86.934390
87.975724
58.181095
50.910561
47.306094
58.697097
78.393015
87.756941
81.684131
62.344138
64.176745
64.878706
56.839106
76.306997
82.124274
84.625511
76.820523
81.469145
89.542675
50.635743
80.423043
59.284460
59.065387
60.062108
59.534905
59.157439
61.974350
61.519269
85.171756
81.813009
75.744166
91.087570
86.868330
83.031863
77.075821
83.099333
54.450902
57.373767
61.305731
76.615880
73.978469
59.338068
61.243150
72.156862
65.838106
49.188815
61.245074
74.640637
60.120222
80.372805
60.413926
62.337600
63.156746
75.272284
61.640960
66.449318
64.972696
66.478199
65.383557
62.418181
75.996506
62.692797
86.605311
69.321392
58.235325
59.533119
58.312289
52.537726
80.080099
60.739838
57.780187
51.224915
52.930280
51.092748
54.276974
53.842423
55.603430
50.163632
59.772542
77.465715
64.920400
60.354020
47.921724
59.815341
66.635344
61.795073
61.883614
74.851623
75.524880
85.623249
82.263081
71.666337
82.075351
62.522333
57.468648
70.254159
54.963840
51.875267
70.044537
65.760550
50.543546
52.204102
51.157879
74.478025
78.916967
82.239642
75.663825
88.900197
61.433877
58.450199
63.237672
54.226231
73.131191
86.527453
88.155065
62.323539
54.381745
52.973913
55.988770
82.710422
72.215627
69.718991
77.345943
84.617443
85.004318
71.689264
53.321061
60.267618
62.112415
60.876471
57.595471
47.304039
65.683563
68.401346
73.500930
72.644244
72.388583
87.443683
66.395545
73.942013
86.748695
83.642202
63.689950
76.398929
75.988024
49.032651
56.578375
58.585117
85.199402
83.342527
88.454578
64.530866
64.222662
58.093064
60.331756
47.439905
57.047013
86.407940
86.567518
72.820957
54.828037
59.720350
61.770130
66.828119
66.797333
47.726670
47.245252
51.821131
59.973436
67.226324
70.780462
66.484590
55.221964
82.697042
77.495589
65.217679
67.282178
63.884632
56.322602
47.371287
53.006112
47.791766
50.847167
56.393219
59.458112
51.630539
61.515314
70.314953
79.273342
86.371362
55.061244
61.529932
59.480697
58.352802
49.671246
52.893505
56.071277
80.589217
86.228826
72.642870
59.124483
64.851188
72.251334
65.045300
79.728849
67.955070
62.503810
57.045378
62.933100
53.023607
53.843973
58.451209
62.365757
59.930417
62.708718
58.985294
56.744340
51.627122
62.157045
84.640662
78.916027
80.198627
65.261748
58.384570
77.134059
60.000697
77.438070
75.384675
60.238001
57.675525
59.076300
63.718247
64.342341
67.541384
65.175262
59.486748
73.633493
84.719248
80.497640
66.171949
61.610900
63.919597
64.226197
58.251880
54.310817
63.675394
81.164914
80.656747
59.991241
51.097040
61.557776
78.766935
70.679594
59.382886
72.400418
71.486968
70.148429
68.620123
77.051979
64.242819
61.240624
61.230939
60.611182
58.388812
58.985720
70.059248
70.555994
59.597473
78.049565
50.766649
52.395158
62.045002
49.016192
52.168868
63.425943
83.708727
60.632810
61.887449
58.040955
64.263319
66.389513
65.091972
67.372725
81.857334
74.181337
63.228448
64.395983
59.893196
56.900286
70.384643
53.991319
58.218083
66.400366
77.727560
59.352400
67.026107
49.289223
49.059644
81.636274
54.868905
66.602389
57.621147
62.476586
64.138603
60.660581
70.410586
72.610032
61.969133
64.791093
72.392663
74.533115
60.641214
60.470723
65.011307
77.329872
81.395993
60.696140
60.310674
59.854337
59.102265
63.467644
62.442831
57.403406
47.783331
55.503316
61.375635
53.456546
61.716134
57.786740
57.901327
58.642265
60.780578
56.486967
55.076904
73.919614
59.083721
64.342177
59.486472
58.278945
59.808036
67.646533
67.867621
107.927945
102.519337
114.591914
58.358315
64.979124
71.659214
59.596746
74.672381
66.347765
63.388188
63.314263
61.221189
61.883189
56.648492
45.906044
56.529864
82.626549
57.625746
64.335088
70.060275
59.430930
65.656748
62.161139
63.325963
66.248888
47.637890
49.843910
47.317587
53.581870
56.577640
65.911315
64.585699
63.883983
55.106258
57.102943
62.440586
57.058071
50.719855
56.669505
55.482022
56.703347
78.627031
55.334367
53.948869
50.240610
54.810200
58.174691
64.251634
63.829520
67.028705
69.587420
54.519491
57.380156
61.897875
55.872551
60.513847
68.778315
52.496957
52.496161
57.615203
59.244405
80.917112
76.455690
68.163719
83.803041
64.088790
60.615726
73.798023
64.147271
48.504595
64.966148
82.772748
71.907737
63.546373
59.140220
75.597304
85.405675
62.774122
59.565657
76.425465
59.115452
47.284719
54.416679
69.863592
58.111413
80.242174
76.786551
69.928323
56.973386
49.142521
59.433100
68.565996
60.290236
58.921466
50.433695
59.951243
66.037539
63.555960
53.956757
71.585593
83.315032
78.090369
77.519477
66.671693
48.575075
53.231912
49.900512
65.443751
83.773484
79.813324
56.504990
51.635650
64.829767
81.411275
81.035407
60.534630
82.199148
83.987832
64.773078
73.146750
83.122671
83.486333
75.786428
55.723755
52.154179
83.835077
68.402374
73.394489
61.562030
58.009724
66.646686
62.267679
47.800830
69.668866
84.906568
72.361462
73.228879
60.799001
61.772703
58.749479
67.494450
87.277192
79.534597
72.249041
84.091589
54.433948
49.334611
66.160279
86.083360
86.483257
71.850909
83.242186
71.324488
62.286619
74.340275
76.028031
57.488054
60.527760
58.372682
61.109878
55.501667
70.174422
78.881743
48.543718
53.421372
62.506408
87.404607
83.212314
61.163653
62.234983
88.107300
79.761758
61.450775
66.676931
79.875477
65.115309
87.680003
69.775476
63.233978
57.889820
68.167081
70.986667
66.555082
61.055506
58.075843
61.987562
59.501589
59.311309
61.885699
68.308955
85.479313
75.105497
71.640884
61.051376
64.135317
56.620678
64.713606
72.311520
56.907109
82.394138
64.591000
60.171961
58.978851
73.321648
77.847770
85.359703
84.242554
81.284611
62.838683
55.902007
57.333651
57.780845
51.876579
78.062460
88.639200
88.340864
69.906898
61.833095
59.444837
77.817749
70.456777
59.056786
58.617773
67.226541
68.560503
59.962788
47.823015
83.451278
62.279479
57.376287
58.645706
74.260794
84.556962
64.276228
61.512379
63.651329
77.137590
46.882488
52.757576
59.208875
56.961666
49.561283
52.093411
52.656947
69.888416
75.486836
62.029105
58.611911
60.866645
89.701886
80.824721
83.465683
84.218860
69.892064
78.658128
62.534216
76.761488
81.352448
60.466262
67.159910
78.654403
66.562923
65.419248
60.411556
52.787669
61.129501
64.954335
67.092098
61.958895
53.279602
56.720018
58.346567
63.540284
62.433057
59.040553
62.918149
67.436909
62.731837
58.893911
58.511936
57.499551
77.447964
68.097127
64.835333
52.731999
49.390049
59.564620
61.180936
71.674604
85.729404
85.615324
77.586983
77.059846
70.984775
56.937690
55.959613
53.840955
59.922675
62.713236
59.768389
70.672406
52.303972
60.352101
65.039241
61.766019
65.182643
73.387192
88.008022
75.784298
75.112538
48.568778
53.145310
54.222269
62.577674
76.974116
86.119673
76.654829
52.422466
49.715429
49.205400
48.240814
70.543749
53.944925
60.570845
58.687498
67.344270
82.186702
67.514675
88.090093
66.573710
60.790875
59.807385
70.095126
57.976557
60.055429
61.897289
60.978724
65.682074
58.137179
60.048155
63.086271
72.814683
58.973673
60.864038
61.739810
60.465821
58.300317
72.687652
65.951753
62.678561
59.277643
57.792786
64.614234
66.844787
64.000986
84.073853
65.018463
61.146020
72.475681
60.843875
61.692053
89.041682
84.844548
87.315195
83.196043
77.777732
77.801604
63.639274
59.820252
58.824268
62.127226
75.633377
59.430625
67.605009
68.332163
67.405100
58.446127
58.612046
67.352674
64.340465
65.771093
86.310923
59.651010
51.614798
59.811148
60.456759
63.555770
55.916834
58.090295
59.218188
59.304182
59.417973
57.730763
50.749034
52.315884
58.580415
57.295555
65.819802
57.271006
60.426728
63.404410
71.420191
72.865628
60.806487
58.094721
81.120938
65.700112
62.308656
56.275056
65.207999
80.849439
84.666074
58.027712
70.537062
83.187452
82.596828
84.704944
68.961452
60.089099
66.237593
62.377156
88.514618
69.710765
84.460142
54.253633
61.413871
73.746629
72.657014
87.632941
85.530082
64.312935
58.055512
73.261676
84.949246
70.453359
65.885977
65.215794
72.535255
73.212090
82.701650
75.744446
58.237792
63.262548
77.847077
68.413383
78.963811
79.607894
49.941198
53.333753
69.299833
79.042198
76.488224
69.329954
87.148875
83.438496
75.676132
50.134895
59.468892
66.545528
85.211867
81.724567
82.154825
76.185755
50.462617
73.707236
87.679966
72.462362
63.765665
73.694196
59.939439
71.394135
72.066888
52.995751
62.338736
86.518773
69.610362
60.940068
62.534381
61.735080
63.193365
83.080475
69.633601
67.014768
63.973715
58.492313
58.766090
51.522776
55.174012
61.831509
78.805121
57.314511
60.657354
58.417662
79.592554
85.916947
75.425787
72.543310
68.638922
53.039305
47.195255
58.313195
57.287963
53.936219
51.844395
53.051684
47.892921
76.035668
82.226692
70.505815
71.773531
59.942906
76.269995
72.609281
76.238434
72.555022
68.491225
59.182184
51.690589
72.074736
70.427629
64.312161
59.153601
66.149158
88.918453
85.946955
62.050944
48.259548
57.979767
59.201087
69.358777
87.957499
67.104696
61.528637
76.103832
57.111982
50.201072
47.571183
58.877323
84.070679
84.588643
72.410471
59.854780
72.159742
69.559481
59.839223
60.469532
67.323086
58.977835
57.390624
65.448480
75.036048
67.389360
60.269594
84.897158
89.533513
88.296039
89.374001
74.707424
96.422724
73.987991
70.011754
70.091518
83.893033
63.970162
56.676841
47.538614
49.303391
57.652757
58.373170
60.960822
55.822793
59.026087
55.863335
66.146057
55.448998
60.095245
88.245972
61.031686
51.195156
48.473281
72.747989
80.314458
74.395903
84.316797
58.579306
80.424419
85.583237
79.380005
69.177876
88.840925
84.542074
78.093503
67.628345
67.534646
58.430683
73.291541
67.140614
65.766905
73.614009
61.664552
63.643990
88.596605
69.532697
59.974776
81.447702
84.159256
67.917834
69.614941
84.851384
65.528030
64.037244
60.279052
58.612151
60.488222
84.724925
61.203004
48.749264
49.963150
78.090718
82.323825
68.817149
59.214397
58.955346
62.872568
68.958413
87.499865
83.324947
65.886753
60.566895
74.480215
84.971185
83.705735
68.618919
61.460556
63.407910
85.356002
82.158193
61.144899
71.546316
66.985540
75.334048
64.414020
82.053162
67.006971
63.534223
47.838593
50.591858
52.889254
54.671833
61.011626
72.267868
77.569636
65.160742
62.173169
63.404163
59.557394
65.164226
59.959299
74.832445
80.899572
80.678954
63.695211
75.625600
64.552531
69.620935
70.714173
62.885856
59.977450
60.820601
60.703569
59.729271
58.577529
48.081819
67.537821
61.403917
74.522459
77.493353
60.562730
66.393956
69.745029
81.003486
61.759464
80.837847
81.747190
74.624259
59.530672
47.189088
65.762460
59.094518
51.193863
66.142371
60.623423
52.270329
54.664255
79.126859
54.839845
60.022259
58.979466
59.777943
60.483810
56.489357
47.506901
57.361384
48.975808
47.474678
56.742230
72.274366
64.251677
51.666352
59.623135
62.972886
64.335577
72.073455
81.715159
83.096904
68.985647
80.428033
75.006339
86.952064
87.644596
83.351299
64.494150
55.609592
56.782239
59.709711
56.949250
64.501659
74.405109
76.210677
80.291902
87.159924
86.291340
78.500037
77.759825
84.239240
79.878019
60.713469
59.301517
79.133842
85.558594
77.835578
84.346259
60.841687
72.528831
61.612203
58.919457
49.612169
60.781807
78.890403
87.732222
82.513163
79.489952
84.077301
68.094730
82.364614
58.171280
68.264192
87.055193
55.914220
62.600867
64.655044
81.727784
70.334299
80.624759
64.202144
60.483531
61.130938
87.294664
94.421785
61.579985
84.652464
57.939913
47.552793
53.427059
82.817719
88.048026
68.395646
86.612399
76.332757
48.226020
72.399057
58.805650
55.014996
54.267616
60.189012
56.753450
59.840140
57.367835
80.541956
71.047283
56.398613
51.184820
53.323399
66.984611
56.185371
62.447069
68.314984
68.164093
83.889073
100.981282
117.211369
58.248510
69.831007
61.424362
60.069427
60.643629
56.147401
70.471503
63.803483
64.955198
60.152510
76.527307
61.487937
55.469199
62.461622
58.728714
59.357919
59.238370
53.511660
50.596165
50.532725
55.697027
56.136073
82.003782
56.032363
54.693871
79.610844
71.237485
64.411313
66.717786
77.765875
66.331094
60.023863
70.413887
76.474769
66.734534
59.637186
60.097911
73.304669
87.073841
72.995551
71.659345
55.789873
53.417865
78.768506
78.777604
70.217800
64.614422
70.179305
70.512799
88.479938
67.019330
51.465097
65.073446
61.281954
61.411728
60.745958
50.262740
75.933575
87.710642
72.412363
48.019409
72.859748
59.651234
81.391372
90.269675
74.732628
62.223317
55.964008
58.635766
82.829759
58.237814
61.157750
68.752149
63.566520
85.007307
70.765738
62.505099
69.346341
65.920698
59.626547
59.664177
61.659324
75.360207
78.017187
74.514231
60.270257
86.985843
84.262751
81.858386
77.463090
67.922161
85.023675
64.117083
75.232828
56.226121
62.957714
82.485160
63.359769
70.992030
59.027009
60.091958
85.635731
76.845072
58.072954
57.989940
57.719323
58.045634
56.157340
58.851829
64.795216
58.462998
61.949504
57.025676
56.553372
65.500942
59.422523
77.326972
61.237136
64.942918
70.367560
49.793203
62.046167
69.413073
78.143668
56.276900
79.601624
64.753366
59.950836
65.480346
61.386485
80.103113
48.788818
61.653393
54.702744
57.812116
66.084379
77.663099
87.997419
67.310731
82.552931
85.848318
75.344284
68.720388
66.269090
65.753784
69.019739
66.130766
68.276115
72.129218
80.299446
87.555672
62.820024
61.563070
88.053282
88.343626
76.390559
57.165532
72.161049
89.168380
64.020509
48.987515
67.911826
61.965780
64.456040
62.247753
78.224006
84.128502
69.778472
80.256612
70.665289
90.410190
70.985377
86.091239
95.390597
62.353968
83.564672
69.932732
78.017621
87.252569
65.621337
47.537540
55.750236
83.414060
62.125528
60.591671
59.697060
61.506239
61.962989
61.064833
63.796448
84.306245
64.478134
76.734849
65.616614
60.370637
71.006589
60.820947
77.488494
86.693441
73.987089
63.603595
61.327268
80.506504
84.911862
61.025057
74.969824
57.684800
52.907746
59.573608
69.040001
62.446215
60.918366
58.120458
64.898171
58.448193
58.992247
80.277774
71.525542
61.917110
69.764761
56.334687
57.271801
83.465749
71.455938
62.481451
58.829615
50.537060
49.774531
61.409228
61.087381
61.034053
58.622904
62.434644
59.934681
62.700901
66.502163
50.842138
73.909152
68.129182
85.673245
87.928742
85.722871
74.594963
59.193409
59.406266
79.691366
71.017978
85.378739
70.876257
72.769163
82.240386
82.130200
75.806962
62.817730
49.712069
51.501492
61.052081
56.474737
59.447432
58.038562
61.121276
66.816117
80.830968
77.441641
81.174235
89.345217
78.956982
78.881256
59.524647
47.130459
51.787172
61.998615
56.527897
62.800645
65.820086
64.669864
59.285593
60.556710
61.434891
66.138222
58.993016
55.331628
49.732316
80.888102
74.742533
57.374743
59.530904
58.887290
71.747320
86.173855
80.311503
72.700181
62.484933
66.521331
58.874920
76.110553
81.331838
71.700805
62.263265
84.253163
78.596593
74.994980
61.356991
59.126228
57.943625
85.353895
72.010071
62.467054
59.251976
51.702518
51.414212
49.630391
47.642084
67.575486
85.415388
87.928216
59.042070
58.160608
58.366526
50.029519
77.365570
64.663646
66.016838
82.898481
71.077443
51.209431
74.448315
71.705780
58.047415
59.722253
61.972226
66.652788
66.603284
59.804506
59.846090
66.012567
71.070070
58.702365
59.073364
72.236637
69.910516
65.015850
77.299423
86.504266
66.110822
72.048213
76.410542
68.298475
68.928738
87.595554
79.987704
75.421966
70.806440
65.000140
81.684900
60.738161
73.189424
77.161891
65.366447
63.442173
63.858546
65.778995
65.896124
62.057902
59.873774
58.583484
59.275127
60.707366
54.101529
53.685117
58.924355
70.072934
73.119483
81.732478
74.459420
89.003933
81.242512
70.167817
59.081997
61.766189
61.160885
75.381552
59.333590
64.082556
61.125647
61.588858
58.711986
62.229134
64.027928
59.409191
80.752896
69.836677
64.364704
78.663814
58.812588
76.985243
61.997920
58.245590
55.187914
59.630540
63.815475
84.235916
86.678942
86.283956
83.905261
76.440626
76.116907
93.189894
65.507302
64.629773
66.285986
70.973645
72.935476
56.502885
49.161882
48.533579
59.671008
88.564568
84.078473
84.953022
65.082385
67.394506
61.065781
57.673449
53.068181
58.467272
58.539621
60.563872
77.558483
53.321545
61.924023
53.951117
58.929079
62.124419
71.084048
76.736523
57.918102
72.562868
84.405634
86.152095
51.324670
53.899214
54.695225
75.588507
75.373888
85.393115
72.373590
77.927320
82.701380
56.999805
58.461367
66.298072
65.606014
58.966320
61.941929
60.050904
58.363823
61.010721
52.050497
54.861550
70.647759
76.495662
83.239038
61.376059
61.254415
77.993064
70.361307
61.677054
58.562749
56.049134
59.328428
55.556479
59.956117
63.549498
61.724010
63.448550
71.956988
73.483714
56.147001
59.193372
81.808149
64.807032
76.215488
58.433792
56.232609
65.949833
62.419344
62.754813
61.530057
71.495064
84.170819
67.514705
61.368795
70.314944
63.568201
67.148111
57.976677
58.467802
59.881712
60.046902
71.886929
67.101574
67.498803
64.128544
65.647438
74.483061
68.574061
58.858252
58.668257
77.267652
87.227069
73.413161
58.936355
69.747668
84.480931
86.814459
63.468934
63.956778
63.445154
61.097137
59.302777
56.853437
47.380026
58.277820
68.233316
59.132095
96.669191
89.637012
80.440603
81.613826
64.108934
83.394015
87.274886
76.431735
83.737006
75.224515
72.695453
80.561797
82.363207
74.262765
57.492020
63.933332
81.216657
75.222666
59.276622
59.855628
59.491884
65.599165
85.871192
69.501881
60.583653
76.548763
86.746418
85.280372
62.409257
67.728245
58.853702
76.110047
58.937660
63.928781
65.741742
65.155190
84.149014
78.170933
60.994357
69.915079
60.227212
75.514270
59.543014
73.820734
59.692739
80.116023
76.030402
85.441202
70.547190
68.150092
83.550543
82.435174
76.715398
69.564757
58.717947
59.016328
59.742484
70.029959
78.215480
73.884341
71.388960
81.140879
77.298228
62.471086
69.043248
65.267720
73.791324
69.901250
62.183850
82.848912
77.204680
75.920914
82.731949
82.775101
65.016305
56.244336
58.878851
60.133484
77.395386
84.982519
84.891022
76.051950
80.096354
58.240572
63.352185
63.939228
66.212963
83.271603
95.806216
70.923423
87.994418
97.351898
68.356652
63.653056
66.592841
87.898201
71.548737
86.403756
68.231293
62.199401
59.296664
76.463935
84.782497
57.272473
56.840183
50.480963
53.790046
49.913067
84.165794
70.062531
74.992143
59.177728
50.949380
74.359262
72.988200
52.079232
52.170642
56.241735
58.368002
64.595671
63.676000
72.907828
47.406131
56.210566
70.150502
59.387779
80.109489
78.157230
79.576911
85.281660
85.629067
61.169236
70.322648
65.373762
81.987295
60.128506
57.781023
60.854764
68.072545
83.742416
82.713708
77.955330
72.097246
72.918569
59.310221
60.521445
76.424284
79.685776
73.504713
63.481339
64.318563
75.274499
69.793789
86.848581
79.785046
66.746686
61.734124
73.057401
71.580891
58.075722
78.898440
60.157894
75.186943
59.567049
59.216770
58.834171
96.887858
98.359679
63.839049
62.103977
63.267766
59.862212
58.652415
57.640867
61.513520
53.463901
49.056864
59.196843
58.401727
77.401772
60.316684
71.987758
61.420378
64.273004
89.956003
82.808855
81.878425
64.538502
62.102084
58.465324
58.088270
59.061241
59.798218
61.316917
67.160795
65.905728
73.095745
73.809083
77.175161
86.431577
56.346924
53.946156
52.623595
48.960274
67.616298
87.648546
72.960356
66.846914
64.780034
60.713085
64.619618
79.867050
83.765639
75.312244
71.008667
68.698103
65.238333
59.594078
59.377731
64.901736
59.228905
59.628931
51.611666
54.772965
73.086352
86.185367
61.908538
52.997181
72.760983
83.804679
61.847280
69.644086
58.152868
61.999213
60.253894
60.025523
58.252169
59.705586
63.819574
85.121624
76.306088
84.184827
59.621150
56.862765
61.653674
79.164016
60.552440
57.224903
56.116877
59.596504
58.764218
77.867000
76.967429
63.768524
64.613108
58.291833
65.411073
52.109258
63.440962
85.172238
92.540589
121.577119
