50
73.348421
73.354091
73.472577
73.297297
73.223557
73.188516
73.196740
73.190812
73.189708
73.230983
73.330366
73.326745
73.328475
73.328649
73.340100
73.390177
73.353786
73.339302
73.363867
73.379624
73.295933
73.332942
73.339257
73.332513
73.358485
73.359529
73.324357
73.335496
73.313532
73.349670
73.344332
73.312998
73.296317
73.341061
73.318228
73.314101
73.352155
73.330087
73.325583
73.347465
73.324484
73.328126
73.457765
73.246004
73.208496
73.221935
73.205643
73.200088
73.193157
73.206415
73.201622
73.206951
73.201496
73.218317
73.206770
73.204717
73.594441
73.223210
73.242714
72.378340
73.197924
73.199136
73.207218
73.212572
73.215514
73.203874
73.203186
73.190228
73.221226
73.200429
73.174235
73.201547
73.226080
73.210963
73.227049
73.211548
73.197456
73.199503
73.211377
73.205729
73.235349
73.191974
73.211031
73.193995
73.253865
73.229119
73.193362
73.192497
73.227445
73.204219
73.208119
73.187600
73.201764
73.212352
73.200523
73.203676
73.219900
73.221655
73.209946
73.197286
73.187597
73.197807
73.202478
73.191070
73.188989
73.354261
73.773306
73.433879
73.748739
73.342171
73.206737
73.199913
73.292049
73.187718
73.233012
73.198516
73.266903
73.291873
73.212061
73.212194
73.196794
73.214970
73.212894
73.203487
73.183831
73.192786
73.187704
73.195520
73.218505
73.191957
73.184156
73.198639
73.203845
73.197097
73.190318
73.205704
73.194157
73.205765
73.198937
73.206948
73.213969
73.205944
73.196489
73.213976
73.187773
73.192807
73.188230
73.180733
73.195683
73.185656
73.203316
73.324440
73.213449
73.220634
73.155394
73.185692
73.146053
73.225340
73.207700
73.197635
73.203431
73.194604
73.220946
73.199852
73.196695
73.236325
73.233616
73.213830
73.196608
73.197953
73.200729
73.199219
73.193823
73.180588
73.177202
73.182626
73.222038
73.202388
73.182723
73.194787
73.196248
73.189689
73.197247
73.204101
73.171678
73.193078
73.210060
73.195475
73.189460
73.196042
73.190621
73.184497
73.187655
73.188696
73.195756
73.180736
73.176656
73.186533
73.209479
73.198839
73.198799
73.185724
73.161374
73.218137
73.192842
73.178861
73.183502
73.181753
73.171983
73.194226
73.207448
73.187056
73.472902
73.251045
73.174588
73.326213
73.240987
73.235251
73.240306
73.236157
73.266014
73.201187
73.198965
73.179602
73.191867
73.168331
73.194943
74.702177
73.438069
73.428225
73.436704
73.431757
73.435992
73.439025
73.431804
73.439843
73.434959
73.355651
73.199333
73.204765
73.206083
73.187439
73.193531
73.193254
73.221922
73.204393
73.203831
73.212825
73.222616
73.204447
73.192129
73.197532
73.207830
73.204644
73.194967
73.182317
73.188880
73.192988
73.197511
73.184191
73.217529
73.185486
73.243184
73.317574
73.173750
73.197472
73.204454
73.201322
73.184065
73.184963
73.195980
73.194750
73.205692
73.194894
73.197492
73.203653
73.208350
73.223958
73.192925
73.197124
73.201217
73.198458
73.193649
73.235786
73.186992
73.223188
73.196506
73.194459
73.183233
75.917995
73.317334
73.198358
73.228534
73.198457
73.215513
73.174905
73.189260
73.189924
73.182998
73.171692
73.174978
73.185847
73.213063
73.179614
73.211262
73.183021
73.209690
73.196693
73.215147
73.190218
73.189815
73.195680
73.201523
73.198489
73.191980
73.195472
73.201172
73.198804
73.195981
73.205464
73.178437
73.218775
73.176477
73.180526
73.200254
73.161903
73.200717
73.193652
73.206301
73.194271
73.206495
73.248601
73.241703
73.241734
73.579006
73.182186
73.285298
73.204018
73.242935
73.193720
73.277234
73.203967
73.178237
73.203829
73.198161
73.189027
73.184078
73.197090
73.170910
73.234641
77.372771
73.510967
76.703208
73.280880
73.214904
73.208419
73.212644
73.532136
73.216675
73.183598
73.198310
73.177197
73.207409
73.218226
73.199295
73.217565
73.239364
73.209347
73.188088
73.197335
73.192582
73.174568
73.188397
73.182690
73.212597
73.192622
76.195472
73.473464
73.443419
73.435324
73.452092
73.441676
73.452350
73.467518
73.444275
73.438096
73.220222
73.189052
73.219619
73.207183
73.182288
73.197304
73.205385
73.203575
73.193991
73.184194
73.202785
73.199837
74.702992
73.213284
73.213617
73.229906
73.199961
73.214212
73.184765
73.214901
73.200808
73.209279
73.208219
73.215119
73.199605
73.221934
73.253130
73.242252
73.243855
73.249385
73.247491
73.272633
73.281581
73.247551
73.204656
73.224812
73.227100
73.205409
73.216288
73.236968
73.198125
73.203646
73.190118
73.212903
73.216495
73.227432
73.202030
73.207335
73.212976
73.201396
73.210966
73.220999
73.204989
73.206475
73.196934
73.230219
73.203170
73.221588
73.229865
73.218648
73.218407
73.237323
73.202146
73.235087
73.240778
73.215342
73.203441
73.214957
73.216581
73.210309
73.205010
73.213486
73.213917
73.216443
73.236209
73.211729
73.201622
73.210509
73.224899
73.215675
73.237771
73.214968
73.225159
73.193731
73.228533
73.212992
73.192725
73.215551
73.182997
73.175059
73.206382
73.227420
73.202260
73.219029
73.218756
73.217503
73.214830
75.514632
73.215022
73.228483
73.213837
73.210269
73.217463
73.214773
73.234958
73.226474
73.223722
73.225101
73.207934
73.226069
73.202892
73.200838
73.215065
73.208020
73.208806
73.201416
73.228381
73.202524
73.222626
73.210270
73.208022
73.211242
73.223918
73.213987
73.221895
73.200954
73.201584
73.210903
73.211686
73.200387
73.211732
73.212071
73.211987
73.199947
73.179667
73.207959
73.200424
73.214722
73.212306
73.192520
73.196141
73.196649
73.189907
73.188278
73.192744
73.230588
73.199013
73.200444
73.275723
73.199068
73.194534
73.220009
73.210657
73.207273
73.214429
73.200220
73.198650
73.203561
73.207962
73.206744
73.191617
73.200380
73.225725
73.200684
73.229257
73.220383
73.208262
73.208493
73.221555
73.207472
73.196403
73.212673
73.204276
73.205304
73.195091
73.211469
73.212442
73.210688
73.211638
73.215347
73.193914
73.221822
73.237659
73.204372
73.206664
73.240805
73.238233
73.263131
73.251163
73.218281
73.228044
73.242999
73.225853
73.187768
73.221991
73.210796
73.216912
73.208334
73.244902
73.208665
73.214668
73.231443
73.257209
73.223589
73.233708
73.219792
73.204573
73.220482
73.233606
73.221032
73.209030
73.230486
73.218227
73.213101
73.226779
73.199673
73.218857
73.217593
73.222872
73.236802
73.197862
73.207815
73.211608
73.214924
73.248217
73.232859
73.233162
73.235459
73.223119
73.223856
73.397539
73.237052
73.195617
73.325778
73.202066
73.204284
73.197264
73.209177
73.205130
73.203649
73.206556
73.204680
73.204542
73.210374
73.213654
73.209173
73.206682
73.205968
73.191050
73.203445
73.185048
73.190057
73.189094
73.212848
73.203475
73.189948
73.180183
73.221450
73.206708
73.192438
73.214201
73.198189
73.191748
73.187823
73.197203
73.178720
73.193151
73.224133
73.181319
73.192435
73.196627
73.200473
73.207829
73.212076
73.200308
73.188660
73.202020
73.179603
73.186541
73.218458
73.202175
73.185383
73.200461
73.204854
73.195395
73.193887
73.192712
73.187701
73.191818
73.192210
73.205685
73.190444
73.189434
73.189902
73.208078
73.188829
73.186757
73.184856
73.162734
73.192678
73.208502
73.201584
73.504372
73.234436
73.201237
73.203381
73.196750
73.204635
73.240763
73.210399
73.215856
73.221350
73.217969
73.227168
73.221794
73.203267
73.205818
73.203605
73.205698
73.202013
73.214620
73.219734
73.208533
73.214909
73.220001
73.196252
73.207296
73.191523
73.236567
73.222682
73.223175
73.204876
73.204522
73.213269
73.205638
73.221840
73.220924
73.211490
73.205073
73.198852
73.215314
73.213076
73.202567
73.227798
73.193760
73.215366
73.215607
73.193539
73.198786
73.210183
73.201469
73.201958
73.195488
75.406294
73.219590
73.205314
73.200511
73.209999
73.222478
73.210840
73.207646
73.218749
73.236903
73.226963
73.235087
73.215407
73.214670
73.206305
73.214286
73.204900
73.181400
73.194351
73.180616
73.192499
73.184491
73.195391
73.201214
73.177132
73.203636
73.208777
73.202282
73.218410
73.190811
73.215774
73.199735
73.196960
73.201228
73.193955
73.191957
73.205694
73.202624
73.218459
73.197716
73.187037
73.195395
73.184943
73.187756
73.199868
73.224278
73.212548
73.198458
73.204079
73.196117
73.190631
73.196451
73.193595
73.188607
73.205496
73.201240
73.205138
73.202918
80.072707
73.222226
73.375317
72.738707
73.297008
75.589643
78.216463
73.419486
73.409514
73.284242
73.215877
73.213994
73.222826
73.194394
73.219131
73.212482
73.204778
73.204112
73.232827
74.624903
73.186295
73.210229
73.212593
73.202968
73.223251
73.215916
73.237916
73.207647
73.196040
73.190070
73.211697
72.360179
72.036297
72.271321
72.787279
72.695881
72.599890
73.002777
73.228908
73.200974
73.203423
73.231738
73.223806
73.180694
73.232970
73.202579
73.200106
73.242284
73.193078
73.192487
73.198036
73.204999
73.206725
73.188232
73.216346
73.226005
73.193407
73.239193
73.203658
73.192446
73.199188
73.237459
73.208523
73.188541
73.224800
73.228256
73.185672
73.255500
73.224572
73.210344
73.198796
73.219165
73.201399
73.193157
73.221587
73.221832
73.250347
73.230761
73.246501
73.203812
73.281825
73.276513
73.226759
73.239439
73.230116
73.211322
73.192203
73.212146
73.231484
73.248619
73.202530
72.190866
71.756229
71.744712
72.087782
72.065936
72.075668
71.899703
72.971855
71.896089
71.788347
72.139581
72.353596
71.715818
71.581531
71.859651
71.824382
71.787670
72.038126
71.622651
71.489033
71.971853
72.169295
72.670671
73.232893
73.243402
73.221652
73.213855
73.248428
73.188557
73.224800
73.260083
73.210542
73.218592
73.226583
73.212463
73.205302
73.219248
73.225206
73.185753
73.216726
73.209241
73.209083
73.227819
73.217145
73.204096
73.190696
73.204058
73.200333
73.190553
73.232686
73.235081
73.198882
73.238446
73.231206
73.218214
73.223693
73.203417
73.219633
73.197976
73.245140
73.216521
73.186401
73.210293
73.226583
73.207335
73.210743
73.236020
73.210585
73.201828
73.198314
73.196110
73.208777
73.206160
73.248439
73.171214
73.201437
73.198150
72.936453
73.201696
73.213021
73.210475
74.174847
73.268078
73.219986
73.200580
73.190159
73.222737
73.195654
73.192260
73.225995
73.197669
73.195100
73.185312
73.197562
73.200758
73.183240
73.199647
73.191081
73.176093
73.207324
73.221714
73.200829
73.173872
73.193697
73.194629
73.180733
73.182448
73.201872
73.192517
73.073924
73.263414
73.190940
73.193876
73.210556
73.250665
73.228945
73.236332
73.206162
73.145247
73.199418
73.219692
73.217123
73.186428
73.239683
73.216515
73.197803
73.201397
73.219396
73.183940
73.214791
73.223920
73.204438
73.204013
73.172334
73.226486
73.173444
73.116373
73.155150
73.172345
73.182971
73.237608
73.192841
73.249069
73.208095
73.240592
73.171758
73.219641
73.230684
73.184797
73.214012
73.174849
73.296397
73.192614
73.208322
73.225906
73.181576
73.265379
73.220120
73.196877
73.213880
73.221416
73.223995
73.176381
73.211912
73.238832
73.208529
73.239637
73.222441
73.214877
73.173566
73.212056
73.204449
73.172315
73.209954
73.206017
73.174031
73.205428
73.204721
73.211986
73.180250
73.215680
73.234137
73.178487
73.207895
73.221793
73.190792
73.226274
73.232096
73.212161
73.195163
73.221284
73.246166
73.180819
73.213891
73.222709
73.230733
73.205086
73.218046
73.214556
73.202904
73.235099
73.216813
73.211239
73.219701
73.238625
73.185529
73.226556
73.220619
73.209700
73.200962
73.239518
73.235381
74.274286
73.377536
73.284153
73.258426
73.268229
73.273402
73.266446
73.270822
73.266882
73.286610
73.269848
73.259875
73.276407
73.277116
73.268885
73.258569
73.243538
73.230766
73.247154
73.260038
73.245800
73.289974
73.268233
73.245087
73.258174
73.271703
73.254110
73.254244
73.273195
73.274200
73.244282
73.258760
73.289661
73.274254
73.229456
73.592718
73.219132
73.185962
73.250512
73.235197
73.221915
73.219828
73.217639
73.231733
73.179841
73.212944
73.198774
73.165445
73.212292
73.201076
73.165501
73.202588
73.237455
73.201097
73.186615
73.211044
73.194784
73.181057
73.214377
73.204631
73.196357
73.206707
73.213829
73.200629
73.205992
73.220908
73.217397
73.205753
73.217220
73.217047
73.171797
73.211759
73.191843
73.220339
73.206184
73.257476
73.212838
73.186517
73.210299
73.199864
73.191401
73.230905
73.226219
73.221563
73.189278
73.227171
73.194682
73.193445
73.209999
73.236488
73.196049
73.220804
73.239217
73.213648
73.211782
73.235749
73.225841
73.198103
73.230780
73.216798
73.205963
73.235923
73.217814
73.276150
73.217092
73.221644
75.843108
73.291033
73.331631
73.317302
72.942939
72.566494
73.532124
72.903864
73.620654
73.269825
73.042073
73.435320
73.452417
73.296329
73.417528
72.836209
73.387892
73.489530
73.411457
73.346711
73.179574
73.086027
73.161440
73.191108
73.219239
73.237891
73.234609
73.296693
73.168642
73.368756
73.304127
73.508866
73.811274
73.522684
73.258368
73.197032
73.193234
73.243624
73.186817
73.221667
73.197784
73.207849
73.222530
73.244683
73.217725
73.213063
73.224498
73.197912
73.189835
73.221491
73.241053
73.192258
73.202771
73.213967
73.205125
73.187978
73.206073
73.219477
73.185228
73.208599
73.204086
73.190056
73.229596
73.215297
73.213392
73.207678
73.215430
73.226181
73.197808
73.210771
73.208830
73.196373
73.194534
73.195269
73.197426
73.178184
73.206896
73.219463
73.181765
73.237792
73.194597
73.183192
73.213643
73.209050
73.204669
73.197324
73.234900
73.211726
73.189930
73.213854
73.210272
73.181894
73.210418
73.207312
73.233339
73.195661
73.240437
73.223385
73.218266
73.226149
73.228050
73.210488
73.181207
73.235204
73.204753
73.190901
73.219581
73.231460
73.187352
73.211846
73.125493
73.114104
73.100304
73.108910
73.675541
73.184554
73.214087
73.248134
73.209970
73.217294
73.227133
73.207592
73.211494
73.234791
73.189370
73.192520
73.185927
73.196426
73.186573
73.219281
73.228641
73.194304
73.194552
73.284445
73.210435
73.262882
73.251299
73.228048
73.197433
73.350196
73.388253
73.345795
73.635962
73.840374
73.829520
73.132559
73.322198
73.183683
72.758423
73.101838
72.816988
72.636511
73.236089
73.260205
73.233732
73.121009
73.014818
73.211665
72.733724
73.264742
73.092217
73.157441
73.213108
73.223779
73.367981
73.205864
73.234232
73.228365
73.193333
73.215347
73.197437
73.219328
73.191673
73.219199
73.283765
73.199130
73.257584
73.255621
73.202463
73.224887
73.215856
73.217089
73.216157
73.226592
73.209457
73.194220
73.228817
73.216557
73.227667
73.267777
73.217231
73.156778
73.222295
73.230449
73.218826
73.216742
73.220874
73.214500
73.194380
73.214664
73.234023
73.221596
73.194676
73.218125
73.217227
73.215462
73.208964
73.227854
73.215450
73.201185
73.214757
73.224718
73.224595
73.211539
73.216205
73.201045
73.202704
73.186881
73.193677
73.192636
73.221789
73.229348
73.217033
73.221481
73.225932
73.203615
73.259944
73.233696
73.193266
73.103064
73.537868
73.284898
73.502306
73.428758
73.087983
73.090409
73.133139
73.129474
73.270520
72.638215
73.271889
73.223971
73.183468
73.248848
73.245957
73.206154
73.219456
73.084987
73.110932
73.193808
73.220838
73.211194
73.202899
73.295795
73.447515
73.568582
73.230695
73.317711
73.319940
73.845793
73.290125
73.234534
73.196646
73.457124
73.227437
73.201491
74.654274
73.698889
73.412915
73.339898
73.368216
73.392599
73.328487
73.323811
73.217148
73.188945
73.198948
73.200997
73.231545
73.182024
73.214210
73.203859
73.181976
73.221331
73.079505
73.201612
73.200901
73.658922
73.209292
73.172086
73.212712
73.205612
73.212322
73.251880
73.218512
73.133014
73.150638
73.256482
73.203494
73.184581
73.213444
73.204603
73.172094
73.184594
73.216529
73.219984
73.286520
73.275457
73.191900
73.184052
73.242914
73.204409
73.173953
73.219346
73.244886
73.221527
73.214672
73.232455
73.195487
73.204491
73.227292
73.225961
73.188779
73.238396
73.217407
73.230545
73.215018
73.249964
73.218067
73.211155
73.225718
73.197434
73.193278
73.176767
73.186952
73.188790
73.179917
73.207848
73.216798
73.204613
73.216948
73.236469
73.208238
73.235831
73.232085
73.212684
73.207403
73.229114
73.227376
73.210284
73.211818
73.201102
73.188642
73.237085
73.211083
73.216521
73.212455
73.213602
73.228541
73.208951
73.220313
73.212893
73.211260
73.207262
73.205268
73.191319
73.161941
73.209896
73.199070
73.173988
73.125846
73.137856
73.201372
73.196313
73.198542
73.224213
73.200774
73.219828
73.206254
73.181296
73.203248
73.209540
73.212004
73.217858
73.216989
73.208086
73.212214
73.209352
73.279694
73.282889
73.280427
73.300634
73.276842
73.268291
73.285207
73.261399
73.290359
73.270984
73.252150
73.202245
73.226448
73.228983
73.231924
73.223554
73.210142
73.217074
73.224138
73.246386
73.202418
73.521497
73.274139
73.214765
73.224101
73.242922
73.037215
73.099839
73.160018
73.226787
73.239055
73.247932
72.889853
72.968299
73.151249
73.208095
73.281199
72.969684
72.905077
72.837178
72.967293
73.175611
73.228245
73.228888
75.028418
73.286633
73.297388
73.298577
73.303291
73.315576
73.313485
73.329889
73.312264
73.315652
73.324226
73.300226
73.696893
73.436547
73.247452
73.325563
73.489817
73.257697
73.330308
73.344825
73.245246
73.245948
73.247820
73.252547
73.243714
73.227513
73.037988
72.552066
72.444541
73.247571
74.075287
72.632553
72.657082
72.767057
73.282634
73.259890
73.250759
73.261747
73.251839
73.246008
73.236783
73.245357
73.244923
73.256027
73.256322
73.241279
73.264222
73.246935
73.252601
73.237982
73.231589
73.278590
73.229440
73.680985
73.269329
73.240246
73.264024
73.256635
73.246358
73.263517
73.249578
73.247680
73.239549
73.227259
73.244493
73.256521
73.231500
73.016646
72.316553
71.760325
72.352806
73.248923
73.214288
73.269709
73.261203
73.235530
73.239134
73.271941
73.253794
73.241847
73.257915
73.252175
73.575294
73.240842
73.260196
73.228421
73.248936
75.532005
73.207112
73.219456
73.222610
73.235232
73.225161
73.236065
73.275010
73.259325
73.245313
73.248169
73.250062
73.248656
73.243466
73.252774
73.242472
73.241616
73.247645
73.222830
73.236073
73.241142
73.241800
73.238879
73.236918
73.256739
73.233205
73.593782
73.262008
73.222587
73.246370
73.246958
73.249933
73.239028
73.250129
73.249786
73.246684
73.259537
73.241671
73.260574
73.247837
73.257637
73.236887
73.241668
73.250158
73.245617
73.266318
73.265528
73.226915
73.258092
73.258321
73.251368
73.226925
73.253703
73.250978
73.223382
73.250479
73.258671
73.245339
73.250022
73.247771
73.235003
73.233154
73.242490
73.243580
73.240519
73.256862
73.240246
73.245838
73.265371
73.259844
73.251564
73.232198
73.263947
73.235873
73.249123
73.256095
73.240747
73.245385
73.258798
73.253638
73.247348
73.248793
73.249137
73.245789
73.239961
73.267301
73.240608
73.251592
73.265986
73.256286
73.247756
73.256000
73.261343
73.500455
73.229567
75.607608
73.508772
73.430890
73.416283
73.401811
73.285696
73.262412
73.227190
73.237248
73.256266
73.238219
73.245997
73.687460
73.237818
73.311742
73.370938
73.223693
73.229058
73.269402
73.278725
73.239195
73.309460
73.248928
73.243179
73.319924
73.277738
73.230192
73.266917
73.445847
73.220883
73.289822
73.288872
73.229317
73.254853
73.310448
73.280898
73.243436
73.282372
73.245399
73.251456
73.247615
73.230842
73.231486
73.234101
73.253936
73.238743
73.244333
73.249024
73.247369
73.255935
73.236813
73.239661
73.238966
73.234416
73.229702
73.250388
73.248927
73.246673
73.249863
73.270410
73.242069
73.241942
73.246772
73.242398
73.232208
73.236434
73.249606
73.231434
73.225426
73.232093
73.241831
73.234422
73.223693
73.246647
72.519273
71.626307
71.674948
72.652622
73.247212
73.261457
72.183683
72.221532
72.688738
72.913263
72.880307
72.839153
72.490139
73.272648
73.249678
73.289991
73.239747
73.210926
73.230047
73.233239
73.217964
73.237466
73.248042
73.219701
73.226658
73.220084
73.246709
73.242199
73.213601
73.224959
73.218977
73.319978
73.288212
73.241559
73.278462
73.236465
73.225205
73.241959
73.254709
73.240365
73.237631
73.250658
73.242025
73.237068
73.230814
73.222964
73.217913
73.221464
73.231006
73.258304
73.221272
73.249958
73.241947
73.226467
73.229676
73.233587
73.199381
73.220960
73.210349
73.209592
73.208802
73.230711
73.222790
73.240932
73.250773
73.225353
73.222715
73.252879
73.495960
73.243703
73.229581
73.217577
73.219344
73.224757
73.220013
73.220705
73.206781
73.260814
73.249588
73.218563
73.231536
73.221000
73.215471
73.219935
73.230743
73.211369
73.215327
73.231638
73.208080
73.220621
73.226251
73.231644
73.212837
73.228044
73.210031
73.357746
73.250459
73.242198
73.236461
73.227372
73.257974
73.225712
73.223719
73.217368
73.202144
73.236320
73.214676
73.228689
73.250975
73.237874
73.230423
73.257067
73.228349
73.232405
73.241484
73.237702
73.246744
73.227554
73.222581
76.730349
73.481238
73.478421
73.494654
73.410143
73.241662
73.232947
73.237914
73.243235
73.244222
73.244923
73.234034
73.227244
73.233909
73.236192
73.224515
73.223387
73.228577
73.229270
73.243056
73.222804
73.240038
73.247497
73.223707
73.230503
73.238970
73.238567
73.228155
73.219491
73.246789
73.273325
73.231293
73.251448
73.236952
73.224158
73.230363
73.204570
73.213411
73.223082
73.224254
73.222523
73.215378
73.220736
73.224570
73.216558
73.226821
73.225741
73.223856
73.248539
73.225086
73.272039
73.262597
73.255031
73.253083
73.243153
73.251848
73.231300
73.231094
73.251032
73.246214
73.215976
73.229031
73.231264
73.244252
73.238904
73.232523
73.229907
73.228635
73.239658
73.234099
73.222856
73.241772
73.221573
73.220059
73.229531
73.229521
73.235128
73.235075
73.210097
73.230156
73.240973
73.233071
73.216635
73.230296
73.243762
73.240464
73.241992
73.252641
73.230757
73.234449
73.421569
73.254381
73.236462
73.246813
73.234330
73.277493
73.220584
73.252151
73.242688
73.247476
73.237595
73.241269
73.231090
73.234945
73.235771
73.244747
73.257307
73.230098
73.249816
73.256879
73.253479
73.234264
73.278225
75.668121
73.333271
73.247110
73.258673
73.262961
73.254521
73.256132
73.262811
73.247523
73.245141
73.229127
73.260006
73.243553
73.252388
73.254107
73.251822
73.243512
73.261667
73.483909
73.290617
73.250271
73.334067
73.328347
73.268000
73.303555
73.242029
73.479972
73.228666
73.224968
73.232242
73.247549
73.237069
73.227413
73.245534
73.222061
73.230793
73.233440
73.210457
73.227740
73.254532
73.262074
73.216797
73.228566
73.215970
76.759243
73.483661
73.501684
73.510269
73.506402
73.489980
73.498674
73.493911
73.512493
73.496452
73.494008
73.472498
73.258722
73.252737
73.225457
73.245784
73.242726
73.243144
73.226393
73.241153
73.248756
73.243891
73.248463
73.228273
73.231268
73.241152
73.249909
73.242533
73.248368
73.250406
73.256628
73.240151
73.257756
73.234216
73.244005
73.246686
73.249091
73.296784
73.250194
73.235795
73.229468
73.240191
73.240554
73.218176
73.238277
73.221584
73.233119
73.228276
73.252817
73.254808
73.436944
73.235409
73.219391
73.223380
73.254338
73.232592
73.229678
73.248196
73.233535
74.421460
73.475414
73.456944
73.462149
73.476677
73.479199
73.478339
73.344351
73.268037
73.263862
73.266752
73.368919
73.242265
73.216313
73.238565
73.226054
73.298022
73.232621
73.235586
73.265676
73.251356
73.252881
73.256645
73.233936
73.238497
73.258624
73.220531
73.229034
73.238442
73.234383
73.216097
73.220353
73.216186
73.230742
73.243449
73.247545
73.231526
73.219432
73.529985
73.235469
73.231353
73.216551
73.228131
73.235823
73.242547
73.234862
73.243348
73.236275
73.239719
73.239981
73.237950
73.247440
73.240361
73.212587
73.247953
73.226322
73.215754
73.248368
73.244864
73.250910
73.263043
73.204365
73.227802
73.231580
73.235244
73.414913
73.219672
73.233767
73.236108
73.231307
73.236589
73.254280
73.236171
75.691200
73.490963
73.495309
73.477666
73.488329
73.477027
73.496126
73.499436
73.496763
73.498719
73.481106
73.491905
73.473746
73.481081
73.382361
73.259414
73.258594
73.248506
73.238254
73.247649
73.251397
73.250873
73.240769
73.226768
73.259420
73.432955
73.236294
73.243829
73.252462
73.215765
73.220681
73.221386
73.242789
73.211805
73.232713
73.221456
73.219057
73.250403
73.237905
73.530206
73.254788
73.244701
73.224491
73.220580
73.259660
73.233960
73.236080
73.236907
73.227356
73.222333
73.241436
73.235248
73.235838
73.249811
73.238150
73.240142
73.232601
73.241240
73.233171
73.245163
73.233665
73.233355
73.240867
73.257649
73.232133
73.228941
73.246317
73.221737
73.246738
73.283456
73.260506
73.253596
73.239137
73.255222
73.258417
73.234826
73.256834
73.265802
73.262114
73.331279
73.249587
73.272398
73.256233
73.266199
73.262026
73.256174
73.253853
73.253056
73.248015
72.288283
71.988102
71.797916
72.383260
72.444920
72.503761
72.607998
72.361735
72.566813
72.764208
72.413827
71.999943
72.011010
72.262487
72.023199
71.886660
72.051235
72.044194
72.076127
71.970830
71.649092
72.094370
72.064643
71.709803
71.891695
71.831107
72.393071
72.503517
72.343576
72.591132
72.243751
72.431926
73.311130
72.602270
72.383800
72.377319
71.874661
72.271918
72.288994
72.219559
72.306049
72.427515
72.287758
71.799597
71.689437
71.984987
71.830622
71.731709
72.449137
72.278017
72.008907
72.379351
72.249952
72.134905
73.072309
73.112119
73.180890
73.177264
73.180367
73.183806
73.178620
73.173221
73.185397
73.167156
73.173132
73.167116
73.184841
73.167086
73.165925
73.169867
73.167321
73.165056
73.165625
73.170166
73.181716
73.510129
73.172460
72.999698
73.035483
73.097893
73.163403
73.179540
73.172531
73.174875
73.421800
73.168630
73.186291
73.176637
73.169767
73.179272
73.168759
73.419030
73.161925
73.184599
73.173986
73.170514
73.162958
73.184770
73.017541
72.889204
73.036056
73.027575
73.189460
73.190033
73.044911
73.083346
73.068387
72.935557
73.070070
73.190931
73.152111
73.174841
73.205930
73.281414
73.177850
73.190358
73.023890
73.113933
73.079826
73.223728
73.234910
72.784790
72.988965
72.921790
72.703576
73.198389
73.223653
73.230244
73.238485
73.279501
72.897449
72.857263
72.940830
72.985709
72.940264
73.155083
73.071499
73.050713
72.985514
73.251411
72.799238
72.870773
72.569980
73.000579
73.727697
73.734710
73.551528
73.957432
73.784762
73.400458
73.643416
73.678083
73.455888
73.568867
73.620480
73.570714
73.377535
73.805235
73.871093
73.745812
73.747090
73.844855
73.790499
73.284323
73.171140
73.186633
73.201921
73.174533
73.188659
73.205873
73.184771
73.189586
73.180596
73.179993
73.173341
73.176272
73.192560
73.188550
73.213918
73.145303
73.181780
73.411434
73.224121
72.869072
73.567267
73.228421
73.181526
73.175878
73.167424
73.181854
73.187887
73.192031
73.190623
73.183021
73.181849
73.183798
73.224707
73.242325
73.328427
73.217056
73.209026
73.194479
73.307472
73.175277
73.164204
73.171501
73.166884
73.157997
73.178820
73.192602
73.186966
73.189232
73.168320
73.460345
73.446675
73.171928
73.185464
73.193767
73.201832
73.173894
75.499031
74.565046
73.425912
73.562478
73.225885
73.318461
73.284023
73.268937
73.200271
73.165480
73.204175
73.202530
73.160911
73.148828
73.157698
73.289704
73.368542
73.170213
73.190500
73.250316
73.214633
73.197374
73.163898
73.167832
73.183460
73.159157
73.163255
73.156421
73.170283
73.178005
73.204824
73.183794
73.185564
73.167167
73.154198
73.184587
73.166937
73.163476
73.150474
73.156688
73.168751
73.160823
73.162682
73.164588
73.178958
73.155790
73.163800
73.969247
73.202050
73.187187
73.189689
73.173457
73.407569
73.373717
73.323982
73.360723
73.339195
72.544866
73.179557
73.337670
73.370185
73.358305
73.397361
72.015705
71.586812
72.732133
73.312532
73.331864
73.344011
73.339673
73.369534
73.308748
73.350244
73.351493
73.328912
77.297895
73.016898
73.244371
73.339707
73.271408
73.304734
73.217138
73.272560
73.289829
73.196811
73.304258
73.224732
73.198117
73.186043
73.193614
73.183634
73.213386
73.228174
73.192047
73.185959
73.200377
73.221839
73.323025
73.247711
73.243072
73.150534
73.186250
73.180152
73.369730
73.322515
73.332741
73.204849
73.189425
73.219733
73.226312
73.206353
73.191965
73.200156
73.192886
73.192218
73.232051
73.225696
73.145113
73.160666
73.221308
73.197809
73.191893
73.194119
73.193032
73.115079
73.122698
72.837731
73.017149
73.203821
73.223261
73.186356
73.186329
73.222105
73.182570
73.171948
73.207089
73.215901
73.183747
73.178509
73.473662
73.580410
73.505415
73.406136
76.570502
73.198700
73.277067
73.235821
73.205938
73.181942
73.225751
73.190954
73.187374
73.227240
73.202321
73.190757
73.177889
73.212146
73.208658
73.165787
73.217962
73.182855
73.165911
73.201487
73.195599
73.184688
73.192204
73.182426
73.192862
73.182954
73.243651
73.224755
73.185634
73.210673
73.199712
73.208073
73.191832
73.186673
73.205694
73.173687
73.228370
73.202814
73.180147
73.208185
73.456355
73.219168
73.187564
73.197857
73.165837
73.172081
73.199486
73.185619
73.249359
73.221118
73.202265
73.209570
73.203094
73.201370
73.187206
73.172573
73.189972
73.197604
73.168487
73.203819
75.062869
73.252172
73.204426
73.220237
73.232667
73.225547
73.233526
73.240249
73.204234
73.230027
73.197978
73.245050
73.193709
73.207567
73.213910
73.201604
73.240807
73.243092
73.189356
73.222217
73.249118
73.218618
73.177862
73.203051
73.201863
73.206178
73.194181
73.224235
73.215340
73.206644
73.208743
73.247127
73.252903
73.191723
73.213553
73.170807
73.189392
73.212591
73.198670
73.208752
73.204736
73.187953
73.193306
73.232105
73.204423
73.185128
73.218253
73.238139
73.184852
73.205178
73.180998
73.173967
73.191357
73.197987
73.206724
73.180390
73.210276
73.210624
73.187059
73.195494
73.210632
73.211870
73.174280
73.185657
73.203348
73.177899
73.409542
73.195855
73.204615
73.184245
73.138211
72.721583
72.975830
72.698619
72.631328
72.584771
72.990309
73.165684
73.147476
73.254341
73.151834
73.219059
73.219643
73.206611
73.191361
73.168302
73.187788
73.175317
73.183021
73.224569
73.204377
73.200885
73.195600
73.193964
73.195995
73.184061
73.201415
73.200015
73.180230
73.201050
73.200039
73.195022
73.179435
73.176985
73.192899
73.184147
73.221390
73.187485
73.173214
73.193470
73.186092
73.191580
73.181117
73.199188
73.198377
73.187473
73.202677
73.214152
73.177786
73.204462
73.228694
73.194703
73.183758
72.795258
72.842064
73.171452
73.210714
73.186633
73.176352
72.878985
72.298354
73.212274
73.196199
73.204381
73.307999
73.167415
72.960922
73.282585
73.250457
73.143586
73.146525
73.231294
73.094714
73.164289
73.231916
73.504100
73.189132
73.202961
73.184508
73.161114
73.178891
73.196343
73.181512
73.215261
73.214711
73.177416
73.198861
73.233818
73.217459
73.177247
73.195585
73.217994
73.187487
73.192343
73.206275
73.170180
73.206535
73.212676
73.196990
73.185651
73.203479
73.194540
73.195658
73.186894
73.206222
73.161604
73.171552
73.193253
73.202418
73.179428
73.188632
73.363605
73.143769
73.203023
73.167380
73.179133
73.192176
73.277927
73.121789
73.148179
73.185972
73.192529
73.204095
73.298481
73.367192
73.248285
73.242582
73.107521
73.283244
73.213644
73.142855
73.123338
73.202388
73.264122
73.240074
73.217012
72.786376
73.041433
73.098369
72.951466
72.733450
72.765121
72.439943
73.048821
72.451967
73.173781
73.148322
73.145341
72.367772
72.912132
72.878670
72.782579
72.839103
72.523201
72.710975
72.692672
72.872176
72.242219
72.362801
72.146647
72.432912
72.344641
72.415956
73.179202
72.796285
72.795541
73.025751
72.841560
73.164842
72.914231
72.635440
76.050119
73.187110
72.964188
72.856141
73.040325
72.854216
72.799190
72.985075
72.784200
72.879810
72.974007
73.418127
73.199459
73.210588
73.157551
73.203876
73.204979
73.167679
73.205749
73.205463
73.188330
73.189723
73.204888
73.201053
73.173232
73.219127
73.241206
73.203520
73.210042
73.223131
73.225854
73.208446
73.206274
73.197818
73.157956
73.190886
73.189813
73.163890
73.179669
73.227896
73.231419
73.186043
73.221416
73.213704
73.212585
73.223860
73.241951
73.182980
73.225176
73.220671
73.221871
73.195971
73.223434
73.236992
73.170403
73.224567
73.204502
73.189310
73.178553
73.198023
73.201784
73.186422
73.205623
73.198161
73.182530
73.205518
73.180780
72.638937
72.800573
73.107982
73.103602
73.063164
73.107056
73.112392
73.075560
73.084582
73.074093
73.163131
73.168770
73.217380
73.199957
73.203255
73.211740
73.197796
73.185359
71.834189
71.494537
72.609638
73.203929
73.197696
73.190695
73.164883
73.187900
73.192606
73.174909
73.236884
73.201231
73.185176
73.192559
73.193541
73.188706
73.195990
73.193473
73.205866
73.195369
73.200640
73.198825
73.192829
73.234162
73.200771
73.216670
73.181354
73.195961
73.223801
73.177027
73.192722
73.192665
73.217495
73.184315
73.187722
73.237122
73.172295
73.206185
73.215459
73.169817
73.209215
73.204804
73.186528
73.203324
73.197956
73.182090
73.167559
73.213291
