50
43.104441
44.519652
44.199757
43.559394
42.181390
42.185668
43.796286
43.941878
42.095934
42.130549
42.091882
42.263472
43.213333
44.171869
44.359925
44.312689
44.424763
45.594718
45.601133
45.605609
44.419824
45.233288
45.858485
45.809309
44.861959
44.848737
45.796957
45.863367
45.989704
44.689893
45.413779
46.244982
45.943377
45.652312
44.667578
44.923599
45.919220
45.744818
44.589445
45.225550
45.919593
45.904262
44.815179
45.457127
45.917847
45.842212
45.424826
44.722906
45.386010
45.610277
45.618229
45.330611
44.391853
45.471871
45.620656
45.602179
45.619664
45.623436
45.616489
45.619093
45.614564
44.636034
44.592559
45.543703
45.562960
45.275130
44.841940
45.611905
45.612887
45.473419
44.390112
45.248469
45.614293
45.610096
45.329533
44.480259
45.031852
45.770864
45.786546
44.923164
44.833970
45.761931
45.764834
44.977671
44.717949
45.796121
45.765452
45.770685
45.812969
44.944319
44.859937
45.742389
45.763553
45.520261
44.541048
45.445641
45.815235
45.778386
45.996152
45.927253
44.665648
45.266488
45.751970
45.822239
45.302150
44.668566
45.724941
45.925028
45.826977
45.764661
45.806901
44.808379
44.915282
45.902920
46.005653
44.778486
44.677556
45.908695
45.883779
45.020882
44.717852
45.722008
45.970690
45.994076
46.067634
45.098787
44.697713
45.775510
45.886755
45.906739
44.916915
45.138272
45.867490
45.896852
45.794593
45.283731
44.854175
46.021932
45.933773
45.924528
44.915399
44.970813
45.990795
45.943112
45.800995
44.778490
45.108423
45.985192
46.044088
44.917917
45.159540
45.944066
45.949464
45.938665
44.956783
45.048620
45.864952
45.923509
45.825272
44.613292
45.139660
45.928835
45.928775
45.337281
44.731661
45.886996
46.076887
45.885529
44.760627
45.055127
45.937291
45.840269
45.746934
44.705430
45.409744
45.849230
45.900982
45.576536
44.531067
45.764960
45.913733
45.912634
45.577049
44.578212
45.397710
45.888754
45.915312
44.747709
45.440733
45.782309
45.907844
45.855994
44.910745
44.994549
45.817175
45.787847
45.807603
46.057264
45.830053
45.449581
44.701511
45.631320
45.831664
45.861210
44.895699
44.877932
45.787397
45.774187
45.778424
45.006207
44.718413
45.836959
45.970290
45.553030
44.682544
45.241037
45.917147
45.900614
45.090664
44.755744
45.555617
45.908034
45.568753
44.735301
45.325011
45.767285
45.775377
45.781459
44.804322
45.059997
45.795005
45.786884
45.754196
44.571179
45.239680
45.808359
45.958194
45.790744
45.036944
44.941426
45.805199
45.797149
45.791777
45.065219
44.677966
45.780295
45.783845
45.745260
44.749775
45.254508
45.777435
45.771801
45.475489
44.523631
45.223562
45.769002
45.775726
44.565361
45.157349
45.804096
45.798412
45.778068
45.013202
45.336221
45.762318
45.778697
45.949003
47.102833
46.502979
45.785706
45.757172
46.520027
47.090258
46.312099
45.797765
45.778559
46.819289
46.445170
45.786079
45.758484
45.825230
47.070064
47.075988
46.011162
46.100612
47.104028
46.172669
45.765066
45.770921
45.960376
47.084453
46.019561
45.776787
46.753876
47.071138
45.800366
45.787910
45.998448
47.089363
45.994738
45.783038
45.776268
45.953604
47.068188
46.177075
45.803473
46.372459
47.082733
45.997500
45.777878
45.751121
46.175748
47.080442
45.955326
45.766750
45.763192
45.866361
47.069356
47.068659
45.854618
45.780407
45.730302
45.762785
46.392549
46.711612
45.785503
45.788883
45.771363
46.274012
47.089059
47.058130
45.988770
45.776181
45.804228
46.577977
47.085063
46.444416
45.757680
45.786406
45.766371
46.019313
47.082885
45.933368
45.794355
45.785724
46.213201
47.076509
46.898045
45.771574
45.999175
46.771097
47.094780
46.658971
45.794499
45.779819
46.689964
47.205419
46.601828
45.991912
47.215212
46.395318
45.773450
45.792253
45.776375
45.917084
47.100725
45.939786
45.770105
45.790022
45.761261
45.778531
46.701688
46.581036
45.783761
45.789968
45.774060
46.919705
46.327432
45.771850
45.796399
47.094356
46.594164
45.846370
46.167154
47.215630
47.060872
45.918903
46.158536
47.225588
47.158117
46.001732
46.511000
47.174263
45.893294
45.909511
45.902522
45.947188
46.796508
47.097011
46.421961
45.849045
47.102604
47.063622
45.972366
46.230383
47.064039
46.908054
45.784478
46.637279
47.071703
46.224684
45.877959
45.787620
45.775215
45.788146
47.097038
46.284469
45.809745
46.394440
47.074044
46.293909
46.069848
47.134320
47.096214
46.307334
45.944277
47.103837
46.684581
45.774436
45.770011
46.849447
47.102506
46.335736
45.780503
45.793622
46.159824
47.099031
46.012971
46.161660
47.094304
46.091847
45.942303
47.098090
47.084056
46.017163
45.777537
45.778632
46.819822
47.102475
46.043395
46.079946
47.095516
46.579915
45.799431
45.781470
46.886029
47.071733
46.593928
45.777852
46.738686
46.889859
45.768450
45.786718
46.990210
46.825810
45.785562
45.789812
46.269377
47.064064
45.876787
45.770517
45.786931
46.810955
46.517025
45.772342
45.757723
45.863016
46.831306
47.230441
46.830733
45.818179
45.781193
47.047432
47.097941
46.240869
46.134587
47.109122
47.087633
46.188769
45.768711
46.434064
47.037161
45.777241
45.771369
46.334394
47.115470
45.921160
45.786948
45.822333
47.096727
46.939093
45.787641
46.455867
47.109887
46.269595
45.800186
45.797561
46.133010
47.101353
46.121408
45.791080
46.377107
46.959462
45.818342
45.790248
45.771362
46.628917
47.098904
45.843499
45.775654
45.774657
46.321927
47.101622
45.995720
45.813960
45.787247
45.783063
45.974890
47.091738
45.946709
45.828368
45.782152
45.865409
47.080103
46.431112
45.973636
45.904539
46.955856
46.525663
45.956258
45.849945
45.819304
46.010017
47.234950
46.594509
45.905475
45.802001
45.746717
45.893137
45.945980
45.917423
45.926137
45.801450
45.802025
46.926169
45.942889
45.784224
45.779960
45.778780
45.803460
45.925820
47.106405
46.543820
45.780718
45.789862
46.225230
47.089546
45.918933
45.790872
45.779157
45.791119
46.023279
46.810622
45.780702
45.781907
45.759594
45.786195
45.799590
45.988283
47.098906
46.974645
45.793517
45.915563
47.106747
46.563045
45.783285
45.774758
46.287644
47.258859
47.132800
46.049206
45.768329
45.870323
47.074470
46.470459
45.775673
45.781846
45.794505
46.785873
46.746006
45.801785
46.159626
47.145184
46.517320
45.786304
45.785184
45.771042
46.371852
47.085550
46.075711
45.770001
45.795646
46.260045
47.095636
46.218995
45.792309
45.774856
47.041931
46.742159
45.796797
45.794732
46.272732
47.368136
45.913908
45.776942
46.457324
47.091230
47.114996
45.908616
45.791446
45.799848
45.871886
47.074140
46.262158
45.875055
47.100986
47.082303
46.125622
45.977350
47.081372
47.098935
46.090469
45.785206
47.198350
46.801616
45.934856
45.911550
46.246639
47.215589
46.441128
45.862408
46.835125
46.832653
45.851064
46.571628
47.008338
45.941935
46.580833
47.252790
46.019486
45.827381
45.915741
47.080731
46.031784
45.915663
45.934242
45.799387
46.670605
46.917126
45.887791
45.899831
46.311965
47.090574
47.086151
45.789650
46.546742
47.078456
46.346405
45.791950
46.201791
47.108127
47.097134
46.085613
46.167530
47.101724
46.919357
45.785902
45.793605
45.799031
46.905056
46.643039
45.773496
45.780439
45.823489
47.095634
46.202557
45.747223
45.806225
45.871875
46.837799
46.407338
45.807390
45.780942
45.792386
45.767240
46.941723
47.103984
45.932391
45.792774
45.789359
45.797023
47.060101
46.392572
45.789456
45.801356
46.474552
47.102160
47.086093
46.110434
46.135858
46.057014
47.101834
46.001172
45.911155
47.146838
46.447666
45.812881
45.815555
45.934801
46.374931
47.234429
45.866288
45.784229
46.293733
47.097033
46.648861
45.780636
46.500402
46.891095
45.763228
45.778413
45.766625
46.822299
47.085241
47.096061
45.759319
45.787557
45.765976
46.606401
46.679707
45.765399
46.614900
47.098670
45.791375
45.766243
45.786212
45.769864
46.888742
46.602385
45.793040
45.769402
45.764216
46.538974
47.088998
45.956243
45.808845
46.532823
46.843397
45.783722
45.770163
45.782718
45.760959
47.090271
46.265210
45.788185
45.766110
46.268513
47.079358
46.282739
45.789330
45.767991
45.927587
47.077646
46.260246
45.773030
45.799286
45.785553
46.965341
46.453119
45.762166
45.785714
52.725700
45.785896
45.793732
45.796435
45.770123
45.804902
45.750843
46.078821
47.081327
51.065113
42.382899
42.938784
42.314153
42.335446
42.321829
42.331232
42.303160
42.520122
43.789747
44.590515
45.735094
45.821803
46.961126
46.067184
47.144465
46.075507
45.625231
45.633352
45.639104
45.682545
46.919908
46.038098
45.766793
46.121608
47.015719
47.092714
45.837628
46.226879
47.126739
46.612528
45.777615
45.792701
46.835323
47.077529
46.920106
45.816795
45.805185
46.676103
47.118839
46.251544
46.354583
47.117531
46.520144
45.813657
46.939294
46.948695
46.028916
45.903555
46.938357
46.945982
45.727154
45.665093
46.958364
46.006756
45.644877
46.659046
46.951674
46.000273
45.822361
45.809818
45.805019
45.813999
47.039389
47.129920
45.811323
45.871602
47.127800
47.104839
47.141052
45.847357
46.384461
47.094607
46.556425
45.816928
46.489587
47.106895
46.026182
45.798360
45.805388
46.763446
46.496031
45.812979
45.812206
47.007851
47.130743
46.022675
46.200669
47.109306
47.310410
46.057593
45.817625
45.847646
45.935008
47.139915
46.203236
45.803187
45.822646
45.876524
47.119636
46.142356
45.818901
47.088316
47.149760
45.973300
45.821823
46.400233
46.810172
45.843581
45.838493
45.833185
46.956431
47.121732
45.983501
45.820430
46.273032
47.128085
46.421175
45.866801
47.115457
47.126049
46.019682
46.178985
47.131577
46.426421
45.813638
46.921574
46.928617
45.823710
45.859577
45.835451
46.939208
46.405712
45.819889
46.986124
46.718570
45.823356
45.957377
47.142391
47.101374
45.827526
46.493019
47.129672
46.820469
45.825360
45.787855
47.041904
46.371036
45.828585
45.796937
45.924762
45.928727
46.209068
47.043891
45.826596
45.806064
46.777973
46.733343
45.819834
45.812889
45.817328
45.814011
46.924133
46.473899
45.812105
45.806063
45.810684
45.808642
45.824091
46.104969
47.127545
46.134453
46.142920
47.131921
45.916837
45.905917
45.631662
45.622889
45.641042
46.704524
46.354479
45.614930
45.624614
45.674326
46.942928
46.844855
45.626236
46.369410
46.935440
46.234268
45.648022
45.627947
45.637307
46.635895
46.946354
45.628800
46.065922
46.923778
45.851901
45.630971
45.978892
46.939897
46.777614
45.632285
46.020364
46.928901
45.696874
45.919799
46.937610
45.982693
45.684773
46.926243
46.916533
45.796954
46.152679
46.931960
46.244759
45.618856
45.992115
46.947801
46.925476
46.921075
46.945898
46.555879
45.622103
46.341102
46.930387
46.527194
45.632175
45.752640
46.991683
47.114033
46.056204
46.294720
47.153252
47.089037
45.811546
45.990091
47.165022
47.101951
46.844304
45.892564
47.235953
47.301454
46.493726
45.992410
45.974227
45.972700
46.013639
46.390150
47.268713
46.062476
45.978331
45.983317
46.679764
47.275802
46.508185
45.833318
45.917392
45.820857
45.936543
46.898135
46.716748
45.980012
45.935711
47.065329
46.704836
45.818073
46.994759
47.147623
46.440616
45.942814
47.046945
46.739717
45.950579
45.913650
45.816922
45.814177
47.131427
47.124906
46.303566
45.812677
45.957778
45.974353
46.850415
46.635843
45.807869
45.970928
46.098220
47.273261
47.309500
46.498117
45.918655
47.218712
47.274547
45.987282
46.681031
47.264222
46.375028
46.017255
46.975548
47.278221
47.244199
45.927908
46.376467
47.172580
46.678606
45.814703
47.061074
46.821223
45.825968
46.578156
47.259191
46.095159
45.962125
46.505229
47.159488
47.064700
45.968584
46.022995
47.231578
47.267537
46.309497
46.193447
47.119201
47.123907
46.122945
46.224116
47.233081
47.071057
45.828493
46.603534
47.277976
46.814138
45.939192
46.926786
47.128780
46.330853
46.115756
47.151542
47.150664
46.023872
46.479419
47.273944
46.921281
45.978073
46.949387
47.263466
46.465586
46.049861
47.290785
47.307218
46.045502
46.300439
47.170763
47.331264
45.872013
46.746664
47.034713
45.995897
45.964612
45.978286
46.936915
46.998097
45.798140
46.102400
46.936069
46.942268
45.859057
46.214497
46.942206
46.950608
45.690828
46.470626
46.964815
46.940327
46.936657
46.410978
45.746188
46.952867
46.953722
45.950516
46.153845
46.954861
46.969327
45.644528
46.389449
46.923378
46.660699
45.633790
46.691401
46.928494
46.606972
45.648841
46.765357
46.936655
46.374648
45.648419
46.961589
46.875686
45.621048
45.616109
45.981545
46.934374
46.923494
45.627349
46.408406
46.923180
46.770689
45.630303
46.582802
46.946326
46.582700
45.764264
46.925626
46.956817
45.964498
45.854120
46.931516
45.942436
45.651275
45.646800
45.634770
46.110727
46.929083
45.687359
45.650975
46.733503
46.953386
46.090063
45.640528
45.649755
46.211171
46.961548
46.227855
45.633699
45.649152
46.690816
46.951132
46.168300
45.656687
46.370911
46.758542
45.636097
46.158584
46.935950
46.947982
45.745396
46.043699
46.920262
46.066431
45.644004
45.632436
46.667372
46.941554
46.552561
45.638152
46.518439
46.921322
46.435908
45.622533
46.800820
46.920985
46.190462
45.675317
46.927685
46.521211
45.633676
46.561927
46.823605
45.644901
45.623339
45.640837
45.647850
46.046859
46.921633
46.073159
45.727010
46.948787
46.944306
45.839693
46.104784
46.915196
46.594449
45.639149
46.360259
46.755304
45.847940
45.821489
45.829726
46.089961
47.126709
47.097112
45.824271
46.404043
47.126414
46.000635
46.955801
47.130577
46.230050
46.249361
47.156040
47.134372
47.117774
47.112824
46.327200
45.815955
45.820928
46.579602
47.141624
46.007523
45.843378
45.830925
46.453563
47.133210
46.995602
45.828948
46.629210
47.146727
45.953720
45.837948
45.822254
45.840884
47.146291
46.231282
45.799333
45.840487
45.828163
45.823613
46.514822
46.789102
45.830430
46.075284
47.137980
46.132769
45.834879
46.177715
45.817736
45.816880
45.995347
47.265039
46.181954
45.804473
45.854993
45.853392
46.027045
47.133451
46.108410
45.835293
45.828780
46.955255
46.544996
45.837620
45.823793
45.931824
45.854912
45.799815
46.269606
47.140693
46.242438
45.817820
45.821590
46.419125
47.120797
47.142721
45.984329
45.831305
46.377395
46.986784
45.822756
45.837368
45.878770
45.816424
46.409139
46.921476
45.833861
45.816480
45.812858
45.814152
46.965276
46.419067
45.843311
45.831309
45.814368
45.829300
45.842599
46.752766
46.504404
45.843080
45.829976
45.824253
45.835527
46.817913
47.144935
46.407046
45.822431
46.795928
46.701311
45.836752
46.915972
47.152421
46.520360
45.823999
45.843300
46.107767
47.158557
46.418653
46.313033
46.911424
46.803559
45.994410
46.733286
47.272954
46.652095
45.984993
46.368627
47.114574
47.140138
45.819260
46.522569
47.108386
46.722507
45.824048
45.820293
45.830254
45.819836
45.852109
47.128663
46.381600
45.833704
45.834715
46.107729
47.135669
45.992386
45.809170
45.828585
45.897503
47.139432
47.123889
45.927312
45.953535
47.127895
46.495153
45.807795
46.693087
47.117713
46.807694
45.801279
46.797286
46.675555
45.663647
46.726942
46.947805
46.109638
45.824215
46.936249
46.685881
45.649336
45.630161
45.802053
47.109850
46.308802
45.828149
45.818792
45.834793
45.848169
46.765019
46.813635
45.805072
46.153431
47.238180
47.188402
46.053613
46.196855
47.230526
46.480506
45.854996
47.110753
47.125502
46.324175
46.017664
47.119501
47.141884
46.544120
45.890126
47.129798
47.126047
46.145609
45.827658
46.403086
47.128492
46.115334
46.227435
47.119898
46.259584
45.806491
45.850092
46.658488
47.137618
46.611967
45.826648
45.814239
46.759616
47.139963
47.124082
46.057604
45.826489
47.126362
47.123699
45.951163
46.166017
47.114227
46.390292
45.822106
45.973087
47.141338
47.133461
46.228494
46.127097
47.119465
47.076137
45.804127
46.422717
47.134162
46.745725
45.835967
46.953129
46.548659
45.826302
45.802947
46.732132
46.608078
45.767363
45.814729
45.824175
45.798438
46.303661
47.128180
46.721618
45.825369
45.803241
45.818869
45.821746
46.763735
47.019436
45.813969
45.802742
47.002755
46.416666
45.888555
47.118964
47.148726
46.038527
45.895808
47.124260
47.274913
46.178278
46.257580
47.131008
46.079523
45.833004
45.807726
45.805758
47.003544
47.127184
46.027614
45.824151
45.802190
49.121260
46.125671
46.803196
46.826533
45.792749
46.221234
47.135200
47.153194
46.245658
45.934688
47.119390
46.879052
45.812654
45.841777
46.786809
46.992962
46.837397
45.651922
46.575006
46.953334
46.941504
45.856459
45.632836
46.612542
46.868801
46.127928
45.860308
46.944427
46.923015
46.156494
46.039079
42.145394
42.177032
42.291668
42.307997
42.325857
42.306742
42.307784
43.483076
43.446787
43.652741
42.954504
43.381065
44.288716
44.573314
44.577301
44.556611
44.524568
44.458179
45.432117
45.927882
44.750268
44.658562
45.364481
45.867559
45.008625
44.598432
44.695755
45.815245
45.802569
45.857967
44.778690
44.898888
45.940121
45.958262
45.384969
44.814003
45.746268
46.058836
45.683398
44.684258
45.496691
45.851829
44.915311
44.682433
44.919201
45.860034
45.924960
44.599308
44.920548
45.906890
46.060266
44.723936
44.745800
45.839197
45.946440
45.455883
44.718203
45.250929
45.943933
45.951440
44.811265
44.732046
45.968317
46.066945
45.187570
44.756589
45.403268
45.905789
45.805385
44.752504
44.737294
45.896748
45.832082
45.071006
44.524819
45.808072
45.946391
45.383358
44.704027
45.558764
45.752511
45.758134
44.577743
44.822241
45.921590
45.682240
44.729996
45.159046
46.241730
45.949013
45.898069
45.820843
45.875721
45.898574
45.929552
46.604087
47.044239
45.967980
45.919176
45.970500
45.945922
45.968384
45.941880
45.981398
53.117204
45.995431
45.592765
45.573490
46.260610
47.105433
47.087471
46.148030
45.982759
47.227677
46.553618
45.935738
45.948517
45.975358
46.349871
47.099535
47.109854
46.315204
45.937731
45.915654
45.793532
46.798589
46.641523
45.834935
45.912391
45.931865
46.692495
46.737419
45.929237
45.945662
45.916787
46.384644
47.098741
46.889518
45.774713
45.757188
46.610066
47.068192
46.607748
45.909331
45.921618
46.581722
47.230651
46.839088
45.938868
46.712762
47.022005
45.895320
45.800253
45.975655
47.325775
46.778589
45.913567
46.048152
47.116289
47.264602
46.346255
45.963892
45.914101
46.551943
47.170854
47.247325
46.053364
46.451192
47.296293
47.341133
46.520522
45.905016
47.131759
46.594433
46.024291
45.971562
45.959741
46.022680
45.991642
45.949779
46.035297
45.972002
45.816521
45.311875
44.679588
45.875807
45.961109
45.832846
44.982692
45.033647
46.017137
46.036496
45.592698
44.564806
44.897601
45.837251
45.493139
44.567911
44.844941
45.921575
45.509894
44.678432
45.332682
45.879656
45.851717
45.769985
45.042993
44.567440
45.500257
45.936138
45.355502
44.675712
45.529523
45.831309
45.238262
44.531032
44.780743
45.760234
45.676631
44.660742
44.951332
45.901865
45.757793
44.559714
44.547555
45.627367
45.771047
45.571151
44.554023
45.220548
45.778520
45.781911
45.259189
44.529579
45.472486
45.769879
45.766334
45.157059
44.545391
44.974321
45.773243
45.783763
45.565906
44.559665
45.316172
45.822712
45.400628
44.546185
45.056261
45.746798
45.759788
45.782025
45.149609
44.747425
45.893637
45.910772
45.897753
45.297514
44.666656
45.766204
45.762875
45.142941
44.523007
45.072293
45.772099
45.717164
44.530228
44.717061
45.882358
45.925592
44.677371
44.528983
45.766934
45.788861
44.725467
44.594739
45.357128
45.797425
45.522559
44.655522
45.415022
45.871749
45.849788
44.714058
44.617478
45.523321
45.925167
45.892810
45.906797
45.175242
45.511847
45.935782
45.864068
44.692266
44.879537
45.953310
45.625395
44.576148
45.155947
45.994588
45.520370
44.724311
45.048696
45.898837
45.460969
44.625190
45.090930
45.782732
45.767179
44.575791
44.651831
45.784520
45.874889
45.137803
44.685738
45.009205
45.915515
45.822913
44.697023
44.637006
45.530079
45.911461
44.906636
44.600037
45.394191
46.055311
45.442024
44.993520
45.795032
45.799998
44.992305
44.602352
45.142133
45.929411
45.801754
44.890078
44.746084
45.457146
45.921562
45.102717
44.525800
45.235250
45.779499
45.302637
44.536440
45.084732
45.796899
45.324701
44.705623
45.266586
45.936012
45.929346
44.721886
45.194362
45.924694
45.932514
45.593231
44.657084
45.751694
46.056478
45.935603
44.697541
45.226647
45.924716
45.919153
45.244657
44.703888
45.944751
45.970409
45.592843
44.677663
45.547861
46.031722
46.051937
44.851243
44.789931
45.866887
45.847905
45.346697
44.673008
45.593479
45.917348
45.815390
44.663259
45.083343
45.896287
45.934548
45.345828
44.600457
45.697925
45.929317
45.932350
45.825052
45.833882
47.094872
46.546969
45.882888
45.915173
47.106059
47.063775
46.087674
46.177930
47.084486
46.117820
45.916745
45.905835
45.928699
45.839808
47.047415
46.162659
45.771625
45.765133
45.846990
45.783330
46.957579
46.208023
45.794259
45.827943
47.109527
47.102764
45.931868
45.800214
45.785922
45.798549
45.774864
47.083004
47.231089
46.105032
45.912815
45.902609
47.050453
46.451665
45.844309
45.996968
47.066431
45.936696
45.785701
46.631364
46.921381
45.787880
45.785979
47.016618
46.961773
45.785009
45.808602
45.950435
46.290189
47.088463
45.906029
45.929980
45.821666
45.798356
45.767222
46.413232
47.169553
45.771659
45.760785
45.756336
46.183154
47.066439
45.934424
45.820196
45.890482
45.933055
46.082877
47.198351
46.064548
45.773686
45.798235
45.780736
45.792921
46.581081
46.926597
45.932342
45.918946
45.911557
46.636226
46.656257
45.778116
45.838343
45.840098
45.772843
46.877279
46.570802
45.771218
45.851866
45.810599
45.759893
47.036261
46.230289
45.889752
45.893174
45.869151
46.564622
47.063159
47.108534
46.029892
46.618501
47.328070
46.253397
45.866845
45.912907
45.909364
46.007267
46.113095
47.179064
45.999109
45.865561
45.825786
45.790968
45.862830
47.089597
47.087469
46.927857
45.945076
45.943881
47.081263
47.125474
46.059622
46.066022
47.223860
47.238635
46.716360
45.948371
46.996112
47.109390
46.592909
45.895166
45.922068
46.296205
47.217788
46.631852
45.774771
46.701315
46.587964
45.776935
46.399138
47.226623
47.232460
46.251860
46.485726
47.212177
47.002876
45.929024
46.955276
47.379069
46.570064
46.202729
47.308716
47.245619
45.995466
45.792617
46.901752
46.661292
45.812440
45.791943
45.975007
47.087352
47.134786
46.296247
45.794463
45.778096
46.925029
46.678492
45.933538
46.149803
47.260206
46.387000
45.925920
45.946913
45.959784
45.955796
46.235072
47.175050
45.856386
45.783047
45.776745
45.772329
46.567809
47.054208
47.100059
45.868321
46.590463
47.058074
45.891275
45.875246
45.890817
45.978085
46.926780
46.585352
45.773838
45.846139
46.557624
47.224920
46.441049
45.999638
45.969053
45.987542
46.073328
45.963445
45.924414
47.146847
46.398602
45.924343
45.963346
47.330967
46.474103
45.865685
45.922729
46.808499
47.253507
46.378991
45.621563
46.908704
46.916415
46.217589
45.716588
47.056622
47.109348
46.273428
45.901505
45.947316
46.850616
47.099258
46.205230
46.015771
47.162723
46.270152
45.991777
46.826523
47.183614
46.238556
45.816322
45.790192
47.172367
46.561450
45.831778
45.746415
45.772578
46.812270
46.557916
45.758288
45.920804
45.990031
45.930763
46.359504
47.235590
46.653417
45.911766
45.949940
45.905334
47.141161
46.680027
45.766848
45.817521
45.943552
45.942406
46.297336
47.207652
45.908291
45.924658
45.906255
45.923735
45.904142
46.803144
46.535197
45.776027
46.079261
46.848120
47.221910
46.145610
46.162182
47.117343
47.096657
47.083602
46.129801
45.791438
45.922659
47.049625
46.606408
45.913240
45.934141
45.808702
45.781416
46.340911
47.138885
45.954411
46.017802
46.990445
46.702782
46.056078
45.991620
46.856761
47.007605
45.913834
46.686339
46.803375
45.697218
45.885550
46.918393
46.836727
45.752690
53.190774
47.616172
45.915291
45.798393
45.787459
45.758048
45.796164
45.768667
45.809756
45.779319
46.221588
47.081499
46.045102
45.901508
46.004628
47.063499
46.355124
45.781133
45.910473
45.949890
45.907943
46.548424
46.873329
45.768505
45.796246
46.727770
47.079698
46.694812
45.913465
47.030408
47.073606
45.787034
45.859235
47.195826
46.910349
45.970945
45.924619
46.909155
46.906805
45.938559
46.008222
47.117540
47.147757
46.798849
45.920893
46.853877
47.170834
45.936132
45.878745
46.475845
47.225137
47.209233
46.344757
45.920706
46.812457
47.342670
46.798871
46.550669
47.321319
47.180259
45.892565
46.583735
47.084068
47.010658
46.062040
46.872444
47.232918
46.898780
45.913256
46.922154
47.226064
46.471590
46.538558
47.267453
47.244589
46.078117
46.656689
47.392323
46.686606
46.099377
47.268495
47.239353
46.271472
46.272669
47.276310
47.267240
46.110025
46.503315
47.252046
47.193334
45.954088
46.904794
47.269070
47.008667
45.852423
46.889682
47.093966
46.004459
46.002495
46.916050
46.932075
49.247469
42.252186
42.271096
42.280115
42.268804
44.111215
42.468203
42.412447
42.921183
42.849039
42.822113
42.689650
43.646487
42.658970
42.275567
42.423687
43.946749
42.869907
43.446043
45.181933
44.560515
44.565402
44.587196
45.083489
45.781280
45.776937
44.911870
45.486119
45.891566
45.494254
44.666208
44.877835
45.835573
45.623596
44.548169
44.955344
45.811206
45.720860
44.624565
44.539475
45.718940
45.930589
44.671550
44.669833
45.545302
45.767051
44.761747
44.664012
45.598769
45.839135
45.094037
44.747432
45.782400
45.876611
44.858798
44.620440
45.588581
45.593312
45.710106
45.845340
45.836141
45.224101
44.649611
45.171718
45.877349
45.704915
44.684386
44.789399
45.785569
45.941397
44.792952
44.633350
45.785001
45.878345
45.368801
44.739854
45.703131
45.905321
45.661993
44.754109
45.052645
45.971820
45.889994
44.761278
44.615158
45.823132
45.903989
45.363322
44.579096
45.356576
45.973497
45.576251
44.975064
45.264719
45.950991
45.842118
45.045721
44.536046
45.787825
45.761114
45.526732
44.578000
45.351143
45.762589
45.816223
44.756645
44.609160
45.793771
45.777684
45.582436
44.563575
45.245792
45.770685
45.802364
44.962687
44.942416
45.873584
45.811720
45.922089
45.865456
45.573550
44.568009
45.214239
45.805626
45.584306
44.624253
44.564883
45.746551
45.900789
44.843314
44.541290
45.460014
45.784080
44.820502
44.711657
45.522719
45.891518
46.876933
60.668777
43.378494
44.370224
44.691897
45.496500
45.957960
45.888339
45.803522
45.805083
45.801404
45.811376
45.785735
45.933053
45.950211
45.923987
45.920694
45.927125
45.932342
45.973137
46.016731
45.791613
46.769751
47.113921
46.699684
45.812863
46.917716
47.256359
46.310138
47.120185
45.968204
47.584714
51.904028
45.985419
45.909403
45.928927
45.787357
46.073703
45.892593
45.837717
45.930379
45.938893
45.804270
45.851290
45.855176
45.938085
45.816890
45.835894
46.038722
45.829713
45.868951
45.952624
45.953487
46.508435
46.804940
45.949424
45.890716
45.781680
45.811750
45.814918
45.831541
45.816427
45.811366
45.779771
45.787851
45.908194
46.814090
46.936397
46.320298
45.647081
45.632393
45.629713
46.288648
46.942463
45.820004
45.618639
45.623403
45.629144
46.820119
46.144975
45.615504
45.631948
45.625062
46.552172
46.566780
45.632116
45.669674
45.693398
45.624607
46.159262
46.751193
45.623156
45.704639
45.997588
47.133442
46.850148
45.803068
45.838076
45.823210
46.391008
46.939238
45.834015
45.805151
45.826074
45.802421
45.816890
45.827203
46.122029
47.119808
46.853370
45.815203
46.501823
47.087529
46.369180
45.790605
46.948450
47.100872
46.106401
46.086609
47.112416
46.225247
45.776214
45.793189
45.787627
45.815393
45.773118
47.018635
46.190748
45.795469
45.815620
45.794171
46.242154
47.129375
45.910932
45.803286
46.702550
47.066929
45.817009
45.806523
45.806299
45.818530
45.820871
45.789564
45.799109
46.988402
46.226794
45.800050
45.788456
45.805227
45.802238
45.784191
46.791925
47.107479
47.116391
46.838584
45.865317
47.107987
46.429146
45.833303
45.828419
45.818178
46.103866
47.046194
45.829406
45.830370
45.814609
45.821472
45.890127
46.489086
46.716892
45.782531
45.800933
45.803299
46.465759
46.979204
45.873652
46.288548
47.153110
45.931686
45.842699
45.814625
45.829155
45.819175
45.856871
45.838550
46.294262
46.907687
45.825641
45.855278
45.836652
45.844774
46.326538
47.135411
46.156848
45.806698
46.471947
47.207560
46.034567
45.803377
45.833011
45.824896
45.808405
46.467444
46.705833
45.796647
45.826600
45.787485
45.821089
46.184989
47.121643
45.806445
45.817977
46.699696
47.135483
46.198650
45.814668
45.815202
45.766691
45.820648
46.385113
46.842050
45.616893
45.639476
45.631254
45.620904
45.623282
45.611649
46.503129
46.489455
45.815318
45.815813
45.840543
45.802097
45.821016
45.815408
47.228912
46.449076
45.939372
46.210296
47.294453
46.968525
46.022673
45.822096
45.764573
45.848508
47.571247
46.580044
45.981487
46.050071
46.071420
46.079684
45.944914
46.266615
47.235937
46.024002
45.851612
45.822400
45.799830
45.823425
45.881039
45.902375
45.805660
45.863269
47.092596
45.983609
45.888404
45.844132
45.799165
45.815942
45.784736
45.818244
45.795922
45.985177
47.091930
45.880648
45.804423
45.820231
45.793030
45.786575
45.784544
45.821330
45.789165
45.802929
45.755293
46.748495
46.571452
45.794119
45.745270
45.767553
45.758172
46.358480
46.893755
45.783499
45.786356
45.784362
45.771783
46.919413
46.339463
45.787275
45.744497
45.751348
45.759557
47.079262
46.231391
45.828549
45.805231
45.810365
45.877703
47.099026
46.564873
45.777959
45.798976
45.782171
45.792375
45.776426
45.825990
45.803774
45.862583
45.967521
47.125202
45.817178
45.828141
45.819786
45.809759
45.797895
45.791397
45.841756
45.993802
47.098630
45.858921
45.821107
45.754300
45.620755
45.786985
46.923909
45.874969
45.619092
45.619737
45.716355
46.828644
46.086254
45.614899
45.631536
45.730984
45.823440
46.744246
46.304774
45.814982
45.805127
45.833535
45.776493
45.794585
46.101690
47.098593
46.284389
45.779673
45.798393
45.772072
46.586179
47.182608
45.820240
45.818935
45.848133
45.797247
46.635974
46.828998
45.930017
45.950600
45.919539
46.103377
47.174550
46.055420
45.826621
45.799777
45.863618
45.937126
45.951487
46.276283
47.273898
45.965955
45.801457
45.840304
45.843478
46.340937
46.785900
45.783543
45.787424
45.802825
46.579171
47.108874
45.957640
45.785738
45.791840
45.832009
45.898777
45.875227
46.864599
46.369748
45.792860
45.715959
45.639585
45.621282
45.619255
45.634029
46.705729
46.461510
45.614639
46.194821
46.912557
46.448421
45.664363
46.506138
46.918621
46.896192
45.743587
46.124645
45.776800
45.627110
45.625707
47.014591
46.465464
45.722616
46.502741
46.993275
46.100275
46.830825
45.786283
45.765274
48.059791
51.788653
45.778255
45.779872
45.805007
45.657091
45.614186
46.859078
46.927940
45.774133
45.610454
45.799196
45.773897
45.759521
46.502256
46.571356
45.703759
45.642651
45.648652
46.613056
46.628294
45.614632
45.626759
45.655266
46.914218
46.939347
45.684619
45.610319
45.619351
45.623225
45.810162
46.911001
45.616902
45.623841
45.613162
45.612193
45.621586
45.622858
45.606287
45.670948
46.894566
45.835158
45.620561
45.604504
45.599492
45.882923
45.673227
45.608181
45.644394
45.630887
45.616034
45.606164
46.280350
46.993866
46.992874
46.111541
45.683483
45.687806
45.684307
45.675833
46.767939
46.319135
45.685938
45.682756
45.698694
45.687204
45.689793
45.687342
45.674739
45.678040
45.691826
45.704268
45.678547
46.066716
46.832416
45.699530
45.698571
45.800353
45.681980
45.674948
45.683625
45.709734
46.774715
46.089165
45.598992
45.611207
45.638807
45.613801
45.657830
46.916710
45.816857
45.609788
45.610940
45.602890
45.612071
45.658053
46.889091
45.730624
45.620996
45.614644
45.603080
45.654149
46.252300
46.926955
45.708810
45.631417
46.642328
46.341659
45.627907
45.609611
45.607817
45.622246
45.611756
45.612687
46.344185
46.801058
45.898460
45.764593
47.083152
46.293616
45.803341
45.953837
47.083653
46.003529
45.799216
45.807898
45.978701
47.133878
45.863830
51.648985
45.836408
45.830994
45.819844
45.821481
45.820612
45.804077
45.816963
45.776825
45.807003
45.810503
46.010818
45.893885
45.813539
45.813779
45.828263
45.847924
45.838729
46.383480
46.822399
45.906562
45.970512
45.944525
46.407620
47.089511
46.193923
45.792403
45.787650
46.396256
47.093908
46.231903
45.777915
45.791237
45.798220
45.851056
46.404499
46.934795
45.814599
45.788936
45.778498
46.486888
46.800165
45.787158
45.963335
45.814087
45.815959
46.442107
47.261046
46.184306
45.919817
45.928501
45.783543
45.979686
47.105798
46.133581
45.782428
45.825130
45.807530
45.772668
45.773987
46.675004
46.669800
45.776559
45.789702
45.805222
45.798120
45.862906
45.924089
45.876502
46.705592
46.549003
45.780081
45.795486
45.813683
46.096012
47.068202
46.039131
45.790740
45.814730
45.765472
47.007254
47.121445
46.331328
45.799099
45.800937
45.777075
45.790379
45.796560
46.225367
46.975529
45.805534
45.793672
45.805607
45.812084
45.777902
45.795312
45.803808
45.839624
46.875915
46.259832
45.800663
45.806000
45.812816
45.792400
45.802147
45.841746
52.866256
