50
42.931198
44.746103
44.514761
43.922788
42.575224
42.439300
44.089688
44.048338
42.276788
42.377580
42.448615
42.589199
43.571742
44.704000
44.796588
44.831415
45.018401
45.965154
46.058766
45.894035
44.761953
45.551469
45.966108
45.930157
44.829292
45.078433
45.793686
45.811815
45.581307
44.583476
45.604786
46.065016
45.931770
45.478741
44.684375
45.124524
45.988051
45.687257
44.755345
45.486586
45.993739
45.987357
44.692911
45.463576
45.935032
46.062332
45.327533
44.735049
45.990022
45.974334
45.973623
45.436022
44.772594
45.930810
46.038745
45.978684
45.942508
45.897721
45.821667
45.957865
45.929304
44.637238
45.310074
46.053968
45.938002
45.312755
45.531420
46.002634
46.070797
45.529383
44.657853
46.015309
45.983070
45.937861
45.301411
44.762118
45.690117
46.012572
45.835698
44.728333
45.356796
45.968880
45.991788
44.657044
45.415705
45.955095
45.922984
46.044771
45.791022
44.812749
45.680051
46.015552
46.131627
45.241079
45.016481
45.940706
45.935501
46.127433
46.117651
45.400621
44.801442
45.954948
45.984675
45.896762
44.711265
45.178995
45.848523
46.015291
45.943542
45.964755
45.560161
44.713597
45.664849
45.973574
45.361187
44.626526
45.200108
45.847634
45.566358
44.552565
45.027537
45.946723
45.935603
45.930903
45.664046
44.677051
45.371677
45.903988
45.824364
45.480901
44.557327
45.647159
45.791465
45.793262
45.891477
44.720375
45.371463
45.787537
45.862686
45.600935
44.675115
45.554809
45.808131
45.863880
45.434387
44.699036
45.819255
45.936879
45.629421
44.772367
45.859843
45.963933
46.105511
45.739829
44.775345
45.675813
45.933512
45.979978
45.428913
44.752714
45.886697
45.887040
45.857416
44.738708
45.446730
45.931112
45.872506
45.285683
44.702782
45.793069
46.068725
45.980744
45.471021
44.945049
45.927554
45.944343
45.944445
45.024358
45.272440
45.919454
45.946803
45.921389
44.963264
44.861755
45.956568
45.837391
45.178154
44.730126
45.920896
45.908017
45.921497
45.438623
44.555851
45.551259
45.765072
45.756245
45.794894
45.806306
45.764023
44.686004
45.197224
45.948296
45.917662
45.477201
44.562607
45.512735
45.869466
45.914150
45.725444
44.739911
45.453598
45.885431
45.944096
44.906974
44.703636
45.943449
45.932549
45.708591
44.743559
44.997362
45.911881
45.803308
44.917221
45.110640
45.942569
45.965218
45.956863
45.611823
44.774443
45.873728
46.130073
46.024752
45.114628
44.853227
45.940992
45.928266
45.956510
45.771104
44.849308
45.371781
45.881074
45.993775
45.729444
44.723772
45.660614
46.083361
45.969849
45.484664
44.862804
46.022326
46.012127
46.073219
44.918790
45.105166
46.059733
45.955995
45.181165
44.872801
46.025469
45.930363
45.987809
45.525224
45.136512
45.801831
45.793197
45.813403
47.022657
46.899773
45.888295
45.924974
46.287836
47.237386
46.865242
45.932079
46.006591
46.635040
46.968252
45.904028
45.938134
45.889096
46.831756
47.097297
46.370429
45.807642
47.120410
46.511804
45.896134
45.907316
45.962121
47.082271
46.430074
45.814158
46.655060
47.095980
46.099885
45.923441
45.948267
47.171634
46.439210
45.955277
45.896536
45.766025
46.967210
46.431274
45.816982
46.112458
47.079717
46.298175
45.807900
45.809978
45.914022
47.180621
46.401082
45.958728
46.011580
46.006961
47.115864
47.226812
46.169717
45.803390
45.782136
45.767269
46.237809
47.123675
45.912284
45.877541
45.954099
46.267197
47.193814
47.099630
46.231263
45.811874
45.845648
46.424946
47.177457
46.839527
45.929854
45.919111
45.925830
46.061805
47.358040
46.324305
45.941475
45.907294
46.158105
47.112418
47.047254
45.836152
45.799076
46.400935
46.905597
46.645012
45.629008
45.638790
46.386743
46.931848
46.471481
45.619561
46.882000
46.604635
45.907833
45.921986
45.933803
45.947674
47.162224
46.249918
45.786805
45.904729
45.940121
45.970297
46.712879
46.774034
45.811608
45.785911
45.806123
46.765829
46.463717
45.790668
45.771513
46.800670
46.600662
45.622909
45.691635
46.958682
46.925912
45.766838
45.630943
46.862296
46.937039
45.921702
45.972967
46.938145
45.823955
45.601927
45.612643
45.711100
46.313916
46.957130
46.443576
45.534773
46.636907
46.895603
46.102636
45.716670
46.900421
46.914107
45.796371
46.059317
46.914112
46.386578
45.594689
45.598856
45.616455
45.593497
46.530263
46.492874
45.607698
45.774071
46.909718
46.531542
45.612477
47.015665
47.056726
46.500954
45.610433
46.600094
46.914945
45.660275
45.628305
46.231679
46.900715
46.608976
45.609867
45.612350
45.595959
46.792228
46.314272
45.625523
46.783458
46.395916
45.555683
46.732822
47.224964
46.606551
45.852203
45.918097
46.343515
47.091006
46.508204
45.807662
46.900701
47.138117
45.964470
45.935349
46.382117
47.183736
47.245421
45.803387
46.294293
47.176268
46.221048
45.874950
46.680523
47.252869
46.149096
45.952672
45.973159
47.218658
46.449917
45.938837
45.912966
46.430072
47.061475
45.973128
45.971921
45.882374
46.517456
47.224228
47.181127
45.922978
45.911370
46.718041
47.099610
46.807235
45.980049
47.104196
47.183463
46.737250
46.033311
46.205739
47.330560
46.325047
46.064559
46.246042
47.252207
46.503412
46.078027
46.067037
47.111030
47.363630
46.167274
46.237463
47.438285
46.678183
45.965511
45.942237
46.071255
47.241052
46.524583
45.923853
46.337659
47.336607
46.005663
45.984165
45.912103
46.471111
47.099960
46.103582
45.783850
45.799765
46.106144
47.133981
46.400919
45.955250
45.919928
46.003442
46.054088
47.298307
46.279556
45.823676
45.780039
45.786736
46.953882
46.847711
45.847685
45.843734
46.776885
46.744860
46.014290
45.791188
45.849380
45.789470
46.999992
46.659035
45.776427
45.793542
45.753605
45.794030
45.786176
45.794867
45.890072
45.832561
45.840551
46.826212
46.262360
45.916414
45.923713
45.922975
45.824457
45.803149
47.053987
46.779248
45.816402
45.806564
46.037183
47.116306
46.157458
45.831389
45.941534
45.912256
46.134398
47.190581
45.946519
45.936093
45.922549
45.920220
45.817561
45.850779
47.097782
47.116240
45.832947
45.795730
47.064440
46.682464
45.790011
45.811840
46.143661
47.146248
47.321659
46.389773
45.942045
45.808123
47.029322
46.623123
45.786287
45.792745
45.810901
46.650889
46.900850
45.776520
46.026689
47.099786
46.669750
45.804172
45.794780
45.789183
46.224837
47.101007
46.241744
45.810738
45.781118
46.139172
47.096115
46.261850
45.637308
45.632486
46.758139
46.916241
45.785653
45.797928
46.233738
47.268617
46.164823
45.864440
46.333291
47.112756
47.109310
46.072663
45.782211
45.784812
45.794320
47.069522
46.397943
45.789750
47.051922
47.114661
46.280304
45.814253
47.092315
47.111413
46.214398
45.803343
46.939465
46.870619
45.838092
45.784968
45.949291
47.084274
46.508803
45.780330
46.604282
46.856466
45.785721
46.429998
47.041322
45.786862
46.300356
47.078098
46.064439
45.780115
45.788782
47.029712
46.227538
45.803591
45.776846
45.797007
46.465283
47.087192
45.810371
45.795795
46.115910
47.124149
47.102220
45.999529
46.343377
47.078931
46.563307
45.801982
46.052742
47.090791
47.084054
46.261667
45.924755
47.251303
47.278357
45.938340
45.939128
45.948011
46.935136
46.937708
45.776918
45.794989
45.808295
46.975414
46.381318
45.805285
45.794434
45.797748
46.666511
46.584476
45.800157
45.780590
45.789136
45.778408
46.732429
47.091217
46.100647
45.774018
45.794447
45.785681
46.801491
46.564950
45.811130
45.785063
46.576974
46.925469
47.012997
46.318485
46.571968
45.931446
47.099912
46.132999
45.785316
47.064609
46.600080
45.803549
45.806405
45.810048
46.052221
47.087757
45.989693
45.825405
46.158234
47.104981
46.870789
45.781201
46.357570
47.078209
45.784967
45.778207
45.828347
46.673563
47.096475
47.119346
45.938720
45.800399
45.810063
46.467128
46.896534
45.793707
46.492903
47.110477
45.962976
45.801373
45.786338
45.787310
46.721609
46.674072
45.789988
45.811392
45.815083
46.398951
47.090809
46.106325
45.825249
46.426039
47.018645
45.773112
45.802818
45.816376
45.797420
46.986663
46.433380
45.815486
45.817367
46.131990
47.086503
46.441705
45.788766
45.810487
45.801212
47.098246
46.439673
45.779761
45.810517
45.784626
46.830942
46.614834
45.799971
45.797006
52.180512
46.320701
45.781962
45.815252
45.782232
45.801430
45.790461
45.970373
47.073256
48.552339
43.073131
42.713244
42.404855
42.281775
42.279743
42.475319
42.423919
43.312592
44.673166
45.376345
45.805930
46.264320
45.788997
46.883034
46.572867
45.820064
45.793928
45.771276
45.631081
46.490441
46.458309
45.686664
45.679688
46.933691
46.921909
46.110628
45.652892
46.847281
46.939899
45.629340
45.619724
46.277570
47.105122
47.112230
46.220265
45.868781
46.162647
47.154017
46.877212
45.890951
47.211167
47.148124
45.909578
46.456954
47.086767
46.706040
45.956437
46.987387
47.179173
46.320502
45.875286
46.777922
46.691841
45.920495
46.479678
47.235289
46.668914
45.826084
45.798989
45.779225
45.769347
46.765639
47.095962
46.238405
45.795756
46.767107
47.102869
47.093415
46.240852
45.955603
47.092192
46.954669
45.797266
46.057722
47.133234
46.420738
45.796919
45.783534
46.162646
46.758463
45.665033
45.636598
46.433404
46.943581
46.320783
45.649771
46.841426
46.944008
46.635118
45.629935
45.640616
45.651556
46.722249
46.688225
45.802970
45.803277
45.816220
46.690531
46.638228
45.810786
46.600932
47.136212
46.436830
45.803767
45.904578
47.120556
45.954749
45.815479
45.814701
46.430765
47.084563
46.417124
45.822553
45.787450
47.073562
46.789110
45.634115
46.479494
47.052292
46.540528
45.832225
46.971535
46.884035
45.810971
46.390209
47.114850
46.132860
45.841277
45.828125
46.441045
46.924887
45.804975
46.471374
47.126303
45.908869
45.794941
46.743117
47.115600
46.290994
45.928424
47.130405
47.135356
46.013161
45.820060
46.540032
46.881095
45.803284
45.799639
45.887637
45.790147
45.908481
46.975871
46.240794
45.800169
46.245848
47.106651
45.892821
45.820028
45.825461
45.811028
46.378263
46.992441
45.795695
45.827913
45.805048
45.775752
45.810045
45.783054
46.857391
46.646708
45.810717
46.898706
46.442797
46.064635
45.812747
45.796254
45.833027
46.391819
47.018337
45.806020
45.819669
45.779517
46.688342
47.141089
46.212818
46.088896
47.097808
46.892851
45.797989
45.825175
45.834153
46.394241
47.110578
46.237365
45.836621
47.120009
46.433180
45.787668
45.795319
47.089179
47.098404
46.005555
45.831995
47.102457
46.241282
45.811940
47.026250
46.492202
45.799768
46.828608
47.119071
46.300468
46.010585
47.125193
46.747352
45.811279
45.834208
47.081588
46.990649
46.931209
46.930626
46.994812
45.815230
46.224525
47.115629
46.961473
45.830948
45.786151
46.717396
47.114009
46.290804
46.025692
47.121358
47.095521
46.075590
45.821941
52.924773
46.943251
46.792133
45.627316
47.673591
47.012837
46.364483
45.686081
45.702180
45.686822
45.715529
45.961828
47.015675
45.954129
45.715984
45.702491
46.300187
46.917081
46.502064
45.606898
45.639273
45.635074
45.642722
46.334136
46.611335
45.635002
45.634628
46.595109
46.822754
45.607148
46.420401
46.920655
46.520084
45.637457
46.401065
46.777459
45.614963
45.629176
45.638438
45.640285
46.542297
46.928236
46.485929
45.615161
45.786900
45.641175
46.092464
46.786023
45.637215
45.637434
45.639145
46.605974
46.931894
46.678559
45.639558
46.525661
46.925730
46.133032
45.819171
46.930866
46.571786
45.627912
46.044259
46.922657
46.923420
46.156029
45.645009
46.744833
46.927365
45.777386
46.182765
46.920741
45.964376
45.739278
46.922123
46.393199
45.613267
45.608796
46.862070
46.932905
46.082282
45.640004
46.283174
46.923790
46.677025
45.632932
46.455103
46.914424
46.693046
45.622349
46.555808
46.918395
46.276832
45.609893
46.899181
46.938687
46.040093
45.776414
46.955821
46.947032
45.687792
46.230848
46.951371
46.622776
45.649450
46.593817
46.946513
46.215434
45.689511
46.928822
46.950118
45.787356
46.114277
46.953917
46.862819
45.630790
46.435428
46.928148
46.549002
45.624317
46.698819
46.434612
45.640501
45.624546
45.634435
46.875380
46.545417
45.613201
46.317409
46.937836
46.911150
45.626746
46.396798
46.901743
46.745893
45.624085
46.654377
46.910214
46.931539
46.904476
46.419188
45.961682
46.946248
46.943102
45.703764
46.333272
46.922394
46.716019
45.634176
46.574872
46.916228
46.429037
45.635027
46.884089
46.919421
46.392602
45.666345
46.934940
46.917225
46.160504
45.865825
46.943745
46.628825
45.631368
45.624836
46.192539
46.932731
46.715821
45.623886
46.640617
46.944680
46.548476
45.620223
46.748271
46.924382
46.370177
46.193143
46.924311
46.950565
45.747124
46.083065
46.925918
45.841112
45.649350
45.645739
45.621161
46.495980
46.948534
45.837846
45.840376
47.143082
47.104218
46.018794
45.809376
45.803120
46.635166
47.129468
46.157345
45.800098
45.937889
47.262106
47.195713
46.057549
45.805381
46.865307
46.591639
45.799291
46.655981
47.122389
46.873721
45.807390
46.591032
47.114956
45.977683
45.864801
46.071024
47.227918
47.250300
46.514033
45.953971
47.315830
47.312074
46.216192
46.318523
47.349970
47.275011
46.001950
46.496263
47.292748
46.353045
46.252784
47.348369
46.737379
46.081036
45.981783
45.963247
45.967590
46.979208
47.079295
45.959825
46.663559
47.290553
46.841294
45.842623
47.080731
47.226123
46.075421
45.966648
47.385363
46.307187
46.047074
45.951637
45.952224
46.817939
47.116318
46.453608
45.951029
47.277407
46.661862
46.398014
47.227864
46.806109
45.880101
46.950825
47.114720
47.084640
47.113053
46.907902
46.024943
45.824958
45.984393
47.108818
46.531379
45.782450
45.887137
45.982854
47.281444
47.291024
46.389091
46.137516
47.116843
46.486674
45.807755
45.791513
45.812725
46.697986
46.923138
46.001079
45.904794
45.911588
46.010859
46.249006
47.306826
46.001924
45.999489
47.017098
46.777004
46.089221
46.334640
45.969016
45.950816
45.977567
46.850070
46.749791
45.947450
45.958115
45.957506
45.986583
46.968922
46.611729
45.804545
45.823593
46.490149
46.981166
45.795073
45.785541
45.795707
45.798762
45.802172
45.811574
47.058826
46.691664
45.925462
45.850886
45.916553
47.093899
47.109525
46.537633
45.830105
45.837470
47.106446
46.204129
45.897766
45.847217
45.803148
45.892191
47.101888
46.092397
45.927703
45.929079
45.860055
46.476545
46.822072
45.893661
45.936737
45.920295
45.841116
45.879711
46.376697
47.242451
46.069424
45.970965
45.787141
45.814696
46.460725
47.381207
47.045876
45.983260
46.493619
47.112573
45.798287
46.498363
47.231988
46.967939
45.849159
45.807183
45.954279
47.095677
46.926110
45.931644
46.712099
47.264064
46.020465
46.242317
47.109376
46.882148
45.904719
46.073631
47.226584
47.200091
46.169758
46.207440
47.215420
47.242698
45.989652
46.072014
46.001090
45.912813
45.938495
46.772087
46.729772
45.802497
45.910747
45.990816
47.003441
46.488590
45.982336
45.947759
45.847623
46.804668
47.117401
46.468680
46.127684
47.072462
47.047064
45.938767
46.372482
47.087427
47.088179
45.821833
46.503607
47.092829
45.810902
46.487065
47.246708
46.919662
46.192546
47.247736
47.339311
46.059624
46.080478
46.164907
47.223556
46.699064
45.945745
45.949461
46.041326
46.041108
46.666481
47.236249
45.881156
45.870228
47.072824
47.237506
46.514762
46.181130
47.350846
46.795533
45.885086
46.930385
47.233228
46.614235
45.843515
47.245717
47.287171
46.853535
45.936900
47.129474
47.182913
46.438034
45.887771
46.221503
47.225747
46.353942
46.182592
47.207345
46.520705
45.929546
46.001946
46.696890
47.279447
46.884783
45.915810
45.949419
46.752390
47.230967
47.228119
46.277465
45.929175
46.985465
47.227368
46.298020
46.275704
47.235604
46.620407
45.960494
46.003333
47.234409
47.249784
46.275014
46.034628
47.242208
47.258560
45.866915
46.341712
47.078055
46.765968
45.794938
46.994140
46.724098
45.967081
45.930968
46.774747
46.727139
45.924532
45.940656
45.952506
45.903458
46.357187
47.102831
46.695842
45.797486
45.785292
45.785085
45.785159
46.705330
47.049507
45.802419
45.785806
46.928878
46.437777
45.833872
47.081105
47.093852
46.043749
45.830573
47.092146
47.373185
46.193659
46.190584
47.105277
46.094611
45.810797
45.789788
45.794042
46.959730
47.101593
46.042363
45.797807
45.860961
48.653013
46.673409
46.733602
46.813624
45.822728
46.143539
47.092567
47.103922
46.260096
45.869849
47.108342
46.907905
45.787585
45.799415
46.778565
47.128348
47.031217
45.815614
46.680868
47.123086
47.131923
46.017168
45.798426
46.807992
47.121030
46.357486
46.031220
47.119679
47.122473
46.310125
46.246400
42.477460
42.497622
42.487289
42.465804
42.459725
42.377204
42.354440
43.676567
43.495620
43.612561
43.187161
43.563473
44.502089
44.748021
44.794226
44.799083
44.744054
44.790855
45.574326
45.921309
44.990984
44.750073
45.268740
45.945858
45.244521
44.697409
44.687898
45.686296
45.788114
45.632884
44.661065
44.537807
45.651325
45.770398
45.299354
44.672437
45.377211
45.793117
45.559109
44.542936
45.267350
45.949259
45.039643
44.660807
44.700015
45.783227
45.766917
44.730623
44.762259
45.889318
45.928481
44.804060
44.525440
45.610736
45.906201
45.588858
44.673961
45.099662
45.901630
45.950838
44.927047
44.689911
45.736101
45.803225
45.243412
44.680592
44.990868
45.869399
45.930063
44.549495
44.637562
45.913934
45.950924
45.443668
44.630448
45.551320
45.888894
45.687891
44.727051
45.425741
45.906676
45.893197
44.784350
44.606578
46.015761
45.969001
44.717608
44.984445
46.607855
45.935853
45.811527
45.788242
45.839222
45.905344
45.931749
46.436854
47.128100
45.787988
45.795037
45.781729
45.857216
45.910639
45.894153
45.927584
47.278061
46.641204
45.798971
45.822161
45.843788
47.044775
47.108833
46.455032
45.811559
46.826350
46.745665
45.800402
45.781907
45.776039
46.010737
46.936890
47.118417
46.716160
45.908130
45.948808
45.906182
46.577174
47.046954
45.914853
45.954808
45.906339
46.297440
46.954947
45.806109
45.807884
45.777562
45.899184
47.094527
47.095538
45.962192
45.792097
46.290867
47.107547
46.819192
45.802294
45.768902
46.064518
47.112413
47.087627
45.790320
46.175591
47.220083
46.122310
45.957104
45.907094
46.843638
47.073672
45.913005
45.937666
46.982881
47.223133
46.763932
45.937869
45.947906
46.377764
47.105232
47.081373
46.285719
45.815161
47.195763
47.050551
46.776570
45.813837
46.689774
46.797162
45.789740
46.491214
47.951383
47.903568
47.754265
47.745831
47.747022
47.778722
47.763406
47.240491
46.306871
47.519130
47.656630
47.679828
46.488757
47.053205
47.815076
48.200915
52.162016
51.344316
54.078876
53.786507
51.004675
52.217440
53.728972
52.915782
53.282699
53.694294
53.611935
53.614718
51.905604
51.941593
53.281626
52.436939
51.269409
53.419878
53.942734
52.458846
52.167958
53.627763
53.215949
52.335205
53.364990
53.851705
52.764833
52.128186
53.560896
47.692182
47.228766
46.439220
47.604747
47.735173
47.670630
46.518248
46.675431
47.670754
47.639633
52.619750
51.887027
52.368726
47.722133
47.756165
47.305401
46.371270
47.432325
50.035208
47.434086
46.256800
47.532869
47.755426
47.821012
47.571855
46.406782
47.426111
47.747788
47.722621
47.282008
46.386828
47.762309
53.234368
52.693343
52.127854
53.743863
53.537770
51.344000
51.364044
53.280805
52.894629
51.216911
52.744227
54.070671
52.654432
51.579020
52.917408
53.285267
53.367941
48.686850
53.855036
53.836208
52.703975
52.820895
47.763933
47.763447
47.723849
47.306415
46.754039
51.271503
53.791753
51.696205
52.207063
53.735784
52.628643
52.700078
53.770750
52.944367
51.539821
52.944020
53.755212
52.575189
52.920752
53.882521
52.949835
51.949492
52.708789
53.521486
53.274974
52.439570
52.492256
53.654627
52.938376
52.282152
53.529998
54.110777
52.621489
52.691609
53.709989
53.496558
53.035290
53.960040
53.878727
52.222566
51.894674
53.490259
53.903465
52.377792
52.192402
53.731082
53.462862
52.400584
53.555401
53.767253
52.664387
52.396893
53.930279
52.938333
52.225178
53.650124
53.742654
47.016433
46.398924
47.736858
47.737098
47.750161
46.347762
47.006548
47.588936
47.697113
46.437346
47.027736
47.697818
47.642030
46.712531
46.496896
47.766641
50.536974
47.498492
46.302026
47.715032
47.757337
47.083954
46.172552
47.103793
47.773881
47.691702
46.479695
47.033591
47.730232
47.753350
46.556187
46.614136
47.798035
47.795010
46.986360
46.264175
46.041545
45.924049
45.938561
45.920008
45.949892
47.091537
46.524914
45.780496
45.791057
47.063037
47.097496
46.033853
46.214817
47.115544
46.109450
45.763306
45.842903
45.822863
45.792428
47.203007
46.306139
45.903174
45.945118
45.863867
45.839601
46.991801
46.298221
45.924323
46.008920
47.238686
47.222982
46.055838
45.957492
46.009913
45.917602
45.826610
46.967623
46.906315
45.722639
45.604886
45.633308
46.911146
46.441114
45.806753
46.004768
47.014677
45.753959
45.640746
46.459945
46.760942
45.610138
45.630479
46.831187
46.811099
45.636876
45.803265
45.821663
46.128017
47.010759
45.778059
45.789389
45.827323
45.805350
45.800364
46.229383
47.112512
45.853204
45.810984
45.799728
46.147325
47.099173
45.949515
45.807259
45.805639
45.812100
45.896611
47.120905
46.098097
45.786411
45.807470
45.730601
45.662188
46.357723
46.874827
45.711549
45.808631
45.792563
46.503532
46.757594
45.810217
45.798547
45.763433
45.822046
46.779650
46.675717
45.785317
45.784646
45.831502
45.776881
46.996584
46.293741
45.791199
45.771052
45.812061
46.506265
47.076730
47.143433
46.118697
46.507276
47.260594
46.303338
45.646759
45.820367
45.904317
45.912755
45.880671
47.160993
46.269485
45.918735
45.911176
45.926165
45.930582
47.171249
47.106394
47.131379
45.902379
45.914068
46.962165
47.263543
46.201590
45.859259
47.130256
47.097849
46.667308
45.779793
46.804290
47.089418
46.576083
45.765158
45.784077
46.113349
47.098446
46.762842
45.799275
46.580310
46.721182
45.803663
46.185126
47.096292
47.163157
46.362740
46.787596
47.275880
47.163555
45.950527
46.804928
47.091007
46.462099
45.881370
47.087540
47.099891
46.134144
45.799290
46.637603
46.707349
45.863797
45.892434
45.830407
47.184181
47.105073
46.529519
45.914300
45.939842
46.930597
46.823882
45.973940
46.177995
47.232230
46.525758
45.966004
45.944817
45.825847
45.802883
45.912086
47.116055
46.003444
45.771177
45.793927
45.798584
46.443120
47.088146
47.105766
46.034608
46.354227
47.080373
45.785289
45.776018
45.781613
45.770995
46.635792
46.614709
45.800307
45.784824
46.356245
47.090639
46.478332
45.774104
45.776042
45.827735
45.850885
45.786168
45.779580
46.826654
46.555239
45.808401
45.776958
46.910298
46.530218
45.794408
45.788057
46.279273
47.085587
46.599282
45.799155
46.843430
47.074304
46.637712
45.808379
46.970393
47.089775
46.382972
45.786737
45.817572
46.618067
47.127246
46.506386
45.952483
47.104137
46.481084
45.793582
46.338242
47.095541
46.502443
45.784128
45.785938
46.862722
46.664050
45.771748
45.774047
45.807576
46.532323
46.713056
45.769879
45.804614
45.806015
45.789484
45.796471
47.090170
46.796202
45.788923
45.776628
45.797412
46.819354
46.994888
45.794350
45.785891
45.792191
45.770198
46.067094
47.208901
46.215614
45.858779
45.780693
45.824321
45.801849
46.376604
46.759313
45.800547
46.050574
46.590392
47.213264
46.366958
45.941557
46.969053
47.099406
47.180101
46.632044
45.995982
46.055217
46.849681
46.930285
45.985162
45.888303
45.798499
45.867935
46.215600
47.171403
46.082537
45.904435
46.743539
47.037672
45.930735
45.847420
46.534373
47.370115
46.004040
46.386906
47.232956
45.846583
45.673164
46.901603
46.940229
45.679896
51.799021
49.130842
45.998694
45.886864
45.803243
45.804420
45.768616
45.799589
45.797496
45.769751
45.775384
46.911461
46.160913
45.633016
45.611013
46.831053
46.549792
45.610143
45.613957
45.622126
45.618564
45.874825
46.896340
45.765814
45.597689
46.211216
46.905408
46.870502
45.633079
46.345690
46.927405
46.006250
45.648872
46.581136
46.919548
46.403129
45.589021
46.806763
46.922792
46.367704
45.586380
47.104785
46.901797
46.877494
45.612788
45.960008
46.928631
45.928573
45.600375
45.668077
46.947446
46.909729
46.585224
45.640010
45.905487
46.905777
46.914870
45.714595
46.762571
46.925268
46.167573
45.704035
46.897802
46.932938
45.919499
45.925994
46.917497
46.895695
45.989172
45.993176
46.932589
46.857417
45.905735
46.716840
46.914188
46.463063
45.628915
46.819359
46.915023
45.695432
46.167585
46.933548
46.823510
45.648125
46.405688
46.923755
46.639326
45.625742
46.634133
46.911664
46.462094
45.623374
46.882449
46.914547
46.246080
45.716117
46.910834
46.771008
45.636249
46.348488
47.112308
47.101333
68.608888
43.989150
44.097652
44.207982
44.198147
44.980818
44.618099
44.646693
44.780585
44.359280
44.665150
44.301665
45.287507
44.827910
44.277001
44.602394
44.591707
45.500152
46.622637
47.027702
46.790848
46.682640
47.130590
47.960987
47.999673
46.864638
47.626349
53.270000
52.675710
52.303130
53.617248
53.259642
52.070088
53.359592
53.747148
52.648740
52.288295
53.382771
53.533658
52.361253
52.829263
53.125096
51.502964
51.004711
53.231037
52.200853
46.635347
47.212001
47.919965
47.526079
46.415609
47.643417
47.937880
47.942412
47.983129
48.048253
47.557201
46.582968
47.060803
47.933086
47.703084
46.650603
46.626448
47.849656
47.958480
46.563516
46.654813
47.726794
47.710603
46.710341
46.882123
47.921977
47.889864
47.010284
46.414531
47.709510
47.803856
47.084694
46.546662
47.465568
47.775367
47.410282
46.394671
47.046034
47.710792
47.366980
46.496055
47.468805
47.826569
47.901809
46.817782
46.958623
47.924435
47.824145
47.071825
46.630219
47.753430
47.728308
47.230636
46.355547
47.433517
47.821842
47.847275
46.437110
46.868647
47.790474
47.819562
46.921775
46.686392
47.842228
47.671399
47.585176
47.821158
47.306323
46.582444
47.713147
52.845227
52.604418
52.032977
53.504547
53.800773
52.341372
52.315918
53.340572
51.900865
50.967874
52.645110
51.953600
58.144959
69.608666
44.006268
44.554428
45.028743
45.919747
45.913382
45.915079
45.891311
45.867360
45.889652
45.914774
45.911159
45.911746
45.923727
45.912021
45.920576
45.911226
45.865312
45.803459
45.851832
46.308376
47.070479
47.048812
45.788514
46.379803
47.097141
46.564699
46.792711
45.749376
47.635522
53.034439
45.775536
45.790153
45.772183
45.764280
45.923023
45.783990
45.789933
45.779620
45.751874
45.758478
45.804545
45.767640
45.783940
45.747917
45.773595
45.977393
45.785602
45.770952
45.778242
45.782675
45.855772
47.003361
45.754061
45.775730
45.786726
45.770682
45.758746
45.811232
45.772247
45.772753
45.764402
45.784722
45.781110
46.397753
47.070447
46.926981
45.807210
45.778739
45.761600
45.995868
47.070603
46.400157
45.771458
45.767090
45.781174
46.542283
46.709465
45.777104
45.757396
45.771279
46.305833
47.078416
45.777310
45.808227
45.787527
45.757406
45.964958
47.060163
45.959815
45.815060
45.831365
46.999297
47.098463
45.800454
45.761687
45.917590
46.023450
47.091949
45.939699
45.778631
45.768049
45.888374
45.803341
45.793021
45.771005
47.054637
47.137675
46.024314
46.133339
47.062668
46.732804
45.777855
46.566308
47.069197
46.442510
45.800271
46.964898
46.552267
45.743625
45.748295
45.771037
45.793795
45.865759
46.660352
46.661019
45.889109
45.794174
45.844384
45.995275
47.255322
46.350026
45.821579
46.297681
47.172005
46.209620
45.907449
45.921660
45.895685
45.806012
45.876252
45.774758
46.620268
46.541081
45.762924
45.771951
45.754231
45.779455
45.750047
46.424874
47.092175
47.206937
47.101310
45.871988
46.873053
46.859815
45.611380
45.614207
45.586989
45.619343
46.803773
45.925032
45.604377
45.624153
45.612980
45.655926
46.078904
47.098552
45.792103
45.797659
45.895546
46.031758
47.105549
46.174035
46.170720
47.348810
46.431828
46.004625
45.996241
45.832202
45.888798
45.759232
45.817097
45.880550
47.095471
45.949284
45.800951
45.778565
45.817124
45.917458
47.107622
46.507535
45.863366
46.189268
47.236534
46.399840
45.945886
45.929024
45.957665
45.941131
46.270138
47.183495
45.820767
45.779602
45.783117
45.888425
45.785856
47.119189
46.158342
45.782489
46.316952
47.085194
46.539195
45.763911
45.779711
45.640051
45.851066
46.154185
47.118030
46.167675
45.822301
45.765465
45.915090
45.907298
45.775510
46.305547
46.872558
45.753196
45.750715
45.774377
45.807989
45.758946
45.752409
46.756356
46.576226
45.768191
45.788327
46.957853
46.887255
45.776527
45.755688
45.756322
45.784650
46.674616
46.710620
45.775730
45.781522
45.779860
45.750946
45.772976
45.751653
46.888430
46.262937
45.790395
45.766980
45.769109
45.777348
45.771702
45.758291
45.756070
45.788149
46.648768
46.465372
45.772752
45.778451
45.740726
45.781435
45.754527
45.762807
45.800643
45.838687
46.751589
46.369628
45.753385
45.771255
45.747168
45.772673
45.755486
45.752604
45.751012
45.769270
45.738862
46.222570
47.019549
45.764142
45.780121
45.751060
45.765422
45.837699
47.074947
46.089809
45.771093
45.766094
45.791037
46.408680
46.842575
45.752287
45.755266
45.755322
45.773380
46.562569
46.711925
45.761041
45.785001
45.744653
45.763179
46.665939
47.030578
45.785667
45.762324
45.760872
45.761970
45.764249
45.788396
45.775778
46.092462
45.781093
46.734230
46.306098
45.765764
45.772829
45.779536
45.777038
45.767322
45.775788
45.866617
46.959737
46.443877
45.775136
45.737097
45.773637
45.753976
46.736943
46.485564
45.779896
45.759060
45.785685
46.403684
46.719490
45.732247
45.783701
45.730657
45.775363
46.272733
46.763248
45.792828
45.762349
45.757655
45.772963
45.741612
45.789361
46.892906
46.728006
45.775751
45.758127
45.765541
45.783703
46.984119
46.124307
45.767225
45.770507
45.784614
46.027430
47.083651
45.840408
45.769903
45.775586
45.766609
46.602882
46.545551
45.770104
45.743894
45.749546
45.779359
45.751074
45.761992
46.838024
46.350095
45.752291
45.773895
45.772452
45.756514
46.991435
46.001826
45.760067
45.783981
45.882026
47.063805
46.462747
45.755056
45.756256
45.789257
45.764750
45.771880
46.169878
46.944541
45.776848
45.748557
45.768378
45.769849
45.769824
45.757372
46.274184
47.051048
45.860327
45.781532
47.049377
47.050823
45.818361
46.065003
47.138536
47.106636
46.439836
45.902589
46.947258
45.817875
45.890884
46.765105
47.176290
45.932081
46.108745
47.085659
46.731269
45.771985
46.909233
45.779530
46.722967
52.443489
45.820749
45.822747
45.778980
45.775752
45.757555
46.526908
47.076018
46.366740
45.796532
45.791660
45.760653
45.781204
46.097103
47.073703
45.764624
45.834417
45.889824
46.343288
47.059126
45.950478
45.799505
45.827706
46.781367
47.091084
46.218915
45.757016
45.772383
45.767686
45.758043
46.922285
46.168889
45.785610
45.778964
45.763706
45.783786
45.785451
45.762278
45.825371
46.948133
46.483689
45.908265
45.917506
45.877160
45.933071
45.911818
45.821894
45.762098
45.909223
45.760915
45.749601
46.128736
47.077364
47.065362
46.449686
45.758249
45.790482
45.693494
45.599903
46.490974
46.785501
45.865925
45.768208
45.766200
45.848933
45.776915
45.787356
45.782737
45.793645
45.776275
45.803943
45.782288
45.935484
47.095617
45.814144
45.874540
45.945964
45.906754
45.840436
45.757918
45.788181
46.755386
46.438138
45.916680
45.801172
45.752678
45.779838
46.115650
47.240411
46.273408
45.930931
45.958644
45.933702
45.920028
45.910185
47.148001
45.910939
45.640160
45.591946
45.574344
45.594631
46.182282
46.884414
45.746770
45.584706
46.559057
46.359731
45.587821
45.600222
45.597438
45.591004
45.610917
45.591954
46.246161
46.865815
45.967080
45.667447
46.873009
46.148278
45.606572
45.671792
46.879556
45.883209
45.580217
45.589546
45.647536
46.888418
45.774464
51.044356
45.966217
45.764736
45.788988
45.775220
45.793140
45.747272
45.772176
45.757982
45.665333
45.603334
45.627898
45.595893
45.582361
45.576600
45.602064
45.604357
45.624574
45.920519
46.850221
45.599878
45.607644
45.589564
45.606145
46.827305
46.287753
45.599167
45.596626
46.273897
46.850354
46.328523
45.593565
45.608431
45.615398
45.648563
46.169133
47.278228
46.088577
45.905829
45.856381
46.146588
47.229825
45.913117
45.936020
45.942597
45.963172
46.277247
47.337698
46.551332
45.932017
45.917473
45.927538
45.941359
47.175446
46.500883
46.022370
45.936018
45.969826
45.924215
45.844689
46.405706
46.929714
45.977302
45.949756
45.938120
45.828153
45.907722
45.861034
45.756857
46.446986
46.761712
45.859142
45.916344
45.757853
45.832914
47.045571
46.258115
45.868509
45.911316
45.923590
46.698980
47.102527
46.660315
45.931431
45.899900
45.775263
45.751052
45.758571
46.110681
47.215257
45.892221
45.777609
45.735913
45.772244
45.854733
45.750579
45.848484
45.776038
46.623000
46.429961
45.775033
45.871675
45.909273
45.937279
45.925509
45.919110
49.498858
