50
63.334550
59.490693
64.960560
60.383936
58.313224
62.397879
64.182833
67.565203
57.917392
56.560827
55.610909
62.541504
69.519199
57.800993
56.436486
57.155362
63.539095
62.614663
63.670931
59.023871
54.151050
58.611349
60.208819
58.437710
61.041874
58.374388
69.812547
62.780911
69.285986
60.520621
57.170671
60.737730
63.116411
53.685317
52.778462
58.095837
71.931488
77.337316
67.624366
69.901943
66.076535
63.017323
72.146227
73.710869
71.240390
72.784702
64.919238
66.708232
69.841140
68.911847
67.306943
70.209796
67.124645
66.451836
68.000437
69.794786
73.421935
72.410429
69.316277
60.703905
61.508071
63.224821
58.582205
66.721390
61.840982
61.073485
67.018720
61.642270
67.811614
58.101956
62.812536
62.715582
68.571083
65.512354
74.055218
73.766564
74.197673
73.253221
68.860491
66.686972
68.342093
61.340106
59.676948
67.431735
69.835206
69.763092
70.525095
64.629548
63.628662
65.810112
70.614534
81.656511
73.846271
77.094269
69.499158
79.818829
62.759203
61.482112
62.172405
62.767759
65.270472
74.591854
73.022278
75.700628
72.912614
60.985920
67.172915
58.667132
64.312034
61.802807
65.325843
62.454084
66.768903
64.021986
66.334619
59.872419
64.531124
73.462575
68.647616
68.913838
63.791107
69.847601
67.936820
68.065218
69.499445
65.846117
63.347949
70.804793
71.609567
69.626969
65.036594
72.291256
70.979231
75.056892
68.282464
55.790532
56.792656
65.784396
71.808554
62.078372
71.116009
62.872483
64.639842
58.894178
66.076875
65.888590
65.741824
69.544961
71.003172
70.733830
70.078157
61.066811
66.857544
65.058308
66.686737
65.774787
62.528118
68.323906
63.654060
58.097523
60.188625
64.339259
66.935816
66.942735
67.588540
66.164548
70.109522
59.530028
68.206398
64.323368
78.162207
72.527090
75.924383
73.652935
65.333718
70.049361
71.145056
68.055006
70.996530
71.713745
65.828623
59.643617
58.950524
63.919123
61.860420
60.418901
68.303762
61.340937
64.425010
77.803672
67.949739
66.477534
67.242639
62.838023
73.585206
71.666435
67.616841
65.552155
69.826317
72.909336
72.176113
70.966628
65.178267
74.922686
76.859411
76.249172
68.549352
73.568612
71.160356
65.002624
68.730540
63.348285
60.250144
66.384194
57.872219
66.948526
70.802108
64.684357
68.027151
63.616285
64.537723
71.370902
67.222565
78.756101
74.175168
69.308737
73.654154
68.946552
69.645145
75.118315
76.680704
69.798844
69.633442
68.457013
68.816077
70.213578
68.410497
70.517361
62.013519
65.018918
62.536316
66.132901
65.590244
72.044308
65.909326
72.268703
66.603860
63.296834
61.247705
64.267422
67.537344
67.902185
68.732978
68.053903
62.682900
58.612938
59.463363
64.108257
64.986458
67.849537
60.905631
59.219239
61.262374
63.645997
61.393921
63.543901
63.989354
65.561908
61.537080
63.522018
67.168095
70.895658
67.404567
79.275976
79.742100
70.698165
76.393546
72.683185
80.025579
72.268757
67.288455
64.324875
64.683420
67.943361
64.014708
62.597929
65.396455
63.837039
66.550939
63.763449
62.876197
61.274630
62.268599
63.395160
67.491687
65.479892
64.488318
60.984653
61.517678
65.741943
73.836184
58.806386
68.705910
65.015413
59.078656
64.249975
69.457410
58.126075
54.919133
63.389765
62.416823
76.210963
70.770675
74.264846
66.967195
65.937836
63.335671
55.680707
61.724008
69.577168
69.163084
61.578498
67.619455
63.611776
64.886836
71.399104
68.655847
64.113944
65.042760
70.733780
67.981860
66.716932
66.452045
72.792329
67.693327
73.013285
73.083719
67.342947
65.389936
67.416337
60.407617
62.900629
76.036493
70.833495
74.852057
67.861466
60.276072
61.919487
70.905148
62.387247
72.641799
72.925107
69.575585
72.802499
71.824863
71.594620
62.612714
65.451673
61.968142
66.950470
72.014544
73.843495
70.482684
61.616684
60.996454
63.611777
61.579295
66.418953
68.818332
65.474540
57.584166
62.329814
69.494191
66.784317
63.515905
68.709939
68.459385
71.597338
68.426537
72.072553
65.333058
64.987184
71.857541
66.059775
68.245371
66.926874
65.307890
66.050786
70.799151
68.720234
64.800946
59.503203
59.032476
65.720170
63.495022
59.820389
66.961504
68.546939
71.229172
56.861835
57.075593
71.546486
70.782293
60.182563
71.669049
71.303546
80.948490
70.510452
65.383877
64.818265
57.171042
56.877295
60.253258
66.057847
65.923039
53.548925
72.289617
69.778121
60.925105
69.097117
66.983480
61.466549
63.702893
63.082221
65.558834
61.967113
66.640617
61.652066
68.245770
61.300391
63.273846
64.305072
76.658929
59.200176
62.356651
57.140195
72.768306
76.613001
67.256815
65.068748
74.018004
64.318732
62.284304
62.666376
62.348425
60.200333
57.644848
65.576433
63.594628
63.075898
69.569820
75.600460
60.268413
59.991270
68.325867
69.956973
77.290679
67.199262
61.651849
58.821526
68.305459
62.814976
63.121089
60.102600
65.398725
63.217189
64.904252
69.924695
71.531918
68.274217
74.120663
67.432182
69.265824
69.205746
69.775626
70.707283
52.788760
63.880149
63.472805
63.253863
70.619650
66.521659
61.195753
58.573827
62.332207
63.452973
60.781824
61.013317
63.047295
68.971240
66.800324
59.953106
63.449825
67.013649
70.085539
70.382537
64.677266
62.277643
69.661356
65.816849
68.416673
57.552226
59.258962
55.744673
68.864855
73.839020
73.258495
61.038049
60.011025
64.323122
60.232735
61.845552
66.348847
64.715257
68.288441
69.132030
66.639029
65.943391
67.767307
76.365885
70.300512
64.738597
69.791386
68.754879
63.935701
67.436161
65.223894
58.591631
62.396420
61.921861
65.641940
59.166335
70.266532
66.816019
66.323383
71.454807
75.350435
74.171438
72.721827
72.093524
61.160840
62.509490
62.896783
60.605989
66.274976
71.992955
68.096777
70.679035
71.331941
70.510082
75.859104
68.857365
65.914070
66.421997
66.841290
64.808834
65.849262
70.832784
68.350585
68.550712
70.067585
66.493575
73.809306
64.640290
64.108099
65.743832
72.306486
67.172619
66.069273
72.569098
68.731326
72.411691
68.066532
62.566456
63.586825
66.427363
64.044570
63.072139
67.851076
64.893251
64.903263
67.057715
60.665748
65.511754
58.285408
60.409329
63.725248
68.743165
63.976676
67.534610
73.414006
60.173588
61.627686
64.018760
64.607048
80.693222
69.471708
72.438039
60.539923
61.281647
66.413554
67.871860
77.099993
81.195746
63.296266
69.226528
73.426615
71.835324
67.170711
56.609930
66.312477
64.996645
65.264872
63.087494
58.789777
63.696783
63.709532
69.288009
60.024708
60.613069
63.907676
67.077219
64.625984
63.825492
72.100654
70.321010
67.519031
64.991091
64.726729
66.378723
57.129199
64.664743
61.145523
61.060714
70.864579
83.306734
68.648410
71.707087
69.189867
60.822693
63.605227
63.002618
77.209664
68.738167
61.195788
61.351237
60.832141
61.315573
70.529269
65.060974
60.584739
61.401833
68.141769
64.867245
62.008651
57.476923
62.898056
66.093111
66.367804
59.173552
66.777869
70.797434
69.505255
60.416050
64.657620
62.614379
63.647717
57.207488
64.641698
75.277379
62.374535
62.616981
60.807161
70.061413
73.677241
75.006313
73.359385
72.242615
72.478380
69.299106
70.155971
72.912610
68.367887
68.088587
66.190716
64.852171
66.546839
74.199112
64.035624
64.331529
59.956399
63.645991
64.362715
61.828452
61.339280
61.733451
60.370156
68.201499
65.873180
62.656059
63.090975
74.510022
69.741380
61.101047
70.157469
61.364228
71.127120
65.736347
63.955698
63.361845
63.370662
68.539238
68.232405
68.562821
68.743538
64.127353
61.748448
71.332520
71.888065
77.456714
68.350279
70.261458
70.370448
66.852105
61.915536
74.282626
60.029043
65.330662
64.733603
77.817463
80.186789
75.788131
67.030687
65.292104
71.323787
79.439360
71.243666
73.868810
77.547723
80.084136
82.466483
63.703590
66.469221
66.305210
65.196732
81.134471
86.574620
81.108304
68.711741
77.676684
75.982760
69.360643
47.297809
50.133091
63.988879
55.398498
68.177713
66.077255
73.260323
69.631067
63.477761
57.116504
68.838982
60.537889
66.126494
59.086813
62.077342
59.753972
67.724984
56.817019
74.483821
77.819838
78.927337
66.776881
61.430146
60.468019
69.904137
71.241706
71.893253
74.258710
60.515682
63.806375
70.731954
68.521859
69.133321
57.562753
69.244429
72.625667
76.462952
74.526569
71.575063
64.429424
61.488052
62.580745
66.551763
67.892837
65.519849
64.295552
76.407613
75.359379
89.087692
137.064165
62.702138
55.482217
61.100567
64.386205
64.243441
65.096513
61.370513
59.600864
61.473807
55.734869
65.206657
67.974157
51.250933
68.779684
81.019624
77.671455
84.060845
80.492577
86.966748
78.481523
79.202201
72.688244
63.725898
57.105080
57.967737
58.790009
62.604536
55.419682
55.237887
63.950768
62.362996
58.741899
63.437979
78.343513
65.580022
68.112114
62.532006
67.307284
68.929557
68.699650
60.966065
72.468876
70.544203
64.592693
74.046226
69.929217
69.690755
64.393907
64.732842
61.546746
63.924559
64.734554
64.108430
62.338334
62.842689
59.714292
61.016765
63.304932
60.390203
65.294911
69.061200
63.774411
65.465200
69.808423
67.918387
72.561962
65.239158
65.674547
72.822610
60.715195
64.583706
73.982146
71.500803
66.849608
61.445696
66.181831
70.976882
69.064701
67.959127
65.080151
65.610411
61.944337
63.019139
65.630730
69.278680
65.277536
64.398887
62.988540
59.347173
61.701328
63.926496
71.085493
62.799542
64.369728
68.264830
70.939574
67.576820
71.259184
66.694857
67.002894
62.781093
66.431499
66.815647
68.366720
69.921151
64.215168
57.249383
66.048336
63.553599
67.250550
66.711086
58.852935
61.830158
59.934704
57.158467
57.211149
65.995904
76.746188
70.846802
75.221263
73.058540
69.358931
73.817068
58.986113
63.847392
65.099502
68.538549
67.554138
62.609696
66.994713
63.913403
63.567946
62.886772
57.660952
54.053953
60.500664
63.235259
66.509390
64.462568
67.219283
60.679225
63.952164
65.019103
63.233372
71.177069
67.741996
68.520972
66.987046
65.069194
67.387307
65.182274
66.093681
63.852230
70.840594
75.825786
71.513065
72.919057
61.307651
70.136842
66.721340
66.309728
69.173639
73.740605
72.001290
75.707795
64.638071
63.995159
61.881883
59.702893
61.382039
61.853391
61.956388
72.175962
71.454360
74.325127
66.989406
73.777649
67.014465
68.842995
65.144188
60.096015
65.477338
67.997475
59.636163
61.791294
69.133084
66.286520
63.853759
64.217602
63.869533
62.865998
64.614607
63.126774
62.807781
65.416563
68.453081
62.370327
57.773993
52.117230
57.630889
69.645800
59.882400
62.644804
63.721588
72.673588
67.123147
63.443299
67.081070
66.568453
68.891748
70.290969
65.933830
66.707232
72.766686
68.300800
67.159664
69.081957
68.660015
61.246536
61.062875
61.176364
66.115793
63.724793
67.088439
75.034632
68.467031
72.225074
70.405065
58.224289
61.379578
66.809503
66.859011
74.072914
67.374353
61.424602
59.386941
61.341384
60.459672
66.409434
66.938503
74.232764
74.889615
71.775850
66.259249
63.392000
74.898869
78.955595
76.759124
71.080853
60.311236
65.052514
62.312132
62.380356
70.992620
71.889909
71.457853
73.899415
72.662891
63.689062
64.819052
68.685136
61.406562
67.314475
68.738757
66.661937
66.433720
67.225591
60.950660
67.847160
68.560746
65.803050
65.554915
63.118267
62.084373
66.832202
64.778520
69.791296
69.565349
75.687505
67.738886
65.470328
67.993169
72.982751
67.007305
69.559345
67.050030
67.099590
70.977923
72.813198
70.080976
59.723719
70.737626
66.697268
72.987500
77.746575
69.326710
69.890348
70.810963
69.916946
72.652781
72.974120
66.196529
69.218472
67.753440
72.334584
65.424598
62.754247
71.227206
71.827306
79.485827
75.832820
73.183001
63.314448
65.700055
65.781154
61.913513
72.477698
71.488995
56.673819
61.250843
63.991304
52.786613
62.350061
62.981364
68.974630
65.487012
76.585247
71.261742
64.975038
67.224250
65.193727
61.867849
64.767361
66.805910
67.031177
61.430620
67.929233
65.331959
65.444474
79.361413
66.344811
61.897474
67.976127
67.086509
65.124761
69.996100
64.940960
65.928585
64.158856
64.003961
65.394191
71.799338
67.882732
56.848641
54.829359
64.897258
71.469592
60.728054
72.565193
70.961795
68.224944
80.374458
58.968867
54.775784
59.225644
62.152213
65.229015
72.462555
65.709513
76.885190
70.719694
67.814458
72.510391
64.999209
70.100857
72.750585
68.021543
68.532415
66.280789
71.735861
66.935103
69.819168
67.662423
68.100190
67.827346
69.646698
60.954001
74.811548
75.014291
65.014641
64.432752
71.054724
64.699496
66.386380
64.846665
65.414379
64.136065
64.032776
71.911648
69.742613
68.380966
67.999513
63.926616
67.342187
65.122144
68.218196
65.009278
62.926655
58.953664
63.315193
63.984947
65.828646
60.875386
60.040615
57.453446
62.079717
58.580361
64.671263
64.573341
66.687217
60.581500
61.187447
53.751961
56.749799
55.729596
60.173455
57.229549
60.750890
75.690007
64.325637
66.155041
66.071431
67.595111
74.647824
70.282951
68.533845
67.718044
67.981621
69.048886
63.752962
67.902290
63.663129
62.285683
63.013124
59.496698
65.015083
58.700006
61.845180
65.792616
71.044857
74.818808
62.277579
64.860195
59.813421
60.010673
64.603886
63.534303
69.032984
76.809153
65.907274
71.089604
65.929425
66.472393
65.080837
61.865864
67.633010
69.905145
60.952508
59.299645
66.147642
76.364275
67.767134
72.943994
72.514291
69.414328
58.697036
71.654954
78.797693
67.217240
66.731651
65.023843
65.529432
66.011224
65.417175
69.337568
70.386404
70.063338
75.555218
70.404051
64.017707
75.796978
73.023206
73.315649
74.317942
64.343975
59.835947
64.761761
61.227995
72.053033
70.035242
64.453845
64.977825
58.979366
68.261337
66.029279
66.891529
68.465366
67.875576
67.535509
69.610007
69.561004
69.571416
69.947092
69.685656
72.253575
66.939842
71.036087
71.336082
64.953399
61.103343
69.079102
72.586354
68.071309
75.047314
68.921732
71.791172
67.467414
69.182774
66.954453
66.108510
67.054116
71.512456
62.202871
70.530832
67.551623
65.078198
62.498575
65.796244
63.042981
65.885005
67.498991
72.654837
65.236820
68.898395
70.633484
69.270263
70.961136
75.773925
63.147741
66.070181
63.439186
62.175009
64.040881
66.815549
69.242904
60.763367
73.214959
75.025932
68.566709
70.772018
72.747027
69.661550
71.681384
80.754323
78.363619
69.916419
61.474218
71.658100
85.866611
73.030815
67.653459
69.231180
72.817493
68.461286
59.129611
77.167690
77.303667
59.938939
60.053289
66.202812
67.297335
68.732274
69.651081
75.001645
66.340614
74.713185
59.896994
61.053607
61.577210
66.348578
61.532027
61.170603
66.238961
66.540092
65.015060
61.510076
65.182171
61.586861
62.090416
66.234814
70.017440
62.784685
65.621075
57.458192
66.037387
68.804423
62.122941
61.027246
67.461499
64.558396
66.620654
68.415999
66.389332
62.808793
66.031280
65.380682
59.134707
63.071142
64.595887
59.844219
73.607953
69.256618
67.695092
62.817450
66.749871
65.424468
62.996752
58.283852
64.422002
64.552644
64.499121
64.028885
65.284971
68.926320
64.877156
63.373362
61.044624
72.305745
75.338955
72.628562
72.972766
63.006308
70.788832
68.643991
68.260019
69.619129
74.096684
69.184399
71.363817
71.132092
63.248438
66.882038
66.755506
68.008407
66.360909
61.791159
62.894201
67.884550
84.474512
73.778787
65.396180
55.528280
55.658982
61.206672
62.624594
67.091609
71.866302
73.067155
67.417529
60.745400
61.612987
55.987466
55.810845
62.131955
64.225736
66.933324
67.442083
65.831574
69.792242
79.763179
78.374956
79.067211
72.096169
75.367048
69.526799
77.017570
68.017095
75.813954
77.421511
72.452080
70.753696
65.641957
61.323494
59.763487
57.704056
60.822979
64.939040
78.823470
76.824446
78.628393
73.626962
67.165809
59.970620
64.502615
73.175490
65.482848
68.979059
69.092976
66.295177
65.503769
62.677731
69.327089
74.896646
61.554910
64.180091
67.706491
70.048535
63.856057
60.667588
70.820711
60.999777
64.565025
54.779833
70.420628
82.989243
81.001761
73.168082
71.844027
65.468296
69.668043
74.719057
68.143665
62.971816
61.877179
62.655986
64.441224
62.134391
63.088008
61.618102
70.386835
70.205989
70.370454
71.219564
78.914201
65.984761
61.418397
63.793638
75.164871
75.451720
73.355085
73.203872
75.139469
73.368904
62.526756
62.316777
62.505353
64.298454
76.256660
67.252565
73.655220
71.471476
63.733583
73.783632
64.574838
62.335711
73.609252
71.422628
66.460877
61.675438
64.133836
72.352523
74.522039
71.768107
57.757735
59.180313
65.999626
66.990395
69.863712
60.802595
53.919197
57.494448
60.645299
57.025201
58.665069
59.904176
57.980712
69.225868
71.870362
67.336049
76.230461
70.098391
74.101331
77.235242
78.978604
85.952552
117.063664
130.201278
122.795352
134.529570
54.931952
52.507161
70.631332
77.565878
73.489212
75.079911
75.735833
64.965716
64.290889
70.212991
62.674690
68.550314
71.029269
56.042654
72.787789
58.977733
59.444590
57.802986
63.705129
59.876668
60.676589
63.003005
70.192702
69.848736
62.660000
58.517752
64.697385
72.050285
65.057039
54.750330
61.311168
66.436579
66.028668
55.875183
57.682477
59.017513
65.213368
66.417406
62.788593
71.500178
60.872406
62.963542
54.351637
61.297946
62.157707
59.203006
70.919768
66.558096
63.562321
67.125497
70.545379
66.371856
76.076890
65.141946
66.161319
67.584083
68.218300
71.708205
66.042086
61.839214
65.879551
72.251428
72.409128
74.826960
69.936285
63.551880
63.732854
62.663959
64.337413
74.432797
70.437952
74.491364
76.055618
76.904094
63.428595
62.388631
71.435095
68.040853
61.733714
57.627498
74.150715
82.588935
69.464591
62.755792
65.396778
61.583341
63.039567
60.395679
73.065388
68.983677
68.538664
69.626344
68.079860
70.306463
66.002594
76.631726
76.925525
81.691485
69.400860
65.223627
65.063625
63.666885
63.034728
68.668690
69.703861
66.586053
69.088667
76.716341
71.697781
62.615832
86.938263
80.022827
70.653087
67.810185
82.289151
84.896623
64.727299
66.900892
63.966674
60.029607
52.803575
59.099288
58.650870
79.645812
75.563543
73.872834
78.534696
66.869597
64.752969
57.090846
60.794575
56.421884
64.646172
60.946961
69.434711
82.237494
72.186502
70.266563
67.193517
62.090630
63.601454
78.141812
72.902192
63.677211
65.661528
66.036590
59.179517
68.000005
71.008876
72.072531
74.728925
75.843567
73.753940
75.227102
65.318345
65.147228
63.971485
67.942449
65.969112
66.859279
70.450534
71.797348
67.721813
60.688467
70.748739
66.387827
61.865906
62.569281
62.952338
62.196805
65.788924
72.835943
71.040261
66.079777
62.636827
60.563450
63.722771
62.215129
64.715746
62.027940
62.757012
67.071964
63.595698
63.962205
61.859264
63.648701
64.853117
66.880796
61.755195
57.947221
76.135601
60.277569
63.622008
67.455494
72.977316
72.962183
70.679001
72.525352
74.751327
81.077379
81.511825
79.975882
76.188051
71.738301
67.351749
70.862021
70.127423
79.717344
71.647272
79.550673
73.875839
75.968752
73.771052
72.667807
70.356538
73.727655
71.089791
71.261096
67.180355
64.949486
60.383803
71.172419
72.179765
63.113276
63.825816
66.324858
66.268524
61.276647
66.082249
67.409356
64.538490
62.393543
66.577693
66.016991
67.911573
70.914952
65.573526
70.147744
66.187534
65.417196
72.768861
67.771018
76.443612
61.750295
69.816032
61.880798
59.150132
61.811070
64.939496
64.978150
63.200441
65.791087
65.478783
70.449301
75.128354
72.965996
69.090430
68.830008
70.163581
69.488119
69.615328
71.390853
68.335037
59.918244
58.459264
59.882154
63.726127
71.915781
72.365985
67.583417
68.460589
72.728451
63.476056
64.259899
73.600565
61.383511
70.099633
66.180925
63.343860
64.821492
64.153067
66.361014
69.803518
67.667728
77.369453
70.723315
74.264030
69.317444
75.046934
70.892520
57.373137
59.615722
58.621617
70.522032
65.264582
63.065433
68.214734
69.401440
64.905296
64.326546
68.015814
80.474472
77.183209
77.709027
77.429182
78.812358
66.585155
71.097277
66.830213
62.638240
60.312918
62.071564
67.843140
64.778027
63.994970
64.967076
64.658371
55.487567
67.276647
78.801424
65.794168
71.764150
66.764121
65.397281
59.644786
70.314500
69.736603
60.391919
60.667802
65.289358
65.943923
71.021252
65.044714
69.938590
66.955179
62.620275
71.062702
71.109029
68.844911
60.441459
64.828227
61.997077
64.119115
66.533050
66.894249
65.892048
67.492553
62.363200
57.661147
66.969666
73.147047
74.500487
67.167968
68.692312
64.948537
71.065158
72.381969
66.989557
65.125709
67.552268
72.946164
72.755216
61.166558
75.304755
75.599072
77.178401
61.832143
63.644535
57.192764
60.372177
61.332218
64.991720
66.947238
68.433789
68.674674
60.740579
61.852159
64.046885
62.656287
63.174004
66.882863
83.015951
73.563461
68.829636
72.755715
73.995923
71.369763
77.826870
72.903717
64.368888
72.973072
72.320045
77.433991
76.757602
69.828477
75.954103
71.214306
72.125699
68.563496
61.393473
60.230615
78.199564
81.041973
73.031855
70.362453
66.744559
68.063322
62.210747
65.562874
58.933111
66.516629
71.728201
67.490276
79.283718
70.695326
66.644864
73.193202
70.514056
66.387729
67.806168
59.092955
68.112714
69.835371
68.224095
64.522469
66.395080
65.709671
59.583446
69.376656
73.333161
76.403167
69.856779
68.503609
67.412430
60.068710
60.176005
61.673628
61.765574
67.298340
64.289649
66.333301
66.369501
73.686404
63.884093
77.888910
70.816887
65.536006
65.634058
62.461039
58.176516
58.499695
73.099064
70.478920
60.937452
73.868602
64.489348
74.847269
71.797221
69.104692
71.131808
69.429415
72.570454
65.183859
63.863212
64.049594
60.990396
65.910911
67.114162
64.004095
71.205721
68.213471
62.941494
60.977650
67.992852
67.288935
63.192451
66.167280
68.022019
64.773837
68.884242
61.953685
67.501116
67.534370
67.987308
66.685046
64.337746
58.911188
69.837794
73.846239
63.016505
62.850045
70.964248
72.665648
67.490796
60.774978
62.148970
77.695408
73.676846
73.026997
58.139978
59.266432
68.640195
68.681301
72.062329
58.925815
59.067441
65.941081
69.013338
73.317924
74.981941
75.085916
70.056361
61.273064
65.445353
58.215416
58.851136
62.489266
54.484703
73.116874
69.378516
63.141203
59.974806
61.091575
64.509387
62.538199
73.218018
64.189596
66.482149
73.882738
78.578955
73.287621
75.270172
70.961174
58.670261
57.848230
60.385432
65.124357
67.066811
62.778929
61.583160
67.003650
63.763964
64.632865
60.632381
67.280473
70.358799
75.027225
77.451698
73.062703
71.899887
63.589396
58.421160
59.310455
64.693328
66.792288
60.041460
63.112884
57.399325
70.590475
65.155050
62.033193
58.280801
68.331031
59.965795
62.320153
62.932791
66.240179
62.113616
66.428273
71.813826
64.165531
64.844054
64.404051
61.362763
64.424828
75.877767
74.988380
65.210991
77.376203
77.041964
70.351958
63.745730
63.370325
65.941037
66.946947
60.013459
65.706639
61.249189
65.637923
66.781862
64.744032
75.087955
81.342026
76.459675
78.448235
55.461447
63.596727
65.189371
65.719427
68.936486
62.933526
69.020264
61.839985
65.475696
70.704055
65.828558
63.826260
66.584292
62.084722
61.591778
61.890219
64.472937
63.140578
65.032991
63.488654
63.813879
63.795551
71.054063
65.594057
75.285819
69.882918
65.195807
69.696623
69.457779
65.256820
67.521457
64.171645
66.908584
76.493942
62.248460
60.062571
66.323203
63.735161
68.874853
73.252239
71.761700
73.324645
71.764981
73.443520
73.483562
70.420178
62.836106
65.426031
68.372035
61.100410
62.894401
65.934287
60.552372
67.340527
70.482009
61.825325
63.173154
59.971090
69.121080
66.297742
69.324178
58.284741
70.106497
75.753723
63.850022
72.510275
63.676858
64.627719
74.608549
71.375366
66.695641
64.298562
64.966024
63.919238
76.580848
75.533344
76.480359
71.795437
73.560247
69.594828
62.880030
61.569883
71.473661
68.982245
64.568474
65.928846
65.551493
64.366676
64.146989
62.183445
57.344476
59.894513
66.518052
65.154470
70.580954
71.498881
71.581956
62.050798
60.791400
60.955361
57.981603
54.681221
54.813179
57.517277
69.667234
64.607535
64.192684
74.399877
67.744989
58.488464
60.181302
56.805301
70.979279
68.322391
62.869790
66.852139
71.051921
66.298384
68.074444
67.268188
70.208856
67.815806
70.652398
75.019652
75.444242
69.157358
59.007740
69.876318
63.381137
64.642576
74.701625
67.160235
72.798286
57.240897
58.231277
61.665621
70.657821
74.331557
70.202275
75.135778
64.104339
72.445643
65.463423
73.823185
74.563453
64.644860
65.658842
65.901234
70.840196
58.206480
67.226745
54.508625
57.185381
72.802941
75.999569
68.547804
64.848729
69.304110
77.067397
73.964850
75.903245
66.731150
65.999615
65.436552
72.975307
67.981294
67.183778
66.397558
67.255971
69.340315
68.881464
70.989427
69.889292
73.466552
66.308507
80.663014
75.641732
62.599905
66.497375
63.972708
62.607272
62.549941
58.794322
69.557574
65.381363
61.062710
60.068515
70.463971
69.571153
61.500582
74.436972
70.778962
66.946507
70.257075
69.003138
73.090227
67.407466
105.039555
500.594708
77.434660
65.047779
63.206496
66.195522
68.889680
66.162918
64.309460
69.984347
57.944195
51.757503
58.499915
65.296459
65.295206
62.391233
72.157504
72.269221
62.339500
61.856548
63.702819
62.150849
61.812652
64.755524
70.678851
66.639880
58.019613
63.684916
58.793315
58.758171
63.673406
70.130864
69.260123
66.323692
66.369950
72.533776
68.283365
67.943729
61.136257
55.733275
58.620363
69.211208
67.868239
64.462364
63.319142
68.735085
66.740964
78.498629
73.435821
73.289083
72.319394
65.836614
60.211163
65.625725
62.180291
65.586491
64.577384
71.319660
60.927197
71.472788
74.509451
77.739473
71.182282
74.090786
67.939738
69.361440
75.957375
78.762333
64.175710
61.555933
62.173491
59.885505
57.781478
64.949307
62.229793
67.969139
73.242254
65.795716
67.352469
76.226710
85.229091
69.592738
72.026339
68.095212
68.510168
61.730215
64.742482
68.086149
73.345931
76.991643
71.250919
72.692441
77.700596
76.035672
65.297800
59.485436
66.026268
66.264639
69.766911
73.357302
70.068206
66.062067
69.358418
66.203664
62.948091
65.671977
71.963111
73.036285
73.076196
72.689131
62.474602
62.017815
61.773982
67.880233
63.241941
72.086079
72.417404
77.148945
73.225471
74.461868
78.424392
63.838349
69.557100
61.722829
64.448829
60.532647
75.492163
66.085412
68.360011
72.447606
74.271485
73.506885
68.711957
77.782358
72.390397
67.965741
68.579397
77.859137
74.050760
60.261265
66.211850
64.242556
63.831555
61.622508
61.182932
73.035876
72.221003
70.189718
69.935236
75.299836
70.888579
68.084089
64.043222
63.566762
69.772076
72.181376
71.142188
68.824828
66.104500
65.618239
66.565836
63.265272
66.552791
77.445453
79.088214
71.093492
65.082271
59.901959
63.563947
65.486134
62.823272
65.040817
61.917440
62.010824
66.685773
66.971392
58.435403
69.412623
64.063366
66.048918
57.897881
60.130643
68.265852
67.546097
73.234292
69.494656
71.036087
62.400832
61.580080
75.057433
63.375790
68.380320
69.448265
69.774139
70.565185
65.014009
66.287887
61.485549
62.918545
68.225142
62.930158
62.859844
63.954805
68.143544
72.832073
61.673984
64.603726
73.898899
70.112126
65.573433
63.837953
74.470202
69.735982
66.805759
62.724482
57.981519
57.088448
58.146322
66.184363
76.130539
67.118487
66.033403
75.154549
72.109241
69.864228
70.613157
79.456024
72.048036
66.944485
71.542766
65.243418
64.840038
73.404582
67.883179
66.470013
74.005784
74.864016
62.255700
71.378429
61.729411
67.925985
70.430815
63.075603
65.046150
67.075166
61.610422
69.231142
64.497175
66.077913
67.305379
66.090527
62.891925
64.698272
70.290227
78.071573
67.038032
66.805919
63.824930
66.124499
65.395225
64.597113
64.249156
73.556079
61.440220
71.009155
71.420993
69.681638
68.089385
67.326593
57.417538
62.097376
69.893963
70.372214
68.335876
67.122761
70.299521
80.423043
73.380823
71.176765
68.078842
71.553743
65.789705
64.948542
59.568416
60.127336
62.681852
58.601866
63.690334
69.489771
68.999736
56.166514
64.535843
62.126781
61.486864
64.863401
66.243461
57.092155
60.354714
63.847924
64.930353
71.004827
67.847213
64.097768
66.106578
65.762269
59.769464
67.181806
65.325566
56.906477
60.411838
65.233119
63.956323
67.066309
66.363853
74.889429
70.115127
71.741473
62.008977
64.499900
63.465783
72.327258
74.222707
70.907361
64.167356
67.917610
76.221829
69.930895
75.850865
65.374759
70.600571
69.927788
65.929899
63.509068
63.796027
60.884720
59.972421
60.178238
65.355705
59.872541
65.260379
68.873650
67.700732
67.207871
61.784782
64.908268
70.089618
70.307144
68.439991
69.281960
69.021180
64.933074
61.308633
61.411890
63.227025
65.184273
70.484527
66.386115
68.963267
69.485637
74.446755
77.991430
74.111125
73.470044
68.619529
76.790759
68.227792
69.342316
68.771154
69.180755
71.497987
69.827400
68.719604
64.378637
73.036058
70.726255
66.200633
75.523129
68.226065
66.190677
72.684982
67.374794
67.739216
66.155813
64.828612
73.160578
71.685924
69.954671
76.744052
78.772848
71.282264
71.860742
66.186361
67.802203
76.249250
67.584447
69.340101
75.814285
70.145223
66.713886
62.492155
58.414590
62.151513
62.696024
70.804782
62.795149
66.058449
61.673465
60.927239
65.003872
67.478212
58.651438
56.632116
71.254852
65.284956
64.444182
65.491515
58.359284
60.930991
64.334211
60.650717
65.080166
74.148045
73.773751
79.270105
74.258090
73.458391
65.759620
71.133706
65.690383
76.821097
72.126689
66.267587
66.021004
59.223742
68.221880
69.202066
72.940106
69.330561
67.113148
65.534915
70.165629
70.324067
65.873272
76.513584
75.637624
83.853764
80.203744
77.478926
76.549755
70.413835
63.780596
69.058505
62.572567
67.345459
71.345714
72.817870
62.847832
66.903377
67.400208
74.843003
77.209874
64.364865
60.233069
65.210525
70.801442
69.169406
72.977106
72.072145
70.680244
68.426658
64.134721
67.701355
64.249932
65.039164
62.312725
65.322238
62.097026
59.945591
68.605511
66.375797
67.041447
66.925011
66.845741
60.814731
66.310990
70.329280
55.209045
61.875323
63.601709
61.639795
59.801600
64.541699
61.738299
65.930947
75.605984
68.010365
64.102492
66.339942
65.428963
68.822168
67.350283
72.670842
63.807934
62.429517
68.353752
80.436483
67.088549
61.124678
72.647541
65.579178
72.978103
75.112248
72.941396
67.145051
67.275973
71.924091
63.734412
65.691764
63.324648
66.698827
60.715426
61.166523
62.308346
68.070211
60.119061
71.320879
71.159582
63.909637
67.374615
68.534271
59.342239
63.667233
70.830359
77.627604
62.103375
71.418986
65.875286
70.155435
73.696761
65.947880
71.375507
65.569135
65.893769
60.941752
60.813487
54.957453
67.597900
70.912633
75.417670
79.194840
67.611072
74.371242
75.727935
76.543143
76.745940
82.175757
75.191029
81.074612
74.960115
66.073995
69.901890
62.302837
61.898735
63.201981
65.330106
62.275045
57.115458
64.481628
69.768617
60.068800
74.345106
76.049358
76.259053
80.973617
76.978715
69.659002
74.256092
77.498743
84.464353
75.695292
71.670560
75.137826
67.319564
66.075874
57.429562
64.219986
68.387704
75.200572
75.705101
74.913307
64.486492
69.716144
71.975098
61.596482
65.867836
70.460906
62.675033
63.373048
68.599827
68.599644
69.662922
70.265374
62.629192
62.279400
74.782050
74.630667
66.453239
74.796077
72.465390
68.022596
71.742496
74.021202
67.900756
65.113654
62.732653
65.752188
67.805061
61.411326
66.373958
68.196591
67.034277
65.260315
67.385942
68.063495
71.990192
62.118767
74.941969
75.398720
77.810777
66.885024
65.242556
56.190790
60.119192
67.285587
67.888245
62.168457
61.630981
66.035586
66.656452
72.865449
64.489254
70.679919
66.867142
72.833351
76.754889
78.968105
79.471635
69.900682
71.448738
61.673903
67.199737
74.291114
76.298606
74.328065
72.394130
67.336048
62.638661
72.453776
75.809649
69.184929
67.340664
59.965325
64.317772
60.480697
67.327447
69.209123
75.068791
64.737230
68.663967
67.385686
72.427752
62.832674
59.307189
62.383424
57.576345
61.029690
65.359295
67.186526
56.376309
67.647893
61.251618
65.476077
58.892435
57.727338
60.881597
57.107595
64.225503
64.661797
70.148762
68.735988
68.910509
61.784225
64.736678
67.266513
78.477837
84.708692
67.798941
68.916458
61.460312
65.385173
64.552979
67.581581
63.489247
68.260981
67.105967
68.481820
64.029247
60.042321
71.698680
64.898481
64.182644
62.759497
70.862255
57.548423
53.926487
60.241835
69.131852
68.984303
66.670352
56.076089
67.355326
63.656044
63.457204
70.339692
70.827301
74.333149
75.051768
75.226091
69.641397
67.470042
73.242897
72.572147
73.123465
73.550357
73.932376
69.295072
75.285700
58.707381
72.015902
57.766203
59.853444
60.146050
64.213748
72.665306
67.108106
63.892802
63.983962
58.050429
71.068739
73.981681
60.086744
56.293609
51.108694
54.140361
66.418288
64.149665
61.356680
63.426833
67.199295
66.400664
72.643348
66.170429
65.169141
65.902651
72.742087
63.796967
62.256634
71.738057
70.339251
67.629091
65.988586
76.601507
78.742948
66.955110
59.304736
58.368144
59.684356
64.130503
66.261288
68.913231
68.245257
62.916202
62.053400
64.362989
68.850795
67.835280
72.757481
67.543373
75.512138
71.274537
93.702372
107.391665
110.020848
305.649588
