50
135.401306
135.357794
135.404374
135.395897
135.393160
135.372587
135.383132
135.352945
135.360494
135.408741
135.365897
135.377634
135.380422
135.395250
135.403685
135.342574
135.373880
134.928368
135.160752
134.882987
135.071324
135.403783
135.262046
135.331639
135.271738
135.730009
135.374143
135.366243
135.366189
135.372538
135.397501
135.374948
135.393795
135.380972
135.399738
135.325662
135.335463
135.375118
135.349937
135.636127
135.431217
135.369508
135.381557
135.360789
135.351848
135.347800
135.396965
135.404529
135.359246
135.396650
135.394231
135.360897
135.362471
135.382051
135.395445
135.367227
135.370274
135.369835
135.364326
135.397650
135.394037
135.369769
135.392638
135.375877
135.374397
135.360573
135.346773
135.343337
135.336284
135.364222
135.876858
134.628059
133.137732
133.310964
134.801408
133.102891
133.120981
133.355696
135.323096
135.367158
135.361323
135.373664
135.357150
135.348227
135.336805
135.358383
135.629961
135.375878
135.359889
135.409473
135.392840
135.382291
135.346985
135.342380
135.345368
135.360147
135.341933
135.354467
135.834190
135.373516
135.367497
135.413699
135.388427
135.406646
135.367281
135.383601
135.422624
135.367911
135.371571
135.345104
135.342200
135.376234
135.385559
135.369627
135.392994
135.384533
135.407569
135.376502
135.678009
135.394677
135.408998
135.409537
135.394911
135.401359
135.398006
135.408771
135.387451
135.396709
135.436291
135.402240
135.372811
135.398410
135.366878
135.366210
135.387815
135.428220
135.384854
135.406156
135.408222
135.368422
135.382046
135.391386
135.389700
135.387630
135.427356
135.824244
135.374707
135.360306
135.374366
135.397419
135.403983
135.929904
135.368938
135.362090
135.771401
135.359866
135.342248
133.949768
132.707145
133.443400
134.256126
132.437992
133.978915
135.045828
375.381572
134.910108
134.790093
135.669300
135.403706
135.436286
135.388711
135.421557
135.372901
135.376697
135.377028
135.372298
135.909413
135.378136
135.424840
135.405640
135.412988
135.417369
135.413071
135.412836
135.457378
135.443277
135.555801
135.421643
135.388807
135.383536
135.410404
135.383319
135.386220
135.413711
135.446485
135.392502
135.389694
135.400535
135.398974
135.400939
135.423578
135.432546
135.430970
135.414289
135.400048
135.396641
135.387581
135.420916
135.432142
135.667172
135.403490
135.381634
135.399962
135.416675
135.421009
135.415651
135.403368
135.437893
135.769785
135.398195
135.404308
135.387319
135.391251
135.409912
135.420114
135.397371
135.385875
135.372944
135.404654
135.386984
135.367670
135.404476
135.384299
135.395847
135.385294
135.383829
135.399690
135.387056
135.807510
135.421745
135.393726
135.411407
135.397193
135.422327
134.220831
135.483999
135.440958
135.110445
134.612988
133.678428
134.955552
135.107128
134.417137
135.449711
135.363327
134.442526
133.639085
133.290320
134.857592
135.277043
135.159018
134.842946
135.387596
135.028581
135.131220
134.001715
134.748777
135.038468
135.323919
134.268831
134.633963
134.781753
134.964421
134.033167
133.681776
135.471238
135.429362
135.437782
135.430397
135.416299
135.410407
135.437034
135.624307
135.416400
135.419587
135.414325
135.432935
135.436195
135.425494
135.405116
135.453501
135.431963
135.437106
135.403425
135.410605
135.450506
135.435077
135.441735
135.457489
135.447204
135.450555
135.423338
135.424185
135.397636
135.399707
135.453083
135.440596
135.435127
135.441537
135.420421
135.421063
135.429105
135.452457
135.429577
135.377237
135.422615
135.416934
135.422373
135.475681
135.419032
135.411503
135.380686
135.441035
135.426651
135.426754
135.426386
135.420430
135.423065
135.395496
135.737855
135.629202
135.411253
135.456536
135.424604
135.430032
135.402215
135.421035
135.389049
135.410830
135.394039
135.401313
135.420800
135.422593
135.388876
135.373236
135.387727
135.400441
135.414878
135.386491
135.407854
135.394311
135.393703
135.362609
135.372915
135.382902
135.400994
135.428744
135.537980
135.387675
135.447715
135.420916
135.381457
135.410457
135.419892
135.421739
135.390526
135.416895
135.380409
135.414118
135.417752
135.383035
135.393178
135.401917
135.398293
135.400250
135.398898
135.404145
135.382032
135.514842
135.400501
135.396312
135.404066
135.518210
135.392739
135.423391
135.422941
135.423889
135.413738
135.376426
135.403299
135.378262
135.389840
135.382624
135.378172
135.397751
135.389525
135.388210
135.374206
135.391613
135.424213
135.447540
135.424740
135.396645
135.405497
135.407018
135.388482
135.409270
135.403947
135.414366
135.392942
135.365494
135.440185
135.382345
135.375969
135.360525
135.478946
135.386452
135.387817
135.369452
135.410574
135.389160
135.399508
135.406152
135.414758
135.604009
135.407300
135.382572
135.371577
135.413034
135.385848
135.389432
135.402524
135.405258
135.401469
135.564916
135.407027
135.425216
135.425931
135.437044
135.403466
135.417178
135.389344
135.352099
134.902270
135.002754
135.343615
135.239933
135.466541
135.422947
135.415587
135.390134
135.455631
135.433977
135.418440
135.420593
135.420140
135.493307
135.262815
135.213784
135.223932
135.215689
135.208542
135.227244
135.223037
135.224139
135.245114
135.210852
135.226182
135.229948
135.222216
135.230654
135.221076
135.203863
135.233101
135.231634
135.224379
135.230318
135.225864
135.229775
135.239390
135.239766
135.225266
135.443381
135.376928
135.400011
135.273647
133.956482
134.361341
134.309495
134.782437
134.187587
134.187853
134.951059
135.413307
135.457914
135.212823
134.969302
134.421845
134.698378
134.960204
135.277044
135.438220
134.693685
135.174133
135.042872
135.459146
135.395931
135.125809
134.714553
135.183678
135.085372
135.446105
134.744013
134.753196
134.578072
135.087487
134.587787
134.979888
135.406630
135.399653
135.423310
135.410208
135.434435
135.392193
135.416109
135.404693
135.442343
135.609148
135.407656
135.394201
135.406712
135.448302
135.438122
135.433852
135.447025
135.400817
135.253360
135.233231
135.227382
135.270737
135.405050
135.418092
135.418553
135.272605
134.826916
135.032410
135.497166
135.210541
134.813836
135.827240
135.477931
134.680678
135.386723
135.431962
135.393729
135.391637
135.400185
135.401053
135.444718
135.437365
135.371788
135.414613
135.426120
135.416150
135.462538
135.383199
135.380358
135.431746
135.388913
135.382337
135.367560
135.393333
135.403512
135.413092
135.412294
135.416300
135.391436
135.392368
135.426811
135.422720
135.385519
135.372503
135.382776
135.379716
135.388887
135.389613
135.379940
135.380702
135.424690
135.399140
135.441593
135.389216
135.419241
135.418258
135.395935
135.402678
135.408115
135.408616
135.418583
135.430357
135.437912
135.411973
135.403823
135.408738
135.393074
135.376567
135.438917
135.379442
135.410628
135.205466
135.241233
135.269738
135.225537
135.240213
135.206156
135.238273
135.595857
135.563689
135.394184
135.385687
135.362390
135.373730
135.379104
135.413924
135.417999
135.410731
135.384692
135.349290
135.398230
135.357236
135.406004
135.399260
134.702028
134.142933
135.010052
135.385467
134.579193
135.330531
134.991789
134.550791
135.044109
135.114096
134.740118
135.033433
134.748523
135.392400
135.355514
135.340942
135.388213
135.411189
135.404685
135.375056
135.358038
135.382824
135.402133
135.502442
135.196843
134.620707
135.305090
135.180256
134.953393
135.388207
135.381610
134.325771
135.596865
135.401600
135.265747
135.382778
135.157583
133.819380
134.430509
134.288818
134.841144
134.710581
134.959045
134.922405
134.025688
134.989583
133.244170
134.686108
134.759939
134.979193
135.349289
135.255176
134.792717
134.324194
133.820838
135.303036
135.326990
133.744926
135.377558
135.389895
135.176545
134.981705
134.852176
135.198496
134.949619
135.255511
135.381418
135.181872
134.880132
133.933917
134.800022
135.266051
134.864380
135.068182
135.964342
135.203834
135.195524
135.331774
135.355614
135.458639
135.316492
135.241431
135.387934
135.363851
135.396195
135.720846
135.424150
135.433035
135.438497
135.407251
135.434631
135.402759
135.432057
135.407445
135.433065
135.444329
135.392675
135.405880
135.678829
135.592587
135.645397
135.459045
135.437469
135.258434
135.302924
135.621129
135.363595
135.384185
135.376244
135.388930
135.401007
135.388325
135.391606
135.419772
135.383376
135.446296
135.414406
135.420577
135.394116
135.403175
135.361100
135.365598
135.369430
135.355861
135.427133
135.461426
135.400516
135.417396
135.423384
135.421402
135.404635
135.408721
135.435386
135.408631
135.402899
135.400852
135.388238
135.394493
135.426688
135.437201
135.378010
135.383040
135.377754
135.362468
135.370874
135.584717
135.557043
135.389819
135.382133
135.385340
135.354294
135.448717
135.414525
135.510840
135.405675
135.363638
135.378795
135.467641
135.414424
135.467863
135.456656
135.491124
135.421441
135.424536
135.415095
135.253841
135.099997
135.073199
135.112937
134.978919
135.117494
134.716850
135.102775
134.960015
134.880274
134.494249
135.531555
134.832293
134.952291
135.206028
134.695961
135.624593
135.334946
134.613037
134.975972
135.026250
134.462448
135.176775
134.374345
135.268554
136.138748
135.499626
135.062698
135.178675
134.734471
134.955072
135.497927
135.127417
135.428367
135.409867
135.667670
135.472754
135.248281
135.642440
135.979340
136.236698
135.670157
135.270526
135.824923
135.582259
135.283323
135.291599
135.272360
135.262349
135.307820
135.281306
135.265977
135.271896
135.282963
135.148336
135.466314
135.257592
135.234626
135.273702
135.257287
135.271458
135.229620
135.300950
135.270061
135.255931
135.156927
134.934379
133.817643
135.036853
134.592584
134.993561
134.704206
134.496604
135.015569
134.961798
134.851980
134.211046
134.404187
134.100662
134.871892
135.059553
135.114474
134.181320
135.110041
134.481196
133.792160
134.595159
133.629196
134.591741
134.448931
134.362516
135.266180
135.424284
135.257579
135.271536
135.244162
134.690970
134.289736
134.709986
134.704692
134.000702
134.710755
134.829341
134.493246
134.598723
134.671174
134.693083
133.392853
133.948674
134.658157
134.911796
135.261700
134.423678
135.521365
135.975117
136.492389
135.326666
135.270133
135.251154
136.379908
135.976303
134.614282
136.181112
135.457904
135.210592
135.602981
135.378886
135.235643
135.269341
135.109487
135.260063
135.280628
135.267962
135.500895
135.956510
135.964955
135.266233
135.696659
135.299595
135.641842
135.253845
135.854594
135.899294
135.268226
135.241547
135.578274
135.606789
135.850370
136.118986
135.066546
135.885807
135.844912
136.121222
136.542913
136.188834
135.265255
135.283667
135.806452
135.994336
136.319191
135.813098
135.272378
135.261892
135.569108
135.277276
135.268789
135.268132
135.254623
135.950835
136.685446
136.385003
135.265708
135.272059
135.279307
135.262554
135.307614
135.293386
135.261998
135.243286
135.267276
135.307269
135.248460
134.730718
133.691216
132.628284
132.344785
132.187738
132.965114
132.642778
132.193993
133.464122
135.188241
133.378470
133.090277
133.723977
133.448336
134.034927
135.231530
133.838173
135.278739
135.293208
135.261363
135.257359
135.266598
135.239269
135.214411
135.256767
135.281091
135.266475
135.264066
135.283668
135.269746
135.278701
134.588690
135.247358
134.964847
135.265190
135.284043
135.506152
135.268602
135.271219
135.266622
135.258780
135.251756
135.240269
135.253348
135.247900
135.256745
135.246973
135.250121
135.231220
135.242230
135.252046
135.265331
135.243205
135.267331
135.257405
135.254652
135.254553
135.261357
135.270491
135.232746
135.246253
135.247212
135.237235
135.248588
135.240463
135.154983
135.246163
135.288145
135.278630
135.260818
135.259696
135.274793
135.276452
135.274910
135.263548
135.278546
135.252764
135.268799
135.263689
135.282508
135.283236
135.265321
135.251269
135.284129
135.293302
135.268878
135.297026
135.297936
135.296895
135.315189
135.278749
135.289186
135.279578
135.285655
135.273921
135.287640
135.273352
135.333502
135.284202
135.264074
135.280686
135.290268
135.280013
135.271586
135.762147
135.281531
135.288623
135.286380
135.283780
135.279608
135.268675
135.267809
135.293127
135.273845
135.193181
135.276918
135.285514
135.316815
135.322102
135.408491
135.166612
135.267421
135.297230
135.539490
135.284642
135.278460
135.288858
135.298803
135.259179
135.214026
135.269906
135.288355
135.330497
135.304699
135.268319
135.297079
135.263917
135.289790
135.281927
135.292407
135.274672
135.288972
135.289032
135.288107
135.309970
135.257961
135.343073
135.306011
135.308874
135.293975
135.294251
135.280685
135.326924
135.282839
135.288875
135.283810
135.293111
135.271857
135.268704
136.255248
135.388964
135.286524
135.289365
135.288406
135.399378
135.289847
135.283510
135.279793
135.282067
135.281253
135.289408
135.304066
135.327673
135.278357
135.294603
135.261036
135.310307
135.259695
135.293816
135.273761
135.258564
135.295116
135.277525
135.284264
135.285402
135.266582
135.279585
135.282053
134.963450
135.298208
135.302937
135.317306
135.331767
135.363509
135.357973
135.294939
135.325481
135.283354
135.570150
135.299688
135.391855
133.621675
134.887974
134.308100
134.157048
134.602157
134.892166
134.658147
133.957513
134.847646
135.204034
134.670909
134.881979
135.412328
135.276052
135.308347
135.284190
135.272867
135.277389
135.291968
135.263049
135.111845
135.192083
135.268112
135.261420
135.291125
135.301174
135.308570
135.291421
135.270388
135.285543
135.284501
135.267249
135.067595
134.802720
135.142284
135.025970
135.031786
134.804242
135.113957
134.811524
134.497304
135.262184
135.127032
134.688039
134.946589
134.950571
135.238942
135.257647
135.291463
135.438235
135.277461
135.267083
135.273705
135.260014
135.250783
135.243334
135.259488
135.253474
135.273034
135.285794
135.269203
135.254349
135.260311
135.301342
135.298214
135.265942
135.283066
135.266239
135.252067
135.252868
135.284506
135.287475
135.279720
135.285418
135.830607
136.403872
135.293071
135.524146
135.924673
135.542380
135.530702
135.571254
135.683087
135.606202
135.684113
136.775214
135.888000
135.552836
136.403919
135.591726
135.291137
135.263211
135.280118
135.293899
135.280517
135.274193
135.255715
135.262789
135.266366
135.285202
135.300451
135.837866
135.260360
135.297616
135.295550
135.332216
135.300276
135.893248
135.541660
136.202764
135.320522
135.618095
135.278491
135.788149
135.290450
136.312068
135.878748
135.907709
135.279079
135.284437
135.268109
135.434215
135.284022
135.303204
135.273578
135.248570
135.315779
135.285803
135.265847
135.292583
135.663236
136.223098
136.173075
135.680316
135.388717
135.552759
135.684877
136.490855
135.526710
135.746177
135.273092
135.280965
135.298573
135.283680
135.281172
135.308576
135.292610
135.280546
135.297855
135.301059
135.308466
135.310637
135.355949
135.301273
135.292043
135.268100
135.268127
135.293987
135.278634
135.277943
135.275890
135.290659
135.260827
135.291683
135.279795
135.282681
135.296877
135.283004
135.281602
135.280937
135.312877
135.280870
135.281514
135.276935
135.262696
135.283424
135.285789
135.266392
135.310701
135.315910
135.282296
135.301405
135.301825
135.256186
135.282155
135.273740
135.266678
135.295683
135.276463
135.267198
135.272994
135.270625
135.266825
135.266050
135.262616
135.269157
135.277949
135.277487
135.284915
135.288335
135.267966
135.296488
135.287045
135.292245
135.275553
135.279581
135.286172
135.286674
135.288369
135.260683
135.259042
135.270740
135.271760
135.270838
135.285225
135.292156
135.271387
135.240235
135.285944
135.334496
135.262886
135.266320
135.253773
135.249652
135.273127
135.255192
135.424224
135.311675
135.263651
135.268676
135.296462
135.269951
135.292880
135.255410
135.332013
135.273466
135.270380
135.286270
135.269441
135.258116
135.259032
135.294477
135.266980
135.284802
135.253174
135.285762
135.258195
135.247192
135.275350
135.247916
135.285202
135.281611
135.259059
135.306657
135.252894
135.253014
135.265202
135.272534
135.278285
135.256822
135.275389
135.206307
135.502502
135.307663
135.753731
135.302741
136.110287
136.161526
135.635803
134.367392
134.464542
133.857184
134.599924
135.289865
135.182353
135.553117
135.955169
135.278419
135.259930
135.263511
135.282768
135.328959
136.453519
136.929164
135.943529
135.292567
135.309839
135.258678
135.273415
135.285465
135.275124
135.283600
135.067195
135.374627
135.286082
135.325487
135.293875
135.276202
135.253947
135.320384
135.522056
135.321193
135.268137
135.277263
135.327733
135.170865
134.911076
135.367850
135.302720
135.306339
135.299825
135.273236
135.271677
135.318976
135.269884
135.335027
135.255386
135.220798
135.283762
135.280787
135.271605
135.313615
135.314993
135.282868
135.287020
135.260064
135.266920
135.255616
135.288218
135.292173
135.286660
135.282251
135.309403
135.286852
135.300057
135.300253
135.266717
135.286880
135.294355
135.280043
135.306828
135.261075
135.280839
135.266416
135.285575
135.263204
135.299917
135.282031
135.265515
135.276929
135.283886
135.294927
135.282492
135.265742
135.272062
135.282601
135.300194
135.266438
135.278541
135.283094
135.288823
135.742400
135.260439
135.569837
136.294680
135.284447
135.338227
135.868459
135.292547
135.717331
135.288834
135.976443
135.575443
135.259014
135.288540
136.077818
135.306359
135.569204
135.244381
135.249612
135.563119
135.290757
135.294765
135.527058
134.915567
135.305864
135.265073
135.284924
135.675354
135.326200
136.097913
135.572473
136.808936
135.624826
135.275853
135.277671
135.299884
135.892930
135.290338
135.283050
135.853134
135.701807
135.322905
135.285020
134.523996
134.622581
135.088186
135.185486
134.719854
135.205305
134.819103
135.366454
135.322173
135.305905
135.424414
135.306067
135.263443
135.242461
135.291363
135.303012
135.279486
135.295749
135.267708
135.270007
135.305619
135.293402
135.778504
135.288879
135.263797
135.301620
135.286440
135.814051
135.739368
135.482848
133.018470
133.425954
134.257949
134.232346
134.047617
135.297945
135.321020
135.314097
135.305088
135.302882
135.341623
135.341986
135.304770
135.312078
135.316775
135.303179
135.326732
135.332571
135.335860
135.362945
135.304773
135.324458
135.322362
135.357778
135.303477
135.328195
135.869931
134.945853
135.695309
133.262176
133.241091
133.807011
132.722586
133.589956
135.104758
135.333720
135.295593
135.279964
135.301106
135.292442
135.292113
135.286739
135.285324
135.309558
135.287721
135.286760
135.345611
135.307106
135.842758
135.326520
135.766483
135.982433
135.299325
135.306079
135.326007
135.346598
135.308506
135.337020
135.349512
135.283865
135.300119
135.310271
135.282730
135.331280
135.300074
135.300303
135.289074
135.278376
135.288461
135.307442
135.340586
135.331476
134.586257
134.455590
133.968982
133.986076
133.955475
134.436504
134.553129
134.701479
134.423795
135.001265
135.316327
135.290818
135.325792
135.312803
135.283703
135.313479
135.298117
135.276328
133.849482
134.331782
133.621638
134.406230
134.410332
133.398071
134.380399
135.014008
134.552167
135.085530
135.299255
135.296481
134.111924
134.496278
135.071986
134.591036
133.410075
133.072640
135.487207
135.424777
135.283891
135.291857
135.333164
135.337421
135.311070
135.290693
135.310293
135.287852
135.295721
135.287926
135.303812
135.297973
135.278297
135.300274
135.318803
135.307506
135.310895
135.296382
135.324856
135.355966
135.300655
135.323813
135.333129
135.304896
135.301153
135.308977
135.484579
135.332717
134.494530
135.594516
135.981981
136.188452
135.331890
134.707979
135.462532
135.314522
134.832997
134.599017
135.871042
136.319477
136.576175
135.675968
135.367462
135.326958
135.321873
135.285443
135.306803
135.296004
135.326371
136.089054
135.306862
135.324882
135.290187
135.295389
135.297134
135.340779
135.328974
135.292549
135.651568
135.279878
135.525147
135.299436
135.323669
135.963163
135.321937
135.317743
135.387547
136.476050
135.319722
135.610828
135.977034
135.294067
135.054007
135.345532
135.320443
135.296967
135.276599
135.271117
135.343865
135.439601
135.278254
135.277000
135.294951
135.288466
135.293659
135.293737
135.306338
135.270042
135.275619
135.289543
135.258763
134.751553
134.951778
135.311299
135.288839
135.300622
135.273761
135.294940
135.319108
135.309553
135.302806
135.308108
135.278445
135.320007
135.360701
135.311941
135.294018
135.316138
135.328848
135.314724
135.344396
135.238070
135.988854
135.718587
136.176822
135.472367
136.660757
135.593646
135.106506
134.648242
133.881120
135.628137
135.952339
135.210907
136.174070
135.346757
135.291921
135.305157
135.706344
135.320079
135.277476
136.677094
135.736278
135.302539
134.020186
133.727290
133.615830
134.566931
135.824077
135.608238
135.832956
136.097188
135.800308
133.429740
132.351466
133.859839
134.037957
133.108638
132.203756
132.280104
132.652593
134.211366
134.396112
135.212784
134.232582
133.038932
132.385917
133.577370
132.184275
132.280407
134.135019
135.283163
135.267297
135.111908
135.114004
135.116163
135.106270
135.282131
135.165850
134.721888
135.040479
134.819335
134.840045
134.629403
134.760038
135.223354
134.557579
134.850858
135.131413
135.445492
135.286791
135.298235
135.263220
135.322026
133.900977
132.109181
132.373962
132.219008
132.403195
132.377878
132.604525
132.094293
132.117928
132.177021
132.069872
132.106424
131.999074
132.067417
131.951437
132.203643
132.455393
132.140775
132.017914
131.945320
132.188183
134.041746
135.242808
134.708623
135.123411
135.120779
134.659800
134.518434
134.902792
135.308846
135.285310
135.279486
135.246199
135.279311
135.268266
135.273876
135.277003
135.274937
135.286337
135.277201
135.262875
135.287354
135.291721
135.282398
135.356311
135.318521
135.271201
135.255466
135.288516
135.288589
135.294903
135.321911
135.140718
134.106431
133.514115
132.508676
134.372054
134.614948
135.284512
135.286467
134.719687
132.324411
132.526976
132.069535
132.869137
132.189043
132.125146
132.113102
132.982171
132.199648
133.462281
135.274363
135.289231
135.298885
135.269086
135.256934
135.275128
135.048138
134.117246
133.662526
134.361995
135.266506
135.262856
135.304460
135.296427
135.287207
135.295659
135.283411
135.292239
135.327715
135.284600
135.250764
135.253458
135.268337
134.791708
134.133383
132.080022
132.214355
132.182337
132.154194
132.044230
133.745837
134.175554
134.419874
134.592755
133.662823
134.697633
134.336122
134.710797
134.480084
135.258305
135.293391
135.735691
135.355012
135.318024
135.308107
135.272887
135.319909
135.314281
135.315310
135.309596
135.294720
135.294821
135.296679
135.298412
135.296442
135.292712
135.302315
135.314271
135.284475
135.276819
135.284598
135.313619
135.269688
135.299473
135.286431
135.563533
135.510919
135.295942
135.314067
135.535535
135.584352
135.284999
135.343684
135.319715
135.313789
135.327755
135.299091
135.280325
135.290081
135.274770
135.526861
135.295130
135.277341
135.360031
135.342111
135.320609
135.334935
135.870543
136.148180
136.166029
135.355014
135.618539
135.562600
135.848763
135.527779
135.348853
134.657009
134.677910
134.726209
133.958011
132.998541
133.082346
132.965466
134.602345
135.316099
135.283265
135.297278
135.326066
135.021600
133.874449
135.095930
135.127277
135.207558
135.451260
135.294833
135.310178
135.298067
135.311106
135.305220
135.290529
135.312856
135.376708
135.294626
135.310645
134.898007
136.035440
135.305437
135.306753
137.122802
135.320705
135.287659
135.331428
135.233785
132.931362
132.858622
133.049601
133.090112
133.996080
133.318150
134.663523
134.241458
135.259275
134.561287
135.814120
135.300093
135.960935
135.295055
135.567151
136.067436
135.414623
135.743995
136.299520
135.656030
135.737835
135.973717
135.378826
135.117523
133.958468
134.105103
133.995392
134.061266
134.219224
135.973660
135.623713
135.716672
135.453039
136.276350
135.373508
135.305594
134.551054
134.560520
132.933869
134.392936
133.345929
133.317168
135.028759
135.627720
135.267674
135.274852
135.289512
134.071471
134.592460
135.261426
135.274346
135.277587
134.827021
135.197809
135.332107
135.294007
135.282343
135.359912
135.276700
135.287721
135.291749
135.297574
135.284340
135.461969
135.291379
135.313857
135.315500
135.286848
135.305622
135.300273
135.312642
135.299531
135.320355
135.298925
135.278995
135.282838
135.295993
135.307402
135.314943
135.285217
135.311693
135.324519
135.301365
135.299447
135.263559
135.304195
135.277194
135.283864
135.275055
135.296165
135.283917
135.336635
135.268338
135.316324
135.288189
135.276214
135.112675
135.304052
135.071550
135.825850
136.537511
136.445265
135.294815
135.335722
135.294771
135.303167
136.056836
135.402600
135.333226
135.293824
135.295816
135.316300
135.336707
135.329575
135.536231
136.080907
135.467886
135.821819
135.861712
136.251948
135.718166
134.262808
135.189786
134.707238
136.006705
134.402055
135.413714
135.203622
135.706268
135.161434
136.862420
135.106786
134.725063
136.079247
135.625879
135.741728
136.244148
135.312793
135.292799
135.281064
135.289350
135.331002
135.315611
135.310427
135.334901
135.283212
135.306916
135.312962
135.320624
135.312731
135.308560
135.300795
135.322653
135.308918
135.269444
135.274237
135.271454
135.286510
135.270583
135.298497
135.281890
135.265216
135.309841
135.283622
135.248927
135.293429
135.286470
135.276620
135.284417
135.276941
135.294158
135.283901
135.461856
135.266596
135.328185
135.320534
135.291917
135.277796
135.272799
135.303797
135.303470
135.329924
135.277800
135.288163
135.761118
135.282491
135.292884
135.474824
135.355108
135.342426
135.331626
135.325170
135.303081
135.309252
135.320149
135.305887
135.302544
135.268479
135.281291
135.315915
135.325519
135.312580
135.330387
135.307309
135.304207
135.295019
135.281411
135.314113
135.276852
135.312140
135.295158
135.308291
135.279895
135.271541
135.299148
135.281320
135.291906
135.324244
135.335275
135.290048
135.187427
135.136350
135.114077
135.131600
135.266660
135.284299
135.338571
135.303397
135.302989
135.299976
135.335619
135.557491
135.540774
135.653077
135.336139
135.323400
135.323561
135.287894
135.282998
135.336812
135.316510
135.317818
135.327552
135.542474
135.332498
135.311404
135.313555
134.504775
133.232395
132.726038
132.960435
133.161941
135.042661
133.229562
133.159011
133.368416
133.253442
134.385625
134.050139
133.987712
133.663336
135.913686
135.344283
135.796018
134.443607
134.054801
134.235064
134.165185
135.653177
135.178775
135.753354
135.374879
136.314208
135.896928
135.777172
136.388770
135.603350
135.323606
135.309783
135.594307
135.484931
135.303209
135.342116
135.309801
135.355800
135.327790
135.153838
135.339385
135.313108
135.352225
135.237387
135.366419
135.313794
135.309859
135.305996
135.357074
135.285270
135.438115
135.332433
135.325495
135.439605
135.317480
135.172459
135.325617
135.319962
135.268903
135.130861
135.302620
135.314249
135.292611
135.270149
135.292663
135.343383
135.320540
135.302342
135.305810
135.282668
135.327921
135.323396
135.404887
135.328650
135.446915
135.284128
135.085136
135.332310
135.332958
135.341837
135.332447
135.225292
135.336164
135.268626
135.346571
135.288865
135.289343
135.307733
135.330769
135.330605
135.305771
135.319831
135.325377
135.339214
135.352897
135.370781
135.352718
135.326592
135.301399
135.334348
135.319998
135.336970
135.373732
135.321443
135.309796
135.293916
135.314852
135.322499
135.315267
135.282672
135.317114
135.331129
135.317576
135.302018
135.305522
135.303319
135.338140
135.316684
135.315195
135.319169
135.328050
135.314292
135.344975
135.318100
135.303531
135.335780
135.356195
135.288048
135.189391
135.288729
135.314761
135.516234
135.320248
135.283936
135.315623
135.316053
135.324993
135.159227
135.237260
135.337194
135.284555
135.005624
135.023900
135.335853
135.352935
135.283804
135.334701
135.328642
135.351869
135.449019
135.315907
135.221799
135.330115
135.322909
135.342042
135.327877
135.303654
135.304221
135.316500
135.339166
135.453800
135.320178
135.306976
135.302158
135.301544
135.349131
135.342544
135.326055
135.293942
135.310945
135.319392
135.307023
135.368091
135.321219
135.297172
135.288483
135.280761
135.287880
135.324797
135.293106
135.302607
135.289362
135.387851
135.306041
135.314045
135.287579
135.297794
135.303969
135.331872
135.300320
135.301020
135.294052
135.278735
135.274233
135.289947
135.261127
135.303098
135.301167
135.272398
135.295016
135.316009
135.313332
133.544685
132.349130
132.090348
132.144233
132.582558
132.635430
132.304946
132.037085
132.105398
134.469484
134.354254
135.273983
135.302026
135.297557
135.337188
135.285281
135.310876
135.307134
135.280854
135.307405
135.291505
135.304792
135.321298
135.303198
135.304777
135.331207
135.308498
134.353790
135.319657
135.283217
135.302188
135.312414
135.300320
135.313677
135.296645
135.283273
135.301105
135.318502
135.327240
135.401390
135.272713
135.288353
135.289953
135.301605
135.288381
135.285936
135.323802
135.535794
135.298442
135.328810
135.294555
135.311836
135.312185
135.336231
135.331964
135.330671
133.909554
135.295740
134.180432
134.208045
134.499033
135.322886
135.301790
135.312702
135.317875
135.334076
135.317225
135.309755
135.309968
135.294654
135.335771
135.342981
135.321201
135.311320
135.305544
135.350556
135.285063
135.281757
135.282515
135.269535
135.260887
135.282918
135.275155
135.285713
135.278429
135.292245
135.289772
135.287636
135.296460
135.335943
135.328674
135.314540
135.308008
135.304345
135.307687
135.228556
133.476559
133.979958
133.914675
134.003483
134.470383
134.786783
135.318271
135.330938
135.294768
135.297859
135.295636
135.312227
135.305674
134.991360
133.750619
133.973102
134.236024
133.815249
134.570315
133.938854
134.588006
133.089743
131.993488
132.308360
132.449988
132.483224
134.714553
134.376894
134.438095
135.078643
135.226945
135.028238
135.030067
134.876661
134.968413
134.579721
135.102898
135.176407
135.142392
134.678348
134.031830
134.502263
133.924013
134.842837
134.703003
134.143820
134.800487
133.772967
134.456495
134.461707
135.113971
135.164357
134.753503
134.629468
134.754640
135.406195
135.310329
135.319720
135.329134
135.309148
135.290718
135.291010
135.328687
135.310945
135.283668
135.312553
135.309925
135.295771
135.320704
135.364475
135.323241
135.310510
135.299996
135.191201
135.313613
134.783179
135.233488
135.250301
135.301461
135.292757
135.326004
135.258627
135.331551
135.343555
135.332751
135.532257
135.302177
135.327878
135.291687
135.294426
135.397362
135.307172
135.341906
135.309859
135.297460
135.306719
135.300335
135.309024
135.377442
135.311549
135.296955
135.434523
135.298319
135.293089
135.292985
135.277101
135.293584
135.286761
135.286775
135.275081
135.298400
135.291222
135.344768
135.312481
135.322853
135.316015
135.339088
135.281502
135.429663
135.320176
135.301227
135.301390
135.312221
135.273203
135.298621
135.305633
135.317294
135.300528
135.301419
135.292694
135.320424
135.315640
135.285843
135.461915
135.299840
135.300136
135.315529
135.298341
135.307788
134.893023
133.298354
133.079201
134.377783
134.980750
135.235734
135.264070
135.288421
135.296573
135.327096
135.298283
135.292117
135.318257
135.301532
135.297776
135.293906
135.281629
135.299539
135.342318
135.298359
135.315353
135.306204
135.315640
135.322283
135.283577
135.293317
135.285203
135.322129
135.317996
135.346177
135.329125
135.328894
135.319419
135.287712
135.302734
135.300497
135.326839
135.336852
135.316598
135.315010
135.323118
135.314287
135.480971
135.399491
133.938763
133.638619
135.329638
135.314192
134.990407
134.979311
135.378789
135.313250
135.298553
135.328218
135.319758
135.329551
135.321053
135.333370
135.318808
135.329587
135.342118
135.349643
135.343172
135.208449
135.315574
135.314505
135.317281
135.318389
135.317773
135.304682
135.322607
135.347292
135.332678
135.313437
135.299101
135.322705
135.341326
135.352042
135.341582
135.353469
135.336611
135.349032
135.326243
135.356072
135.339354
135.322140
135.323015
135.333923
135.301287
135.315300
135.312785
135.333213
135.304263
135.304848
135.322370
135.323385
135.325041
135.309630
135.302532
135.298180
135.279181
135.300576
135.321636
135.333064
135.334913
135.292100
135.308254
135.353835
135.378099
135.327632
135.342704
135.337017
135.339930
135.350469
135.309775
135.333735
135.342483
135.337549
135.351417
135.347168
135.295046
135.328784
135.313012
135.638116
135.316310
135.297451
135.307892
135.310223
135.321069
135.318291
135.301602
135.312076
135.317631
135.311075
135.314049
135.312282
135.324894
135.332109
135.326181
135.327910
135.308487
135.271878
135.332154
135.303919
135.292206
135.331315
135.303381
135.317196
135.330173
135.341637
135.343441
135.362784
135.289734
135.317023
135.343893
135.307937
135.321520
135.319020
135.312684
135.312344
135.283795
135.299384
135.306986
135.286468
135.318728
135.286510
135.316780
135.285701
135.323667
135.281601
135.282160
135.308418
135.278726
135.319841
135.287275
135.346527
135.302779
135.337826
135.317685
135.298955
135.254284
135.120005
135.341476
135.325757
135.305487
135.333254
135.319592
135.321248
135.265808
135.330347
135.325773
135.315892
134.936427
133.833669
133.902179
133.996672
133.990707
134.249880
133.881433
135.295075
135.321735
135.293438
135.322812
135.321392
135.316628
135.318153
135.323063
135.337840
135.290300
135.296923
135.309649
135.295976
135.418081
134.332090
134.812892
135.295751
134.632596
134.264748
135.347881
134.883415
134.833267
135.012373
134.191125
134.941197
135.277902
135.283482
135.305914
135.300413
135.325488
135.320989
135.332435
134.639854
134.472727
134.914186
134.546267
134.393759
134.498521
134.452117
134.800753
134.484187
133.881355
134.400428
134.061080
134.086279
134.527452
134.298967
134.394343
134.764514
134.665848
134.600536
135.085944
135.371613
134.834585
134.758598
135.195430
135.083695
134.891001
134.700892
135.125824
135.177974
135.288075
134.997921
134.524532
134.946337
135.415550
135.315230
135.318121
135.164324
134.533078
134.501277
134.288781
134.446203
135.342458
135.347629
135.303978
135.309327
134.632338
134.438055
135.098065
135.304683
135.289482
135.283729
135.312949
135.316679
135.323618
135.338279
135.312795
135.306277
135.318726
135.304224
135.336941
135.324587
135.253846
134.693631
135.420917
134.383566
135.320984
135.047661
134.900645
134.189383
134.377634
135.364896
134.771993
135.040896
135.308181
135.300692
135.137116
135.027379
134.594291
135.209866
135.329770
135.301980
135.305779
135.296556
135.284397
135.289898
135.296883
135.262071
135.301044
135.321746
135.312414
135.303218
135.283105
135.304135
135.287014
135.294858
135.280090
135.322319
135.352233
135.281193
135.275135
135.279582
135.286288
135.290900
135.284813
135.296502
135.289931
135.279033
135.323277
135.278483
135.291188
135.258065
134.079574
134.090065
133.766173
133.900508
134.424198
134.612336
134.899692
134.455553
134.556721
134.807562
134.338878
135.134223
135.291368
135.303993
135.003467
135.132116
135.290896
135.312287
135.340022
135.321688
135.316132
135.334303
135.308727
135.333272
135.114949
134.820729
135.306264
135.129015
135.380678
135.408265
135.371654
135.345028
135.066693
135.265974
135.336513
135.320928
135.309669
135.315365
135.322014
135.323762
135.314826
135.323333
135.182611
134.775584
134.137882
135.326764
135.330584
135.365265
135.581008
135.317915
135.315608
