50
135.351014
135.355752
135.321788
135.342722
135.377694
135.342193
135.353831
135.345029
135.347805
135.347141
135.352542
135.371149
135.349436
135.380853
135.353761
135.283788
135.317413
134.886755
135.135208
134.867190
135.064026
135.391056
135.252475
135.298928
135.235534
135.558843
135.351156
135.332527
135.325935
135.327210
135.332091
135.330272
135.335993
135.335768
135.371746
135.321901
135.300214
135.359137
135.344778
135.396937
135.376835
135.327834
135.354350
135.343683
135.348859
135.353784
135.398420
135.374258
135.352161
135.325649
135.340385
135.363045
135.365044
135.356136
135.345294
135.336160
135.311403
135.345062
135.322034
135.364457
135.345317
135.367008
135.342838
135.371625
135.338755
135.346616
135.306639
135.346208
135.353984
135.364557
135.636203
134.669565
133.082980
133.261363
134.831744
133.145782
133.102308
133.297715
135.304795
135.364515
135.342569
135.360833
135.356680
135.341534
135.347706
135.365918
135.622026
135.358045
135.363372
135.384482
135.350967
135.345865
135.352982
135.355065
135.349360
135.352121
135.349811
135.346970
135.601910
135.349544
135.352924
135.379337
135.388591
135.383802
135.381888
135.377203
135.376795
135.397609
135.367508
135.347916
135.342924
135.327826
135.326890
135.333913
135.353501
135.344063
135.339587
135.328683
135.409098
135.347077
135.356762
135.353677
135.376997
135.322402
135.363735
135.336952
135.335980
135.356349
135.330251
135.343826
135.343964
135.362955
135.354860
135.344356
135.363504
135.353285
135.326824
135.358589
135.327802
135.339494
135.320278
135.354135
135.336754
135.359082
135.340541
135.837577
135.337471
135.351468
135.335325
135.347418
135.337896
135.571521
135.335422
135.346860
135.741772
135.341682
135.327548
133.988235
132.706651
133.471753
134.144232
132.359008
134.025399
135.024445
373.978872
136.435245
134.307670
135.369790
135.418927
135.382010
135.397588
135.383303
135.366269
135.413165
135.375672
135.413793
135.860667
135.368023
135.390934
135.365302
135.384968
135.361966
135.389380
135.375307
135.376666
135.361842
135.493148
135.460637
135.379207
135.380956
135.379765
135.380143
135.404986
135.422156
135.425786
135.360222
135.377147
135.359992
135.366451
135.398756
135.378317
135.390296
135.402251
135.375652
135.389261
135.407329
135.390755
135.373516
135.402322
135.632256
135.388253
135.424465
135.417476
135.423121
135.414814
135.416229
135.408591
135.423736
135.417345
135.643114
135.427860
135.387552
135.391091
135.418663
135.424419
135.419703
135.421783
135.391636
135.402752
135.370902
135.377240
135.370105
135.374643
135.403968
135.379720
135.390858
135.396234
135.366895
135.645131
135.418932
135.398886
135.385073
135.399447
135.396814
134.273444
135.291228
135.412337
135.237007
134.467991
133.779073
134.877126
135.120914
134.325358
135.403757
135.414389
134.549813
133.625731
133.342375
134.607279
135.290501
135.161217
134.821130
135.289436
135.017994
134.905087
134.140704
134.693406
135.053318
135.331957
134.326581
134.446932
134.786115
134.961120
133.933671
133.703326
135.426981
135.378984
135.415966
135.369437
135.389704
135.409118
135.391692
135.592811
135.382237
135.360090
135.355306
135.381881
135.405403
135.403813
135.390590
135.443839
135.388924
135.367686
135.382055
135.366092
135.348475
135.407238
135.364009
135.365777
135.413483
135.380739
135.385988
135.370716
135.361068
135.350988
135.368166
135.385030
135.383214
135.381514
135.380698
135.363954
135.381676
135.418112
135.394141
135.346808
135.363024
135.372087
135.363054
135.375544
135.384498
135.403592
135.374168
135.456880
135.418846
135.395123
135.362044
135.396864
135.374534
135.395731
135.840189
135.797518
135.413088
135.431106
135.415491
135.408725
135.376808
135.393802
135.385544
135.391999
135.349284
135.387088
135.398029
135.454153
135.388889
135.382211
135.366107
135.366334
135.374123
135.378863
135.379004
135.386939
135.363521
135.362675
135.369410
135.379146
135.359750
135.383045
135.356026
135.770210
135.665732
135.395515
135.383609
135.377799
135.357477
135.379373
135.375833
135.416415
135.382892
135.378682
135.379896
135.375317
135.401845
135.412255
135.379159
135.371700
135.373745
135.386416
135.387091
135.843941
135.398523
135.388101
135.381090
135.749469
135.401383
135.388605
135.360363
135.397419
135.385090
135.392248
135.393589
135.391653
135.372757
135.384305
135.361964
135.368561
135.417921
135.379569
135.349368
135.378661
135.429603
135.396611
135.417343
135.380853
135.381768
135.381982
135.373356
135.364557
135.377282
135.363008
135.389841
135.384873
135.355999
135.370989
135.373984
135.371517
135.440091
135.363732
135.383363
135.373012
135.381380
135.377798
135.363527
135.398237
135.360424
135.848857
135.384519
135.369836
135.350201
135.350438
135.372591
135.380158
135.391296
135.366824
135.374190
135.878346
135.391285
135.377226
135.366695
135.374841
135.373808
135.372720
135.361614
135.301596
134.951189
134.954837
135.343315
135.394414
135.744420
135.387530
135.369575
135.388373
135.389302
135.407216
135.425870
135.430858
135.376258
135.746545
135.396249
135.371039
135.386799
135.413483
135.369742
135.403380
135.385625
135.377761
135.382971
135.378482
135.374597
135.377477
135.406275
135.399203
135.378389
135.393955
135.364256
135.378402
135.395038
135.385828
135.395302
135.387549
135.378019
135.373337
135.395390
135.732319
135.396463
135.413149
135.246007
134.068381
134.418310
134.166408
134.785585
134.266348
134.106453
134.940074
135.415653
135.419904
135.145424
134.975419
134.576263
134.508481
134.993877
135.332069
135.375907
134.646710
135.195459
134.967662
135.690306
135.385767
135.119523
134.729986
135.115913
135.124079
135.357850
134.887496
134.591243
134.656531
134.951699
134.681660
134.861576
135.362127
135.396337
135.379722
135.380397
135.362756
135.381326
135.385340
135.349151
135.375818
135.617987
135.384064
135.406098
135.401101
135.390812
135.393563
135.367563
135.399508
135.403419
135.397360
135.392198
135.399765
135.379004
135.386035
135.379975
135.376506
135.311416
134.778167
134.929804
135.505425
135.298535
134.680528
135.510707
135.410085
134.715395
135.348994
135.404945
135.384010
135.390418
135.399408
135.390924
135.404387
135.421045
135.373161
135.380167
135.396538
135.395470
135.462593
135.420346
135.361296
135.368396
135.367620
135.368860
135.363001
135.392469
135.369966
135.376141
135.406042
135.384678
135.373503
135.377344
135.388986
135.396049
135.367846
135.376329
135.389889
135.376135
135.391767
135.376871
135.377252
135.376268
135.426696
135.380548
135.382730
135.382998
135.387348
135.384932
135.375467
135.368104
135.379705
135.415880
135.391746
135.385041
135.358161
135.402949
135.406331
135.403277
135.395710
135.408382
135.381462
135.368549
135.386711
135.388977
135.404863
135.411094
135.400835
135.422628
135.402077
135.391829
135.966620
135.803136
135.369837
135.371024
135.361667
135.367030
135.379705
135.383923
135.400719
135.379641
135.396074
135.363519
135.343849
135.356538
135.361019
135.357064
134.749282
133.985172
134.993841
135.409465
134.676916
135.150735
134.999553
134.509524
135.015966
135.044412
134.784371
134.991411
134.713866
135.389888
135.374072
135.346471
135.358386
135.364049
135.373515
135.387251
135.374793
135.382604
135.371318
135.525077
135.249860
134.569737
135.306896
135.150511
134.997662
135.319208
135.286541
134.426550
135.623842
135.416822
135.199406
135.499549
135.131133
133.781958
134.465456
134.258643
134.973454
134.580112
134.979928
134.913599
134.033983
134.973558
133.372454
134.509301
134.757796
135.053447
135.305833
135.328010
134.736104
134.510129
133.723944
135.216573
135.333446
133.711146
135.351091
135.372972
135.166166
135.119313
134.688696
135.144629
135.012729
135.138863
135.381050
135.168764
134.984437
133.904312
134.664139
135.405126
134.723917
135.043116
136.409666
135.247177
135.129373
135.364168
135.351538
135.439258
135.282441
135.238660
135.424218
135.431288
135.376388
135.840072
135.207920
135.333089
135.383798
135.416403
135.368951
135.395522
135.371040
135.363284
135.355623
135.379387
135.342701
135.350600
135.798178
135.576956
135.683069
135.362299
135.395221
135.217237
135.311423
135.775553
135.358378
135.393665
135.362365
135.582302
135.394703
135.401989
135.379425
135.414174
135.371050
135.367837
135.357529
135.379178
135.367097
135.377527
135.358743
135.374894
135.346224
135.354941
135.377114
135.363136
135.363886
135.344853
135.405465
135.373891
135.375894
135.377992
135.387784
135.412211
135.362256
135.400418
135.392477
135.388256
135.405629
135.424431
135.369830
135.400647
135.364449
135.414268
135.389173
135.398951
135.692776
135.378415
135.386077
135.379657
135.365438
135.438020
135.396938
135.480570
135.386796
135.392786
135.423810
135.398848
135.381492
135.423576
135.235965
135.436573
135.410085
135.415545
135.423522
135.415991
135.706739
135.509525
135.407947
135.392948
135.343831
135.409341
135.137414
135.049023
135.250489
134.956705
134.588060
135.295336
134.853939
134.958853
135.300545
134.541534
135.146479
134.898524
134.676938
134.963294
135.090079
134.547160
135.194254
134.526683
134.683745
135.740854
135.180560
135.151992
134.826921
134.770299
134.587053
135.018152
135.151684
135.237176
135.175213
135.183429
135.145584
135.349870
135.343366
135.328023
135.471038
135.316254
135.324782
135.354474
135.318505
135.339775
135.332940
135.341517
135.346341
135.341333
135.350824
135.334503
135.329941
135.325800
135.310797
135.488938
135.182435
135.348777
135.351566
135.339544
135.307344
135.347963
135.338381
135.327109
135.315465
135.236930
134.969217
133.913586
135.091228
134.569915
135.028644
134.704202
134.467324
135.127265
135.015176
134.934062
134.321034
134.472545
134.140331
134.958261
135.087866
135.163942
134.243927
135.140584
134.541307
133.860899
134.615987
133.737044
134.642134
134.548241
134.381419
135.304366
135.565001
135.357163
135.312801
135.306463
134.752159
134.356046
134.777314
134.769527
134.050597
134.792855
134.866551
134.557203
134.613127
134.713298
134.734066
133.380856
133.943523
134.736527
134.980038
134.918155
134.479401
134.813193
135.467221
135.329652
135.344494
135.352500
135.329827
135.323860
135.236434
134.634345
135.142765
135.264264
135.355404
135.342692
135.315071
135.342148
135.334053
135.171423
135.332893
135.326035
135.303588
135.323695
135.332866
135.298552
135.313555
135.367992
135.326227
135.347135
135.326975
135.325146
135.330186
135.333244
135.358371
135.169440
135.356119
135.339709
135.332006
135.101606
135.332482
135.358271
135.358231
135.333639
135.373973
135.335837
135.343577
135.360176
135.339760
135.474807
135.327257
135.332803
135.301421
135.294357
135.335551
135.313576
135.324048
135.307336
135.505968
135.313188
135.281655
135.331983
135.325748
135.339790
135.326039
135.374869
135.317783
135.347656
135.371526
135.335660
135.370967
135.380020
135.225700
133.386809
133.126844
132.451746
132.181945
132.709555
133.101240
132.193835
133.183766
135.171760
133.788073
132.973600
133.709068
133.507433
134.078371
135.269326
133.970632
135.328294
135.329735
135.373673
135.354435
135.356877
135.353258
135.274445
135.342444
135.354198
135.344285
135.351064
135.360070
135.326042
135.334957
134.827887
135.125329
135.040417
135.328918
135.308780
135.596581
135.330387
135.326117
135.320075
135.297638
135.364922
135.339525
135.317597
135.361942
135.338036
135.321879
135.320832
135.327249
135.352370
135.348582
135.356778
135.385677
135.320262
135.376933
135.323233
135.334181
135.363942
135.359543
135.318189
135.304738
135.372705
135.349345
135.340713
135.358851
135.360757
135.329294
135.327124
135.336901
135.320417
135.295077
135.354913
135.336273
135.333903
135.362772
135.371332
135.364925
135.333679
135.373450
135.380977
135.370080
135.361701
135.341625
135.330789
135.319966
135.312641
135.317092
135.345740
135.318943
135.323372
135.353294
135.319824
135.369112
135.331720
135.314160
135.344053
135.330407
135.333990
135.358964
135.277747
135.269179
135.335566
135.364739
135.303015
135.346516
135.354999
135.318775
135.322838
135.347618
135.339164
135.343466
135.347918
135.354313
135.348807
135.270647
135.365680
135.319870
135.356878
135.369114
135.473846
135.238225
135.312987
135.348417
135.618583
135.313740
135.340532
135.306517
135.334874
135.375804
135.366799
135.331102
135.349492
135.358882
135.318598
135.336337
135.334534
135.338254
135.331318
135.338904
135.363847
135.356154
135.357781
135.342218
135.355056
135.373946
135.336051
135.364532
135.340958
135.314295
135.316724
135.312854
135.313115
135.368930
135.314277
135.319153
135.335127
135.352924
135.366806
135.359514
135.374963
135.357126
135.361702
135.309808
135.333107
135.313334
135.311228
135.324537
135.301907
135.326217
135.326231
135.293903
135.318392
135.304369
135.325003
135.324052
135.304902
135.375339
135.346789
135.341804
135.369677
135.336360
135.361015
135.344331
135.347022
135.317955
135.328357
135.346642
135.340631
135.043385
135.378341
135.369442
135.325716
135.392795
135.368664
135.383856
135.322446
135.377477
135.318831
135.303259
135.323996
135.291299
133.810686
134.832940
134.410467
134.182633
134.671449
134.861330
134.710958
134.070852
134.776719
135.266601
134.733235
134.879118
135.489515
135.330379
135.351086
135.318941
135.340405
135.309662
135.333336
135.348788
135.361827
135.328053
135.347939
135.347248
135.341869
135.332031
135.353362
135.339645
135.326139
135.375738
135.355758
135.361428
135.129367
134.920397
135.250646
134.977190
135.130920
134.893821
135.026969
135.014803
134.672036
134.885192
135.250347
134.740321
134.932195
134.984651
135.322193
135.317508
135.330164
135.534729
135.382209
135.371326
135.371417
135.353762
135.324977
135.315051
135.375509
135.345913
135.317283
135.361625
135.367441
135.310923
135.320895
135.351850
135.345334
135.342405
135.324724
135.365538
135.336488
135.359848
135.381376
135.335305
135.334874
135.351363
135.388789
135.342924
135.348762
135.349156
135.341127
135.353623
135.373387
135.340773
135.342976
135.341168
135.351603
135.327657
135.290816
135.331770
135.320484
135.346985
135.339957
135.296100
135.291818
135.330821
135.351235
135.368217
135.293140
135.314420
135.278680
135.313866
135.334906
135.341372
135.302297
135.314161
135.351181
135.320124
135.330100
135.344303
135.328465
135.317038
135.327243
135.358556
135.365715
135.325798
135.354727
135.344524
135.334800
135.363314
135.361615
135.350330
135.349854
135.341740
135.338840
135.308648
135.340974
135.310010
135.343019
135.334480
135.301652
135.322105
135.328538
135.347514
135.330468
135.341078
135.468392
135.324058
135.313709
135.342989
135.384801
135.372742
135.353177
135.365986
135.349380
135.354208
135.339806
135.375528
135.314704
135.321804
135.365807
135.350694
135.332445
135.339275
135.353456
135.318421
135.315906
135.311775
135.307511
135.305299
135.351111
135.328504
135.332917
135.365208
135.344179
135.353547
135.320449
135.327667
135.338415
135.345955
135.368324
135.310309
135.336747
135.336890
135.294136
135.300922
135.356411
135.365433
135.333392
135.300545
135.348144
135.342214
135.322316
135.329658
135.369546
135.307665
135.353078
135.332133
135.347501
135.316408
135.354122
135.308787
135.348912
135.311759
135.330362
135.317293
135.300143
135.346717
135.315674
135.324339
135.328762
135.357331
135.346846
135.335764
135.359564
135.330272
135.312457
135.356977
135.352090
135.348365
135.325506
135.362738
135.326047
135.324620
135.356270
135.339599
135.350344
135.379735
135.365828
135.339471
135.335709
135.509507
135.328739
135.300057
135.335692
135.325958
135.297949
135.313728
135.553751
135.375296
135.368364
135.370456
135.361513
135.338386
135.345972
135.346118
135.382303
135.342056
135.330982
135.335325
135.310451
135.341294
135.326924
135.319862
135.337592
135.335504
135.310672
135.333151
135.361600
135.333786
135.329120
135.347282
135.351473
135.346139
135.331771
135.370392
135.319117
135.319428
135.357211
135.342607
135.322595
135.355688
135.330827
135.245841
135.354191
135.713512
135.531632
135.477360
135.549808
135.479428
135.274777
134.742477
134.345396
134.047676
134.549279
135.307469
135.215990
135.367123
135.326223
135.343159
135.323840
135.320417
135.236196
135.314045
135.331136
135.324467
135.352092
135.374494
135.299843
135.344755
135.336413
135.332300
135.326603
135.329357
135.318707
135.147139
135.354904
135.353437
135.336318
135.336729
135.299334
135.315765
135.386720
135.340953
135.290188
135.334565
135.364392
135.206853
134.934545
135.504928
135.411020
135.344674
135.341342
135.346691
135.326936
135.352652
135.370712
135.377272
135.320173
135.354447
135.258235
135.337552
135.342258
135.361039
135.333124
135.345722
135.371919
135.351183
135.346594
135.346607
135.336202
135.324815
135.338196
135.332346
135.328881
135.356649
135.338516
135.346415
135.341930
135.366591
135.350411
135.323729
135.368715
135.316411
135.325763
135.317055
135.352667
135.332962
135.347228
135.333318
135.323426
135.321837
135.342182
135.330159
135.296546
135.312012
135.330417
135.306569
135.312948
135.306609
135.363114
135.318256
135.320885
135.381029
135.368931
135.343640
135.355487
135.322145
135.347657
135.418566
135.356656
135.320564
135.318858
135.343081
135.364038
135.311777
135.360503
135.330174
135.313972
135.311773
135.322269
135.282674
135.318119
135.333876
135.306025
135.313754
134.994126
135.333841
135.280065
135.349421
136.063505
135.340113
135.312032
135.355428
135.313762
135.329358
135.310046
135.343043
135.331271
135.316885
135.355561
135.330131
135.339630
135.344493
135.370361
135.342086
134.834585
134.432808
135.232295
135.205272
134.749092
135.251409
134.977540
135.412609
135.389691
135.363747
135.184194
135.588725
135.583102
135.251913
135.302701
135.300373
135.278418
135.269742
135.292655
135.272616
135.281197
135.278805
135.264227
135.579982
135.274559
135.265664
135.274865
135.288795
135.278657
135.309255
135.125354
133.031672
133.364806
134.159047
134.207774
134.075036
135.268478
135.300737
135.280367
135.303274
135.335173
135.311024
135.326065
135.339317
135.317789
135.308990
135.303907
135.319635
135.199892
135.266696
135.337990
135.296905
135.311053
135.306396
135.302706
135.310471
135.308823
135.303164
134.731427
135.255546
133.292475
133.187049
133.759832
132.834434
133.531171
135.129544
135.321687
135.313721
135.289423
135.290265
135.297617
135.281326
135.298698
135.292920
135.302870
135.286655
135.296709
135.278907
135.322194
135.400016
135.258721
135.265013
135.300074
135.325506
135.336611
135.277435
135.295856
135.283845
135.334895
135.357210
135.295280
135.274398
135.288367
135.289904
135.335090
135.291923
135.310035
135.281487
135.284164
135.305831
135.284122
135.294152
135.295267
134.580424
134.459131
134.020279
134.064072
133.895601
134.447099
134.462680
134.739828
134.450277
135.358868
135.183415
135.271038
135.326005
135.298227
135.306407
135.332405
135.333253
135.278084
133.945651
134.253273
133.628920
134.419581
134.383810
133.403437
134.319943
135.020883
134.587588
135.029785
135.285374
135.288061
134.102323
134.467444
135.077160
134.536911
133.534799
132.950595
135.324771
135.290201
135.297698
135.303153
135.329974
135.327223
135.294040
135.514494
135.295185
135.275887
135.282918
135.285519
135.663332
135.328452
135.642091
135.287154
135.299776
135.296918
135.299787
135.286477
135.295534
135.282584
135.293515
135.323390
135.315238
135.293433
135.281994
135.292905
135.459015
135.598604
134.462563
135.201546
135.274684
135.385736
135.068536
134.683669
135.062173
135.311172
134.986767
134.401465
134.865491
135.324015
135.270958
135.308121
135.322052
135.295854
135.308050
135.298243
135.296006
135.299444
135.306566
135.356271
135.302924
135.300646
135.308198
135.274970
135.313399
135.297671
135.291070
135.289056
135.271174
135.288847
135.266493
135.282729
135.271317
135.284997
135.285201
135.259537
135.263530
135.263752
135.280818
135.266600
135.269924
135.296657
135.000849
135.272274
135.901015
135.286856
135.572777
135.307552
135.307028
135.967005
135.704263
135.796059
135.289719
135.636531
135.286848
135.276750
136.129162
135.289574
135.282248
135.292065
135.921150
134.973867
135.192527
135.291900
135.550602
135.296428
135.295903
135.297415
135.307892
135.314566
135.287495
135.263699
135.290042
135.293463
135.362443
135.289626
135.289537
135.295016
135.290774
135.294229
135.309758
135.201904
135.273232
135.285057
135.270266
135.488562
135.276943
135.319454
135.103839
134.721532
133.419482
135.278917
135.246194
135.263061
134.967484
135.320914
135.300534
135.291094
135.278106
135.283505
135.279420
135.274372
135.305196
135.264507
134.251734
133.508260
133.680166
134.231994
135.045781
135.164268
135.284684
135.312661
135.258149
133.726967
132.211737
132.651584
134.072033
132.427903
132.283716
132.194584
132.296159
133.057530
134.572725
134.492348
134.809760
132.555994
132.612598
132.831502
132.227189
132.321847
133.523663
135.318843
135.457626
135.286354
135.589074
135.280727
135.276296
135.250280
135.573142
134.681286
135.244564
134.878111
134.828970
134.721320
134.998221
135.677453
134.674968
134.763636
135.194370
135.882550
136.433424
135.565934
135.280072
135.307633
134.434933
132.164444
132.657019
132.730534
132.410257
132.367964
132.606262
132.185514
132.076304
132.191707
132.095975
132.099191
132.088505
132.029564
131.999732
132.108331
133.143974
132.135294
132.055918
131.990358
132.169622
133.513284
135.251142
134.778845
135.082035
135.000621
134.917688
134.308379
134.907281
135.315683
135.595854
136.691000
135.581738
135.836261
135.734573
135.271520
135.615023
136.338405
135.795373
136.576217
135.951804
135.940842
135.836924
135.415993
135.253156
136.037685
136.622188
135.920148
136.241616
135.291793
135.607215
135.852564
135.192879
134.068366
133.674637
132.296960
134.698478
134.714328
135.278265
135.521918
134.888939
132.319470
132.557099
132.066414
132.876547
132.136886
132.170629
132.089772
132.972475
132.246673
133.269460
135.263681
135.276072
135.299930
135.265412
135.281399
135.269764
134.990706
134.283092
133.678707
134.238770
135.259922
135.258389
135.291266
135.300116
135.280216
135.296880
135.277705
135.308450
135.309134
135.313728
135.255991
135.295921
135.302542
134.959416
134.159650
132.025325
132.197253
132.210608
132.165753
132.041664
133.519187
134.244025
134.351974
134.573408
133.691496
134.693519
134.377228
134.669783
134.445523
135.248453
135.285734
135.473598
135.267747
135.294714
135.864533
135.289054
135.375030
135.294136
135.323433
135.296798
135.299859
135.282092
135.299217
135.297151
135.352265
135.281464
135.284329
135.282388
135.288263
135.284490
135.281781
135.307809
135.280649
135.287894
135.293297
135.280627
135.493318
135.305814
135.296858
135.264877
135.278647
135.288628
135.318065
135.294507
135.303943
135.284186
135.293095
135.280972
135.293673
135.277822
135.329391
135.518299
135.281882
135.648183
135.299812
135.306364
135.274889
135.550951
135.329450
135.310281
135.262691
135.282018
135.287648
135.280339
135.262715
135.285291
134.898644
134.492592
134.971690
133.988579
133.256586
132.906447
133.001180
134.598366
136.561458
136.451674
135.761109
135.284078
135.499982
133.750129
135.565513
135.605967
135.604389
135.862837
135.282058
135.273679
135.335758
135.955217
136.372656
135.269228
135.275554
135.279950
135.300311
135.303004
134.961922
135.179254
135.282475
135.266325
135.496058
135.145331
135.304571
135.906607
135.348408
133.036211
132.940236
132.932763
133.214988
133.877645
133.398270
134.646051
134.769652
135.562832
134.347827
135.301438
135.300624
135.276711
135.278925
135.290511
135.287838
135.281890
135.275587
135.294072
135.267865
135.268996
135.295267
135.297967
135.111929
133.930593
133.959803
133.903445
134.055570
133.852006
134.982938
135.276974
135.290405
135.275767
135.292508
135.402197
135.972454
134.667397
135.504742
132.891087
134.401391
133.475881
133.370724
134.880347
135.727641
135.660299
135.572253
136.015723
134.307954
134.422432
135.991375
136.491683
136.788187
135.973106
135.072101
135.287522
135.290344
135.286363
135.284730
135.294748
135.280883
135.772249
135.566583
135.305830
135.917642
135.550648
135.591487
135.312429
135.308761
135.616942
136.272369
136.804035
136.551520
135.378423
135.285696
135.281024
136.361168
135.542491
136.066343
136.030991
135.786624
135.826860
135.327906
135.305459
135.651777
135.273479
135.292357
135.299169
135.276038
135.282840
135.298615
135.307767
135.284864
135.271249
135.335246
135.308050
135.312085
135.135680
135.311232
134.976882
135.297245
135.267276
135.315599
135.303918
135.324849
135.290113
135.294217
135.219464
135.374194
135.296700
135.283219
135.296481
135.304834
135.303042
135.311263
135.311334
135.487964
135.318060
135.284961
135.277668
135.300402
135.285886
134.007666
134.803168
134.280364
135.286289
134.146644
134.877859
134.727561
135.279682
134.553267
135.247575
134.676976
134.567095
135.145380
134.880566
135.275650
135.300375
135.045165
135.185208
135.272719
135.270927
135.825679
135.311038
135.593726
135.293321
135.263773
135.304547
135.287638
135.272936
135.355804
135.276611
135.503497
135.583159
136.039508
136.958521
135.511030
136.381547
136.525805
135.302873
135.312673
135.768506
136.484610
136.127362
136.581929
135.847671
135.546836
135.731227
135.299530
136.327280
136.105242
135.308562
136.186970
136.227529
135.787981
135.284291
135.382976
135.291121
135.270352
135.295813
135.269584
135.834269
135.920021
135.954809
136.467683
136.396871
135.292903
135.356840
135.439803
135.292307
135.294450
135.281264
135.274684
135.270095
135.291415
135.293991
135.286137
135.261039
135.271549
135.256627
135.280668
135.309495
135.278194
135.277441
135.288575
135.284383
135.290804
135.284373
135.473150
135.274221
135.252706
135.474140
135.278415
135.264740
135.273843
135.728081
135.293787
135.281655
135.307436
135.306517
135.285168
135.358306
135.284412
135.300897
135.266493
135.275264
135.264002
135.288788
135.285921
135.283489
135.304981
135.303872
135.290142
135.596561
135.276772
135.330306
135.281475
135.301831
135.281062
135.284215
135.311874
135.274890
135.291936
135.288781
135.286912
135.302353
135.288603
135.314385
134.416200
133.262696
132.734114
132.935515
133.152925
135.106893
133.159781
133.130265
133.277500
133.235184
134.426413
134.052302
133.925726
133.643339
135.144823
135.300942
135.295473
134.200249
134.026687
134.260888
134.100572
135.144245
134.821096
135.477380
135.315251
135.289936
135.279553
135.293327
135.108085
135.288943
135.302678
135.304468
137.219397
135.321477
135.344338
135.312737
135.342959
135.292024
135.372082
135.317363
135.133736
135.325330
135.307982
135.329262
135.224086
135.376977
135.345535
135.326274
135.347540
135.348254
135.364323
135.723754
135.422016
135.354444
135.448825
135.327909
135.161088
135.331574
135.340210
135.289764
135.169932
135.333359
135.332850
135.313564
135.307597
135.371615
135.319207
135.295296
135.323400
135.297706
135.303765
135.375401
135.361843
135.732501
135.375896
135.527520
135.350833
135.117478
135.358201
135.356037
135.406090
135.350749
135.272521
135.342293
135.270777
135.387380
135.305387
135.307677
135.375301
135.361692
135.352451
135.367851
135.358950
135.355800
135.368904
135.390301
135.340696
135.339481
135.300419
135.334312
135.319703
135.322803
135.373867
135.402894
135.352445
135.357472
135.305822
135.327472
135.341477
135.358621
135.316832
135.312102
135.330156
135.312949
135.318765
135.307145
135.292835
135.315655
135.318392
135.332568
135.322190
135.327507
135.314482
135.335638
135.304768
135.286796
135.328414
135.233769
135.252129
135.201550
135.281085
135.306867
135.529768
135.329211
135.310227
135.353279
135.305309
135.338008
135.139910
135.261506
135.347565
135.272897
135.009108
134.959966
135.346521
135.300209
135.291046
135.276910
135.335808
135.362779
135.470938
135.339500
135.216720
135.343245
135.323637
135.349470
135.326731
135.311415
135.302028
135.314920
135.334747
135.366181
135.305374
135.316462
135.279722
135.295723
135.315728
135.300097
135.307840
135.333097
135.342526
135.303118
135.296724
135.331428
135.286907
135.307430
135.322871
135.311251
135.314699
135.334551
135.349542
135.316702
135.275819
135.310687
135.326119
135.334250
135.347457
135.340271
135.302954
135.301834
135.316480
135.327186
135.306559
135.310749
135.285527
135.318543
135.303234
135.321440
135.317245
135.268878
135.298149
135.312474
135.312106
133.497968
132.375164
132.075715
132.180208
132.579561
132.636619
132.319772
132.027161
132.103154
134.491536
134.323532
135.288674
135.361513
135.319480
135.339477
135.349476
135.321370
135.306710
135.337317
135.318047
135.301552
135.306560
135.341901
135.305694
135.312209
135.363807
135.227450
134.373767
135.344496
135.317836
135.296458
135.313337
135.306046
135.308175
135.348823
135.304970
135.298260
135.320091
135.322618
135.314833
135.293516
135.305201
135.286396
135.284305
135.274773
135.317591
135.295162
135.446956
135.293000
135.344185
135.306923
135.300773
135.355683
135.325627
135.317969
135.348507
133.961807
135.274073
134.160127
134.249416
134.477857
135.318048
135.341050
135.293970
135.294721
135.300227
135.331764
135.298287
135.300518
135.330054
135.303995
135.309865
135.326020
135.318854
135.324081
135.323835
135.339408
135.323081
135.298981
135.338487
135.309004
135.296391
135.287351
135.298584
135.312689
135.308409
135.322858
135.284687
135.309249
135.315035
135.308324
135.313436
135.303513
135.308935
135.277153
135.183848
133.478291
134.032933
133.897928
134.054489
134.458503
134.884757
135.313433
135.358179
135.309287
135.312768
135.311562
135.381869
135.302691
134.915406
133.757724
133.999212
134.212364
133.827593
134.630794
133.932088
134.602539
133.069132
131.773934
132.290592
132.410416
132.501312
134.694348
134.442560
134.499423
135.086365
135.187406
135.025139
135.115413
134.937997
135.070215
134.631112
135.124723
135.186692
135.113529
134.712112
134.028307
134.512881
134.038746
134.794996
134.724122
134.167529
134.733347
133.817664
134.447649
134.556216
135.167221
135.118449
134.792058
134.565025
134.834963
135.450859
135.354372
135.313193
135.346831
135.345127
135.320551
135.278013
135.349198
135.373399
135.270450
135.347172
135.363609
135.315559
135.321217
135.366500
135.310448
135.308529
135.307487
135.201165
135.315075
134.762736
135.259512
135.278664
135.313709
135.320440
135.319185
135.295253
135.351469
135.341039
135.329153
135.410636
135.360228
135.370141
135.306110
135.295056
135.400933
135.322291
135.334390
135.371332
135.338905
135.299149
135.314198
135.297503
135.304695
135.297440
135.345743
135.291188
135.304791
135.327535
135.271285
135.281136
135.273309
135.343122
135.298310
135.260468
135.313398
135.306064
135.291939
135.308310
135.281207
135.308228
135.357062
135.319446
135.449515
135.264598
135.327582
135.304767
135.311704
135.326020
135.322856
135.345287
135.295212
135.330627
135.333006
135.299448
135.323578
135.304125
135.294991
135.482281
135.333053
135.335910
135.333907
135.341150
135.315005
134.804233
133.366241
133.072042
134.453735
134.894115
135.345550
135.287802
135.293782
135.300830
135.280478
135.269010
135.284383
135.328172
135.302710
135.283888
135.330410
135.283866
135.299506
135.320292
135.326636
135.301211
135.304355
135.332226
135.319739
135.281615
135.273662
135.263667
135.344706
135.326134
135.346631
135.332229
135.333051
135.347777
135.308655
135.302812
135.297136
135.383639
135.328105
135.306232
135.335479
135.340815
135.330785
135.509766
135.415468
133.965403
133.640721
135.324419
135.307474
134.967811
135.101412
135.321866
135.300310
135.315582
135.337614
135.316950
135.315934
135.362942
135.300472
135.346994
135.359118
135.360315
135.324567
135.326654
135.229823
135.326218
135.324157
135.351375
135.288406
135.295701
135.318853
135.322814
135.320762
135.660378
135.348568
135.349680
135.335145
135.331627
135.352706
135.336112
135.370934
135.375042
135.354616
135.343038
135.362401
135.318330
135.335139
135.343055
135.356146
135.336322
135.352035
135.341303
135.345130
135.323749
135.340201
135.352825
135.325643
135.339610
135.358195
135.311775
135.307158
135.343761
135.319665
135.297685
135.343094
135.323747
135.297460
135.294998
135.321926
135.319674
135.301765
135.343282
135.310073
135.295314
135.324795
135.301398
135.315424
135.335291
135.333709
135.295061
135.308548
135.315222
135.344154
135.327006
135.368304
135.319905
135.304692
135.306121
135.326602
135.327073
135.321847
135.321287
135.297529
135.344906
135.319835
135.317730
135.330299
135.317459
135.343594
135.336524
135.292489
135.298501
135.305406
135.297248
135.306861
135.312564
135.332536
135.293819
135.312057
135.313088
135.317708
135.326688
135.344584
135.295534
135.306212
135.377965
135.329853
135.300248
135.321626
135.327280
135.312315
135.326624
135.330303
135.334827
135.315062
135.327984
135.297577
135.297523
135.299648
135.332493
135.314182
135.311651
135.329850
135.325090
135.334430
135.353875
135.367520
135.298211
135.333063
135.310089
135.334076
135.333414
135.356908
135.326903
135.301986
135.323888
135.360128
135.236756
135.317463
135.272688
135.325717
135.335383
135.368727
134.926686
133.812759
133.907237
134.033542
133.924452
134.395442
133.923228
135.305520
135.316438
135.282766
135.350884
135.305984
135.324087
135.317410
135.319462
135.337685
135.336679
135.313535
135.318429
135.299952
135.450953
134.267478
134.783502
135.331117
134.663965
134.195652
135.305711
134.927358
134.864586
135.019760
134.161558
134.988527
135.282193
135.291403
135.341583
135.322677
135.315533
135.326260
135.335013
134.638625
134.472697
134.941891
134.466059
134.498241
134.412456
134.555434
134.775191
134.548520
133.840107
134.308364
133.998222
134.169882
134.506026
134.313196
134.388928
134.774065
134.692559
134.596285
135.158638
135.371864
134.833831
134.763475
135.234621
135.137059
134.811911
134.790895
135.168893
135.191315
135.337870
135.005767
134.508218
134.954885
135.489116
135.317576
135.318511
135.174139
134.495246
134.503204
134.198828
134.610556
135.304966
135.315764
135.330131
135.314751
134.641291
134.437368
135.097974
135.307706
135.325439
135.309770
135.309242
135.317639
135.335863
135.310531
135.305886
135.304183
135.313510
135.295956
135.296443
135.312369
135.233587
134.731610
135.417946
134.368448
135.304043
134.971665
134.976212
134.234994
134.351070
135.353865
134.774125
135.028512
135.336461
135.280886
135.125213
135.027182
134.583095
135.248138
135.330926
135.338371
135.287542
135.289813
135.299216
135.289912
135.321755
135.284682
135.334975
135.300031
135.301645
135.286592
135.283509
135.359949
135.330103
135.354863
135.326413
135.317064
135.354173
135.378532
135.342772
135.320939
135.316829
135.292516
135.280348
135.294494
135.281033
135.288050
135.317112
135.303877
135.331949
135.168269
134.054704
134.111082
133.701307
134.025158
134.435720
134.572067
134.968345
134.563781
134.497797
134.816744
134.484728
135.166205
135.310189
135.340472
134.975187
135.182821
135.287689
135.310549
135.322835
135.313446
135.323831
135.322257
135.300714
135.298288
135.115597
134.739677
135.368202
135.162836
135.356105
135.372837
135.338889
135.330113
135.020866
135.255181
135.333338
135.315738
135.311593
135.337543
135.313915
135.314650
135.350775
135.441712
135.088225
134.814552
134.203049
135.295107
135.314529
135.526105
135.311635
135.304094
