50
55.222859
66.614048
66.202141
62.829582
69.245059
66.477154
61.159484
61.092260
65.409793
62.315527
65.645205
64.470158
63.512623
73.431780
66.784341
62.629448
60.092090
66.324783
62.520695
69.437697
60.179157
61.416966
60.619618
62.748084
65.770446
70.330747
66.800636
68.045397
62.961456
62.974219
65.066467
68.574023
63.459844
63.517908
62.985428
60.060373
62.497185
58.607103
58.447942
55.606016
59.289324
57.213439
56.346375
57.301470
60.707167
65.963114
61.312757
56.726311
62.860807
65.031980
60.929261
60.678176
67.497881
63.244567
65.516499
69.883419
74.129600
69.892398
66.030643
61.835005
69.245066
68.836912
66.188375
67.447290
73.328038
65.778339
71.817065
64.009911
67.446996
67.557907
65.710835
63.995260
65.925242
60.194916
71.043122
73.914114
70.913445
68.960597
68.426605
70.077702
67.878906
70.968566
68.328105
77.811028
71.794136
64.829474
73.900184
60.948883
63.516174
67.206142
70.970944
65.484702
73.681327
67.543717
71.667749
71.305898
69.383364
69.009196
66.083796
67.757320
74.641190
63.792307
68.791374
65.194545
61.844827
61.038684
67.006792
69.001039
66.897330
72.823115
66.469421
66.911234
67.765521
69.088216
67.476516
65.914631
64.328138
67.550329
70.119805
66.560255
65.134338
70.898300
68.552649
71.163007
69.225622
63.619682
72.481400
70.563867
66.606006
76.596642
68.395581
65.344206
68.330801
62.395818
62.751804
59.666045
67.160758
66.734350
67.223649
69.865718
69.575880
70.258411
72.469856
69.668303
70.285292
66.043640
70.366739
74.349329
75.926805
67.147597
78.919461
68.447840
66.570815
71.361885
68.135067
62.857096
64.796183
68.172059
70.307460
69.234740
66.676029
62.856979
67.768864
68.648678
61.513787
59.781864
76.623809
75.399434
76.653518
70.563501
70.561562
70.861856
71.967748
70.748225
69.860026
65.781868
69.887969
67.625497
71.451097
68.718870
64.433774
65.746688
68.687595
63.863769
64.862600
62.155716
62.399841
65.084141
62.276822
70.593381
72.589248
77.521460
69.872001
67.372474
69.795992
72.486142
67.024833
63.641501
58.559957
63.830341
62.131024
61.504998
69.072544
71.910910
74.176955
71.525417
68.494450
67.123370
71.359256
56.227491
66.609949
74.378344
76.049808
71.299126
75.157631
65.990563
67.253294
70.562337
63.877981
62.146378
63.525884
57.366531
66.906411
70.313777
71.838456
68.585184
64.523024
70.169055
67.963594
65.320756
69.306291
69.179636
66.405311
61.151353
64.286517
89.635061
79.781667
84.699893
68.185674
60.307632
75.094405
68.102886
66.447807
69.602860
70.832847
64.896078
64.279251
66.186282
87.349169
82.503137
82.673429
82.481021
90.157395
78.044292
65.539083
60.204514
68.143876
72.483897
69.088509
78.775473
68.476161
68.804336
73.436730
74.832089
60.837379
68.584369
76.190025
68.571086
66.053024
67.991778
68.044355
70.307910
73.519728
71.758717
69.905670
71.567663
67.711078
72.167333
62.614804
62.486029
69.323197
68.474771
67.494588
61.959338
73.995407
77.251588
65.685240
60.044966
59.298319
78.626792
68.986208
69.832206
63.670516
67.425195
63.550091
63.941571
75.183596
73.670732
70.607125
68.081961
75.420769
74.183720
68.610366
71.366436
68.303731
69.305929
70.536904
66.948854
71.508043
74.543965
67.675907
67.686045
76.275636
73.302747
62.001686
67.180771
66.207568
70.052486
71.665666
66.824098
70.130015
63.554205
66.595302
73.690075
72.234986
73.726758
61.210436
61.300656
59.467054
64.146155
59.137540
60.026214
68.061884
66.404555
57.467190
67.352614
68.695570
70.234389
65.597384
71.217706
64.115366
71.073750
64.986403
68.016668
71.990756
67.993055
61.731705
63.231037
67.959536
68.417189
62.428896
63.305741
65.353730
67.641140
66.780231
72.347949
72.806068
70.808785
74.974422
65.872505
74.108794
68.376094
65.133449
64.686564
65.495301
69.623873
62.602574
61.902256
66.920509
61.991230
66.597553
66.240568
70.980026
66.370996
61.246207
65.992128
71.306210
69.094498
66.188142
69.715840
71.970254
75.906461
67.409647
71.642873
67.703362
63.567574
67.263058
65.334605
74.658607
69.604209
69.445869
77.601399
66.794280
70.079959
68.805916
68.537900
68.230430
64.043813
64.308249
59.992945
59.814402
61.925171
75.372524
69.118890
52.932958
63.864670
82.234620
68.334616
65.598034
64.058407
66.304758
67.777445
67.727775
62.104064
66.253556
67.117287
69.265774
71.574185
64.633429
61.650760
64.337513
62.740541
59.008264
64.585127
64.835822
66.120709
70.176360
68.396869
66.018971
71.564942
66.264128
69.615785
65.102119
59.988556
61.098589
59.315398
62.368722
65.157232
66.736971
73.900471
71.247065
76.114315
64.213084
66.727690
65.932306
63.218167
64.790852
61.249294
70.670602
60.779938
67.252386
70.167761
61.964403
62.253017
69.475555
65.454162
69.712865
62.504218
66.600899
67.860509
68.564760
73.918909
68.175094
66.170137
66.295038
64.444906
65.767687
64.756666
62.309598
63.032421
66.222727
70.714375
74.799492
72.669314
70.903255
72.458033
70.373531
62.637986
70.983611
68.824688
71.996422
69.577855
68.965091
69.651037
66.547058
74.721764
71.429480
70.406014
74.321766
68.105383
65.124102
59.739384
67.491261
68.712228
63.345137
66.918995
65.236919
68.096214
69.000371
66.957521
64.527206
68.221296
72.989307
66.176266
64.165038
67.623028
71.875941
77.457630
77.821211
67.370581
70.427584
62.351278
65.944865
64.190954
68.246794
71.178929
66.308537
62.188344
62.265722
66.102138
64.313381
68.209236
65.621421
63.257962
69.065716
65.015387
66.972562
66.462659
72.487977
63.720088
65.404532
71.482531
73.178296
66.711501
71.082488
66.669324
62.218845
63.932391
71.015612
67.270773
66.546434
68.530177
73.467934
71.980217
69.394747
63.677936
63.972620
72.038125
70.173426
71.643168
74.023785
72.860523
71.692942
62.623888
69.079657
67.758301
63.265286
67.748455
64.952976
69.025884
67.054665
71.763906
68.722776
68.502308
72.640010
70.135336
65.545320
69.984656
68.856860
69.203744
69.372867
66.189243
68.001347
62.574106
68.389929
69.878290
69.116330
65.433233
71.113742
62.768528
71.583715
73.618920
64.961521
63.840275
56.078341
62.547274
67.448047
60.670709
64.717185
63.341326
61.024371
52.711599
64.790355
67.296729
58.235592
60.695307
65.454638
66.508660
65.633993
67.082513
70.716846
70.891308
65.524856
59.233124
59.802309
60.446944
51.808488
56.586463
72.152107
58.131285
63.737597
62.702584
67.672868
65.979573
64.959285
72.025430
70.585049
65.941327
73.814180
60.791929
67.511788
71.114230
67.721064
68.739375
67.905681
66.938659
73.352416
67.647132
60.726997
67.737877
74.302903
74.864314
65.083399
73.039260
71.806134
74.023922
75.222008
69.131656
73.811052
71.470770
62.929617
62.876393
62.245092
74.022393
68.739383
70.097700
70.346912
62.630044
68.931433
61.940280
71.940159
70.107613
69.369763
71.795800
72.178616
74.932530
64.818186
65.072370
69.184627
69.636516
73.233152
73.532574
62.203411
57.204972
63.616158
69.687386
60.453121
65.192759
63.734146
71.893395
70.219762
68.421020
60.225988
66.292015
71.881644
66.374168
66.894983
67.347610
64.441945
67.384090
72.788804
72.253167
70.938173
68.125338
71.705417
69.214334
71.104225
69.406551
64.912440
69.877274
68.532210
60.406466
61.677729
57.633186
61.833615
56.882258
54.161755
66.324881
62.838319
64.241205
62.274685
50.812740
55.570382
55.071068
58.933735
62.897334
62.102102
67.522074
65.586136
75.680439
67.290421
70.427605
71.817171
67.484172
65.126585
68.251435
68.804358
72.894019
70.178878
69.250480
71.030698
69.022899
70.091245
71.914915
68.522193
73.089073
66.391754
67.022642
74.008208
65.482065
66.282709
67.139464
66.719658
70.194632
70.469309
72.166152
67.274834
58.618425
59.834705
71.002998
78.522358
61.401616
68.447081
64.899879
66.304173
62.211973
61.384789
71.589514
67.466090
71.956043
69.191621
64.151996
68.967219
64.436288
63.793296
65.734264
66.585936
72.075165
68.522021
68.329172
68.486740
64.816074
65.278789
68.215442
63.055963
62.402159
64.419226
63.936535
66.268266
62.591507
64.652438
61.574237
60.125279
62.866124
69.200501
66.920037
66.066930
68.073621
66.454203
66.039339
70.099319
71.902182
64.177242
69.200985
69.233948
61.872972
70.991510
67.709430
65.709690
68.122440
74.996754
64.795172
73.929463
64.261877
68.080760
81.072126
157.850702
270.899346
65.755688
76.048659
62.690632
61.660089
70.901248
70.289117
65.152757
53.726554
65.282422
58.865375
59.739143
73.402315
55.771797
68.987972
68.004269
61.230786
65.659132
60.654536
60.486194
60.644760
62.462290
69.166910
67.461557
64.795801
67.947813
61.488375
60.672218
70.170797
67.304950
56.430874
53.775513
57.788962
60.042479
71.494806
71.092766
67.862925
77.416239
80.138139
72.900113
70.571370
71.108111
62.303608
67.876998
61.099844
60.562005
63.056391
76.296686
71.757200
65.908718
59.080017
65.737699
71.563560
72.729497
65.389599
66.573451
65.830154
65.651682
73.718983
64.177403
61.132348
68.810508
63.080053
70.129144
71.403685
74.449982
67.977405
63.251963
59.701182
65.167136
61.103556
74.161801
65.293161
69.356791
72.877092
68.783871
66.954613
66.153558
69.250362
66.359372
71.174704
63.953639
68.481961
70.705402
70.944962
62.103199
63.206980
69.339804
74.880120
62.528969
62.776710
63.828181
67.658558
71.812628
64.914861
69.124658
57.800322
62.332229
60.807383
69.273610
59.538095
60.602692
62.621928
61.267611
78.995711
62.943721
65.808519
61.164048
65.945811
67.669760
63.091640
60.031842
64.307098
68.418091
67.891562
76.011787
66.837821
76.254216
61.554215
71.722962
68.665407
68.218033
68.763856
67.537658
64.868793
64.169532
66.445042
65.877530
65.050498
62.474745
62.771412
60.976289
65.596473
66.361604
62.793679
64.350045
67.549103
67.933703
63.214776
68.223662
68.379882
74.689757
60.895350
59.465693
68.068792
65.243907
71.883214
71.241155
70.096004
66.491452
61.904588
53.395463
59.954036
62.905784
62.776642
66.991829
66.647625
57.959931
62.188704
54.149184
58.149836
57.705416
63.456497
60.271949
67.190097
66.624628
68.822175
67.306657
62.358227
68.964541
68.585760
58.835606
69.470421
75.768109
68.247690
70.045450
66.561903
73.480279
75.618458
74.717495
65.454246
61.074415
63.960128
75.534082
69.906174
68.452157
65.053509
59.981841
69.489255
77.325654
71.833956
64.083637
60.227332
63.141547
72.991467
66.588583
60.330801
71.821830
58.214022
66.986574
64.882683
71.713827
71.661401
65.873573
68.946177
66.946754
65.271543
63.220328
68.529617
70.879627
79.156589
64.843434
69.425822
67.530891
64.700709
69.933748
71.447995
75.615545
67.523227
67.528114
75.066044
69.708419
57.543929
65.163180
75.577650
66.612359
62.018798
64.740934
69.950880
69.200926
69.676531
67.301042
72.240090
70.649477
73.805869
63.651103
70.820197
63.748417
71.237524
70.349393
67.851572
69.584666
59.278547
78.930966
76.643105
77.149244
75.966916
63.243866
69.236223
66.011498
70.231512
64.890078
67.528767
67.291855
73.481856
72.262714
68.378405
73.703494
75.680108
74.332695
67.560247
64.460987
58.600111
68.948094
71.853821
77.526378
68.118029
67.950333
65.848176
62.631263
70.206799
67.703451
68.986367
69.797716
64.896543
76.727404
66.699858
67.382267
74.135358
63.398177
73.637538
75.478581
76.610059
70.038838
73.807815
76.453447
75.383650
64.884101
59.062592
59.430263
59.574035
55.951313
67.483558
63.237020
73.980323
78.427170
64.886599
68.894392
78.505769
75.415565
63.190517
74.980198
79.950417
74.351285
65.853350
70.414156
66.908234
69.330698
73.913902
71.750053
69.826683
75.674725
73.286687
73.189349
71.830497
70.351476
72.583153
71.619281
72.390404
71.303681
71.576439
64.781389
70.937317
72.218182
65.389721
66.914040
74.660149
76.737084
76.261729
76.074333
66.157139
68.878240
64.455848
66.018949
66.385856
68.398157
67.206927
69.787991
65.342222
76.040208
62.952573
67.679836
65.214314
66.125039
76.571295
64.191478
72.547102
68.751952
66.778375
61.837157
59.845289
62.289016
66.574331
68.973969
64.953703
75.492646
72.822381
67.159601
71.145853
69.830451
68.962177
70.278645
72.019301
61.401488
68.821460
69.632005
70.105812
67.581852
56.485378
57.357364
54.518659
61.651864
60.263543
56.852506
58.870299
62.289129
61.009869
63.305437
57.773669
56.239984
58.020845
54.142947
57.768733
59.575448
62.996943
56.992487
55.326354
59.070830
64.160131
66.490340
62.672434
63.948391
65.834316
64.158191
65.815674
61.367739
62.143015
62.314476
64.742958
62.486390
60.654361
62.011677
62.337400
67.349724
70.453359
69.227633
75.834982
72.095727
69.336533
72.040159
72.775849
69.158376
70.358796
61.695884
67.329174
60.165449
63.587582
61.771991
60.079040
63.775063
62.991550
59.514972
56.919010
60.371259
58.474959
57.011994
62.484724
63.337246
62.419883
61.779551
64.245981
66.802434
64.653734
66.494102
62.436574
57.551323
59.735643
58.494552
57.209017
69.378557
66.838363
72.672499
73.753145
76.946546
73.812187
82.312666
61.339230
60.321130
62.078359
65.976392
72.177660
70.254502
69.445049
69.218549
65.598788
63.190418
65.123338
65.849436
64.859773
65.763159
67.380950
64.970734
61.260142
61.731834
65.421836
67.337291
70.800345
65.421984
71.196686
73.601941
73.699894
69.030665
70.724629
70.182541
72.137961
67.040562
65.587057
69.315968
68.479079
60.853236
65.742781
62.916346
69.138276
64.827489
61.305523
66.662190
66.434470
69.709711
65.839980
68.661915
65.886987
68.181149
72.052131
68.451251
72.911398
66.729958
69.442288
70.281844
73.072957
66.168191
61.450426
53.358317
59.659971
60.446428
67.787321
68.052748
66.200386
65.104766
66.641794
68.096157
68.737081
63.953908
67.050061
67.845094
64.542078
59.135146
56.856648
62.141990
68.040614
73.104497
63.570416
70.162437
72.909914
71.543143
73.695922
64.747764
67.562256
67.487738
59.770560
66.111946
69.611227
74.841384
68.020412
64.996236
64.336527
61.100250
65.149919
60.374689
67.662846
65.794177
69.695966
68.315341
69.086722
61.926101
70.475158
74.448005
64.619727
63.114994
66.310524
69.069108
66.267465
67.074723
71.920412
62.546877
66.051549
65.944594
66.630838
67.470500
58.177764
68.463281
75.748260
66.206560
63.414924
69.137050
63.714888
62.799941
63.269852
63.693064
58.669416
59.473501
63.173027
61.009148
62.873472
59.483445
64.931513
79.310975
78.779905
70.220136
67.167997
82.626979
76.610499
66.306364
78.032480
73.352185
59.155314
65.037313
68.346227
75.879312
76.261487
57.074888
68.860191
71.853854
70.358819
68.245890
64.856995
63.031662
64.670370
67.512991
61.666676
62.353286
69.135790
63.197427
66.631233
71.538998
70.803118
63.543867
62.910396
63.913995
62.811179
58.720241
68.743605
68.785165
66.553155
62.327325
61.311792
62.905797
59.838694
65.776886
70.638029
64.160122
63.509300
61.666044
59.278588
69.260950
63.056676
67.857580
66.693574
74.590052
73.507092
63.977129
68.712187
61.768219
61.265931
63.556806
63.597520
69.913228
61.355779
64.613976
68.701569
66.166020
67.068291
61.761714
67.619119
64.483655
67.220786
66.564053
67.426623
71.465312
62.482851
74.724363
68.173637
70.152754
77.770735
75.182612
71.802327
77.285922
66.321961
74.692897
67.967200
63.870454
68.833041
73.036800
67.082989
62.667901
66.468775
74.731865
72.653843
67.050846
75.553766
67.622574
71.427264
67.572148
57.214922
58.039082
66.617552
68.170972
68.621374
65.598096
71.273005
64.942329
76.045942
63.776298
63.023542
78.634396
63.963325
69.456681
70.668293
70.009644
72.090284
73.306611
68.022975
69.947656
74.983768
72.530423
73.913413
65.553282
64.154470
77.003442
71.448869
62.656195
70.981820
71.453766
75.946320
66.774204
67.748914
66.021815
75.494078
66.608011
67.622227
73.133698
68.505943
76.685736
64.692840
67.493670
63.368742
67.743146
62.699368
62.092713
65.105069
62.472338
65.528046
58.626894
58.436152
68.408991
73.422458
67.369744
65.152450
64.849932
74.347286
72.443584
67.126877
75.395042
67.996122
73.653011
69.295977
68.908950
68.045702
64.770038
65.683940
71.171456
69.711763
69.953242
63.404039
73.774560
75.492030
63.443699
64.295770
68.704236
76.597114
73.195215
64.427019
67.371943
66.975198
68.333501
67.391710
72.462052
67.465005
70.853355
71.070103
67.524449
73.758796
67.470379
66.161508
72.269974
71.613540
66.935708
71.088332
63.114114
60.483653
67.962255
71.845976
69.014112
68.849625
65.887322
67.289723
65.419317
69.185653
67.419298
70.069496
65.074483
65.987334
70.345663
71.944247
75.208213
65.498584
67.264918
71.275530
67.961889
68.315286
69.356199
67.604738
71.319984
72.285839
79.579434
73.987147
84.542616
104.023212
101.956185
172.580516
801.120561
68.886519
64.346607
67.669971
64.157382
63.535089
67.700409
67.094396
70.020093
70.310900
74.686026
72.893938
63.391768
61.721672
65.312263
63.428617
62.362821
63.240425
58.071975
66.903502
55.997595
66.298272
65.270671
62.550741
64.121859
63.177297
62.492963
66.518433
60.140075
64.679406
64.471172
64.352795
63.760799
62.235020
66.500421
73.301777
70.087471
70.466310
69.471515
73.112507
61.336900
71.519589
63.282352
67.289968
67.959507
65.871443
61.191765
67.747475
62.394052
64.060370
67.203381
66.626415
72.085795
66.539319
69.674764
66.634201
68.492301
67.748908
68.700152
65.726700
64.188749
60.132996
67.288262
73.161204
70.553166
69.784063
56.658012
58.163214
58.093608
64.223614
61.807967
60.548438
65.709024
67.733361
69.366521
71.337740
68.980104
65.189855
64.305707
62.740774
60.421506
64.436463
59.790743
57.771599
71.734633
71.674614
71.708348
69.681692
67.612837
64.172667
59.820358
56.325401
62.318334
62.065063
64.498699
60.108380
69.875615
67.499743
63.380527
65.028749
60.084310
64.013100
71.303316
66.055121
61.453370
67.402621
69.081365
69.791589
73.210113
69.680866
63.891763
69.198684
65.055306
68.746533
61.224122
63.162174
61.800099
57.176216
67.547399
62.752302
62.347221
67.179248
59.552088
62.736721
61.563390
59.951395
51.721665
59.725953
60.827906
61.986765
64.709205
62.291954
69.402638
64.148262
62.373680
63.414912
63.322950
68.717529
65.045281
64.676552
58.081984
62.236473
72.776691
74.608217
60.932940
66.183205
65.833370
61.766564
68.772879
66.065205
72.877212
70.388981
67.006993
65.817822
68.602110
66.582247
74.087077
66.912201
66.092532
61.747853
62.791044
64.168602
61.621277
59.600008
64.690570
62.033565
60.434294
62.361237
63.632389
64.649606
64.280247
65.020017
58.701912
64.339418
69.323507
74.514605
69.302692
67.795742
71.943026
68.960207
66.887299
64.078605
67.179678
65.995321
73.144405
68.158936
64.672229
63.024708
59.610293
61.006639
70.167719
66.020367
65.314494
63.506658
64.439043
69.567086
73.057776
69.875385
74.790331
68.473944
69.667874
73.754967
71.421390
70.169445
68.674654
71.349212
71.839816
69.090340
77.658352
66.598592
74.163054
61.572960
68.899272
69.006289
69.232252
60.386444
71.142812
71.967368
70.273933
69.155693
61.642052
70.330256
65.786756
68.245730
61.125688
60.011195
70.512197
75.433595
72.742373
67.723885
74.470106
62.704531
66.263056
67.789600
71.173369
68.291377
64.344056
67.793786
59.479589
63.694164
71.169914
67.577435
68.828647
69.083028
69.005155
60.033426
63.816953
66.218322
69.900556
72.609618
67.541071
72.053038
70.432218
74.044622
69.722817
73.112348
71.324647
69.059310
64.182419
66.341802
65.217888
64.417649
60.779849
63.075778
65.211231
59.733898
62.301240
59.598969
56.743524
61.286085
69.147020
61.371092
57.108413
67.390957
57.633264
73.113590
77.284317
73.519232
73.944668
58.605089
57.342773
67.559368
63.670732
63.282851
63.191158
73.974960
73.419813
71.957534
66.701231
66.040274
72.187431
76.185386
70.413261
68.280000
62.227208
62.702721
63.350333
65.506722
67.188319
61.542788
65.363164
64.116531
62.487253
63.072520
67.148683
69.759903
66.867687
63.735113
71.066708
67.239384
68.631322
75.330181
66.673034
71.932851
69.459586
69.333559
62.600436
63.051395
65.734862
63.109834
65.684990
69.804917
66.129846
69.343119
71.834382
70.683215
71.964232
57.366233
62.081006
61.643978
59.190422
61.729378
73.756206
71.985118
64.957482
74.658762
66.540995
58.744561
58.909272
62.550358
73.655793
73.359191
68.265924
67.266933
75.807611
55.767814
58.120611
59.146742
64.809354
61.305977
61.338469
58.780947
61.149464
60.803077
65.196233
65.573120
65.464038
59.833104
68.215629
60.726986
63.116486
68.619285
67.773390
71.986258
69.131753
66.891938
69.395444
65.078302
69.043706
68.738111
71.189579
67.857275
65.187248
68.497961
71.587566
70.868311
75.835285
69.780471
74.356988
73.576119
77.359791
65.626419
74.384654
69.723978
67.779010
67.853381
70.748826
74.719158
68.481436
69.465152
68.917377
70.648275
65.921814
63.067002
64.295112
69.650518
70.671513
67.390184
68.992044
69.045106
66.433748
60.606897
62.269777
57.631053
59.795939
58.705017
73.920882
70.467514
71.888375
67.390086
73.980488
65.736033
66.868029
70.911797
73.326108
70.934498
65.432249
69.695932
63.141005
61.153854
71.315319
63.306928
61.247925
63.147438
72.185408
67.695765
67.521293
69.214031
67.244636
72.300807
69.966640
72.152843
67.108727
75.522044
67.234451
68.418259
61.411561
66.682446
72.904195
68.910624
72.339750
69.505895
66.766070
69.243627
71.110817
72.289824
60.431205
60.061505
59.636190
65.816370
71.513231
66.212521
62.363861
75.677686
77.767617
71.648496
70.913845
71.709256
72.148470
70.369062
64.696296
67.490705
66.339924
74.122038
70.661610
58.954512
53.194385
69.312027
64.933920
66.852259
70.163000
71.773094
72.969493
76.708843
66.509340
66.843507
67.401646
63.681868
60.905479
65.580733
64.678427
71.760355
73.093766
70.847531
67.450225
58.592390
62.815508
71.275546
74.647581
73.586396
74.115710
72.246421
72.999398
64.881926
71.601881
64.731055
67.548415
68.694451
66.159506
60.087062
60.896993
62.644285
67.804147
66.387905
66.972254
70.906984
71.557930
65.446054
60.488370
62.535274
65.887192
70.708022
64.020737
72.674343
73.830520
65.911494
72.758597
67.852793
62.601796
62.221316
63.574885
66.401785
61.111878
64.257422
62.509702
56.578738
60.068075
56.592610
69.287237
59.367826
68.680921
68.456932
64.769129
63.179757
62.916187
64.512095
62.996030
67.806309
59.780455
62.097378
63.444385
67.529047
62.168156
68.227745
66.878253
69.194525
66.547233
61.351479
68.022811
67.019057
67.295504
67.596550
71.694295
70.177570
72.188679
66.438363
69.148702
70.266572
62.385182
76.986450
68.819791
73.400034
72.443300
73.074256
69.592013
67.729051
70.092808
66.134543
67.393692
67.826207
69.958944
76.791961
72.207530
78.192217
74.461394
79.388803
78.281192
73.817880
74.088600
75.249554
70.030819
61.647768
62.991913
63.666143
64.388057
66.055732
64.563026
67.857738
67.174970
72.797422
63.548537
55.162736
60.277942
67.310808
60.693870
63.005380
60.398589
62.180339
65.053473
58.601897
63.774572
61.401264
60.735274
65.642651
64.011103
64.882918
61.214141
65.346438
65.715245
65.519131
64.904026
68.526544
67.585346
69.944451
72.176966
67.878691
67.686854
75.652758
74.463249
62.384393
66.886676
62.105188
63.429073
67.460557
79.023943
60.270305
64.387203
64.573538
72.025215
71.314089
70.764050
65.872361
65.108122
62.844741
69.083821
71.871390
75.853531
73.477800
65.605046
70.862088
67.277262
71.137658
67.475044
68.569049
68.624596
71.918335
65.352586
72.030296
71.104958
73.697429
74.215128
71.813854
67.241758
67.060935
73.890423
62.190403
65.326080
64.447346
63.982329
60.221926
63.582749
65.813120
67.101035
57.977856
61.968548
71.073154
60.782247
61.000352
70.005451
66.621008
65.892998
75.367021
66.275856
64.971112
71.907611
67.032617
66.117587
76.059071
65.068399
59.929488
61.958535
65.192934
61.085318
65.707100
66.848928
61.825783
61.304567
60.990292
63.847930
63.007066
64.893740
65.772108
64.124730
66.494474
64.516847
67.267581
63.928730
73.512896
66.118717
68.242875
66.199657
62.523059
61.344741
65.661333
70.331143
70.920479
68.998150
68.071946
68.549668
60.529161
66.111901
65.207810
71.867462
67.844272
72.676925
67.739046
67.248606
73.037072
70.222219
69.690008
63.262544
68.756022
69.743066
69.819110
66.126424
67.368718
71.436563
66.621794
70.158257
65.735755
65.745737
68.459757
65.424357
60.124935
60.959165
61.472203
64.137023
58.717010
65.564984
62.933675
55.853099
63.630499
65.833589
64.814879
55.778550
63.272596
66.659425
69.690702
73.155040
79.179172
79.023517
80.898580
62.434958
63.166440
72.432387
67.624399
70.462847
72.688180
68.000593
68.659809
69.898364
65.387091
69.046988
76.813484
66.931218
69.183696
68.961229
70.697171
71.704998
68.964010
66.999242
70.229971
66.130372
66.059243
68.448174
67.575056
70.196195
73.882396
72.250771
65.454489
61.481668
64.250079
69.881272
63.966163
65.504878
68.000766
69.241573
75.711302
63.830644
68.122528
70.726744
69.667728
67.566615
88.258347
100.818844
106.859555
127.258454
149.095624
60.771485
60.411509
56.001723
61.644269
58.752489
64.166170
63.745583
64.436713
75.388262
75.494927
59.707445
71.453315
69.980757
49.357519
59.184710
65.037963
63.956683
65.109084
65.756084
68.788361
66.144905
73.370501
70.538674
60.536568
68.465636
66.928884
66.675573
67.006430
76.279314
56.020005
65.510782
61.430072
64.645121
63.158474
63.667762
59.085392
54.670502
65.411564
64.258701
61.899173
72.487262
69.867395
74.754419
65.354392
74.284275
69.824828
73.657259
65.607603
63.878861
60.776637
63.899558
72.338941
66.588249
66.736149
67.753154
59.344611
74.545914
64.120663
64.468061
71.920339
63.338365
71.361425
74.952052
68.617799
69.184460
70.153354
78.794736
70.399237
72.292539
73.598952
63.703744
69.469120
66.818918
60.003598
63.043194
73.124639
71.813986
73.670809
65.363377
59.854394
61.311504
65.898479
63.787285
57.933932
66.690662
71.454300
71.532452
70.962490
70.443230
66.346923
73.108361
70.458923
68.726239
64.722507
56.734284
61.980619
76.095340
73.957858
64.430057
70.238584
68.270024
66.205227
68.928196
66.738330
66.650793
70.211056
65.112245
61.854079
72.453297
76.351339
66.686034
65.235089
68.110401
66.161512
71.011965
72.697030
71.075721
65.705886
66.804374
73.093019
69.081491
69.339141
71.913521
67.915573
61.570598
71.538882
66.784790
62.675240
63.068584
72.380263
72.525446
72.754542
74.517905
70.443721
73.210797
72.793087
73.141711
67.452850
63.392266
60.061871
64.165277
68.810014
63.666265
68.411851
64.511124
60.675084
70.480567
68.523064
65.911679
65.446398
72.889372
66.928507
64.673552
63.024250
67.445865
63.686000
69.482387
64.557269
69.279703
70.563771
62.475618
65.798723
71.988089
71.126706
69.480786
64.593398
73.138775
69.188241
69.729835
69.253475
73.810541
61.747378
67.156994
63.718573
67.903551
67.794223
74.448644
70.287470
71.796784
65.241676
67.111866
71.532846
70.883988
70.194489
73.217635
69.338003
69.303326
70.291317
61.719959
61.712807
67.348085
68.161812
67.030972
63.470733
73.347760
63.541042
64.744301
72.563864
72.301301
66.416736
72.632228
63.922009
59.992000
59.410220
59.114345
61.727679
68.499165
69.998485
62.901207
68.998135
70.372389
69.387202
65.665561
69.153443
66.433730
66.407792
71.965277
71.698844
68.712101
64.874763
59.170635
59.911138
74.910754
66.466899
69.916656
66.299667
71.657644
67.959536
67.074689
69.050900
68.761946
72.921013
73.818576
71.136357
73.438794
64.026269
65.922997
70.424601
60.166068
61.123053
73.481598
72.081533
65.105711
64.384244
69.602041
66.370187
68.110957
63.949708
66.433064
64.307882
58.245619
77.369746
65.559829
66.170094
67.386040
69.326904
66.703047
69.881359
74.883369
75.001909
73.564532
68.370880
63.207061
63.704858
60.148221
62.062810
68.805660
61.638683
60.844666
61.050114
60.905051
66.892872
68.288724
73.380342
61.742875
69.858070
67.882337
69.242034
65.046397
63.102656
64.941664
66.420008
55.435703
57.727313
63.118544
63.837961
66.372133
72.670237
68.165061
67.480224
64.424788
61.961927
65.672591
67.440323
66.093120
63.319969
64.167714
61.830800
66.995593
68.222048
66.453635
69.717193
63.413782
67.652002
67.891047
65.045773
67.545976
73.837669
72.967113
57.529249
64.436965
62.825108
64.689791
63.163831
67.418450
66.303551
63.023196
65.681283
69.393719
66.675454
61.268753
61.243918
64.081901
62.701207
60.837137
59.502424
58.875362
61.707401
60.960873
59.573759
69.556969
65.693232
64.711333
61.360208
63.605754
65.427873
71.623997
66.364181
59.476368
64.373772
61.313598
61.099893
64.980611
71.172276
67.415840
66.762177
65.577223
69.116424
62.707755
63.928285
65.096979
68.945547
66.028223
69.769309
74.589263
63.067172
60.237913
62.198840
65.749236
69.755717
64.754737
66.393000
65.203033
71.506099
62.489794
68.960821
63.805733
66.279065
65.746185
66.225036
64.730335
63.674087
59.488909
60.845485
64.911027
64.928822
67.952582
61.217147
67.190523
67.440077
69.991988
62.421311
64.752066
66.642305
64.989031
69.239877
65.685076
65.760533
62.256797
67.484327
69.712584
62.130887
61.934046
64.041597
64.975575
69.684990
69.920900
67.441361
71.307743
71.540221
71.682462
75.335120
63.390605
73.802412
68.479171
66.662018
73.459060
69.596693
64.014021
59.565937
61.319329
62.923475
62.352458
59.697443
61.201562
62.986633
66.741295
68.151527
75.022511
67.595684
62.838212
66.652397
62.659603
60.351773
64.622036
59.898572
63.547953
69.940478
61.650957
73.925184
65.099122
63.768154
69.829726
72.272403
69.478993
70.250006
64.657267
64.694243
69.965924
71.589439
68.517372
66.931547
63.707065
65.192777
68.407412
66.828225
66.972622
62.932129
65.791670
67.182580
64.784183
69.703237
60.976745
65.453948
66.878327
71.953741
76.109846
64.703708
67.998427
62.122597
63.719318
69.510800
63.337007
60.107329
64.321208
62.966507
70.970198
78.893984
69.790443
69.061294
74.019037
67.421405
72.364330
71.534761
71.406367
77.302343
71.505699
65.157155
63.207009
61.660470
64.260200
74.287092
67.936546
71.685962
70.193248
71.925804
71.472066
68.838296
65.258516
74.630895
67.084883
73.735858
71.202186
62.858290
65.338699
64.080727
71.147747
64.325364
71.957971
66.916283
75.023979
67.809679
66.485891
55.750582
61.498974
72.866514
74.619343
68.123681
72.393365
62.285577
66.042451
65.375578
66.135453
75.294052
75.968649
66.302633
62.760334
64.333455
68.287300
66.361726
67.958045
66.176858
73.196295
67.907604
63.485382
63.563819
70.886983
66.356923
57.512275
62.515419
73.746251
77.674265
73.973303
70.603405
60.450439
72.085766
70.500938
65.976862
69.729843
62.232939
75.684934
77.457802
71.302180
61.847261
60.310291
63.082281
61.265490
60.898136
59.494669
65.938400
72.137450
71.809115
71.626363
75.315174
71.548461
70.260395
71.082879
69.142711
69.221827
62.325307
66.368413
63.235634
60.255341
65.952321
75.092642
66.240487
64.258542
69.583572
65.839802
64.329312
67.377739
62.445906
65.099714
63.556070
66.172230
66.075367
65.755488
64.910844
59.767302
66.655904
63.572533
61.432032
65.756644
73.445224
70.378623
68.117611
72.500054
69.972767
72.735014
70.535450
71.438833
70.904055
67.942641
66.515016
68.857942
65.010150
63.742670
65.964367
64.975595
62.528912
62.892724
64.706814
67.602642
61.894491
65.521023
62.972722
63.114532
67.523098
66.619217
71.697536
64.755079
63.716757
64.944001
65.141848
63.273665
61.188273
61.399082
61.484683
61.776605
63.181823
61.119107
61.410795
69.309874
64.788743
67.994604
64.691108
77.407759
72.483828
68.835021
71.974132
66.947550
63.888744
68.088524
67.263243
70.917121
74.595181
60.317773
61.709094
67.889676
69.301739
71.984287
69.982384
64.799597
66.918844
66.867243
73.346121
65.264199
72.306116
62.355423
62.482571
71.165335
73.518901
67.531471
63.137885
64.766169
65.384640
55.926152
56.560858
63.845045
65.742242
67.932204
70.694645
68.509066
60.637301
63.334499
61.635132
57.524722
61.574927
66.344993
72.062481
70.858232
68.728308
69.054930
71.120508
70.606164
72.287322
60.931384
62.465042
65.148723
63.013072
63.124438
67.097675
74.973902
79.481505
67.359553
66.297153
71.918198
66.947377
71.079641
66.489004
67.569086
64.946853
77.448852
70.211862
65.736363
68.269373
67.634115
66.470182
73.093113
64.186881
65.877482
67.705020
69.798797
65.365850
65.722197
65.298657
70.099389
74.619056
71.739788
67.791571
64.144455
73.238240
69.309509
62.033072
63.810055
64.334588
73.377830
64.787061
73.324143
62.439072
59.521587
62.692315
66.561334
62.197823
63.830294
59.631538
61.608667
61.269558
57.286116
62.827144
59.467509
64.861201
70.519133
59.999315
66.944510
60.611412
58.755881
68.417128
64.798580
68.382910
69.083370
65.514327
65.826828
67.995203
67.139348
67.944768
75.192228
71.776984
64.425237
66.186432
71.483383
79.062221
65.672758
71.956984
60.075101
57.905415
65.493383
66.135527
73.743488
65.396446
71.844433
67.207998
67.603608
67.349950
76.328879
64.287704
59.974544
59.749095
58.872244
61.536080
55.674754
58.936328
56.304734
57.585930
62.215050
76.960374
74.491313
71.719275
65.046762
67.699239
76.484048
67.612170
72.363795
73.838416
70.895580
66.892959
67.752940
76.089733
68.881361
61.567673
63.968086
68.444705
67.909372
69.281001
81.228152
69.200022
70.705082
68.617133
74.979070
95.341194
100.120675
150.234948
