50
69.923115
70.685419
63.784063
68.879487
71.039801
70.608823
69.405203
67.254687
65.584437
66.769205
66.652552
56.847595
52.874979
62.019303
58.171536
69.065822
62.752317
59.509511
64.847076
62.107972
64.905425
60.559945
64.826015
70.325910
73.519289
59.933751
60.898464
67.943667
70.799734
67.266400
62.831785
65.793310
71.268709
62.316214
69.652556
77.222057
70.616996
65.699008
62.036783
64.833689
69.882655
63.337926
58.975651
60.468885
61.581327
59.250543
60.214289
68.636279
70.466809
71.308722
68.319485
69.891825
72.843684
64.813024
62.059281
69.430507
72.296104
70.491416
62.698905
63.472247
67.717536
62.889201
77.044080
72.148863
73.752438
61.569832
63.625757
66.207114
71.984018
68.343793
72.030028
67.471824
68.765774
59.446402
63.721082
58.140110
61.414334
60.281760
57.986572
63.954633
76.358756
81.728729
64.013423
66.615393
78.341024
76.390305
65.767578
75.386554
74.718815
67.585981
68.088932
67.245595
66.923245
78.318301
67.337481
71.066193
70.176162
75.992878
68.834830
69.823852
74.113533
71.628642
67.679021
63.905822
68.614419
63.685957
66.475820
64.357853
70.244324
72.412908
67.743342
63.184221
68.489555
62.396197
68.729408
63.142097
65.425561
71.673399
65.521424
67.142387
78.663236
69.183320
69.333226
65.272563
71.681620
67.859880
69.299557
69.787860
67.088718
71.402457
65.678956
65.749295
66.533544
60.691687
68.622317
67.405939
65.857482
64.955835
67.129413
71.812145
66.027723
74.953676
77.308535
65.822390
75.696143
68.951658
67.265658
67.444256
65.869882
72.892535
69.354661
64.242268
66.536741
72.768885
64.889383
66.351631
65.848400
61.334863
63.786189
64.992162
70.093813
77.912371
72.964200
69.675032
68.031702
60.791742
67.821002
67.294533
63.601223
70.535929
68.133946
70.317592
73.325982
67.977781
62.636409
62.501612
62.702173
70.505259
69.175865
72.197799
72.285745
84.173960
66.253277
61.885915
62.246544
74.849381
63.363427
66.272422
60.351230
67.401282
66.010579
65.902724
63.328858
62.024095
79.414891
66.310268
69.236961
58.752034
62.494489
73.408539
72.715204
68.381161
60.310970
60.411350
68.316573
69.020365
64.670926
72.132222
79.112830
62.633411
61.348237
69.000024
69.782798
72.621648
70.277464
71.285442
70.215330
66.902786
66.260779
79.183112
66.007553
61.952316
67.896394
70.893578
75.155148
63.785946
59.795836
66.263766
73.754450
65.132117
65.423857
75.915657
89.619351
82.678929
88.113865
70.251489
70.137728
61.925132
56.873213
64.091215
60.428823
63.788436
65.795831
70.966122
63.150773
64.934120
59.328689
57.756624
61.327527
55.790134
53.629004
58.413155
71.557867
66.610940
57.137348
54.505441
71.881433
66.492759
72.253064
81.182902
65.739301
57.036207
76.245953
70.537822
72.269281
68.051647
63.263562
64.576744
63.756115
64.166836
62.759547
70.087280
71.375915
71.196473
68.774716
57.544087
67.966075
73.056223
68.160981
61.771777
69.858493
72.150636
72.348714
77.112860
73.888024
77.475423
63.008464
71.401974
63.742913
59.496161
63.503717
66.144609
68.351393
72.732478
63.966071
68.548230
64.510543
59.397524
57.546433
64.018851
66.806660
67.641251
65.800376
67.884298
73.880987
68.370651
66.372254
68.465207
66.885231
67.002990
71.562569
71.463054
71.971310
71.432875
76.188171
70.903388
66.459695
69.943572
78.611361
68.709172
74.736916
75.655036
63.584237
70.007770
73.569612
61.082078
63.998285
72.327735
59.579142
70.183008
61.194479
64.884612
79.309700
73.756352
76.588919
76.027292
74.755047
63.773899
66.276196
66.915620
63.867204
75.546812
73.057177
70.683633
61.886053
66.453442
64.251795
71.580818
62.339715
73.073263
68.895327
76.450688
70.187989
71.311116
64.721845
66.329244
67.322498
71.224117
67.427204
73.162570
71.885113
74.675353
73.459579
75.416104
66.212159
73.299341
68.340828
74.920805
61.223580
59.323064
61.613246
62.754216
68.706959
69.890413
62.088986
69.513669
71.033346
62.648953
66.962033
63.969547
69.359810
71.551863
64.977805
71.915924
66.170630
67.436961
72.773581
71.091422
62.154623
62.601855
57.747740
57.270768
67.210599
59.684803
61.803909
64.364943
63.920968
75.623667
72.950088
80.969055
73.676346
68.490438
67.655503
70.553733
68.317581
62.924547
65.466324
73.414921
71.847620
71.140020
66.274280
65.047844
75.627530
67.890890
75.849674
68.853390
71.821371
73.516403
65.636980
60.173841
77.654412
67.363539
56.719945
56.730804
65.736329
67.159926
68.272151
65.913609
66.150963
69.840609
70.271912
70.504485
69.621042
64.983631
60.400870
61.191183
61.648721
70.796023
70.933688
71.361004
67.185246
67.039245
77.241088
77.288649
72.139752
60.952614
63.298993
82.876251
68.751191
74.149227
75.825257
74.735065
71.519719
67.980967
71.333342
73.912520
72.505729
66.238688
70.850756
68.216766
66.685283
78.169557
73.302173
77.079890
66.649320
65.928635
78.292406
69.226256
67.528730
62.260740
65.743349
68.430140
67.679616
73.754455
76.258026
77.315129
69.073285
72.745273
73.658437
73.701484
69.221627
71.908863
67.431854
61.741684
67.056990
84.892836
65.258959
59.846616
64.320589
66.308215
66.547787
70.544954
72.282166
68.515428
68.161131
73.266023
68.687257
70.291110
74.067226
71.180903
70.578374
69.720632
79.247949
74.123264
71.813022
60.490277
62.379599
62.108744
65.436407
65.511405
63.995576
66.614438
66.582472
60.408292
63.086732
65.343501
66.571885
66.887832
62.850572
66.518497
66.948475
66.690288
66.948248
66.380788
64.234018
65.704309
63.269392
63.806274
59.482940
66.747547
67.605438
65.144641
65.733187
76.797159
69.006900
68.136094
64.739619
71.788615
68.202089
68.750418
67.335746
66.660723
65.533942
64.858215
68.329682
65.774601
63.724782
61.621156
70.193519
63.138729
64.140689
61.416531
77.293531
67.353141
66.792884
62.582331
59.905102
59.034510
62.414219
59.730462
61.937927
62.954493
63.078088
64.840764
62.794865
70.682970
67.784268
73.465061
66.571682
75.195971
63.997791
68.932763
72.007486
67.785544
67.996005
65.557289
62.469777
69.897811
61.582938
67.076866
67.658377
71.361121
72.546308
66.974615
62.771716
65.296967
71.871501
66.834969
69.211838
70.061214
74.698942
70.870965
69.330240
75.255133
72.431771
69.402829
64.343500
63.133888
72.809878
71.036247
69.349613
62.495240
61.914109
67.959884
74.177436
72.017001
74.222295
66.256084
72.743080
72.379632
68.350320
69.724385
63.560939
66.925183
66.357646
71.323537
61.252899
62.393437
62.655987
62.098693
62.147383
62.001119
60.468990
64.305031
66.569089
71.806441
64.539811
70.541566
68.217726
58.543934
61.383258
61.642461
68.243752
61.453377
68.884290
66.592728
62.234416
64.461382
73.033199
70.975888
65.340677
75.293936
70.393615
69.510014
69.584678
59.353846
61.749962
65.460452
61.946303
67.778764
60.726210
67.179094
72.491637
63.879309
63.233139
59.748595
70.403428
64.348368
66.913730
69.307770
65.015144
73.696863
71.423586
56.527394
63.241332
66.079414
74.440780
64.949571
72.634617
66.470661
62.720263
68.219636
67.989334
63.782259
70.554327
71.276631
63.526454
68.220259
72.432225
68.185976
66.050706
75.184709
69.477378
67.258873
63.160591
66.160969
75.488190
67.551165
67.668972
67.791052
68.157354
66.639611
67.484702
68.414187
64.391450
65.134171
62.141954
57.465507
63.137824
60.733093
65.376472
71.497418
73.807330
65.159633
66.411277
70.982925
66.065644
65.965121
62.865238
70.192971
61.694597
58.519195
66.958015
66.326462
65.771387
68.356669
62.260912
57.778460
62.688555
62.996225
68.060072
64.954189
69.947823
72.416182
68.974343
62.031269
62.262155
65.617630
63.988527
64.651129
63.108929
66.990600
80.238727
70.028134
64.818309
66.672198
68.651330
74.111426
69.903401
70.313686
67.728369
70.813635
63.183189
72.394031
70.098001
59.556354
63.087104
63.879483
66.876160
67.607963
75.759975
66.560535
65.509265
69.741764
64.436351
66.918234
68.147372
63.708118
63.612949
71.420512
63.112816
71.222594
65.556821
68.060044
62.882626
62.331887
69.256966
63.201246
59.655165
61.897315
70.641808
71.880810
70.900661
69.652919
68.284355
71.626161
70.663014
67.373393
61.485517
66.595364
63.170703
65.820063
68.718817
63.882609
74.923755
70.799023
66.882700
64.236331
59.978267
66.701705
77.574521
67.881593
85.914994
163.931339
287.893777
56.165667
79.780361
72.192165
71.890400
62.279930
61.553344
62.448720
65.905792
70.778891
73.404310
67.630849
61.480376
59.520852
57.557263
54.304481
65.404979
71.802720
66.334846
61.208924
61.890351
73.382361
66.814814
68.009152
69.256467
68.229512
71.786181
74.936111
65.618853
70.122917
76.800245
79.141426
67.655878
52.603707
64.344446
68.390012
60.717730
61.636874
67.612881
68.112823
64.579228
72.778600
75.684906
77.429192
66.877453
58.759660
59.519749
62.874124
65.852105
65.737623
61.831673
60.601027
66.724650
64.402231
60.696568
63.574500
60.095344
61.396110
60.323570
64.432315
73.377488
61.455738
62.877583
66.080840
68.695592
71.837251
73.928922
72.338900
72.278713
64.165181
64.855544
67.168718
66.168350
66.228273
63.807588
68.317202
69.712533
62.516148
64.915367
70.299667
67.217963
72.486879
62.869954
66.594228
62.365186
64.843631
78.906111
65.988123
63.935115
64.991765
68.889703
71.709396
76.383263
67.603366
73.606850
66.861839
68.995116
69.857107
63.187277
73.543816
78.124665
60.168309
66.353284
58.634409
59.413356
59.820246
67.568258
63.036274
64.035946
72.868710
69.306524
62.981652
69.421102
71.526493
68.237370
62.710945
62.480238
62.219200
61.905878
60.689331
62.049575
59.819688
57.723859
60.472147
60.641585
65.283959
66.847046
62.378382
65.470155
63.060694
64.022979
70.997212
69.202988
69.396661
75.685391
72.673348
68.650132
66.116261
68.600168
71.472154
69.216210
68.038518
74.867442
65.486488
73.056095
63.895362
71.013762
64.742642
71.999713
76.860650
67.480590
69.014402
73.751538
69.621137
65.939427
65.916971
72.770828
68.865685
68.050070
71.018206
68.847196
61.527076
67.427597
63.088810
69.878920
61.985936
69.356868
68.589928
69.051705
65.149799
66.789675
66.167814
60.359900
64.099167
59.316069
72.592221
68.651946
63.107537
66.605053
66.471720
69.907284
72.542940
67.297484
75.350966
76.647182
71.424829
71.274026
70.095657
65.002051
64.419660
68.359395
63.615954
68.186694
61.768935
67.022576
68.611471
71.033711
60.623048
61.580349
68.205817
64.649491
62.436548
71.267522
70.030683
63.266472
78.757536
71.735918
64.709096
60.635368
65.249200
65.746273
71.674667
72.502742
64.291382
68.092176
63.784298
67.322700
77.988386
74.224212
76.335165
68.882047
60.111061
61.216859
64.955903
70.674028
69.361595
66.810661
78.387752
60.695242
67.196495
63.891545
70.706821
73.533490
64.847621
68.730242
72.903725
74.598595
62.729301
64.226235
68.023382
86.405165
64.432753
61.969499
69.445214
68.849168
69.307506
65.282635
63.567948
71.773005
66.614109
60.963894
62.869730
61.259185
64.621744
67.322854
66.666299
76.133189
67.146588
67.004410
73.460850
66.178085
71.070030
66.921160
68.405635
66.726440
64.806779
63.033916
63.204860
66.208251
62.988481
62.112619
70.753762
69.219662
62.129527
67.603236
69.593747
67.831200
76.740549
71.715904
74.834105
72.836830
60.685048
62.890757
71.054544
68.447347
63.896880
65.669553
79.348287
70.615803
79.073219
70.916904
65.728145
58.621074
59.517708
64.418401
68.387586
64.776684
60.465598
62.145671
72.920791
58.189928
61.973221
58.091371
60.008649
62.070451
61.433471
67.078849
67.503343
70.569622
77.564167
76.526884
66.102795
72.345746
78.034460
72.939030
73.642201
66.700349
70.666837
65.305905
72.188007
63.122035
68.891494
67.550441
66.376003
66.886606
66.590015
72.214797
67.196682
66.531344
64.433805
71.817745
68.779331
68.222394
64.888385
71.635014
71.366435
68.222579
66.636652
65.186547
69.304229
68.010924
66.277079
70.701010
58.390417
65.889371
61.885048
65.097730
70.381779
64.874203
69.584102
67.645762
71.998526
69.695006
69.961899
73.221888
69.716182
61.907987
73.077389
71.532895
66.920050
68.419958
69.675041
69.356053
69.256523
75.741438
71.297379
74.810841
66.550558
73.444008
69.678194
69.339291
65.491716
70.293846
68.580472
70.475590
67.879406
71.078056
64.508915
61.247156
72.340086
64.729620
68.119542
68.238485
75.557981
69.992328
68.584309
73.052371
69.086582
64.911651
66.705178
60.816288
64.635682
70.039906
68.170251
73.590007
64.060383
70.173069
71.421065
69.980189
64.945229
70.386328
70.841572
69.718910
58.826092
66.539973
72.590167
73.794619
65.609713
69.911732
67.241395
72.350488
69.318596
65.737857
66.242788
75.614603
59.533291
71.827916
76.977012
70.813092
75.624380
66.821807
69.613157
71.823369
71.639147
66.574510
70.189234
64.724859
66.373960
70.359281
80.047461
76.503504
71.850471
76.931136
56.707189
69.077550
64.910533
62.216318
73.705789
64.552429
63.698146
63.094601
66.672410
70.320784
71.166432
63.892320
62.235409
69.389611
73.623781
73.676605
68.148028
61.956468
65.137224
64.837371
65.723163
69.064486
69.410223
67.384622
63.763806
71.949953
76.000460
78.383496
74.437388
66.806534
58.693190
64.337397
66.398130
69.948207
68.631920
65.253178
60.929040
72.342359
66.274938
69.278527
71.207871
68.469511
68.265606
70.027884
70.196735
71.583318
70.233561
75.746180
70.453785
70.140478
70.870712
65.525772
67.183498
65.733477
63.000896
69.654034
67.221956
75.792378
74.005705
66.387327
71.329600
70.571709
71.041458
68.266101
61.392857
65.143257
67.457988
65.733163
68.721134
69.006117
65.759088
68.593062
69.632549
63.246930
66.333218
77.674600
73.201696
70.246496
65.086971
59.001828
59.456879
65.060444
60.862706
61.281771
62.935267
71.393334
64.237465
67.531320
71.936105
64.526134
65.226288
69.158716
66.594689
70.478893
67.579839
65.121931
65.642392
71.966983
67.960859
61.799318
66.413291
65.440030
61.549440
69.059099
71.222327
69.520429
69.406655
71.220540
66.344481
67.503183
64.860381
58.459168
62.438593
61.647925
62.274012
70.191076
66.576753
75.773785
68.092934
60.097151
58.493031
67.365201
65.990420
70.174610
66.961421
70.916672
69.718828
71.470322
68.480957
67.694627
70.841941
67.141563
72.265237
69.330046
79.780337
78.216922
72.858465
65.407211
68.203567
63.154081
54.137321
61.649178
68.034829
65.414210
62.269874
65.476714
57.834292
66.724943
67.363590
65.817476
72.246358
71.044418
64.642096
73.360771
69.138722
71.057079
66.903161
71.235478
66.676872
69.156804
76.596525
71.702292
69.206904
63.566733
59.800980
67.711677
71.699084
70.432935
68.932160
71.584325
67.604743
69.304041
72.029779
67.237974
70.609146
64.883687
68.702900
65.492714
78.291045
74.573536
63.408862
63.179291
65.267083
63.302656
66.317696
66.689358
67.066155
71.827351
76.441595
66.464106
65.271150
68.239282
66.645675
61.921337
59.986380
70.322183
74.540794
65.188025
66.417895
63.634923
68.623293
69.691661
61.410178
75.134292
69.094124
63.023236
63.284055
70.879352
67.153671
64.526366
67.608151
61.516506
70.847442
66.727485
63.828186
78.209301
72.121820
74.714900
64.700225
65.639826
66.638864
65.737078
66.073470
69.132994
67.177277
67.930357
63.195666
66.054315
61.794017
64.330480
66.955902
68.753341
78.276842
70.047229
73.748296
67.937402
70.044933
70.828976
71.442926
62.199622
70.947297
77.930283
76.174085
67.449057
55.237315
68.022304
75.030568
64.807576
58.997230
63.997295
65.934708
62.300620
65.908445
69.020976
69.156426
71.717140
69.705236
68.105056
60.853743
56.482405
62.847644
66.224675
63.990519
57.220564
71.325368
77.398455
71.868992
75.434291
65.694449
63.273695
66.765353
63.025802
62.825963
62.940198
63.972742
68.152539
64.529431
63.698234
65.049694
69.247785
65.569784
69.634092
64.134830
66.317633
60.375450
68.054967
68.992511
60.915235
65.438818
67.133592
64.534335
61.927258
68.105679
70.044562
68.375394
65.818293
68.781127
73.037308
64.279371
61.990031
62.148651
64.164740
64.197442
65.860695
79.044492
77.751121
68.231912
67.105751
63.535087
70.906238
63.363970
66.377432
65.766668
65.619292
69.483648
70.388801
75.716125
71.585990
71.671532
72.655049
73.808998
64.802236
73.795201
75.549694
63.663022
70.963833
70.653100
67.719814
69.448943
67.628704
70.374589
69.401948
69.355802
64.369536
63.930243
64.517732
64.252651
65.562390
65.948083
71.086958
67.531560
64.268612
70.254176
77.854315
70.974106
62.247870
67.361682
72.122025
65.177140
68.405058
69.902291
71.760772
70.162035
70.803729
86.724133
89.002383
92.484697
94.642003
125.172044
328.465315
66.498234
63.803627
62.757270
64.240783
65.371951
70.880297
69.710050
72.100137
69.645195
69.687745
61.880251
71.090512
59.614142
58.037047
62.693037
69.941301
71.310743
69.085250
64.000472
65.992067
62.959322
60.602222
57.294486
70.619939
59.476523
65.626094
61.704337
64.856771
57.266554
65.361429
70.500323
65.018699
62.712998
60.771120
60.835716
71.042451
64.528272
59.100897
59.414399
60.878215
61.030856
57.275717
60.984594
68.460610
63.074021
61.471260
56.635419
61.115771
55.459806
60.242861
60.384807
66.797956
61.077780
59.772560
58.290008
59.377010
59.542644
59.649824
57.591469
59.363268
66.735949
65.739108
68.444608
60.892481
58.265296
56.302068
60.846882
65.112254
63.285000
72.614984
55.547139
60.878829
64.968669
59.367263
66.059188
73.561652
72.058090
64.517961
66.665113
61.905344
62.496061
63.992473
66.500282
62.242119
63.974911
56.791474
72.185864
69.949507
72.735294
66.831658
63.903219
57.989010
58.784816
65.893995
57.701095
65.931732
71.181302
64.698907
70.705516
68.708227
63.407666
60.269822
70.044288
64.688913
71.051522
68.518203
64.770796
69.671760
65.756791
75.974674
61.510268
66.879882
69.474513
64.457990
60.827870
57.734397
64.644670
67.038658
72.346498
59.113008
60.884741
62.566437
63.696798
69.940586
65.322886
61.656594
64.895504
73.144254
56.495109
53.857623
64.321917
67.536680
66.273947
57.212785
59.117847
66.758920
72.187744
71.300030
66.126172
68.596364
79.920369
70.478786
79.410392
71.940674
71.685515
71.416255
66.206110
78.251816
72.349414
65.924295
66.428053
65.700422
67.694074
68.250000
61.339695
62.989115
70.541587
68.477523
69.523957
71.707642
61.858770
64.571818
68.470198
66.317715
75.445614
69.358890
67.011769
65.498053
65.563481
67.334643
71.716757
62.302024
69.223728
68.202640
71.449262
72.008203
64.955717
65.919438
74.382470
70.767314
69.333469
65.174707
69.902170
70.142775
70.168402
71.333783
72.376728
80.362370
71.829662
67.247873
66.326487
61.990559
70.096786
68.582075
59.282501
67.041713
61.342105
64.353238
65.339020
70.336845
64.311871
63.028181
67.967289
69.705043
66.676014
64.714557
60.483228
61.673245
69.143370
73.563194
69.725270
70.065617
65.308948
60.418534
56.931266
66.194269
76.874305
61.269016
64.844026
68.012542
75.270366
73.257808
76.320480
74.425179
59.030340
59.472859
70.208435
75.521049
74.349317
74.230565
66.445256
67.681403
64.177354
71.676661
65.341322
75.324142
71.249077
69.914048
69.179753
66.917660
66.654101
68.158942
69.085778
61.179339
70.794703
56.798918
69.256989
67.396999
70.294486
67.094570
70.511617
72.003546
64.525999
70.103377
67.928322
65.758847
66.385605
66.682829
64.867647
67.505574
68.252170
67.512976
71.564424
69.858200
78.059625
69.088232
69.660642
75.210560
70.900975
67.408059
66.797520
66.516509
73.792873
73.144701
67.795512
68.924779
73.179864
61.398267
67.811359
68.247759
72.795683
74.056003
67.203487
64.471057
65.988155
64.621280
68.428889
67.218070
73.159121
73.722583
71.049105
69.152700
67.530068
65.880359
66.246776
68.324719
62.231575
49.940149
68.959209
67.380257
62.339993
67.107187
66.866456
62.380444
65.105426
62.003134
58.862848
67.273509
65.949351
56.369302
64.898359
59.917033
59.308700
62.245156
66.775178
67.958264
60.877574
61.811890
67.596995
66.527193
67.049277
69.125709
67.026143
67.255595
63.603623
68.743306
71.855368
74.510160
75.668798
66.293630
69.884876
74.714217
73.481769
67.748403
80.404425
81.768150
82.515957
63.793621
63.977367
75.537323
61.378541
69.418485
64.335919
68.288737
67.276967
60.668544
64.083570
76.288088
76.237808
78.902483
72.837178
74.946404
72.659633
66.421413
70.958201
71.285985
66.480132
68.758907
67.489198
75.865652
80.861979
71.042731
70.485021
73.302436
68.357612
70.746520
70.228192
69.039930
65.146497
76.069374
65.382526
68.736264
72.290196
78.203216
71.964397
72.430386
63.903051
66.195538
66.965589
67.093228
71.181623
68.745942
73.563230
68.939653
70.675545
73.448455
72.095497
69.271755
73.982178
70.502383
68.673471
69.097170
69.631119
62.642589
62.871283
60.720317
64.210896
63.113605
65.699834
58.128484
62.238579
71.032120
68.980967
70.521383
66.660428
68.444924
68.622912
65.473940
66.632811
68.482267
68.758312
71.056869
74.157116
69.530709
66.318110
64.963760
68.487662
72.754956
66.763143
65.360394
67.069234
71.217519
68.666498
67.248376
71.653621
67.960751
69.134157
64.399572
62.878183
64.023273
64.125055
63.788713
65.700874
62.236412
64.005857
62.095419
70.504925
65.059498
70.171021
67.458359
68.555961
68.912530
68.434419
65.567277
71.548411
61.035234
72.099214
64.326355
59.967187
67.449405
57.711866
59.526645
64.903849
70.741701
68.528345
64.316576
66.523008
71.713192
62.787862
57.005615
62.700617
66.816682
60.218476
69.613653
68.929962
63.970076
66.498056
63.088620
62.171481
65.726048
62.330258
69.020752
66.157930
75.875601
71.864376
77.354965
68.141180
63.493861
65.521557
62.246555
73.782489
68.993686
77.104649
68.387342
75.481423
63.689241
61.787118
71.136790
69.989427
67.815550
64.391898
69.630708
74.757878
70.337100
74.421930
68.670305
70.391170
70.894911
70.710800
75.312937
71.667589
67.579341
68.028814
71.593689
68.827729
67.699102
65.418033
65.765302
68.022532
57.140216
57.482320
66.156576
65.416977
71.746661
70.666563
65.152508
66.585873
68.760782
69.341006
58.784930
61.350996
67.973693
63.591725
77.409932
66.942925
68.111735
72.793059
67.531844
65.763455
63.472612
65.575967
60.577437
63.356126
66.499062
68.388207
66.300188
64.909801
66.179786
65.301628
61.862393
65.664113
71.584456
68.442591
71.385358
67.421155
68.726634
71.656941
71.725671
69.646099
67.943421
68.280037
71.894477
66.136906
67.825959
63.143592
68.392346
61.918831
59.234337
64.267847
62.517727
61.310961
68.158044
63.773621
60.712755
68.730114
72.835892
69.020958
68.129250
68.887342
66.032684
67.472630
68.864887
59.396538
60.110183
68.435349
67.112570
75.865499
67.431404
77.325968
66.236751
66.518910
69.262903
65.831300
65.685999
77.919533
71.228371
73.076123
73.175941
67.309680
64.680543
73.365659
70.291552
68.454650
69.843579
66.320655
72.100774
66.831360
67.346815
73.113367
68.040463
71.930817
70.008702
68.338892
68.484126
68.407591
64.271341
67.186239
65.940486
64.373836
68.284002
68.208029
77.579135
73.844993
67.873216
54.593821
57.746813
70.429583
70.190246
55.711928
58.016134
64.788417
64.347773
60.542797
56.789997
58.728703
60.385009
60.206447
60.582060
64.746214
62.249587
63.470920
65.151621
68.373588
63.231546
69.706078
63.039363
60.612716
68.242279
70.172174
71.331084
70.457055
72.128872
69.618095
68.221399
66.815478
64.593804
71.584171
73.468448
68.400759
68.126940
66.524529
62.043415
62.813442
66.935789
83.126876
75.232341
75.622319
68.252318
71.781045
71.923634
67.870674
67.606259
66.202758
77.707368
80.034107
78.741257
70.728752
67.685911
66.345189
71.155734
74.048806
70.487062
69.888358
65.683286
66.222078
58.956567
63.742350
71.053870
65.692083
61.631625
69.841943
63.824368
63.515098
66.573643
65.340233
72.029390
67.977496
66.006360
64.998561
71.599532
66.283646
62.490954
64.243804
67.940811
60.178168
61.025986
71.907670
76.470950
67.446311
66.738984
74.127031
68.724582
65.800084
74.409767
68.632472
69.644951
62.693231
67.759016
58.270103
63.877550
60.349495
65.520298
65.112972
66.728093
62.338845
71.882771
66.139626
60.812497
59.500379
65.166832
65.816920
68.326210
67.023405
66.563619
69.466823
67.344222
65.717291
62.495158
60.398183
60.219513
60.483386
60.616479
62.039169
61.297640
58.732176
75.148438
58.644091
63.709380
58.088874
63.684742
56.059873
56.027588
72.182505
73.790052
71.422408
54.745659
55.145708
60.012174
60.960258
73.163553
67.802972
68.416326
59.894600
61.304486
60.451562
62.908154
66.750432
68.897235
69.186343
68.709463
56.317623
64.566959
67.358759
54.738195
59.816609
59.870064
67.440152
63.786706
60.693719
60.728702
61.986343
71.053900
65.836579
73.561778
64.171386
67.297165
68.245821
72.948727
81.108636
69.109338
68.507614
69.884449
69.907715
73.969268
66.534599
76.530857
80.640965
75.486789
77.846510
76.639621
86.756016
96.827348
102.280470
125.134086
149.909405
70.327146
72.685143
66.243350
62.622642
65.742301
69.483873
69.993476
64.750896
63.569546
67.473280
57.649054
72.374360
78.772751
71.556944
68.583971
67.252359
67.130674
70.842079
69.414513
73.308654
74.051095
75.424244
74.127862
73.497855
76.010218
67.296571
74.795071
75.660535
67.039128
64.536850
65.175193
64.602583
64.139666
62.545871
62.301509
77.486830
69.226909
69.684142
72.069128
71.805636
75.215583
58.014906
61.791573
63.399999
60.646821
66.307935
63.616577
62.357616
66.640560
59.358344
71.007199
74.281878
64.292630
70.765766
68.130998
63.864520
61.973872
71.030474
63.676586
79.200038
64.170212
66.899961
61.688570
62.776766
59.787985
58.818848
61.599300
62.636368
60.962907
68.158885
75.338167
69.737849
63.011931
69.075294
67.153560
65.764713
71.736585
72.440301
76.150266
64.818501
67.305685
63.565125
62.138298
65.165850
70.704536
63.351355
71.548713
66.166241
72.800052
66.411266
67.028835
64.149507
76.841503
65.662144
63.781367
63.936463
63.501842
62.774590
71.523480
68.730293
71.947518
63.602784
73.494694
74.528446
70.763845
64.783223
68.882425
68.179188
70.158971
74.071294
69.772527
63.200978
59.207773
63.472238
69.134013
71.837128
69.496124
70.477012
76.449473
73.489353
62.208554
60.374969
60.663697
65.082532
67.239012
67.338963
66.475254
73.962898
66.408621
67.645526
67.164237
64.855084
62.715485
65.105775
64.129874
62.982121
67.579344
65.962852
71.935580
71.969910
65.749858
65.287652
60.942218
63.132161
71.929765
68.451923
64.856748
69.989174
72.164049
74.108984
65.912925
67.265238
69.471732
66.047124
68.445038
65.401624
66.932317
64.929072
67.683794
69.104778
64.059118
61.290197
62.699793
55.827466
71.124562
70.596389
65.335161
69.241001
68.015970
66.156171
75.990435
72.280618
62.280333
73.105424
68.888097
69.324362
69.379968
70.564349
67.302134
72.286102
68.680923
62.851119
66.646550
68.441620
72.297126
65.381834
70.702709
65.432534
64.342005
57.656331
55.008656
50.758954
51.410138
54.585341
61.364204
67.771439
71.742043
63.823873
72.915763
69.258220
69.785046
72.989362
66.779164
71.995752
67.889223
65.415697
62.489350
65.722181
64.404620
67.259875
73.930902
64.572820
62.455366
75.552056
67.806172
70.058134
66.792447
66.814078
74.949163
69.951473
65.038914
67.228664
63.177210
67.462867
62.241740
71.959319
66.712708
68.753902
67.497903
70.738239
69.218819
64.905550
58.729720
59.018442
69.280046
65.852157
65.335583
68.994679
62.901772
71.257885
72.964543
66.514727
64.664365
67.849705
66.640814
62.812576
64.526966
67.510906
72.426451
71.855900
73.817952
63.805504
67.242855
69.084503
69.904691
68.534231
72.972812
68.499084
64.224509
64.887919
68.323345
69.123024
63.896184
64.554521
73.821104
67.574541
68.924269
64.254497
61.989786
60.494080
66.120695
70.329184
75.097443
66.846395
71.496567
69.106474
62.238870
70.108352
68.548616
70.221868
71.185335
70.824453
62.748863
66.691981
71.211379
68.316730
69.637718
68.876199
72.479395
75.501428
72.792194
70.024008
68.663835
70.765723
68.111037
63.972888
63.114746
70.370188
66.152201
69.390904
65.496854
66.407826
67.008583
60.122955
63.201177
67.416973
61.971912
59.685576
68.163765
69.153034
64.177583
65.627486
66.490038
64.282772
59.333318
64.858024
68.431620
66.573129
66.698427
68.127680
71.428092
75.588247
72.112028
72.690255
64.478356
64.093980
68.969146
67.783625
73.714803
69.215121
74.753363
74.957086
68.599874
61.623975
66.941928
71.923675
74.960043
66.654605
70.132266
65.632830
63.994589
66.656444
63.465986
71.418353
71.768812
70.948067
68.133767
67.381260
67.832162
66.701974
64.450612
64.500162
80.359049
76.173722
68.936929
66.905416
66.093506
70.813757
65.034365
65.645113
73.062023
65.190249
67.286679
61.870928
70.572058
64.435032
68.359602
67.332082
65.762241
63.193764
65.634124
73.107579
65.978122
62.222775
69.743141
67.711885
67.953461
74.254171
69.553831
63.763703
71.888404
72.536130
67.866666
68.422913
65.784050
60.726140
66.080124
68.968143
78.118534
74.571394
64.577761
65.182811
67.696380
67.211057
66.778052
68.732819
78.195784
73.697123
65.128264
76.499510
74.105731
62.779641
63.142444
62.230784
64.812714
61.860632
58.910236
60.230958
62.709083
65.578458
66.653198
66.676728
77.643662
74.454041
79.200225
69.865461
63.393269
68.638095
70.551404
70.777151
67.953936
60.342339
59.328546
60.566806
58.857033
67.603175
56.538463
67.106814
66.120347
66.339023
68.054177
69.756344
62.195145
72.692315
70.915717
56.988400
70.397419
71.399922
65.474729
70.565336
68.756213
66.342214
68.353420
65.134537
68.737610
65.077228
65.174349
71.516784
68.827075
69.429010
74.633698
68.425442
69.001279
72.169369
75.251906
61.251466
70.666017
70.527261
69.772921
64.753306
62.053075
62.807973
62.479264
67.313628
65.218063
65.442818
65.779410
62.195694
66.792798
63.923373
70.939015
66.114111
70.476228
64.118831
67.213863
65.382651
59.066969
68.277248
69.382387
68.231577
65.658161
60.448135
68.149085
65.386376
63.362374
65.237868
62.570018
55.985658
60.896338
67.073890
62.972270
65.629566
69.726409
65.469813
71.504122
71.844197
68.316764
64.508834
66.418314
71.434184
66.926618
64.383784
69.764212
59.341746
58.721290
62.363252
64.381705
67.449384
64.411405
66.221693
60.477291
64.481901
62.865338
58.546815
62.652894
67.381479
68.290530
70.021241
67.665607
66.058938
66.862207
71.650372
73.067125
73.704442
71.892360
71.787126
73.623592
67.892519
66.555851
64.750269
72.373959
71.122875
67.118961
65.854897
66.289355
66.975767
63.994743
57.965988
71.214388
74.039041
75.168188
65.855655
58.033885
65.682937
65.784837
64.846716
65.044239
65.509044
66.717834
70.640795
69.290812
65.634856
71.018895
70.306827
65.709775
66.748081
58.969354
64.911855
74.836594
69.203115
63.286826
62.985067
65.710212
71.348834
67.477389
70.236198
67.312612
64.841186
66.511914
64.726069
69.444184
67.332180
66.060753
68.818638
66.875121
71.489847
72.581614
69.208362
63.603128
62.105005
70.364448
69.484556
67.614953
66.632101
55.011286
60.878809
63.157517
67.448348
67.225085
64.239573
73.718724
66.871994
69.612820
57.165945
64.284245
74.010964
71.457325
70.391152
67.538380
74.573012
66.184170
72.183557
66.639017
75.169247
64.910692
60.617796
65.014899
65.876150
63.749950
61.958607
67.084851
75.600394
71.959980
65.458739
70.915824
70.746244
71.972956
67.501537
61.297315
60.704004
70.739118
62.542033
64.202929
66.085705
71.040645
60.921073
72.449000
69.977522
71.969224
76.549510
70.716567
65.892375
71.175287
66.243118
76.565697
68.915443
75.238321
67.480012
61.412448
69.838078
62.950183
69.153327
59.099501
71.109610
69.413233
72.632913
70.070489
74.456019
71.408305
72.451581
71.389201
63.978146
69.344645
80.916718
79.217839
71.929594
68.825964
71.523540
62.706327
63.150366
61.116970
65.769259
69.165417
66.871281
67.812908
67.272643
69.578976
66.932532
64.726385
64.918753
73.008310
70.254490
67.163079
69.328747
68.668609
71.880478
75.483441
68.627643
73.588100
70.598082
74.334069
65.061211
68.750591
66.247104
65.799666
72.958892
71.212007
69.937145
62.386267
65.515803
71.412926
67.800926
68.349466
71.149845
71.651637
65.524650
61.399630
62.938518
69.195610
66.652950
59.441654
61.247020
55.340977
64.290276
73.784407
66.714058
73.702607
69.353648
69.645288
71.696966
67.753304
75.659831
64.691517
70.750734
68.678754
73.403326
64.769875
62.965108
58.166154
60.678051
80.223667
67.609539
71.113762
71.487108
67.318993
68.963181
67.893313
66.211958
67.850028
63.995207
62.343145
67.874715
61.896725
65.803054
70.103669
71.513770
66.025471
73.187095
65.681747
67.636026
69.348138
64.612282
64.421687
61.358143
56.261497
56.576497
62.347066
57.154958
54.676186
58.386439
57.758000
52.914220
58.199466
60.891860
60.023067
62.018899
62.762509
59.488380
61.258754
59.810858
60.764952
69.689173
60.873249
66.037049
67.782438
68.345548
62.859715
67.084821
63.232818
60.287376
64.821784
66.752596
60.151143
65.180414
68.089802
63.685111
60.624655
61.040560
62.216090
62.778189
64.285294
64.964340
61.181766
73.239416
69.853083
74.176539
67.948671
69.731854
71.182657
69.547017
67.558286
63.223138
68.920369
76.305891
102.945420
99.981103
116.561788
