50
82.040583
86.416443
88.855664
89.803366
89.777445
89.807177
89.433730
89.439272
89.687716
91.617828
89.693132
89.332710
89.288777
91.396454
89.399141
89.660852
90.476368
90.987903
89.787577
92.057637
91.652589
89.759377
89.704265
91.110364
90.606598
89.870218
89.819257
91.258049
90.262678
89.667725
89.750955
91.848447
89.832350
89.831601
89.804107
89.738644
89.953247
90.985112
90.518221
89.791218
89.770959
91.910098
89.903155
89.969167
89.838678
91.890870
89.761450
89.707116
90.010579
91.965927
89.975300
89.839602
89.783568
91.807781
89.761395
89.784259
90.816266
90.871063
89.787648
89.759621
91.906016
89.865077
89.809322
91.306216
90.636440
90.036157
90.101133
91.972702
89.821769
89.830192
91.324883
90.494491
89.827407
89.985146
92.186783
90.113734
90.005184
91.667039
90.733506
90.022319
89.918584
92.086884
90.254034
90.234320
91.449594
90.735383
89.905471
90.121716
91.767308
89.727104
89.703652
90.702328
91.450012
89.892716
89.752484
92.092723
90.454887
89.568844
90.631466
91.576268
90.166885
89.834731
89.845896
91.911274
89.791899
89.897814
90.032341
91.961037
89.742391
89.664553
90.372743
91.347378
89.792787
89.861523
91.816211
90.133893
90.089453
90.242621
91.984126
89.791214
89.656362
90.839229
90.403590
89.656686
89.852512
91.935245
89.836771
89.893551
91.175844
90.824939
89.889370
89.930117
92.754715
91.682753
89.931295
89.918681
91.965639
89.840788
89.887233
90.892116
91.064040
89.822655
89.842786
89.735298
91.625268
89.645233
89.741013
89.865637
89.805401
89.690215
91.986312
89.948527
90.111258
90.472474
91.627548
90.359996
89.753649
89.927915
90.029436
90.065904
90.212003
91.648667
90.330413
90.306109
90.114420
92.099187
89.849912
89.778128
89.910386
92.019981
89.863351
89.921328
90.302484
91.602202
89.933830
90.117876
91.364920
90.829134
89.807858
89.804474
91.898070
89.355833
89.317996
89.309238
91.516890
89.506652
89.650697
89.623078
91.135803
90.223681
89.658577
89.740386
90.198670
91.331688
89.771371
89.761590
89.892423
91.851916
89.955873
90.027613
89.769293
91.813266
89.808762
89.701851
89.861696
92.002074
90.205032
90.086434
90.863081
90.993806
90.985891
91.080714
89.637282
89.666261
91.258186
90.348140
89.921756
89.928566
90.627571
91.324229
89.976010
89.851315
90.010513
90.950005
90.897902
89.592659
89.706721
89.674662
89.781479
89.847429
89.946900
89.881693
91.936299
89.798695
89.815105
89.932367
91.830602
90.233904
89.944234
89.738443
91.202865
90.100369
89.770497
89.800035
92.119637
89.807638
89.870687
91.354624
91.021994
90.085043
90.036938
91.804744
90.172073
89.950834
89.818852
91.881295
89.798094
89.692912
90.718971
91.369091
90.060241
90.207088
91.557866
90.888832
90.083536
90.010306
90.259705
91.539948
89.792525
89.752128
90.024009
91.860934
89.960147
89.856046
89.837125
89.739462
92.409455
90.265496
90.145193
90.164935
91.389364
90.590682
89.739152
89.777408
91.120031
90.291191
89.617115
89.808940
90.412746
91.359808
90.032110
90.154651
90.120529
91.060684
90.939061
89.967776
89.806437
90.006392
90.156459
90.109026
89.954178
91.918456
89.942229
89.886083
89.812402
91.833612
90.201435
90.056542
90.277344
91.988601
90.071062
89.766918
89.636258
91.704402
89.680188
89.744202
89.842978
91.494149
89.957723
91.042236
92.310328
90.088325
90.016486
90.231200
92.016553
90.179969
90.089933
90.707305
91.286056
89.918278
89.895493
90.218558
91.680272
89.963052
89.814401
90.194038
91.236204
89.757594
89.865287
90.809384
91.065988
89.779482
89.806924
91.914394
89.941298
89.957139
90.011348
91.872923
89.942351
90.112058
91.242354
91.058052
90.143121
90.202184
92.186967
89.880420
89.836390
90.891443
91.181442
89.688304
90.004514
90.063951
89.836105
89.726926
90.549498
91.781682
90.026172
89.951831
90.593478
91.428461
89.922300
90.057128
90.897131
90.318076
89.979081
89.824387
91.025634
90.864259
89.938164
90.047378
91.421321
91.689139
89.990246
90.055767
90.027142
91.942846
89.911457
89.775005
89.676003
91.217966
90.739380
89.932609
89.873170
90.607680
90.797705
89.803758
89.793401
91.704030
89.923468
90.023112
89.902238
92.014505
89.778015
89.756218
90.606584
91.397905
89.832215
89.795815
89.769466
89.795321
89.782052
89.845712
90.932862
90.658283
89.903364
90.026314
90.007657
92.556400
90.204861
89.876261
90.071522
92.064928
90.059577
90.001367
89.869512
91.548666
90.307503
89.908397
89.787594
91.426025
90.211667
90.174411
89.984552
91.286281
90.513624
89.844180
90.104684
91.440665
90.519694
89.794383
89.758719
92.006940
90.092012
90.331916
90.410342
91.827392
89.880654
90.014345
90.347179
91.569483
89.943161
90.023885
90.121443
91.232382
89.661068
89.877295
89.934096
92.098470
90.113640
90.161690
90.393931
92.063866
89.739271
89.746450
89.755763
92.083792
90.025417
89.859455
89.885197
89.917810
91.700495
90.015844
89.930247
89.934906
91.219093
91.113757
89.981690
90.029203
90.376949
91.574646
89.730497
89.786576
89.789889
91.818383
89.782666
89.726811
90.060303
90.251328
89.911509
90.362280
91.043938
89.867802
90.019642
89.832612
89.762026
92.156501
90.568677
89.916388
89.847623
89.678901
89.899413
90.286489
91.607914
89.883876
96.316869
91.633337
89.613479
89.972625
90.545609
91.468542
89.788207
89.890450
91.021254
91.142636
89.739423
89.833686
92.504783
89.899162
90.035680
89.826347
89.790171
89.941552
91.727737
89.963213
90.025679
90.200562
89.960053
90.075810
89.813742
89.859020
91.112060
90.947569
89.900976
90.004339
91.218482
90.411845
89.473341
89.575251
90.608052
91.684730
89.834560
89.896479
89.948586
91.808982
90.109094
89.770495
89.710030
90.515987
91.230505
89.810602
90.452830
91.877608
89.955320
89.860011
89.758575
91.832081
89.843047
89.846540
90.170928
91.966044
89.856031
89.811700
89.851496
91.985366
89.898420
89.868861
89.896715
91.698679
90.400642
89.839104
89.836525
90.451720
91.287974
89.710440
90.269339
90.217644
92.098489
90.042628
89.967223
90.058433
89.986720
91.839828
89.879275
89.861457
89.855833
91.844359
89.992713
89.836312
89.864864
91.797678
89.657597
89.799983
89.922677
91.783638
89.891691
89.909534
89.688383
89.758172
89.766865
89.819706
89.757994
90.004180
91.912253
89.813140
89.843364
89.811721
91.734089
90.042401
89.928816
89.935567
89.882249
90.162689
91.718374
90.040143
89.933158
91.046748
92.626853
89.840511
90.919644
91.082755
89.943375
90.074300
91.626331
90.612389
89.958324
89.934816
92.425852
89.986677
89.954542
90.634756
91.148867
89.922697
89.906982
90.000655
89.855232
91.997155
89.701247
96.790303
91.476824
89.798706
89.848297
91.986086
89.965294
89.809871
92.183567
89.951488
89.869718
92.153729
90.104888
89.989836
91.832138
90.032827
89.723466
89.817776
89.974908
91.965425
89.954746
90.050533
89.918509
90.109490
91.256870
90.442412
89.914921
89.981575
90.190902
92.187537
90.156588
90.131156
90.030217
91.896295
89.851781
89.771843
90.332104
91.049276
89.793632
89.758685
89.710115
91.630430
90.465655
90.041561
90.014303
90.653928
91.290772
89.262144
89.443513
89.476428
92.711035
90.865029
92.411416
89.736715
89.723037
90.157234
91.374813
90.081756
89.837736
90.044435
91.545432
89.724036
89.814532
89.972147
91.553144
89.948920
89.880639
89.967466
91.833411
89.904751
89.986209
90.020605
91.463227
90.845606
90.067622
90.028037
90.175135
91.344644
89.859500
89.872020
90.049416
91.967902
89.816382
90.081373
90.087153
90.190687
89.977622
89.893862
91.565053
89.970216
89.961827
89.972291
91.923599
89.827809
89.797857
89.695020
91.884094
90.059760
89.921226
89.909498
90.773358
91.057278
89.780741
89.908678
90.320873
91.825570
89.841807
89.916073
89.857041
91.822567
89.646329
89.605969
90.347903
91.854352
89.801113
89.777774
89.729609
90.490310
91.428987
89.990702
89.878924
89.908445
91.992062
89.975604
90.038200
89.917429
90.477896
91.471673
90.050602
89.975512
89.941895
91.997793
90.610696
90.026524
89.896447
91.895714
90.152462
90.067940
90.103424
92.265035
89.902718
89.892900
90.043093
92.102233
89.779782
89.652578
90.036579
91.705244
90.002219
90.131435
90.124746
90.025282
92.042393
90.129913
90.105545
90.085147
91.783033
90.010426
90.066952
90.849994
91.267691
89.796557
89.799510
90.197801
91.534152
89.684699
89.693262
91.168221
99.049031
97.185058
101.487521
104.848740
104.459046
104.844149
104.437586
98.410046
93.376390
95.112215
93.182437
93.213261
93.200331
94.284879
94.436447
93.270313
93.746733
95.031688
105.340000
104.091555
104.541339
104.267199
104.356492
104.741170
104.401626
104.926255
107.055306
105.230117
100.477126
93.186401
93.353180
94.991456
93.979163
93.307211
98.891484
104.054031
106.417306
96.009352
93.513665
93.533192
95.548349
93.567367
93.624023
94.305588
95.115390
93.766770
93.670684
93.839393
95.427909
93.523625
93.760472
93.734742
95.684611
93.626860
93.592027
93.655695
95.090691
94.689695
93.984476
93.822576
94.271982
95.778374
93.884008
93.747927
94.306315
95.264765
93.816747
93.828902
95.386807
94.326029
93.865739
93.814771
95.077606
94.617666
93.660100
93.712580
95.231706
98.350645
104.641485
94.942670
93.315952
95.458980
93.493279
95.217588
93.740023
93.350311
93.427713
94.940778
100.948010
104.291436
104.671577
104.649198
104.601865
106.476752
105.011318
105.023971
105.208895
104.766453
104.993628
96.460894
93.659712
95.488353
93.507254
93.641688
93.552682
95.650711
93.550704
93.402704
93.500174
95.231734
93.781681
93.615269
93.539148
95.374036
93.958312
93.683444
93.774658
95.451104
94.111680
93.738890
93.779339
95.816928
93.807000
93.776368
94.092534
95.927153
93.858598
93.766050
94.006984
95.809357
93.775520
93.862216
94.191390
95.352683
93.909662
93.805776
94.867059
94.635451
93.596562
93.652443
95.526525
93.631002
93.524481
95.253843
93.955019
93.417370
94.742260
95.166403
93.701271
93.727815
95.067197
94.566047
94.061051
93.927762
95.539810
93.661882
93.507260
93.635852
95.552948
93.978644
93.505320
93.447715
95.583100
93.647447
93.705064
94.660610
94.846422
93.750407
93.755254
95.738878
93.619554
93.618402
93.573498
95.560713
93.633147
93.362395
93.306810
95.817883
93.891116
93.652947
93.555688
95.126349
94.236845
93.759712
93.834148
94.073664
95.181593
93.681525
93.700318
93.655016
95.814244
93.656322
93.800340
93.753989
96.233544
93.439554
93.358846
93.350993
94.618054
94.102277
93.372590
93.449353
93.632334
95.444934
93.601609
93.412779
93.678819
96.181033
94.722077
93.360451
93.423623
94.627742
94.070119
93.593630
93.694613
95.122181
94.367295
93.676988
93.817642
94.957727
94.817252
94.058623
93.981655
93.807580
95.860324
93.830508
93.721038
94.843991
95.060450
93.880639
94.100296
94.788505
94.895348
95.430795
104.729917
104.218149
104.323117
104.659018
104.297718
104.145432
105.895830
104.610159
93.324929
93.440314
93.504200
93.988526
94.832070
93.597534
93.683902
93.642790
94.925358
94.189976
93.851904
93.715697
95.680604
94.482707
94.068556
93.444039
94.335510
94.872262
93.534211
93.655856
94.097448
95.130194
93.664270
93.780130
93.661871
95.621601
93.767071
93.725397
93.774120
105.133158
95.715851
93.100794
93.159162
94.317826
94.169589
93.433156
93.321988
95.356568
99.583208
104.357055
104.182826
104.750225
104.649722
104.137761
95.421238
93.739287
93.100628
96.006621
93.563134
93.357305
93.504635
93.748183
95.637039
93.807045
93.595608
93.502764
95.076717
93.990120
93.531610
93.597011
94.837640
94.367431
93.643706
93.715040
94.388326
95.155168
93.864269
93.883649
94.178055
96.251551
93.372713
93.309825
93.447987
95.300762
93.617966
93.519649
93.709689
95.259344
93.728446
93.562253
100.899295
104.961151
105.641149
104.310734
104.803729
104.694896
99.833304
93.202362
94.638095
94.331125
93.443684
93.332107
94.497503
94.753266
93.725890
93.835190
94.404030
95.565448
93.944499
93.729413
93.740754
95.824303
93.849105
93.870044
93.787010
94.184798
95.251683
93.460574
93.666160
93.710369
95.810604
93.673340
93.423955
93.531600
93.558090
94.824003
94.188613
93.598942
93.553999
94.389787
95.722736
93.386823
93.402108
93.444109
95.593677
93.500625
93.759954
93.853095
95.795036
94.046980
93.855771
94.078751
93.835800
96.277105
94.047991
93.555532
93.660079
93.578676
95.597285
93.643603
93.673123
93.477997
95.455614
93.480897
93.581949
93.598563
95.876280
94.162413
94.178938
94.194032
95.911076
93.867405
94.014392
94.093525
94.862534
94.817783
102.726654
103.590415
104.214196
104.202009
104.774671
103.872673
104.223042
105.297578
107.040123
104.498023
94.355964
93.296782
93.122593
94.712070
93.856712
93.405280
93.558137
95.295400
94.207517
93.445300
93.579597
93.441204
95.459366
93.650494
93.619521
93.636298
94.323810
95.113764
93.688509
93.589646
93.646029
95.560943
93.610412
93.584347
93.656231
95.057674
94.301567
93.714079
93.744822
93.698243
96.231983
93.763529
93.769638
93.689966
95.087662
94.346419
93.660564
93.626496
94.938036
94.570141
93.677597
93.663927
94.404389
95.118375
93.972022
93.754925
93.525474
95.344131
93.427550
94.191447
94.721797
94.033662
93.345161
93.594298
94.992042
94.447447
93.746941
93.798388
94.775028
94.749624
93.607920
93.543037
96.340911
94.989590
93.806166
93.891350
93.869826
95.545231
93.894654
93.752383
93.846362
94.185121
94.984135
93.570984
93.525494
93.865281
95.259079
93.491859
93.627467
94.363351
95.066312
93.746052
93.703858
95.854720
93.939782
93.894015
93.857481
96.465339
94.213542
93.620511
93.651419
95.683046
93.643023
93.588187
94.742016
94.767815
93.664175
93.462343
95.268009
93.879875
93.663334
94.166856
95.283935
93.466688
93.585468
95.034938
94.540860
94.147731
94.243043
95.897037
93.828577
93.867726
94.480820
95.702886
94.207560
94.401989
95.845930
93.768492
93.783311
94.659714
94.692583
93.713266
93.791118
95.155872
94.619351
93.863222
93.655299
94.912186
94.557929
93.667491
93.557501
95.358756
94.113093
93.597770
93.819150
95.037155
94.219877
93.657373
93.616042
95.138550
93.983282
93.512812
93.592218
95.413300
93.986437
93.695978
93.598146
95.513023
93.655231
93.694226
93.738748
95.859122
93.845247
93.615812
93.627037
95.764601
93.655392
95.772001
93.735524
93.792103
93.868994
95.897437
93.692986
93.565672
93.580816
95.608178
93.873714
93.757127
93.593153
93.856809
96.387181
93.611880
93.635232
93.338849
95.457327
93.532548
93.662611
93.575285
95.447935
95.810199
104.948554
106.783982
104.796948
105.228313
104.935282
104.814747
105.130745
105.157414
105.580852
105.875993
104.605950
105.670439
104.584186
104.283811
105.243593
93.583125
93.573859
94.377082
95.129332
93.762261
93.427558
95.557966
95.050538
93.393150
93.309949
95.342756
93.580974
104.521134
104.239617
104.953591
105.997089
104.808940
104.565533
104.429717
104.738623
104.072339
105.448318
106.743034
96.719865
93.294921
94.296888
94.567573
93.341807
96.410315
104.013865
106.022838
103.810123
104.136171
96.471577
93.776334
95.681693
93.712825
93.587142
93.587918
94.446054
95.043716
93.630195
93.707555
93.722062
95.699643
93.672010
93.647251
93.714234
94.367957
94.719099
93.565731
93.571175
93.464260
95.493561
93.542839
93.711536
93.732997
94.423766
95.018987
93.698038
93.759673
93.758545
94.918902
94.829650
94.179328
95.296407
93.843161
93.815223
93.770501
95.842904
93.700352
93.481617
93.488440
95.824741
94.024718
93.852310
93.884165
95.928773
93.792009
93.744897
93.567836
94.219826
94.656888
93.625367
93.801475
93.850482
95.596764
93.703464
93.549771
93.638341
94.351043
94.919202
93.426035
93.375724
93.396957
95.383851
93.226310
93.266904
93.265912
95.620094
93.315861
93.414553
93.592793
95.745341
93.681468
93.712323
93.705620
95.091782
94.491344
93.691357
93.715826
94.647681
94.614770
93.726563
93.777465
93.847132
95.731291
93.597436
95.107255
93.026301
94.824398
93.622797
93.269354
93.284110
93.372410
95.276338
93.470004
102.250730
104.355178
104.450095
99.458351
93.357184
94.036126
94.567393
93.490021
93.455312
93.407775
95.422006
93.533457
102.233770
93.163173
93.871530
94.640024
93.443433
93.840927
93.422171
95.502396
93.592605
93.722930
93.814159
95.732266
93.657253
93.568761
93.629072
94.521100
94.983485
93.855215
93.700825
82.669816
87.270322
89.753257
89.645634
89.761703
89.773172
89.743360
91.024564
90.847061
89.835045
94.162269
90.161995
90.002733
92.785019
90.187991
89.525127
89.605833
90.748544
90.893525
89.739109
89.868267
91.408707
90.087812
89.627210
89.587068
90.789338
90.586962
89.931040
90.008810
91.237198
90.529139
89.926969
90.071086
90.055181
92.139974
90.059890
89.891112
89.794384
91.908925
89.801676
89.710964
90.468237
91.145738
89.960017
90.000342
91.963208
89.736426
89.698246
90.331737
91.279520
89.713318
89.631742
91.350478
90.157884
89.671445
89.718666
92.044207
89.885387
90.615865
90.938625
89.883517
89.906455
89.828524
91.766046
89.637951
89.684582
89.825277
90.012638
93.069672
90.122356
90.052208
89.835054
89.854821
91.679849
89.648912
89.652092
89.749756
89.721475
91.687000
89.778568
89.794789
89.831105
89.869564
91.886179
90.079335
90.183020
90.249102
90.386351
90.308978
90.199540
90.192680
89.876207
90.584434
90.992880
89.730752
89.777147
89.876641
91.530799
89.552970
89.423299
89.471148
91.691465
89.577470
89.585138
89.855678
89.928123
91.717518
89.699142
89.612420
89.623920
89.823664
91.262432
89.621952
89.576137
89.583902
89.676280
91.372840
90.339049
89.740899
89.745081
89.732393
90.992150
90.296101
89.610116
89.620302
89.551496
91.584015
89.425654
89.546862
89.600653
90.614373
90.560090
90.725633
91.319832
91.976976
90.122571
89.812506
89.945335
89.991125
89.867129
91.746195
89.813374
89.475710
89.870032
91.612923
89.756860
89.454252
89.404221
89.403742
89.514890
89.562113
89.721569
89.865667
92.197304
89.565823
89.372026
89.438860
91.593478
89.798179
89.776697
89.702206
90.745663
90.783141
89.695823
89.678381
89.885514
91.757831
89.784327
89.800820
89.741356
91.691700
90.017264
89.916159
89.934578
91.024755
90.724726
89.881899
89.799713
89.934534
91.917377
89.928886
89.506594
89.339614
90.294469
90.608825
89.423394
89.474808
112.698429
98.160467
89.502809
89.376364
89.407268
89.483103
89.748621
89.914865
92.454727
89.893359
89.778188
89.961909
89.619230
89.760833
91.473148
89.453539
89.414787
89.562883
89.693703
91.597363
89.588791
89.646527
89.586197
89.360697
91.471943
89.632818
89.689197
89.838262
89.934618
91.216587
90.678340
90.103491
89.907780
89.887753
91.801090
89.877718
89.843653
89.854119
91.032677
90.971525
90.122461
89.869781
89.859968
89.678279
89.671933
89.691507
89.961409
91.365789
89.623124
89.424377
89.427894
91.225500
89.651127
89.409326
89.414857
98.394087
89.236271
89.262688
89.452048
91.638114
89.434326
90.951832
90.164921
90.193858
90.161603
90.762550
91.998526
89.733972
89.771958
90.954601
91.039098
89.880467
89.873227
92.114589
89.955289
89.969025
90.443885
91.458597
90.026199
89.916743
92.096833
89.929580
89.907827
90.611812
91.311517
89.867051
89.861076
91.442072
90.177071
89.749108
89.684087
91.727291
89.701941
89.822975
90.061380
91.606200
89.704298
89.590112
89.675117
91.782443
89.687254
89.596869
89.708292
91.787913
89.881377
89.899245
89.932902
91.281482
90.284538
89.703348
89.894081
90.313032
91.035930
89.836770
89.872494
89.890486
91.398266
89.558108
89.686350
89.829569
91.701709
89.579979
90.737949
90.895204
89.699984
89.755026
90.211788
91.502874
89.786667
90.344751
89.937341
91.790007
89.776628
89.723041
89.644962
91.766666
90.132018
89.781833
89.819061
89.880237
91.659233
89.879821
89.739138
89.881731
89.959755
89.869594
91.673856
89.914170
89.750572
89.630189
89.637539
89.629474
91.522785
89.666650
89.836401
90.069242
90.269836
90.033267
91.736473
90.135535
89.809481
89.737236
89.834026
91.311311
90.102647
90.273396
90.523562
90.209638
90.192619
90.185333
91.427721
89.702180
89.740405
89.738521
89.630354
90.723632
90.900435
89.984286
90.361310
90.109928
89.424868
89.605310
89.662890
91.729394
89.714600
89.754981
90.868557
90.283195
89.916174
92.693583
89.895540
89.804158
89.791610
92.022804
89.847444
89.790213
89.730758
91.695287
89.853352
89.647479
89.680690
90.952188
90.291736
89.745137
89.961972
90.059008
91.252228
89.602773
89.616629
89.725927
91.941135
89.749697
89.652265
89.643989
89.959980
91.099567
89.558088
89.863255
89.842033
91.754487
89.494537
89.243615
89.238003
90.558553
90.633389
89.790484
89.724834
90.583287
91.476353
89.870837
89.837734
90.126912
91.647807
90.020550
89.806215
89.775059
91.761145
89.863912
89.831235
89.711284
91.613866
89.457125
89.387667
89.846039
91.544073
90.275002
89.667595
89.231385
89.250978
91.152173
89.579191
89.606029
89.590867
89.694679
90.636864
91.591485
89.801557
89.781170
89.776308
89.942591
91.573327
89.940270
89.837146
90.422858
91.126886
89.412173
90.471414
91.934039
90.046002
89.957100
89.827508
90.591515
90.872028
89.663168
89.567067
89.574066
91.411411
90.468594
90.511273
90.321515
90.088452
89.896379
90.204427
91.667914
89.793819
89.749448
89.513511
91.448364
89.442228
89.424935
89.454341
91.359968
89.457389
89.406050
89.457548
90.123116
91.303672
89.566228
89.568504
89.749566
91.615862
89.955741
89.914061
89.973440
92.089691
89.256325
89.256740
89.410686
89.432840
89.567410
90.082848
91.439044
90.451663
89.288577
89.443596
90.114020
90.593654
90.436162
90.304141
91.157226
89.860240
89.880924
90.647569
91.140485
89.680998
89.799081
90.631841
91.298301
89.937713
89.620707
90.084906
91.528055
89.795428
89.770547
90.199983
91.541864
89.789186
90.244890
91.494367
90.363737
89.639292
89.460118
91.566677
89.510215
89.734930
90.419429
90.827053
89.543732
89.573911
90.841761
90.710195
89.756635
89.617571
90.599377
90.465133
89.542869
89.592821
90.931544
89.767001
89.236656
90.082286
92.152967
92.219783
90.186014
90.133817
89.994024
89.927066
91.863476
89.870208
90.016914
89.890303
90.827129
90.887638
89.697785
89.583540
89.810431
91.752845
89.733648
89.794132
89.917240
89.838861
90.106504
90.697298
91.104610
90.294094
90.072768
90.008535
90.284583
90.302321
89.993689
90.046065
89.848840
91.904451
89.970839
89.790179
89.958396
90.194193
90.288094
90.182158
90.023578
91.031959
90.207317
89.796858
89.776421
89.718701
90.857969
90.281664
89.736820
89.722164
89.770928
90.952984
90.201966
89.927041
89.929487
89.811580
91.083407
90.711450
89.881632
89.950703
90.037392
91.822673
89.915971
89.916836
89.972886
90.013574
91.421185
90.384917
90.041521
89.933176
89.878582
89.896847
91.687889
90.046541
90.001158
89.774389
89.608473
91.235215
90.347847
89.943858
89.806663
90.272347
91.437257
89.846689
89.775425
89.797840
91.906022
89.988543
89.919688
89.900222
91.235449
90.542837
89.900311
90.013001
90.788756
90.913322
90.076726
89.885655
90.179853
90.051532
91.035235
91.106801
90.020072
90.173270
90.326515
92.124569
90.095691
89.871592
89.758429
91.791787
89.760377
89.863594
90.387012
92.684243
90.723201
89.789566
89.812998
91.096572
91.990598
89.778673
89.668537
89.730336
91.725091
89.743826
89.811064
89.705005
91.309270
90.360905
89.765779
89.842089
90.363780
91.888871
89.977029
89.895705
89.791989
91.942566
89.841470
89.870030
89.890721
91.509221
91.286294
89.869753
89.959584
90.100834
91.881636
90.087673
89.746237
89.601972
89.871962
91.782782
89.911501
89.826528
89.992719
89.956637
91.575667
90.182068
89.839575
89.654404
90.402432
90.843497
89.755140
89.901958
91.572923
90.054573
89.763407
89.795006
90.745747
90.530626
89.823732
89.901633
89.819078
91.835235
89.888048
89.857738
89.768566
89.641140
89.648842
89.778489
89.762096
89.569736
90.900078
90.187578
89.480523
89.499787
90.531154
90.631842
89.620050
89.664522
90.538874
90.829906
89.620701
89.700079
90.403418
91.789516
90.516585
90.142181
90.039862
89.980267
91.076806
91.337694
89.802872
89.804768
89.887466
90.123742
90.102020
90.013695
90.269240
91.279895
89.786186
89.980575
89.738961
90.359368
91.263105
89.875364
89.629219
90.370161
90.948113
89.535969
89.542965
89.477933
90.748341
90.669664
89.842546
89.801433
89.772015
89.778032
91.605571
89.818096
89.843044
89.888985
89.732441
91.637426
89.756244
89.951025
89.662488
89.733521
91.797514
89.768895
89.613921
89.801623
89.920804
90.299930
90.343974
91.306494
90.574194
89.777953
89.881593
89.878338
89.928543
89.808921
90.079121
89.693691
89.515751
89.626558
90.441629
90.861041
89.715493
89.653183
89.577763
82.320252
86.650033
89.150295
89.966351
90.023447
89.991263
90.039985
90.122711
89.817244
89.972229
90.238432
92.343541
90.240320
90.022682
90.434098
91.312233
89.838356
89.646668
90.787094
90.090538
89.468840
89.729937
91.599185
90.649917
89.855239
89.861623
89.749565
91.640175
89.859980
89.807824
89.806776
90.095410
91.352376
89.847808
89.895040
90.046896
91.797517
90.083805
89.898271
90.095595
91.727457
89.669244
90.288964
90.910371
90.541425
89.763838
89.759329
90.245443
91.244028
89.772865
89.798224
90.028301
91.271547
90.314137
89.822390
89.807877
90.295306
91.234255
89.689675
89.806763
89.985744
90.300776
91.692935
90.076464
91.575754
91.841709
90.007756
89.956960
89.856862
89.921749
90.349533
91.407072
89.870053
89.925985
89.762448
91.721471
89.819477
89.934311
89.871275
91.357344
90.082353
89.932138
90.071531
90.254548
89.902257
89.735189
89.919081
89.817114
90.764189
90.750300
89.660480
89.728644
89.824175
91.578709
89.654459
89.635581
89.486401
91.908005
89.875384
89.985197
89.969700
91.854207
90.123025
89.768966
89.872415
91.001675
90.580437
89.804245
89.633645
90.347029
90.967044
89.644683
89.834272
90.584188
92.217405
89.760977
89.803910
91.641954
90.332980
89.985791
89.922049
91.242340
90.431116
90.168476
89.923995
91.930333
89.912191
89.765582
89.513977
91.309900
89.671648
89.735047
89.617796
90.023616
91.395026
89.702394
89.677960
89.472927
90.890045
90.241431
89.614299
89.674279
91.049059
91.600477
89.817381
89.873682
89.875053
91.241858
90.724413
89.765940
89.601818
89.398440
91.677021
89.763817
89.826884
90.029140
92.036751
89.926027
89.774926
89.887512
91.677893
89.838952
89.766893
89.852042
89.924937
89.852093
89.622618
89.788838
90.750217
90.661905
89.834359
89.902899
90.071264
90.097334
91.968616
90.229473
89.881743
89.795045
91.711084
89.683339
89.815857
89.936755
91.086258
90.625524
89.798797
89.770060
90.040898
91.511184
89.783159
89.794304
90.567442
91.241787
89.796193
90.010032
89.818987
91.561559
89.903805
89.997559
89.883227
91.842708
89.925340
89.861967
89.971703
91.464620
90.322968
89.773568
90.010969
89.958247
89.859222
90.150876
91.506905
90.090682
89.620095
89.603079
91.100202
90.114745
89.587367
89.679030
90.003214
91.468281
90.239652
89.777875
89.754369
91.383884
90.269423
89.771849
89.656779
89.612454
92.630669
91.367387
89.876128
89.683188
91.631077
89.629984
89.597861
89.538346
90.992159
90.240544
89.577378
89.662420
90.173333
92.094349
90.069573
89.739699
89.602820
91.786032
90.470251
90.205500
90.143254
89.975671
90.544214
91.278832
89.840847
89.915675
89.942822
91.864703
89.760765
89.828053
89.702668
90.662943
90.560406
89.589542
89.578570
89.573163
91.693553
89.766053
89.738162
89.626335
90.982870
90.244919
89.959354
90.076883
89.944077
91.865455
90.166478
90.244509
90.239429
90.046974
89.952946
91.797659
89.719990
89.839294
89.882488
90.343344
91.551094
90.041534
89.947736
89.694353
89.624602
89.604995
90.354121
91.065375
89.720313
89.728283
89.803788
91.587780
89.873468
89.865695
89.618051
90.370267
91.008252
89.641550
89.742029
90.637508
90.815295
89.554255
89.628230
90.259684
90.724148
89.431742
89.428952
89.445969
91.526413
89.430523
89.545305
89.755082
92.188729
89.827168
89.789934
89.846357
91.190818
90.206392
89.615912
89.673607
90.219929
91.035062
89.597799
89.684209
89.643054
90.943508
90.356136
89.612224
89.698617
89.767240
89.687958
89.740170
89.755107
89.911589
89.916490
90.098759
89.953409
89.915578
89.770006
91.507442
89.899352
91.031922
91.257630
89.979806
90.088783
90.077151
89.906562
89.485751
89.775149
89.858738
90.052080
90.727446
91.199875
90.009078
90.020965
90.119658
89.987143
89.873044
89.835597
89.836617
89.922637
90.062074
89.707235
89.720134
89.651880
89.792797
90.079696
91.048170
90.561117
89.860591
89.692969
89.616085
91.707879
89.773673
89.687893
89.524126
90.167470
90.645768
89.567377
89.617447
89.647464
91.370990
90.152567
89.817144
89.852316
89.712469
91.338066
89.586634
89.661467
89.493939
90.693828
90.253177
89.438617
89.519641
89.696314
91.618555
89.800963
89.946844
89.907061
90.742085
90.955071
89.759278
90.201355
91.826985
89.801228
89.745133
89.934569
90.713505
91.060986
89.754196
89.743320
89.615600
91.119974
89.972207
89.730481
89.896530
89.803669
90.902769
91.078746
89.946576
89.828778
89.722411
91.412400
89.790051
89.602482
89.615204
89.581586
91.580865
89.493713
89.319977
89.324923
91.137996
89.870710
89.477120
89.646287
90.403330
90.935045
89.678192
89.979610
89.702150
91.745780
89.839877
89.834302
89.823034
91.618592
89.770861
89.755047
89.526835
89.893215
90.089163
92.001466
89.814262
89.736710
89.771515
89.760728
91.795602
89.751321
89.771589
89.776694
89.760967
91.457116
89.785468
89.581365
89.610302
89.802720
90.389408
90.208207
89.951838
89.819421
91.505766
89.865046
89.934450
89.891521
89.793530
89.779167
91.754976
90.039327
89.780216
89.732400
90.875344
90.546754
89.719661
89.714283
89.575338
91.526415
89.603619
89.590159
89.636148
89.607249
91.497622
89.791357
89.818913
89.726618
89.878075
91.123526
90.735274
89.606104
89.737205
89.721263
89.732061
91.534798
89.598126
89.709995
89.795739
89.728102
89.858208
90.016221
89.834536
89.707069
89.673467
89.582775
90.906624
91.710660
89.526321
89.445890
89.460959
89.458169
91.592048
89.532694
89.679049
89.799010
90.142580
91.505852
89.858857
90.122528
89.464767
91.190877
89.966319
89.624841
89.656004
89.755981
90.197051
89.905746
89.781462
89.950631
91.440642
89.800822
89.940424
89.903977
89.893156
91.455101
90.181795
89.916192
89.903049
90.212124
90.128570
90.039247
89.920283
89.765611
89.759952
89.895606
90.096550
90.074829
89.915596
89.810240
89.868875
89.836674
89.871121
89.919071
89.874265
91.248217
90.173935
89.697638
89.620676
89.748897
89.779525
91.268864
90.431805
90.728893
90.147852
89.749306
91.045443
90.718422
89.765326
89.850355
89.653564
91.069582
89.888109
89.655955
89.736348
89.730980
91.235644
89.419130
89.704366
89.741627
89.743716
91.018851
90.373347
89.718950
89.907043
89.879583
89.885741
91.673430
89.738652
90.120866
89.995476
90.049902
91.629703
89.711094
89.639733
89.513351
89.663302
91.230440
89.373759
89.717025
89.814480
89.642718
91.378125
89.366660
89.240572
89.419582
89.630748
91.545550
89.632902
89.612351
89.852844
89.659717
90.681273
90.494761
89.584287
89.580451
89.642908
89.678307
91.220948
90.676652
90.584943
91.585664
89.598635
89.897398
89.979228
89.985148
90.594724
90.023909
89.787826
89.795148
89.928722
89.775151
89.925302
90.124930
91.361722
90.264942
90.132453
89.773481
89.718484
89.740800
89.848177
91.716525
89.983612
89.803279
89.807649
89.801618
89.519072
91.650070
89.870592
89.843648
89.863394
89.846343
89.813574
89.741230
89.909940
89.950490
91.173372
89.895214
89.747662
89.872255
89.744560
89.759279
89.813638
91.249307
90.166761
89.834967
89.964231
89.946480
89.763427
90.622868
90.899564
89.868277
89.919599
89.788466
89.677280
90.250493
90.814038
89.750712
89.751551
89.736991
89.759668
89.829093
91.908494
89.853391
89.738801
89.546349
89.465961
91.217360
90.833449
89.588995
89.713530
89.969345
90.373661
91.344473
89.531416
89.923575
89.887792
89.955917
90.565890
90.708463
89.252528
89.262006
89.562157
89.573593
90.885466
90.118014
89.664626
89.781777
90.258407
89.942379
91.762811
89.720711
89.779633
89.648021
89.578841
91.077233
89.802301
89.431016
89.557583
89.641923
89.561606
90.411731
90.608416
89.792357
89.743356
89.627129
89.586027
91.563137
89.638443
89.571805
89.570773
89.478441
91.154697
89.881616
89.664538
89.630584
89.736606
91.927580
89.914935
89.848319
89.810091
89.853862
91.795331
89.787144
89.292054
89.697467
89.626458
90.585423
90.655442
90.137991
90.086834
89.952729
89.804068
91.923765
90.011488
90.075285
89.976340
90.036930
91.985717
89.781627
89.761108
89.946966
89.933989
91.028897
90.767527
90.010791
89.925872
90.056160
92.128434
90.157533
89.882358
89.835945
90.487669
91.278115
90.134604
90.170116
90.131327
90.720620
91.349990
90.015141
89.880860
89.940836
89.948006
91.846598
89.966337
89.977145
89.828754
89.835727
89.844033
91.617602
89.610621
89.846796
89.978857
90.760852
90.924866
89.778405
90.864260
