50
72.826031
66.614010
59.553404
58.215533
59.979767
61.481384
69.005162
68.938116
67.669427
64.702353
68.901557
63.962776
59.386902
60.575603
68.800109
65.507065
73.878849
65.562290
63.526798
70.180902
69.133301
60.407864
65.170375
56.513661
60.018077
54.496956
66.575022
62.703200
65.283132
64.977894
60.555970
55.731377
61.623195
67.198056
68.483725
65.939735
64.652137
69.834774
68.991485
70.687064
70.483969
67.420794
69.077875
65.258131
61.623515
65.420458
63.715524
67.548521
71.286169
71.984592
66.358830
65.402474
66.677969
62.874215
72.965627
68.372089
70.554949
62.477771
60.014239
62.669617
59.561872
60.732418
66.946141
57.671101
57.816388
62.586795
62.641240
63.679950
66.000672
62.792688
66.311556
80.303963
53.392913
68.691841
62.155222
63.726566
67.234208
72.655137
73.051147
77.974000
77.212225
77.030107
71.544775
69.584096
66.513488
67.796313
73.072635
69.908906
62.877365
52.876509
60.758812
59.391367
67.937859
65.196810
67.552067
69.829948
68.463733
67.517627
70.140578
71.058174
64.891123
64.264595
65.343704
67.852621
70.109539
68.318295
62.726858
61.663182
64.520546
71.515194
68.475804
68.435156
64.699841
65.810529
65.571610
76.104008
68.865813
66.220056
66.495433
64.761583
67.647884
66.050494
64.495394
68.831335
68.628567
68.945365
64.519774
65.397595
59.785056
57.704056
57.791734
62.532207
60.287801
64.100400
72.383952
67.600193
65.300316
66.445812
61.998107
66.721699
69.034903
68.382970
70.270764
76.628400
68.403534
78.104782
62.828595
61.553196
57.047158
64.760040
63.209686
61.399626
65.410350
64.788031
60.334061
57.824706
64.036744
60.822982
62.462017
64.142459
72.496926
66.030378
61.782852
71.718790
68.155221
76.643953
64.503828
65.633898
71.982542
65.791210
64.299363
66.287262
62.453104
68.305520
66.204956
57.670239
65.810316
62.429718
72.045758
71.312478
65.839239
63.282949
63.932511
64.881876
62.993099
63.472976
63.924003
62.791112
66.794325
62.860355
69.679027
61.017470
73.478143
62.683044
64.770502
74.433863
73.665732
75.446155
61.620833
68.098325
71.908169
77.795298
78.118118
69.820097
73.516006
67.597047
72.407652
72.687897
72.897691
75.622735
69.910496
77.665448
67.979074
68.022245
64.009438
61.361647
63.357502
63.278497
62.530231
65.409682
65.052657
73.653468
67.387340
71.706672
73.689460
68.820008
68.856021
73.054939
72.473643
66.730198
75.312951
67.193458
79.059076
69.882373
63.621134
76.939285
72.017583
60.423841
63.754970
72.793837
71.178139
69.359666
61.513977
60.362342
64.225091
57.140584
60.322566
67.095694
70.343470
75.218636
58.466747
65.940163
62.061252
60.743675
57.760650
61.583370
64.076810
64.889870
70.046251
78.282400
65.475695
60.564654
56.510786
77.895811
73.363953
71.560053
59.672054
58.624516
69.736791
61.769739
70.829757
62.768569
73.588053
74.269978
70.041984
64.491991
67.014232
68.054289
67.255738
71.832148
63.295811
69.153920
74.416900
75.298662
69.974151
72.006926
65.372437
63.114749
69.821522
61.357312
55.791476
57.201029
61.079440
67.445571
65.792681
67.470434
69.513039
70.476887
70.404640
66.744595
71.249819
67.376861
67.097906
70.491653
66.625669
66.076409
75.782635
59.182182
60.707765
69.569068
68.412425
63.080226
62.653278
70.045586
60.703578
60.673577
60.016664
68.952970
70.015425
69.911290
74.709523
78.141650
62.189419
65.265772
72.639335
69.028672
70.761923
72.390891
59.156694
56.074269
55.808813
55.532140
62.430776
78.814308
72.214101
61.713782
65.338051
66.850990
68.139114
74.048977
68.356321
62.813929
62.828146
64.389657
70.282394
74.971908
68.414922
60.463738
66.844194
70.323805
69.176110
65.043419
68.253249
79.221951
75.967959
69.122223
68.854277
72.838964
73.727061
70.133019
66.264583
72.843809
69.301283
64.272505
61.035145
65.018290
66.525923
73.295391
70.948141
70.871062
69.277134
63.410734
62.427152
74.297246
71.312999
70.555207
70.741992
76.140444
70.191930
61.928772
59.721118
63.013663
69.962543
69.197855
67.380678
73.062406
64.174727
63.243476
64.446923
65.965402
75.140349
70.789286
64.644790
67.396551
71.241189
74.592779
74.833795
68.243848
70.740552
62.038378
68.593115
70.988601
63.954410
65.687324
62.258613
77.363477
77.877995
78.848504
76.762397
82.982668
66.499272
59.369886
62.763589
72.569544
67.395886
70.343467
70.870842
63.034110
69.028036
65.208297
63.235940
66.289693
68.151877
68.761164
66.589628
75.096912
76.428203
73.710484
61.196798
64.602697
76.788621
71.342726
76.486682
68.337124
70.113984
68.912803
67.333754
75.687669
73.749882
73.316475
66.607882
66.514913
72.079552
69.694864
63.927403
69.232348
68.063312
60.536910
72.907598
73.161513
71.150390
63.928542
58.617156
61.536789
72.040949
73.854696
72.478330
67.760069
62.457569
64.768146
70.160721
64.683653
69.436154
66.850356
65.136842
73.330779
75.811379
76.284541
75.697253
75.227665
65.977349
64.083350
58.565391
60.469621
65.598362
60.520049
66.601322
61.244489
61.581236
66.609792
64.257793
69.377267
70.417650
64.878542
67.530144
64.424360
59.083817
67.089023
74.162659
70.857839
68.931541
70.910280
68.842189
70.186177
67.021570
62.828055
56.142670
62.026874
63.973960
68.376676
62.866072
59.942045
60.445399
58.186861
61.007293
60.650672
59.633393
67.470036
59.648102
60.588063
61.735257
66.665319
64.913208
66.665871
67.869099
62.707400
65.283470
63.932220
70.864473
69.501311
67.289898
71.427455
71.269523
69.334422
65.171707
73.523087
66.865903
66.376426
64.209232
64.212553
65.772642
64.249094
64.842290
68.143254
68.559072
64.895841
58.720496
61.461421
66.398908
63.902048
62.527674
59.379843
57.987108
62.830093
61.652073
63.422566
61.105678
60.551328
64.671590
61.580774
69.525610
70.704907
64.541588
64.062683
64.622089
60.618843
71.920484
58.562004
62.726203
64.493891
59.198792
64.711759
71.063482
59.627505
68.307578
63.132220
69.226694
69.115514
71.761245
68.327483
69.924358
69.355837
71.069056
63.739609
70.024576
70.007423
66.211620
69.743846
66.965153
72.985679
73.596525
68.997937
65.775685
65.988712
71.990469
74.747744
68.281317
66.314280
63.004045
62.886482
64.791127
57.814157
66.046920
76.424008
75.814773
67.596614
72.111509
72.736435
71.829723
64.722897
69.143249
68.030210
66.079075
68.711812
71.395889
62.814081
61.420966
70.713667
66.088079
64.428175
66.602239
76.027156
53.126539
58.284577
55.742155
57.159678
68.295942
68.266710
66.623761
61.692759
66.102605
69.725841
63.425726
62.086713
67.444392
71.965201
73.387684
72.192673
71.971474
71.201087
75.534004
71.989316
68.925553
69.600018
68.759198
62.378113
66.339525
68.855382
58.263396
69.285108
68.319401
64.907096
69.871088
61.765259
65.822009
63.984485
69.356612
66.790153
67.699680
68.350391
66.467086
65.946908
69.255471
70.291152
71.731557
72.996102
71.384106
71.446379
71.308527
69.284554
67.436950
70.121145
61.887290
70.727644
77.480442
71.405246
62.698366
64.946093
72.145973
73.439015
65.105331
68.641321
66.872295
66.646371
59.333919
59.326091
64.815887
65.174886
67.604980
64.532857
73.794127
72.148383
69.381802
68.685462
69.661304
69.740334
69.344160
68.201671
67.790052
67.594477
65.899295
63.777739
66.651947
68.711893
75.692009
63.076281
68.326035
66.738772
68.770181
66.790725
60.740515
70.656754
68.720887
71.723698
63.724592
65.456982
67.070233
74.774136
74.498154
71.171830
63.390574
64.084153
70.955166
67.868728
74.330284
69.171223
71.542703
65.847820
70.994070
60.695648
62.758165
64.480690
66.162193
68.580195
64.429355
67.588860
63.891029
62.935517
65.844464
67.458047
69.622997
69.585538
74.642152
73.741159
61.121551
72.194108
75.379084
69.918331
67.080523
72.253995
68.608931
70.731937
70.144689
55.022826
55.565354
71.830509
64.078061
69.452224
62.162566
59.299453
71.323036
75.708954
67.642889
74.962456
70.282810
69.960982
65.649205
67.034387
73.229196
62.371587
66.052177
70.828279
71.170633
67.474215
63.880732
65.218948
62.594023
66.183099
65.805727
71.674810
64.512734
64.825928
67.905547
62.764316
75.054585
65.823342
58.445163
69.831096
67.323738
64.966883
63.325976
61.307081
58.870086
61.847248
58.742882
59.558240
57.659273
64.817719
73.853657
69.142712
67.226327
63.824752
64.234889
66.065912
63.215858
67.508379
73.293308
61.905001
70.436481
81.103407
135.227329
225.391036
66.028805
59.389342
53.583357
55.700836
60.583596
71.910286
76.923665
77.488683
70.689303
66.998609
63.139810
64.097781
66.334140
71.447358
70.967972
60.879343
73.689044
75.268242
63.872274
64.320067
64.002510
67.263142
61.194908
59.728340
66.814938
64.210159
61.171191
60.449460
54.880739
56.303101
56.981398
58.573740
60.449607
85.048111
80.839962
63.762994
62.123258
58.683587
66.466372
67.717837
70.583594
61.370527
72.185445
76.890457
71.740634
69.561732
66.131909
61.547548
66.774575
64.359460
70.775360
74.310674
73.937042
64.566560
70.067379
68.238888
65.733928
71.591108
64.407867
60.112703
70.925167
69.328780
68.299603
62.234652
71.396485
62.417472
74.197894
63.337555
71.701159
62.213501
66.405184
63.861737
67.123725
62.660872
61.329548
70.396428
66.868559
70.088628
63.382188
70.512309
70.995376
62.405264
65.381212
66.620777
75.086499
64.565650
70.003045
62.507325
73.880567
62.767622
64.161632
61.152820
65.086259
69.208661
62.893280
63.012353
77.235444
70.148756
69.129412
72.804799
71.861772
68.216840
63.704824
72.232873
66.760116
70.707246
71.899716
65.713470
74.407531
70.323533
71.366977
71.066374
73.529142
68.562478
69.857453
67.472868
67.264469
74.000520
68.793315
68.523979
71.267433
66.173570
69.274910
69.301636
72.852877
73.646488
71.505059
68.655983
69.409863
63.899405
66.253130
66.150466
65.917008
65.930138
65.651479
69.648033
66.321415
57.343303
59.654131
61.622050
61.317680
67.932598
66.139656
67.600891
65.329685
51.192858
59.976982
75.757944
71.057090
69.159955
72.483521
77.909592
71.801371
71.650100
66.845232
71.722491
71.323701
73.656050
71.577372
73.610397
72.736963
72.150075
66.385706
72.118082
68.406483
57.360185
65.046225
65.296087
69.354195
64.599181
69.536378
74.784854
67.049274
67.724024
62.236236
66.426370
68.901325
67.006455
79.063174
73.821934
66.435484
65.321044
70.638779
55.785502
61.744151
60.445605
62.270218
65.450516
66.409174
68.339196
65.355789
68.782206
65.561193
71.401351
71.858356
62.248356
66.469882
66.517282
75.716516
64.652782
62.994632
66.745077
64.232746
67.675753
73.167459
71.753618
67.913083
68.019334
64.246285
61.360204
61.347136
62.730226
62.536395
65.250971
66.219237
63.855191
75.469944
69.264318
60.545244
66.698541
69.444629
65.817864
77.084965
77.630648
67.831290
62.761824
66.991638
68.055596
70.549782
63.248171
72.905476
71.905093
71.549486
69.181816
62.463735
69.780097
67.060797
70.471999
62.652903
56.907936
63.184850
55.413467
54.707928
56.891935
66.231235
66.241103
68.884384
64.537622
60.528953
76.398987
69.998528
63.293076
61.659357
61.852869
61.656962
63.559838
60.819062
63.928349
66.171549
63.507155
70.355863
70.625057
62.723970
72.731347
73.564958
65.120067
85.867438
68.120021
69.556433
69.517019
65.461246
72.222889
66.898022
65.707847
67.397210
58.693704
57.763419
71.426770
61.668865
61.809889
66.499871
65.942323
73.117081
73.854063
76.866849
71.651585
50.365680
53.877722
65.378145
76.734041
67.541848
65.642725
63.946182
55.289768
58.403940
74.027504
71.350305
55.725350
68.696758
72.470496
61.874347
61.796010
67.804163
75.720920
78.586806
71.113175
62.498490
59.962798
57.362835
59.018226
56.510620
57.674062
59.049327
57.119265
57.819115
65.385053
61.732747
67.407368
71.238664
62.087070
74.571461
67.889493
68.012410
68.914009
66.113755
70.568440
67.416645
67.091251
68.586375
63.384640
61.694836
63.250350
66.634262
70.031858
65.206952
64.426826
67.237532
72.227460
61.720414
76.345403
71.724428
69.469338
73.615199
63.044540
68.743138
66.306856
59.124829
70.026724
63.927934
65.275600
67.173980
72.411839
67.952311
67.077266
69.729489
67.283481
64.595626
67.912194
67.928929
70.129662
62.318606
66.164005
62.630139
72.277833
65.173272
68.997983
68.863120
69.040949
59.204594
66.265802
69.079646
69.387898
65.536149
68.172524
69.053865
69.714351
72.383488
71.738737
70.620748
75.762665
67.743898
71.856896
74.166275
71.919305
74.704014
62.008582
57.743878
69.012325
74.961366
67.506716
74.493329
72.761993
61.811289
68.975619
75.884833
69.265767
66.661346
66.832627
70.297477
64.863496
65.707099
65.360063
63.597176
58.382421
55.732660
63.668688
67.519266
58.775629
70.157052
68.280970
70.044365
62.645821
65.752474
73.323734
71.296889
69.832174
68.524154
67.373078
74.180251
64.922813
80.809062
71.092987
79.598234
61.522704
68.308993
62.166953
67.893083
65.416550
67.078489
60.268747
63.803619
69.592637
76.352400
72.889671
76.592830
65.739668
63.338822
77.123663
78.204681
63.961173
63.662310
67.203022
64.018016
64.739586
68.072007
75.889428
68.253438
64.580856
62.821828
59.743269
63.862930
65.036102
65.952735
61.232125
65.060057
68.547109
65.144989
65.059098
68.112125
62.245063
68.612398
69.590904
70.241051
71.404634
63.125157
66.050656
66.290406
74.607267
62.610809
66.752632
66.028467
63.663815
64.242930
64.495571
64.674874
69.928001
66.442509
68.639061
63.839468
67.276227
69.373438
67.529624
69.790389
73.141330
68.599945
71.308464
73.722838
72.309903
65.237435
61.434890
59.101348
62.207335
68.407631
63.025290
58.868732
66.291088
68.142324
68.061801
74.815563
76.814629
83.312425
74.064229
71.707880
73.323286
72.853305
66.005491
67.219728
63.091296
62.354713
59.756175
68.148500
59.359352
62.250755
67.442887
71.414532
68.361109
59.904821
67.310426
65.281818
64.215739
65.478769
69.299572
62.410077
59.315308
63.909653
70.721417
64.601851
66.258884
63.297375
65.931026
65.483087
66.902850
72.929263
69.234606
63.938957
64.573014
68.173402
64.689344
63.385724
61.856398
66.640650
62.988846
62.265009
69.185071
66.620708
68.926152
61.549932
77.462665
74.037591
73.006917
79.232190
71.601216
73.043825
77.045296
71.781752
70.634451
69.514249
70.342176
63.785488
59.727918
65.874173
63.070697
64.892120
67.508778
73.760958
70.999854
63.126259
66.347460
75.142895
73.495013
60.765896
64.061204
55.006355
57.017243
58.870169
55.932309
58.754934
60.372557
74.635963
56.897606
59.759507
67.954008
80.788357
63.689424
53.399398
64.772344
54.781128
70.172695
76.296228
62.202867
55.947196
60.447695
65.964314
74.386623
64.343601
67.441441
67.135762
70.681921
63.922993
67.251007
69.011333
68.597279
74.615953
72.956866
67.199595
70.041586
64.389401
71.096505
66.563878
67.836260
67.215490
64.233669
57.942535
73.088968
67.132310
68.591780
68.188356
68.472745
64.324815
73.527310
70.838298
75.429521
60.792228
64.509987
65.966374
72.679237
70.239850
67.775683
69.147852
72.071641
69.064771
63.942521
60.647718
53.953220
73.960732
67.997516
62.909350
65.389009
65.386964
68.168093
73.862902
60.985856
74.086343
76.134455
65.127354
65.317063
64.981789
65.382017
62.485073
57.258142
63.185993
67.257061
74.629582
65.230845
80.446628
70.724161
70.073602
69.941897
66.533148
66.159526
67.421159
62.781658
60.164384
65.323568
66.788499
71.065266
71.181364
68.122588
68.786457
72.831532
65.489114
70.139165
63.133917
66.756547
66.594019
67.298935
59.644118
59.030729
61.023633
63.183514
69.565720
66.673995
64.620426
65.211066
64.585169
67.336169
64.135150
65.923232
71.140910
66.295866
60.702727
60.451687
61.507585
67.117517
63.791358
67.258121
70.789914
67.917423
67.894687
68.583015
67.325182
66.373384
63.331645
62.949429
63.703652
68.404571
68.876205
67.038258
69.182655
68.297352
68.039403
67.482187
74.696851
70.642396
69.336357
74.043910
77.323717
71.357642
73.839011
70.604490
77.447728
66.958355
69.920651
69.416215
61.312931
70.471672
75.277928
70.083907
77.809919
61.735381
58.775201
65.562393
69.251216
73.347852
71.085598
70.698987
73.981732
67.740330
67.726810
64.971021
62.481666
69.517811
62.987798
71.302249
71.041607
75.102762
64.386580
75.910910
75.463755
69.921478
64.934891
66.986259
63.059486
74.076304
68.170858
63.877438
66.003694
69.884897
70.109776
72.675131
72.065697
68.925319
66.115280
71.674809
72.581513
72.933619
70.215167
65.697147
66.497424
65.306990
65.845088
68.669996
68.194223
70.221934
65.488272
64.134564
71.017914
65.819617
71.086489
65.440974
63.269942
68.495346
65.648339
72.979765
68.689867
71.111318
68.825862
77.046227
75.245750
76.443270
77.965962
74.669808
80.016363
87.419488
84.304245
128.355581
399.717983
62.132889
65.377393
62.241025
69.521822
62.715359
65.314047
60.796717
55.179709
53.248810
58.018135
61.141930
59.071363
57.934291
63.246573
62.689734
61.085562
61.242757
65.358151
70.803833
58.730136
60.665320
63.768803
61.906710
72.153826
61.762465
61.650843
67.316889
61.743398
66.266099
67.184581
63.981217
61.671822
60.803433
62.042762
59.510109
61.997063
61.878788
70.453074
60.133703
60.625981
64.026437
68.856886
61.038535
67.764764
61.634818
60.710080
68.896241
58.183119
60.260137
61.483236
75.294874
67.187412
67.724513
60.152422
65.923339
63.710947
58.281763
66.382604
62.854474
62.948769
56.033982
62.649637
63.026632
60.282086
69.321779
61.508372
64.478167
72.504194
70.826808
66.353184
65.137819
60.966889
73.439198
72.694275
68.183915
66.589646
70.211522
69.979005
64.757005
59.147031
60.328490
60.517657
62.256821
64.644412
73.642515
71.752783
67.164767
67.434558
58.929338
64.883969
64.022348
64.427018
71.055120
59.208926
70.134009
68.403814
59.959621
58.317248
65.491865
68.020995
66.551708
61.651538
53.410791
54.964031
64.090759
62.669466
58.644845
58.063615
58.998117
50.364280
52.277605
54.553577
60.680783
65.981127
69.212190
64.473282
66.670037
69.748499
59.652863
63.077179
68.751563
69.320166
74.263252
68.375178
60.583615
70.695749
73.335340
73.560135
70.150941
64.995005
65.933360
64.464315
61.443349
67.980735
64.097753
67.137451
58.440494
65.271382
67.156316
59.569379
51.520428
53.863700
66.131215
70.800054
73.195010
69.613986
77.152766
73.223137
61.323877
60.365285
70.786671
70.846742
67.656162
64.750978
63.976175
69.060728
70.244522
63.984475
64.438521
73.894224
68.481917
70.778620
64.669186
64.416409
69.670871
72.719375
72.130323
69.073172
69.800538
72.218647
64.642752
64.459707
68.810722
73.695579
61.950516
71.596441
65.545608
68.654093
73.573765
68.508120
69.001618
66.520074
69.043382
71.112490
72.028471
70.473011
74.310698
69.976199
77.296596
78.923916
66.603473
64.093044
71.553693
64.073211
61.924082
65.185555
70.308633
70.268785
64.454972
72.972834
69.700048
72.526381
69.784695
70.038810
71.928780
74.935017
71.951531
68.932693
68.017990
62.211506
65.396149
70.464787
58.451724
62.843723
67.702687
69.169494
71.175147
67.391939
68.285446
62.509167
65.804184
65.745506
65.138655
73.670666
70.281537
79.303372
64.771561
64.782803
61.434179
66.468458
64.135180
65.971123
69.210182
67.578724
70.145427
71.461998
74.201429
69.470475
65.594367
67.541762
64.875355
66.596434
65.045489
67.027357
64.884782
68.738894
74.000319
71.058792
68.708842
61.284107
58.691862
59.954862
60.815842
61.512665
66.064838
67.181302
71.404933
68.132708
68.137131
69.539984
68.897497
66.858461
64.238182
66.770809
65.524691
63.260494
65.403984
61.286830
59.423129
56.954138
58.380556
60.658054
60.150332
64.817305
71.285388
60.233125
50.773818
62.998620
69.216968
59.411933
62.986434
70.197236
71.914409
69.137586
65.790526
59.630201
65.719841
73.893046
71.101874
66.271089
64.687076
68.256838
66.707548
71.992851
66.712283
69.726852
69.872298
66.314402
63.155077
61.571947
67.561196
65.740287
74.408098
73.589515
69.088367
74.860861
64.496694
68.240283
64.178073
68.036110
68.429905
65.173064
74.523821
65.290850
71.774651
72.518088
70.164910
61.659196
68.031008
67.998097
75.919048
68.935820
71.944364
74.751891
72.110992
69.327304
65.386736
67.834379
64.881786
58.485096
56.955967
62.193236
60.548579
67.087615
60.991626
62.346231
60.534575
60.895956
61.691664
60.849815
72.343814
60.803303
63.471877
73.467174
65.036609
57.999670
60.372752
60.254065
74.777328
68.850456
60.991416
58.553466
61.471400
77.455372
70.444469
65.660905
64.794100
67.424284
64.026082
61.671743
64.826795
60.704243
66.343075
67.911562
59.613405
66.437743
59.869539
60.952782
64.706472
65.970218
68.128901
66.220290
64.656660
68.248619
67.435678
63.854114
71.195026
68.021970
70.171552
63.657623
70.598735
65.682477
68.417207
70.722944
65.863128
71.445394
74.133362
69.158598
69.562521
69.971254
70.983460
66.560190
63.751205
65.550133
66.903209
72.682183
63.205404
67.506696
68.918380
65.701581
72.037690
70.168154
64.593349
59.762923
70.297576
66.721447
68.176675
61.259783
65.441442
67.008643
68.928568
66.657542
64.742925
62.642764
71.975252
74.079839
69.278972
71.792341
64.270809
66.808337
58.845577
70.437193
69.222822
63.453118
63.923368
65.182492
72.684023
62.702889
71.226131
69.800127
67.746223
73.498879
66.997429
71.824856
61.753766
63.752716
69.497027
71.268688
69.956884
70.273107
66.513100
67.109529
63.419579
69.450553
63.640097
60.208191
65.695174
65.564150
71.625324
64.072872
66.573921
68.965532
67.264816
70.903437
69.874631
68.572654
65.952448
70.111617
63.782667
64.987355
64.294672
70.400357
76.274961
62.731302
68.683706
76.686484
70.977228
74.671102
69.732430
74.664567
67.178352
72.950487
68.498358
69.342828
65.183943
66.807523
70.989918
67.072388
67.544821
65.724296
63.863556
69.084779
67.564291
61.532057
62.083655
66.519710
69.489659
71.907573
65.842339
61.782698
65.256765
69.994321
64.668102
71.933395
66.126151
79.672511
65.633058
66.566057
63.132650
61.451650
66.486560
67.840376
71.026082
67.454934
61.801879
66.961062
62.875390
65.264779
65.704665
69.573852
70.104796
72.343914
66.150765
74.473333
70.060452
69.360790
69.910829
67.843371
66.306728
63.850480
64.146075
58.847308
67.410514
57.841443
66.656506
68.537918
76.130972
66.331823
67.183196
59.647651
64.184630
66.578983
70.875223
65.902336
70.332111
62.313153
68.263377
72.093418
75.886527
73.262910
69.423054
75.222474
72.559130
68.189855
68.426605
65.306285
61.448634
64.868383
74.584411
69.068426
67.829010
66.757128
62.767909
69.084796
68.339050
68.217800
71.289927
67.343601
63.795514
64.586937
63.087947
68.710525
66.753883
66.164033
62.743731
67.624863
69.451023
65.425066
72.876066
66.666674
63.068256
66.146334
63.800818
71.011372
61.391577
56.834134
62.323226
58.590716
67.672826
61.827107
63.780283
57.743539
57.643291
63.150638
65.784759
70.921409
64.204183
62.745923
64.823325
68.458075
67.465032
63.608432
57.587233
51.645081
62.487469
69.173616
71.810883
65.273684
68.413672
71.025034
71.065620
68.533851
68.661035
69.478692
69.150964
66.035623
66.277101
66.123900
64.595860
64.551002
70.536466
67.631145
66.910596
65.545986
62.044117
62.471702
63.304142
67.497368
66.619271
64.133352
61.346604
61.199964
72.029716
74.211872
59.645346
67.190874
64.972464
62.110439
65.705338
69.108603
61.220012
61.940416
57.858602
62.046197
60.376522
66.288204
68.568418
67.705565
66.569070
70.207469
64.818325
69.328171
67.824209
62.111544
63.998101
61.450166
62.747491
62.483889
65.418443
58.917865
62.782328
65.446747
63.257227
64.001890
62.567858
67.504110
66.609795
66.429192
70.340527
70.036291
68.302354
65.925107
66.590031
64.969934
62.325373
66.702805
66.687106
69.303251
55.505153
69.469219
64.513060
64.010203
70.373706
64.894016
72.879799
71.953292
70.047278
68.961430
70.866642
72.524084
71.236713
65.140559
67.695852
73.247862
69.285399
67.604932
71.373972
63.991131
65.009504
74.665254
71.826681
70.559604
69.738244
68.361584
66.345006
69.046979
63.927774
65.391736
67.809095
71.879777
66.502089
71.529846
73.777294
76.305741
66.787108
67.859829
63.460036
59.649285
70.189291
69.768784
66.416209
64.964935
67.481284
65.312776
67.355228
70.730938
67.403865
68.651715
69.673628
69.472917
64.060658
58.491227
63.584877
63.126255
66.061779
72.882699
70.813934
71.341756
70.126787
66.997934
73.759149
70.090279
68.722354
72.562566
64.790596
67.375402
67.356884
76.349752
64.878288
74.241858
72.421469
76.163574
76.635301
76.054605
64.406049
65.415255
78.860175
75.480863
63.108431
58.716031
68.608967
75.687975
66.807139
65.112393
60.915450
57.888431
66.413104
69.297939
70.100035
64.770583
66.445834
70.797814
65.728739
64.241220
70.483140
66.350411
65.663871
65.679622
71.254687
66.894370
66.315617
68.711745
71.723456
67.329063
71.946628
69.926579
70.424541
67.694030
70.244354
66.087586
68.947617
66.870024
69.291990
62.396413
71.227519
68.273177
70.223189
67.669302
66.568300
69.072056
72.779902
80.250329
82.427395
73.058365
73.599786
89.818541
109.947206
103.078921
144.375742
65.376739
63.796300
59.096401
77.320692
60.089125
59.479839
59.822210
57.534152
58.466472
59.608150
58.485422
57.263828
55.585189
54.545846
58.686639
57.744439
64.817824
60.920797
67.836250
67.722084
61.553718
66.165757
66.638791
66.203660
65.297931
66.267172
67.791860
75.587165
63.993998
56.809356
72.162851
77.194991
85.409932
68.218139
77.218550
74.794955
78.658660
74.011639
70.599185
78.838105
71.147999
70.777579
77.033175
75.931441
74.946146
69.875513
72.459822
69.838981
67.189820
67.427519
64.722576
67.571032
65.059318
67.391504
66.019711
84.600260
79.130064
66.383788
70.545810
61.018742
55.470491
64.362720
64.961273
82.605092
68.380225
70.057365
62.173159
63.456954
70.335450
71.399444
60.555374
69.277177
65.794496
63.770377
67.375658
72.664557
70.289496
65.646100
72.875868
72.791094
74.335730
78.373302
73.500046
64.725635
68.685631
74.127500
70.647133
69.858794
64.128599
66.865453
63.147600
69.105354
59.576932
68.427035
61.221639
58.774625
68.615105
60.748687
67.938955
72.195909
66.914352
66.926023
67.268294
63.681049
63.816305
63.036408
73.455862
67.605395
64.251803
66.600624
60.355809
66.617549
73.709220
65.036601
71.005841
70.436463
66.288936
70.514348
68.922461
72.517069
64.064781
65.135885
69.618527
79.805953
76.001714
67.903718
73.213774
75.630934
68.596055
73.345738
72.505805
67.190025
62.230710
66.643205
64.036657
67.999098
70.716417
67.052862
68.822475
69.904122
67.280487
69.419568
65.074159
72.707256
67.696925
67.587509
72.353886
64.958924
62.963793
61.042564
63.806557
67.848627
68.419367
68.486530
70.614371
77.023199
64.079957
65.338616
71.075829
61.611355
63.953041
68.787196
73.298616
70.626855
69.585279
64.227706
74.737043
67.758399
63.733321
64.774577
62.159050
65.421404
63.752679
61.276018
63.964043
65.694716
63.103014
64.349159
62.699126
66.482232
66.734588
68.411814
65.489256
64.621264
66.062168
73.119441
73.844484
72.024007
68.653657
69.486136
75.894641
75.893474
70.132904
78.391765
60.910492
63.246191
72.420942
70.285653
70.253624
62.513322
73.813141
67.508486
65.139826
73.408039
71.505768
66.134590
69.204680
63.782064
64.142516
72.019466
72.035234
71.664451
68.742435
67.059384
63.765489
65.961146
64.634429
67.609295
74.554868
64.556496
68.344176
65.824974
63.201093
67.787987
66.494586
65.049599
74.297569
66.808507
71.134153
59.671214
61.546072
64.153340
64.974465
66.442776
62.173389
71.159338
72.396716
61.881345
66.343832
69.738336
71.425889
71.253689
64.467443
65.078456
61.907785
67.761326
63.823064
64.405424
65.798400
62.607519
58.605278
68.009688
72.012519
71.061335
70.827832
70.093199
70.913816
72.157106
64.523417
64.499885
65.495900
76.225618
70.944810
67.085303
66.757139
73.921728
71.428447
68.039998
70.583840
71.869039
65.645080
67.818089
64.985211
63.415418
66.947400
65.864629
71.288484
69.657214
70.669777
70.938647
71.138963
72.366574
71.802946
71.428731
69.887772
65.954202
68.259718
77.841952
70.177258
70.109320
69.111188
68.000533
67.908545
68.035126
70.462244
68.179981
70.274492
71.860252
67.862270
69.503293
67.621781
69.634275
73.940813
65.197483
70.177884
81.783128
68.185775
71.225650
67.080840
66.028306
70.755710
64.678237
74.687698
68.409569
68.412695
71.964429
71.164149
66.609385
65.727335
71.322260
70.251427
76.380081
69.012623
69.007531
68.178919
66.015075
77.961766
72.504689
64.425995
68.804087
68.407023
63.984241
64.860490
61.992134
61.826533
56.903288
67.403826
66.625989
67.692362
64.837319
70.482903
66.425934
73.034246
65.893686
63.671071
73.178649
68.754325
62.095543
72.730056
78.638090
70.113780
72.591848
69.895972
59.883470
63.083374
64.895345
66.440522
64.150686
60.698793
55.777809
63.265381
61.632959
68.324903
61.351823
72.498351
69.906904
73.292598
75.471505
70.447706
68.318003
71.083125
64.828436
71.665222
60.828070
57.656548
58.296591
63.166440
67.097795
66.672640
65.713716
68.458169
73.511291
71.345128
76.076770
70.032351
74.431314
67.467282
56.842733
61.255869
64.949986
70.773090
76.811564
72.659514
76.897408
70.625538
72.075317
75.108664
72.110445
69.366696
71.780517
75.136674
81.585325
77.411723
82.594676
70.415964
79.000020
73.777111
71.042625
66.687349
65.594882
61.984212
71.074858
70.933919
69.121764
66.915953
65.643018
65.159203
67.151715
73.619920
66.424686
70.170954
68.175568
66.152466
58.277590
63.526798
61.230524
63.989549
66.724156
67.129149
59.348638
63.482730
64.469098
62.493321
72.600103
70.523031
65.104998
61.354351
61.747965
62.937772
64.355052
69.254873
68.971773
70.141284
69.264128
61.779141
66.411061
60.799356
54.277922
60.769607
52.857887
60.946186
64.320258
61.609256
69.905515
68.602831
73.819845
69.648186
69.263889
67.130484
68.794550
69.481822
66.162645
66.793326
66.366134
67.261304
75.880808
68.854652
61.091427
68.636729
66.722406
66.974134
64.555123
69.182064
71.261533
69.444596
77.633607
71.998839
71.218982
75.558945
75.885824
74.728531
71.931650
62.800705
78.818978
74.006573
69.997449
76.490857
70.572187
64.165534
64.701615
66.700808
66.872485
69.190317
65.723470
64.838583
69.222019
67.990730
59.717892
71.360751
68.527422
67.405013
72.365503
72.301868
79.455815
67.558415
74.541841
71.338734
79.813278
78.441786
67.666424
65.039559
60.367303
59.842443
61.162126
67.565754
67.785920
71.290300
71.678846
71.153385
68.027188
71.090133
65.546206
63.969607
65.065541
69.518851
63.504811
60.781831
67.893533
66.516381
68.969132
61.436933
57.504893
63.825150
64.039020
60.637995
65.438271
71.333202
71.289385
73.853767
71.147698
72.803289
69.583302
70.540942
65.315342
63.924869
68.434133
71.171352
68.315985
66.678662
69.089616
71.758688
69.835301
65.362266
70.676578
69.629748
73.724215
65.217524
65.478488
64.889493
67.075622
64.508211
65.833553
66.342137
78.147283
67.569083
69.833578
74.040189
71.930410
67.919848
67.881636
66.474746
73.210424
69.350382
63.049326
67.163837
69.704756
71.295547
69.460654
73.785304
77.020223
71.270149
70.439895
71.301369
69.453855
70.172145
76.504947
68.447657
67.797910
61.640570
71.231756
63.628601
67.229814
62.261790
67.248669
66.471321
67.157691
66.945991
64.576634
63.479584
61.188383
66.090990
69.302072
75.019223
65.366104
63.708536
67.517723
66.454011
72.705638
65.455118
69.591808
69.336391
58.077168
73.645889
72.907320
73.760855
65.302654
78.643879
71.490992
67.712907
68.671026
66.454708
72.119566
66.300978
66.291776
78.362636
66.394722
61.974389
59.531197
62.189183
68.212958
67.228645
68.879091
64.422632
67.012808
63.897659
62.391429
60.799952
59.579727
59.847648
56.819342
54.980010
49.921524
55.124870
59.470599
60.882923
62.161673
65.907490
68.187582
68.416097
66.706808
67.456018
69.002635
67.853346
68.892786
70.047124
68.442705
74.861204
69.264657
65.761761
64.162215
67.892330
63.495126
71.225339
66.779015
68.590950
67.427499
62.380648
63.336702
67.564139
67.367665
67.051277
81.674192
79.237707
70.837285
69.522874
71.333162
59.646725
67.067277
67.607775
67.298422
66.590100
67.956097
68.049836
65.915430
67.081659
65.827163
65.471554
63.086044
69.344985
66.733128
62.471687
61.388117
60.581904
70.017055
72.490890
69.988556
70.716971
73.385326
70.253985
65.491849
65.954877
61.249065
60.934303
64.383358
66.517814
65.181094
62.423347
63.153278
61.498405
65.612515
71.773516
69.949011
62.212120
59.355068
62.456917
64.844876
64.736726
71.836732
74.520068
71.859882
71.854420
73.870932
62.518373
68.035232
68.646216
69.482426
69.251017
68.232257
65.958609
60.423817
62.731611
68.269446
75.487391
71.919555
71.644419
67.590960
68.748547
60.568834
69.583917
60.048214
65.324558
66.519769
64.519076
74.605567
73.425393
63.233560
69.830310
66.545615
70.490791
66.737787
71.946548
69.902001
67.202832
64.864715
75.946741
71.637769
72.595707
56.175667
70.528014
76.460645
71.960202
68.213839
66.548745
67.648279
61.140946
57.948609
68.144506
66.315145
59.291302
70.134397
72.107750
71.729396
68.812976
70.347979
72.181131
61.430095
58.359868
65.757001
66.134881
69.587933
60.677229
60.533258
65.040157
68.886730
70.938000
63.602870
65.201730
85.069791
93.699077
109.483745
175.658627
