50
70.325168
49.090799
48.817280
53.755912
47.630428
52.134245
54.504652
54.682839
78.417329
53.233496
49.400596
64.381149
77.720811
67.457439
73.958320
63.236544
75.795596
80.043620
56.656550
56.511461
49.674411
68.172156
60.481225
71.800449
57.119577
69.712384
73.914305
64.194350
83.725406
57.612928
60.044511
58.883250
58.666559
51.204382
59.705838
57.852114
79.564734
79.105805
82.801953
71.419226
75.790809
85.896341
58.689558
72.007267
58.456459
47.777009
61.813320
61.669186
63.305487
64.279426
54.249535
74.992332
76.342568
68.834087
63.553017
62.288062
61.668779
52.992178
77.104341
87.510318
78.374358
53.979964
57.813567
62.701595
59.021564
57.832223
58.222817
70.072063
84.552477
67.290306
60.042759
61.887525
58.313390
73.876099
54.961556
53.213349
58.005717
59.552529
62.969731
70.262336
83.097024
81.796869
82.657458
71.577104
78.515382
74.143534
78.111157
81.098433
85.557214
76.143067
67.802107
61.064334
57.241175
61.898043
59.507128
52.559430
53.630484
60.218986
61.663565
76.953734
67.722100
78.626596
55.224237
52.220063
55.401136
66.298352
64.441302
60.335638
66.999519
67.517194
63.547965
59.747196
66.824610
87.004185
86.241147
58.745396
75.342145
79.638026
70.315768
59.208244
75.635155
85.209782
82.175542
49.343805
58.459654
62.301697
86.709000
86.878621
71.145992
53.208585
62.943635
58.897677
59.319485
72.233144
74.182236
73.567642
68.723014
81.631758
83.321217
84.703878
64.306483
60.030959
54.788357
68.018333
65.016946
71.737763
86.407761
54.300654
55.886358
84.338494
85.476670
63.887076
47.565567
49.460072
47.431006
50.338201
56.456948
51.692640
58.121128
66.620969
79.601587
84.727090
77.444979
70.519617
68.225468
51.700245
69.770420
66.873942
61.638248
57.752025
57.972430
56.867513
61.852921
58.161979
76.193191
63.734055
63.761084
69.022863
59.160469
56.553366
48.035877
66.683373
47.162044
77.398901
84.581140
78.372688
54.175981
51.625928
81.345386
74.781066
47.984635
63.804539
84.065499
61.432054
66.817524
84.276135
85.576268
66.902744
67.022334
47.660394
59.327282
47.774137
58.455341
73.557731
63.830803
60.515289
60.673604
63.819955
86.602082
64.986411
61.078354
58.445772
61.505147
61.201413
76.307776
85.616850
62.825564
56.929709
56.835149
80.801129
85.624254
85.586069
53.022514
47.892520
53.252396
69.337586
60.437977
56.890230
48.526600
63.703867
72.811877
64.514496
65.762809
85.536195
67.289939
75.677895
59.754178
70.498740
66.142089
63.699225
64.539077
73.191281
59.867592
60.156956
86.365710
93.658674
68.986364
56.335687
61.586909
62.267530
74.317950
80.143380
86.124442
67.250335
63.028548
62.231922
70.201910
70.537436
58.816050
58.718419
59.953314
68.551735
51.853314
58.560173
60.870567
68.785065
61.405915
59.466796
47.823796
56.634566
50.304168
56.992564
47.703477
83.783300
72.419551
60.409401
83.547476
61.068865
52.028502
71.601079
85.420498
70.019740
61.300137
60.295238
69.396611
59.223244
71.203192
76.413961
72.592808
74.579639
85.764476
67.005650
59.135814
57.839950
61.491774
64.452603
58.871366
61.544970
68.007423
82.376478
82.565093
69.648072
77.201870
58.873502
81.907810
55.829887
56.818760
55.663988
85.822640
77.845326
80.211896
75.972006
68.618010
58.799835
72.482210
62.798976
65.085096
52.356857
63.485225
61.297601
55.556988
58.369753
53.947803
48.301907
58.050646
85.174043
85.390126
61.752362
67.913416
60.433582
58.616698
69.056348
70.965721
59.023361
61.206438
63.307961
55.752767
51.377627
59.810866
56.517666
73.692179
80.196784
60.574718
73.535849
76.527238
68.209354
61.290758
74.513115
66.109314
64.398310
88.929178
83.204153
76.752563
61.345216
57.670047
56.643360
86.434358
81.194794
84.917393
69.624908
74.684230
64.153523
70.357729
75.990545
65.972794
76.017311
67.171888
88.497482
72.462071
56.835446
55.689763
76.724689
76.298894
63.076793
62.999757
47.897997
71.136908
88.737792
83.119567
51.336986
54.742133
73.608788
78.819811
88.496176
84.394701
58.042998
59.937446
60.854809
67.133729
77.570100
86.894195
58.210035
73.680959
78.719794
80.667066
83.139263
73.336607
63.749645
61.780255
54.524387
54.956929
59.118849
76.532256
60.691415
58.588505
49.878438
48.570301
60.594208
66.743517
51.554189
67.597266
81.327263
60.448803
67.685768
68.004109
74.747050
86.412838
72.706493
81.680486
47.565109
66.058838
61.248552
51.916407
51.823191
60.540782
54.254098
57.108384
68.085372
76.880045
62.442502
69.128772
70.829230
73.855626
74.692518
72.038179
98.978083
79.555079
70.036290
92.811954
87.898002
79.870751
71.686945
82.385360
78.374391
79.964254
56.723560
53.477426
76.148013
82.498971
81.645556
80.625366
58.540812
62.571947
81.926072
72.871653
58.070472
59.507631
54.895472
55.539831
58.044190
72.978706
48.368680
53.741827
60.957227
81.883435
63.792968
59.615935
53.172215
78.863359
71.891629
69.104192
58.958742
71.344689
95.453563
93.933305
76.966286
92.216715
97.049431
70.302212
71.900977
70.278499
74.960092
73.500667
82.492007
82.091816
60.974276
57.860425
50.030688
47.913475
53.495698
69.758836
69.709937
86.347099
90.116607
77.319650
62.985177
84.677071
61.214847
53.424349
61.862527
62.238465
58.953639
76.174620
87.248697
77.944213
65.504896
78.655787
60.808324
59.415467
57.148373
69.412169
79.670799
59.185998
55.074047
50.381357
62.978297
65.771166
70.340266
68.961542
67.708637
70.414226
76.465738
70.927451
82.796350
49.401047
72.416739
62.467422
73.470297
74.302593
59.463451
58.914629
71.081785
79.694786
84.687460
81.736099
57.112039
58.036051
57.012238
48.781277
62.239877
59.062380
74.150293
70.539221
66.165845
67.072084
71.057122
84.626082
72.931942
61.096072
62.322847
64.324042
63.733650
71.575621
59.060726
77.488444
98.085815
83.840792
61.178200
57.535564
62.615600
62.140069
59.133376
64.077845
63.588751
67.691578
63.251706
56.534301
61.965223
60.251237
57.584236
59.924574
72.083504
59.424283
64.546732
84.459057
83.736392
78.511740
61.524744
61.543077
65.763012
72.185823
75.980001
81.711201
82.191234
69.073984
70.829070
57.109652
74.688232
57.161370
83.588324
74.147772
86.781393
90.824789
58.248191
62.275270
69.896671
85.839256
83.801438
60.998834
73.925126
86.635570
66.689966
64.799831
61.860806
55.590366
48.638595
63.158570
68.629131
57.356121
50.175602
49.306084
56.218595
65.544306
69.111508
68.451380
61.213554
48.149816
50.041882
82.219955
76.343004
83.792465
76.370432
60.066021
57.480611
81.714663
83.313196
78.687773
77.130084
73.548952
59.438431
73.637350
53.153136
69.601948
73.972482
65.306056
63.604378
62.127116
58.767011
54.799918
66.585077
83.990559
67.504083
74.152082
66.530075
65.495885
50.737877
55.058916
69.354591
58.685917
59.844460
66.423876
65.304744
61.625118
66.729989
80.363353
68.016001
64.379439
71.907436
79.163981
57.102552
58.784762
58.375400
60.593116
60.334950
51.071100
77.172296
70.871466
61.828436
65.372776
97.159603
72.467491
55.184593
48.812765
54.356182
58.650237
59.951592
58.468648
83.354217
73.700963
62.083660
69.682347
73.906345
70.444870
70.196579
66.849880
69.674222
67.320554
72.183828
84.312583
79.132188
62.505099
60.002744
53.039308
56.615699
67.850156
87.440957
74.225375
62.707412
68.514811
75.005094
59.720532
62.899499
57.548242
63.638861
60.732817
59.391941
57.242495
55.551748
53.464420
58.423680
59.091300
67.983453
74.620119
64.090595
71.571770
68.057196
57.518956
49.035412
76.047937
71.253958
65.426584
59.867495
70.269131
67.831750
84.668716
86.621743
62.034016
55.171521
58.742277
52.567294
60.306157
69.747732
53.124920
55.921577
61.225719
62.284974
59.852044
61.103597
50.013422
59.502463
69.911466
58.901766
62.247121
76.948111
79.458132
66.387054
47.372234
57.491786
65.679620
64.282868
66.059433
76.834780
76.814427
65.210214
57.447926
55.106101
84.091164
67.248637
48.991739
58.803047
64.156837
66.864507
64.363324
64.462839
62.862816
53.088117
78.677546
69.541628
87.264110
72.886429
66.132768
86.048217
84.784903
61.601513
63.646177
88.414031
98.275310
90.210971
74.193602
88.901552
77.291180
62.319548
62.621607
62.052130
79.270229
90.256014
57.611268
54.957298
61.328950
61.750456
74.171165
60.271970
52.464905
62.189572
72.466142
108.040400
83.136352
73.331583
77.389690
74.551018
73.939694
59.234429
59.029554
55.704684
60.193528
78.473873
75.591252
51.719613
59.115916
80.579787
55.541563
55.466109
55.562026
70.240534
73.421796
57.742191
54.766490
57.079929
64.485495
59.449374
59.456140
80.055234
66.744319
64.879399
59.727511
51.572565
58.741499
49.633492
56.732149
62.182438
60.812322
57.557139
48.773613
59.665359
79.891998
58.891432
61.990977
63.500107
83.470298
56.947666
61.164373
68.329131
82.611055
76.893465
86.069978
87.082082
73.160621
65.736101
88.615238
84.507880
60.163873
77.413240
64.475203
48.567213
53.370952
51.142241
59.464330
76.576563
89.971149
65.704807
61.564043
60.238270
63.635940
65.813410
61.868108
64.254712
76.936131
63.190960
76.222285
71.929191
60.816473
60.476734
58.847906
60.812227
80.147123
59.689331
87.320676
87.315790
75.320485
58.498446
52.842683
66.964864
66.187634
71.564723
72.209845
80.904647
63.656258
69.018393
67.553006
59.851142
56.762749
71.876795
85.955442
87.370910
85.941054
76.150708
48.873089
59.837492
62.187860
59.740976
61.500953
85.572605
75.547124
60.793167
73.637348
56.574016
67.412856
70.725356
75.885619
74.681765
73.075937
66.147777
66.986261
59.287456
68.833227
60.919599
67.365841
72.962970
69.035864
58.692219
59.246133
65.052132
61.486787
62.700748
58.916827
60.112179
60.439087
66.456520
55.366434
64.598889
71.015426
51.218378
57.202413
60.727617
49.730877
63.478760
83.438319
67.326408
53.376437
59.175513
60.491771
62.558428
56.339954
61.418893
62.387858
62.425023
63.425242
81.121111
87.336590
79.252008
64.367391
75.545149
76.114484
59.411959
67.311849
77.478995
67.958081
63.487588
63.987674
66.102961
59.423267
58.629411
58.901207
78.813372
70.328989
58.415632
60.337335
56.961489
59.423846
50.168386
56.904965
61.061741
62.566539
90.556164
81.085205
60.538563
65.768331
78.835336
62.622063
59.894147
72.348557
60.388366
58.185565
79.543840
69.844790
71.423840
60.048830
59.242132
77.090216
85.678865
88.247540
60.711599
69.517368
74.159036
62.327814
63.219627
74.127524
85.819337
86.708180
72.636048
58.602755
60.334083
62.512077
79.966074
80.884816
65.169123
78.575577
81.082286
85.834278
67.919067
77.063006
86.125406
83.992132
61.260874
74.827511
56.584726
54.615894
60.717254
60.183648
65.000192
77.953402
79.257060
75.341304
73.242250
61.861696
78.358374
67.515294
82.776798
79.379747
63.396772
74.611143
57.960591
50.230583
79.414459
60.853417
58.282820
52.719588
49.864974
77.127235
71.790333
62.576559
64.496504
66.550430
84.960431
58.489138
46.937330
60.426736
83.047163
67.978413
77.477224
84.206315
84.046838
60.674111
60.444652
57.675453
71.246191
85.946998
84.386873
68.188876
61.210445
83.707875
66.312738
68.925796
60.549459
57.960838
59.451813
71.717053
69.727665
56.088596
60.394741
54.835353
71.114241
70.845392
84.031607
67.935876
60.214136
60.726715
59.625850
70.614083
81.034225
65.790963
67.788978
74.524433
59.240889
73.853069
58.612307
60.643471
55.363238
59.722517
59.602170
63.299911
87.212690
64.359821
59.877761
60.732120
60.771937
73.164385
55.327292
48.298297
64.178245
61.581928
82.697862
80.672542
73.433767
88.772846
69.903658
74.846975
71.229130
60.187346
68.312638
81.281752
68.723917
61.797048
65.584141
65.753494
79.339942
61.580256
58.564511
48.705571
60.410860
71.798502
64.965404
61.143546
63.191408
78.336365
60.072508
59.345915
62.732615
51.542849
60.051956
59.017514
82.614931
85.234780
79.108892
88.743544
65.835772
59.464271
79.291980
84.456102
62.825746
64.883856
65.106595
52.470726
53.872232
48.983181
59.484590
57.401816
60.336104
61.794175
60.350635
61.507308
62.237147
57.934248
58.232993
84.329682
73.272184
65.872451
77.802079
76.481227
62.267675
59.126078
62.719402
69.289354
82.655102
61.942766
59.911257
59.632945
63.562586
80.880069
81.281459
98.743212
75.547763
88.953093
61.059929
77.563975
55.376092
59.135886
63.812383
82.384321
84.527008
81.568956
87.860765
86.008676
61.316551
54.586175
66.789103
69.876838
70.969363
61.977168
53.932914
60.496996
55.543389
78.181023
67.472228
68.455232
82.630084
57.338837
65.846691
69.418437
74.300331
87.117509
75.894005
73.584362
85.001690
82.470073
78.646767
82.290596
68.639023
84.660073
63.982641
59.166727
62.073699
70.619369
83.795461
64.732725
60.263570
57.368264
60.454213
66.051876
61.328894
72.433703
77.816855
77.857164
61.833166
52.669913
59.802526
84.379846
81.057456
77.460640
73.972008
78.543799
62.292172
80.353727
79.335113
81.874057
73.886682
65.360509
72.970310
58.761492
59.331374
58.090215
80.531314
65.728115
84.495761
62.725540
56.099439
52.065402
51.596601
58.264045
56.936226
59.431268
59.604451
53.684096
51.816081
79.715482
61.205891
60.349313
58.236779
58.851390
72.642938
61.599591
61.868136
52.068122
57.525162
58.584067
60.757196
59.833243
58.329058
72.323412
56.515449
87.153235
88.856927
76.669037
58.895329
76.578064
88.494894
65.381897
61.231050
57.371004
74.911238
87.319356
73.392528
62.075475
53.722803
52.372595
53.621477
59.552082
59.011056
59.176760
82.583890
65.832634
62.004559
60.122018
65.266960
86.111852
89.809222
79.815514
71.786234
67.402379
74.888193
82.253032
59.344228
54.316354
58.188255
75.835342
59.029921
54.933879
61.030241
68.116732
61.472432
63.890012
63.594474
63.307464
67.820957
63.863392
86.435330
67.240757
60.049468
59.078314
73.985600
66.433053
62.538425
65.995427
71.816084
76.793172
94.023159
80.404526
70.911726
61.836902
71.768155
86.928934
61.299792
47.907773
63.119587
80.344515
70.424079
67.611195
66.467942
60.312997
59.129219
49.078459
49.541761
62.453311
61.720546
61.206379
60.100102
53.005882
50.390840
72.734125
72.715248
61.136913
85.976878
67.940953
61.805277
53.131969
52.703306
48.364033
47.273739
53.059301
61.102012
59.616917
60.161101
56.724017
63.890651
75.794743
56.712705
60.509367
63.169755
78.731859
86.335726
75.427401
60.676768
78.992516
72.897236
75.926288
61.967455
49.142004
58.923313
55.808673
50.957485
51.948058
60.399402
63.185413
60.900544
64.261853
74.759743
47.438358
61.152683
59.897536
53.560688
56.191528
60.568938
59.066305
58.446517
56.653241
48.626569
54.782983
58.566574
67.449573
82.410109
61.787623
85.807118
72.687258
74.443550
73.510367
84.868680
83.637182
66.097708
64.452031
64.691585
58.403214
55.874386
61.254339
57.747444
54.717336
53.205918
55.544230
56.332140
62.826377
62.778770
72.428861
64.128770
83.883584
65.918729
60.250068
60.888484
68.622016
90.672569
89.033820
69.425318
51.490260
66.152704
66.145435
90.481156
84.957357
80.497807
56.165461
63.404222
86.020965
64.866928
93.371606
80.043974
64.259533
88.140200
89.511983
83.422479
72.444510
70.237678
60.539076
58.082591
60.912419
86.157702
68.598350
64.805406
57.465965
72.549816
79.637735
70.968910
61.355675
67.874144
59.880070
79.336262
82.327967
61.727433
71.063111
72.546172
53.421906
52.260198
54.768954
51.425811
49.195135
51.721620
58.376138
58.405490
60.148387
59.251772
52.356404
60.407703
77.486244
74.143279
59.104584
59.501780
59.028693
68.486399
70.838979
68.123710
60.675037
59.325148
51.970191
59.387384
53.933976
51.360597
49.147880
59.122597
60.988466
60.835060
64.293886
59.047391
73.266338
49.205969
50.131544
49.100456
47.877312
71.474934
79.978701
79.223259
58.081360
75.696434
85.228919
75.809207
60.885055
60.256414
73.029492
66.042035
57.192649
61.119130
96.134816
92.938214
70.528846
83.810389
79.221570
75.458598
82.109803
60.709083
49.754765
65.165860
69.602923
50.462281
77.524200
65.872031
58.906575
65.829812
67.365494
65.105458
67.234860
58.876498
58.161454
75.507235
67.201818
65.612641
59.851213
59.434703
80.435121
75.242069
63.702948
55.938452
61.306482
78.747446
78.277204
49.421862
74.840065
58.624833
60.658145
64.646973
59.266572
77.294066
71.133489
68.889774
64.683532
62.002349
65.739428
67.800290
61.088476
58.641608
65.158608
75.576413
78.686706
85.105963
69.797481
63.748937
57.202021
59.403744
58.581743
76.674709
84.489175
83.614837
88.149456
57.104294
58.368676
59.016258
66.798705
70.026826
66.514679
66.740493
61.221531
80.791463
87.976046
82.123422
72.852918
92.743188
86.122603
122.575907
135.841055
82.477162
70.715952
56.429373
62.819902
82.695550
57.608539
54.871704
56.850527
63.544066
59.909842
60.821633
74.843708
80.133839
75.544172
83.049819
85.681318
78.090418
81.454276
80.487397
77.851744
76.938599
84.182320
87.455673
66.880290
62.853814
63.339694
88.203161
78.059212
67.946336
71.576592
83.191632
65.964170
75.975319
55.278938
75.637613
63.721538
67.581081
56.874680
56.317156
86.472929
59.022389
54.105584
55.016496
60.861172
72.527721
64.672657
84.540959
64.185540
57.497651
59.989177
74.119733
52.316918
55.933296
76.141838
82.177671
72.038345
81.291130
65.988817
76.623701
86.449103
56.242890
49.693846
49.113829
83.710981
65.117484
59.071278
85.088851
66.599871
60.529122
80.906806
83.694537
65.799630
77.602184
64.393582
86.131479
76.421109
70.241305
71.023380
77.080908
72.148284
61.112867
58.201831
73.865149
66.609071
63.643975
54.610764
63.668247
71.171640
49.309183
48.450139
48.988138
75.281292
55.702078
54.123569
77.999563
74.504158
82.072083
78.554173
80.969981
58.343322
74.762538
54.678834
63.031244
57.764410
48.628062
50.915890
52.331090
48.746455
58.649817
49.936111
50.581747
69.944534
63.149676
83.781610
78.758238
70.357015
70.150183
83.008603
89.430063
78.339768
84.648582
69.108825
75.438803
57.314798
63.845085
84.405276
64.918262
78.834100
81.637701
65.701587
65.747783
65.932951
80.863913
64.442390
61.561553
48.960277
86.774923
78.662536
60.266633
59.733698
64.334362
58.747951
65.972040
59.476800
57.305129
74.368949
69.526046
87.915176
76.600026
68.091462
81.894939
86.216546
86.019349
67.185951
58.407087
58.367235
51.674545
61.545400
62.050830
64.082247
60.534124
62.267141
59.594560
62.598872
82.469965
63.001450
53.138519
52.415951
62.262226
84.636291
81.197496
61.090742
50.904868
60.304676
61.071627
58.708749
62.441363
58.573125
69.912348
76.841551
59.042273
66.511649
65.410484
58.136154
69.613045
74.936025
59.713176
69.582253
85.067826
74.100942
66.074572
58.989486
61.788412
51.142541
48.514184
48.544221
49.966360
73.092666
67.906556
77.254588
78.251191
77.374211
68.557721
78.143570
76.180583
58.119803
59.551302
60.167338
61.254598
60.243868
95.458284
76.335418
63.402983
63.744793
64.900269
56.546224
95.001280
72.191647
56.397918
65.686690
67.404058
62.340642
56.196877
56.703913
48.071344
61.874722
62.579428
58.882182
59.928057
47.171955
52.975542
58.821250
80.206296
80.745691
89.537372
90.923732
71.632441
60.015863
58.923987
72.844114
69.290702
65.918805
64.476759
57.831395
58.707917
59.781850
64.216193
64.486778
81.844090
71.891835
62.996390
82.151712
64.034596
67.129712
75.233261
76.767374
67.472071
58.096656
67.867726
75.318842
58.642137
59.139242
58.547832
63.038318
61.596301
57.197634
63.875858
64.707325
59.578195
58.922092
58.993818
56.335889
75.723134
72.265257
63.445861
62.299737
82.005866
76.221669
68.410926
78.525875
61.107644
61.748338
56.571993
64.035154
69.635620
74.418610
51.338676
58.145527
61.389774
59.425099
53.520889
60.308585
52.232467
56.565569
62.902772
69.288237
58.405678
56.125312
50.054468
58.220795
63.152206
57.451390
74.663353
83.777030
60.267033
62.185380
81.251915
67.025746
66.086489
78.402844
81.781960
71.010491
59.514556
60.709877
57.439791
58.237788
57.655425
67.085355
62.141465
58.418523
57.179963
60.986057
60.853873
59.172035
50.305021
83.449438
62.965074
65.254431
61.804960
81.281741
61.194476
62.460650
49.732197
79.216037
89.445985
86.671619
59.728966
64.671168
68.718173
64.878797
58.914750
76.747807
68.333329
70.660476
86.195249
65.620416
78.800582
86.929501
67.613208
57.980182
60.358508
56.837286
63.375058
89.268688
79.583475
54.906677
55.083154
50.542194
52.271417
57.597495
62.713643
60.530892
56.311714
51.398153
62.768200
66.275853
67.454210
76.556540
85.373223
81.140513
74.953123
72.898966
56.594236
53.693154
73.787627
87.536332
81.272520
69.649580
84.674804
90.732076
86.500333
83.683331
67.170417
59.253265
62.222070
60.983074
58.821280
59.024598
68.082099
64.693046
73.585361
63.184431
62.497726
60.004551
68.582882
79.708468
72.815725
61.034243
47.694315
56.542651
58.037377
57.880031
75.111246
70.947009
81.503920
67.766659
58.554500
58.632164
56.868392
54.417506
59.181083
60.404088
63.349087
60.700916
53.769261
59.691747
56.461996
61.368482
48.636860
72.427513
70.290773
60.005345
80.064623
84.128276
59.469526
47.901005
70.822464
67.954835
67.656138
55.346673
62.341607
64.253356
60.580866
63.138331
75.885793
62.658559
69.597113
77.100164
58.656793
67.443995
85.584329
81.154344
60.912139
57.406496
68.943419
61.912711
61.100245
53.136092
57.481268
76.967840
84.903496
65.981783
63.668910
63.984125
55.181290
61.344401
76.037151
70.924225
84.074704
84.490322
71.929644
67.778856
67.865418
78.957641
85.637325
66.628091
68.034794
51.559706
64.334402
63.415091
65.853179
58.735973
60.324194
58.142602
59.142440
66.335405
67.756759
76.821998
85.718175
83.805745
61.454520
62.023457
60.927257
75.526177
60.553051
61.506984
61.134722
60.792112
49.654578
67.693565
70.786834
78.817534
49.830386
50.255635
63.684401
84.428252
69.604716
70.866375
78.552091
97.319411
98.651313
94.493115
91.886058
80.199298
68.529670
70.584258
62.966245
60.615012
59.673092
58.298316
76.845942
85.601468
79.721337
65.137344
62.340040
51.947087
59.667515
79.468386
85.699423
76.504258
60.278831
65.359026
78.543879
77.532923
86.951478
84.854570
84.648293
84.545266
86.292749
87.177358
78.060142
70.416006
85.532862
69.513400
77.574771
85.097036
69.683902
61.173884
58.743810
49.713233
69.053820
56.625711
59.324157
60.115897
59.975259
60.979743
49.093339
56.499978
60.758593
63.544681
65.733670
69.681809
64.955750
60.325891
75.595426
56.366787
47.416169
54.141931
58.694215
58.567829
56.718707
59.121282
57.491823
65.487052
85.287919
85.455808
78.004938
65.193048
82.349819
73.595921
79.769289
51.491529
53.862482
80.846977
76.318273
72.916639
58.515552
59.193353
65.419935
59.349317
60.395620
59.465739
65.565367
65.519083
65.360495
61.822165
80.015022
59.495464
64.780741
74.590875
83.149122
74.162378
62.057323
64.883674
78.292901
62.722902
60.748345
67.086563
71.066825
83.266386
75.647942
68.104324
87.863868
82.566820
59.696748
50.536573
51.468690
73.350633
81.967274
68.878992
81.230015
76.288138
66.017060
66.572269
69.014122
72.978793
71.751018
63.035183
69.657740
81.425034
82.946421
69.203417
57.409363
61.874425
91.353428
77.940496
67.274803
59.598375
68.736783
74.438427
69.043740
89.526027
72.074760
72.696136
74.512401
79.361443
70.021615
61.460906
82.981307
82.755044
84.344056
75.777521
60.708388
60.860424
63.806075
61.545678
57.763794
61.941165
47.642174
47.848040
48.713632
60.681673
68.659338
57.774464
74.303669
76.159651
68.151279
60.608798
62.009494
74.401924
87.685247
83.449046
50.561159
57.847947
53.142558
49.960720
47.622991
59.215242
62.757222
66.230412
84.917683
62.644763
88.594827
75.037696
58.351735
70.526671
83.530366
82.678701
81.557214
58.308647
57.340172
52.248688
56.921983
55.726335
51.975732
52.768537
62.675034
60.790713
57.416140
60.291311
77.723653
69.122632
97.204277
89.065736
90.785822
65.289658
71.281505
65.815680
62.022575
51.369434
46.890104
56.812318
51.596368
64.758458
61.242171
50.974448
51.129449
53.635039
48.428476
55.149275
64.589065
67.038710
76.329869
67.983674
59.234028
62.542740
64.030997
61.899058
60.007324
67.495641
66.726574
71.670782
57.345949
59.410021
65.396613
60.045533
53.259319
47.512401
47.444232
64.676961
60.209355
62.533736
67.943436
57.643016
81.952478
83.907284
84.743220
85.276070
87.358897
61.643956
69.297601
90.507661
82.026597
58.809014
64.679690
71.080153
55.288472
48.001503
79.079143
78.277156
59.154905
86.299073
76.223799
70.625924
80.259105
61.980308
77.377370
73.198451
74.811113
58.977945
63.454822
59.177134
59.013934
49.586706
47.501689
65.338087
51.403719
50.883295
61.133447
60.156953
58.436469
59.794323
60.070259
59.305756
68.649694
85.794908
64.621203
57.608597
51.212974
59.940004
59.211885
64.242075
58.957718
73.049130
78.530971
59.042722
80.021277
50.868044
86.659908
62.291698
71.810963
69.007588
66.112843
73.521507
80.674738
116.828352
75.449562
84.537090
72.090027
58.676327
64.395446
64.245156
60.522039
62.846889
57.084917
69.007061
71.479495
70.668294
50.896995
54.391548
78.153816
67.029552
59.042446
77.176675
89.080567
70.105990
58.498468
55.323313
55.250703
56.503641
59.759168
62.565164
62.326576
58.619100
62.217535
60.712646
60.262937
59.983546
62.774478
83.765977
85.338353
69.140973
55.512000
49.060275
56.854424
75.908239
60.849742
88.177674
62.452814
70.341416
88.619595
95.647119
56.656120
98.235896
84.672893
68.464027
78.579662
74.489165
81.205624
78.298402
54.035551
59.820589
52.072059
63.620423
64.167057
60.855728
72.217728
66.859705
65.409005
58.356470
61.985888
81.936252
84.960362
61.477049
56.924124
61.698113
65.305907
66.925028
59.953741
75.710898
83.920970
71.914755
63.935708
50.599676
59.833983
65.094741
73.985727
65.241926
55.337517
50.143310
54.412989
66.293395
58.424914
66.166646
71.190270
74.346674
66.558344
84.697878
80.454430
71.341747
75.146178
59.557681
59.365796
59.962495
56.583154
59.760906
61.138210
61.520597
71.804386
85.141260
86.727117
87.796477
66.212118
63.669973
59.505276
78.308471
82.309378
63.021692
61.815537
56.618110
72.975384
88.773629
71.686557
84.695807
54.277647
47.329833
57.419289
56.438149
65.532444
51.099453
66.389695
59.211824
70.680985
80.336135
75.146130
48.420312
64.847627
81.473472
73.705189
60.448425
58.013111
58.405971
83.051998
84.225425
61.466668
61.999741
61.815280
74.491717
60.833669
60.062079
50.035529
70.666828
76.695814
80.340824
52.689644
50.578664
63.429297
64.535068
69.116796
59.184854
63.600610
78.795653
60.159417
54.679431
53.226818
58.692131
61.085293
70.485681
65.219275
52.627993
62.794863
75.130539
55.461801
53.867779
60.784421
57.722788
60.940109
68.183053
60.915292
60.890137
62.036623
58.201227
65.425848
82.553868
76.035699
58.238169
66.631129
65.415736
75.430395
61.685734
70.483179
57.086604
55.379555
64.993073
77.911824
72.887403
85.949909
73.159095
84.492026
63.015110
71.982186
59.232702
71.072374
65.031992
81.323558
66.496386
67.968195
62.616667
47.415984
62.490272
84.721389
71.713786
60.971601
52.855601
61.517359
84.714340
87.320708
63.605954
67.074494
64.800535
61.248100
81.336652
67.762636
86.790765
79.963669
75.565058
64.726007
78.967720
81.053104
62.856847
61.605436
62.925789
74.469952
83.755394
84.686205
74.844251
63.302156
61.870777
58.077517
69.849204
60.092102
66.679385
75.244938
54.928161
59.363354
62.488408
60.780044
58.057150
69.534494
61.676892
80.628753
68.505753
75.637289
76.837112
58.781061
73.043780
78.705052
66.908516
75.746211
69.919807
74.266052
84.387874
87.412142
88.445157
85.227920
77.330077
81.803788
55.623178
59.041668
64.610132
84.958436
83.097291
59.975477
58.831492
78.793168
99.436389
79.072064
85.682694
66.943424
63.292580
62.860436
61.199583
62.177610
54.117076
56.749587
60.977678
80.088367
60.253642
61.929845
59.056316
58.454843
59.939942
61.979032
74.857218
49.230563
47.397468
63.695296
61.563254
65.814892
63.691360
58.257511
57.113112
52.565220
53.538207
57.485313
65.803633
84.329442
86.078010
72.708625
83.105104
78.122632
64.703334
66.083037
63.834051
68.016007
77.518156
85.428884
84.474235
63.164793
53.698059
71.164835
80.068955
76.678351
67.558189
64.941622
74.720630
60.782764
63.502405
49.638257
60.802859
85.691663
66.568782
65.211563
58.323795
58.208131
61.717909
63.087487
71.538700
88.777979
78.015765
65.714914
60.585204
58.940767
60.370173
65.862580
63.759184
68.414987
61.406063
71.372921
61.897263
49.030492
48.407710
66.476789
87.500760
71.184997
60.811670
61.235015
61.112610
48.525834
65.806110
70.619694
48.839155
59.587153
66.608988
58.890998
74.054880
72.671694
61.832633
70.266086
73.635176
76.559324
81.664760
59.382373
59.911097
61.752192
85.262576
63.953898
68.471138
85.570224
61.199031
49.352269
57.432171
59.659408
64.350946
71.332627
61.510609
61.048702
58.627037
73.098259
86.144606
88.529398
89.382960
75.265123
64.124654
67.241380
75.490394
65.229606
60.725325
66.437112
59.588278
63.488008
95.401383
99.512023
91.663735
64.487140
78.947178
86.953040
86.007398
85.374393
73.741951
68.903976
60.021302
79.555704
88.343016
73.915147
67.702826
84.720361
85.205015
86.854590
72.526390
59.664016
73.022294
69.224168
59.224985
78.394903
68.777113
62.144858
71.089931
61.582578
60.432169
67.107039
69.015773
57.466878
63.199499
48.806030
62.603257
64.409759
75.066348
71.312402
62.718505
85.222072
62.359519
65.799868
81.131625
81.789313
61.389426
69.066253
52.935305
50.769467
63.694179
58.206085
51.363044
60.120805
69.753136
70.194356
66.602331
79.934984
79.029208
60.943379
56.549924
59.612094
71.584884
78.797136
79.195768
56.048936
54.385436
56.745483
57.792553
76.314541
72.800559
71.636682
87.476893
69.209588
64.288349
68.553261
67.421353
69.091199
68.080881
62.823228
83.332017
77.697058
55.370943
64.407172
64.961966
61.698696
85.303106
58.551878
68.840356
65.230898
56.601122
60.242996
75.076824
60.461895
86.976822
86.711720
88.801661
68.007202
74.389847
87.051927
81.887057
61.982731
72.189703
54.322953
52.500296
58.464795
48.239969
47.939885
51.501936
58.450676
60.293901
71.803358
90.834436
80.628147
60.334095
59.005348
52.778662
52.259411
53.064136
47.912944
57.352076
83.616324
66.098260
67.525103
73.550502
71.512442
59.839703
80.626426
68.192527
59.358672
60.343561
79.248178
91.946363
94.204937
88.363447
62.916056
64.912453
54.724877
60.596042
58.128045
63.445460
60.655720
57.387471
80.547999
52.879502
58.921203
50.000430
51.009456
62.355860
64.682903
85.890570
79.180782
74.805509
73.217734
65.706225
64.589458
60.670821
69.719580
59.814911
80.754322
56.397935
52.298335
84.909667
60.416861
59.747587
65.762235
64.596736
58.640620
62.284347
77.182887
70.624759
67.384291
59.533893
56.122023
49.350414
59.424733
77.868493
82.247027
53.035122
62.766367
53.520713
57.604765
80.647178
69.639092
65.594034
84.142698
75.562214
66.584365
79.510700
67.498929
57.806116
52.731228
79.171736
84.283179
54.215606
49.116160
53.392074
52.697162
65.630541
63.699070
61.847368
69.523676
74.604165
65.629450
61.411092
57.834928
53.466426
50.132180
59.494502
64.582781
59.493507
60.725799
58.321475
59.812120
59.927601
54.259402
56.955140
83.557341
63.457985
71.165373
70.875463
87.591825
84.800972
64.756212
57.269981
54.487803
56.089704
52.026908
65.210320
64.004650
55.333458
59.189310
58.606157
58.192770
63.228856
64.724740
62.254665
56.316771
68.007463
82.017698
62.070830
61.434821
47.186721
51.045477
48.387261
74.698094
84.732351
80.843779
74.547532
67.469244
55.492796
65.636768
74.381562
68.631777
59.491244
65.426590
82.932791
68.772252
58.013347
52.435805
58.241771
91.891452
76.486769
60.699967
56.421003
50.870602
48.592984
50.214584
68.758944
88.252312
89.665095
62.999163
47.263583
68.019091
65.469750
76.184187
88.020952
89.444816
78.405783
51.200223
57.253544
59.839146
60.340440
68.918655
66.846795
60.502176
60.261233
75.276529
80.017966
84.967927
64.863102
55.609967
50.195899
67.007139
58.632045
59.711056
61.154069
86.333524
59.501969
50.043710
52.700915
50.032898
57.549991
51.254250
55.540879
74.441648
60.183329
60.651917
58.115490
53.083622
50.230606
53.742340
47.309931
55.044444
58.828070
56.822203
67.423490
51.249539
56.727441
50.558890
63.568545
97.847298
70.766487
64.171283
69.633104
54.693503
65.139181
85.933280
63.529674
61.810105
80.336956
50.167061
58.047630
62.136453
76.411306
86.009563
84.162514
68.358750
65.196337
61.831914
59.325488
48.758393
58.741460
67.814259
57.711448
62.659687
79.944484
67.110671
54.778375
55.612084
55.117570
59.707450
63.788506
65.265271
63.490208
61.672383
75.917112
69.286824
68.717868
75.724480
71.137790
59.512197
67.861567
86.486245
70.085376
77.480787
70.945190
74.832802
68.999107
58.766288
59.273287
63.692582
85.105996
63.218947
70.587452
58.160926
61.866308
59.894898
59.865710
58.960322
68.433263
87.827083
78.584189
84.134567
80.834802
76.791149
75.537161
71.680545
81.741518
59.637328
72.525911
66.010417
80.083169
77.561412
76.534150
61.382588
63.893005
67.016282
59.359644
66.359814
79.569547
82.041771
70.021809
82.576625
126.697646
