50
144.848397
147.462318
146.782620
146.740557
146.758325
146.714466
146.659553
146.692662
146.749916
146.733493
146.711949
146.727863
146.680161
146.297582
145.856680
146.713231
146.670524
146.693038
147.235322
146.702262
146.728199
146.767646
146.882569
146.892270
146.888091
145.438273
146.876078
146.417408
145.802675
146.876657
146.897517
145.591376
146.579559
146.817308
147.285182
146.770927
146.705284
146.703410
146.713584
146.742583
146.881122
145.383606
146.835595
146.294128
145.838902
146.874944
145.371568
146.871686
146.133588
146.234678
146.903569
146.846845
146.836192
146.825608
146.853871
146.852305
147.388970
146.846794
146.857258
146.847943
146.854904
146.872164
147.187490
147.142134
146.994052
147.061149
146.998658
147.023266
146.848712
146.706629
146.768227
146.737499
146.674749
146.769903
146.855017
146.884619
146.904080
146.895360
145.346872
146.881111
146.539108
145.786592
146.840641
145.851561
146.404183
146.859957
146.320628
146.045850
146.860253
145.440323
146.910456
146.882319
146.884132
145.515443
146.750213
146.814312
146.881767
145.536821
146.828865
146.799592
146.705737
146.714678
145.424273
146.698843
146.753033
146.748272
146.757591
146.709939
146.802612
147.023098
145.518254
147.055598
147.031888
146.271107
146.352770
147.069379
145.646096
147.029942
146.978546
145.607222
147.032819
147.016336
147.007032
146.978236
145.614781
147.005028
147.030143
146.988475
145.561915
146.914361
146.991487
152.714338
146.659757
145.348402
146.629710
146.707615
147.143832
146.761139
146.766695
145.259714
146.739321
146.725555
146.571160
145.424954
147.897724
146.948519
146.754332
146.684391
146.701976
146.690330
146.757503
147.047016
145.716608
146.339087
146.757958
146.669045
145.326861
146.754324
146.714430
145.267615
146.710050
146.694373
146.617425
145.386607
147.565367
146.731729
146.739072
146.722695
146.712112
146.753642
146.708559
146.708013
145.457122
146.845367
146.816581
146.861855
146.885045
146.902550
146.830173
146.992876
146.758850
146.757454
146.712202
146.693705
146.704533
146.707898
146.894321
146.718265
146.667532
146.656228
146.133370
145.865351
146.749443
146.758527
145.354018
146.740838
146.714726
145.263462
146.692590
146.696832
146.702124
146.706838
146.760592
145.692689
146.779287
146.980843
145.281232
146.690343
146.711989
145.229348
146.665903
146.332284
145.933261
152.733184
146.723042
146.447208
145.576089
146.725304
146.466828
145.513060
146.662419
146.656039
146.663441
146.700919
146.686848
145.347280
146.684619
146.885690
146.754807
146.714652
146.710383
146.692538
146.735488
146.718171
146.726263
146.720312
146.747494
146.686867
146.675379
146.698262
146.645222
146.681183
147.094410
146.676898
146.688423
146.700597
146.702030
145.329333
146.722778
146.681858
146.769388
146.682411
145.686309
146.318138
146.737738
146.704405
146.402230
145.592953
146.716937
146.738730
145.269381
146.901766
146.926942
145.495629
146.869957
146.914028
146.862219
146.830662
145.470766
146.884881
146.850530
146.811265
145.544404
146.809827
146.813587
146.844619
146.821742
146.928276
146.891721
146.767445
145.792167
146.234064
146.668734
146.709253
146.708807
146.854435
146.745507
146.727858
146.753970
146.719232
146.717726
146.708697
146.670271
146.673981
146.695692
145.482124
146.696037
146.704050
146.696606
146.703457
146.650082
146.645728
146.700111
146.666038
146.708339
146.695602
146.624905
146.693868
146.651847
146.693370
146.688727
146.859889
146.675775
146.665891
147.872460
146.670497
146.888012
146.656615
146.706072
146.629052
146.654801
146.687491
146.657273
146.714707
146.666083
146.665108
146.525187
145.417877
146.690804
146.726961
146.707523
145.215909
142.961408
144.345096
143.522482
143.735186
143.312074
143.945981
143.715474
143.498190
144.349691
143.006968
144.542265
142.832776
144.833818
143.581798
143.828570
145.133038
142.782747
144.554488
143.607847
143.782577
144.614660
142.748596
144.756650
143.709357
143.804460
144.678374
143.727751
144.020905
144.739607
142.928604
145.453564
143.894113
144.385163
144.865089
143.498945
144.231505
144.910109
143.322201
144.879024
145.427187
143.268059
144.513305
144.515391
143.264588
144.721120
144.548776
144.031432
144.824064
142.923010
144.960669
144.705443
143.390960
145.019129
144.378446
143.661500
145.110245
144.025017
143.876347
144.785421
143.949169
144.006368
144.890193
143.791538
144.025580
145.111984
142.972018
144.784185
145.179382
143.019620
144.988581
143.608961
144.279753
145.175821
143.804553
145.791899
144.743708
143.646896
145.027081
144.284611
144.418513
146.991615
143.128700
145.074172
144.645029
143.098923
144.703772
144.698683
143.290228
144.330343
144.729997
142.945469
144.926309
143.607134
144.017260
144.670430
142.869777
144.493615
144.697567
143.484348
144.113265
144.925057
143.237863
144.574883
144.540168
143.608564
143.801486
144.545982
142.737386
145.071624
144.625881
142.951747
144.587036
145.019501
143.901193
143.880634
144.857637
143.936300
144.822326
144.717232
143.202235
144.088181
144.639132
143.814386
150.869648
142.735934
144.623493
143.029045
144.265161
144.627112
142.766623
144.679630
143.205283
144.521229
144.580466
142.711294
144.670264
142.890106
144.322514
143.674318
143.719392
144.339779
143.444360
145.139896
143.676085
143.688972
144.555369
142.730385
144.562029
142.769392
144.605058
143.615354
143.560157
144.675689
143.573177
143.738323
144.552655
142.735983
144.535780
142.778940
144.413060
143.899347
143.352255
144.217331
143.036660
144.984670
143.034005
144.214113
144.362479
142.988787
144.507381
144.724345
142.711320
144.495004
143.982555
143.604956
144.538931
142.506387
146.599046
146.688444
146.667500
146.658593
146.675304
146.679596
146.610524
146.871258
146.687845
146.686946
146.679319
146.682637
145.345766
146.696146
146.711598
145.064828
146.665706
146.698071
146.934142
145.995248
146.089873
146.663107
146.651948
146.664439
146.677754
145.520525
146.386297
146.683897
145.864726
146.610225
146.710543
146.738081
146.699419
146.711991
146.686432
146.721807
146.227237
145.771846
146.688707
146.724542
145.412052
146.596891
146.684719
146.687953
146.776810
147.960024
146.654413
146.713164
146.689774
146.665939
146.718475
146.695292
146.614314
146.675962
146.679590
146.623617
146.637231
146.676713
146.702035
146.715882
146.690007
146.192575
145.775567
146.671047
146.670727
146.677508
145.679652
146.290330
146.898506
146.867696
145.546547
146.862714
146.881140
146.844361
145.380592
146.847667
146.871671
146.835353
146.656553
145.641935
146.811049
146.860467
146.853370
146.847162
146.758045
145.566872
147.054494
146.843867
146.857053
145.428922
146.864663
146.829012
146.872221
146.819661
146.833548
146.812769
147.044934
145.400658
146.861551
146.828169
145.402340
146.851274
146.867470
145.843784
146.475660
146.873920
146.794494
145.493722
146.868863
146.874240
145.558077
146.900789
146.854495
146.757237
145.399992
146.833696
146.438801
145.893265
146.833367
146.832324
145.447201
146.805143
146.699607
145.217800
146.708092
146.715927
146.727065
146.739418
146.697236
146.688979
146.687546
146.678589
146.720300
146.727614
146.675407
146.817930
146.673382
146.715020
146.656089
146.657904
146.665887
146.688210
146.655880
146.673817
146.657469
146.676608
146.614971
146.650415
147.924525
146.671437
146.612019
146.661851
146.695571
146.645824
146.660099
146.654960
146.615458
147.917642
146.744287
146.696584
146.677169
146.642023
146.673592
146.675190
146.697539
146.701318
146.673295
146.675775
146.676833
146.697291
146.708413
146.728115
146.676782
146.724425
146.685479
146.689378
146.709782
146.743534
146.755497
146.773544
146.725768
146.736526
146.706725
146.721691
146.698455
146.738617
146.700479
146.693261
146.727321
146.713044
146.693760
146.664059
146.713322
146.679810
146.682941
146.693271
146.718833
146.685635
146.666883
146.672919
146.639382
146.700438
146.684930
146.644212
146.729197
146.670927
146.789975
146.671118
146.671116
146.684544
146.658812
146.647022
146.851003
146.918394
146.863645
146.843729
146.837764
146.880187
145.880689
146.462561
146.876834
145.421835
146.872564
146.820628
145.415261
146.854016
145.472991
146.849665
146.839912
146.843602
145.393330
146.823005
146.832040
146.857901
146.857580
146.881589
145.513934
146.841856
146.862340
146.939637
146.928435
146.871038
146.878872
145.387247
146.874652
146.860433
147.144585
146.911974
145.449184
146.832624
147.049761
146.856654
146.837601
145.511735
146.896012
146.866592
146.862911
145.504307
146.840535
146.378468
145.861131
146.881822
146.327964
145.962372
146.818730
146.827528
145.407828
146.820053
146.833985
146.778127
145.651033
146.603887
146.858176
146.845302
146.844586
146.827040
146.837988
146.806710
146.808382
146.820026
145.395794
146.825395
146.857209
146.821222
146.790740
146.835775
147.080033
146.736791
146.727046
140.736561
143.000476
142.974338
144.830120
143.061330
144.767408
144.740978
143.472743
144.891827
144.869972
143.539256
144.152749
144.647973
143.444884
144.285639
147.024663
143.925918
145.111895
144.613744
143.662835
144.514203
144.538896
143.319078
144.219002
144.938616
143.808617
143.972562
144.873908
142.926721
144.706180
142.938171
144.252569
143.278496
144.585984
142.926316
144.553176
142.941402
145.043306
142.912326
144.721977
144.935590
143.074012
144.679268
142.897673
144.846994
143.776488
144.171109
145.012793
144.806385
144.159802
144.324235
144.926449
144.925502
143.484076
144.932531
144.589120
143.795284
144.925814
144.704542
146.959428
143.980414
143.684578
144.860238
143.735214
144.067110
144.799868
144.045682
143.809161
144.813436
144.923167
143.568130
144.823118
144.633695
143.235481
144.987873
144.718737
143.429556
145.154538
145.665400
144.592703
143.443727
144.870919
144.174353
143.780209
144.798756
142.866624
144.647272
143.213659
144.153628
144.164138
143.719571
144.952253
144.598759
143.213905
145.466524
144.892936
142.947301
144.740303
144.760027
143.617151
144.076142
144.874268
144.540801
143.118409
144.569546
142.856391
144.797725
144.979918
143.117050
144.757433
144.937840
143.868112
143.907352
144.926355
143.515286
144.378321
144.857346
143.461139
144.546275
144.920709
144.411109
143.675118
145.061436
144.531803
143.358662
144.784497
143.357347
144.569279
144.279614
143.465531
145.069438
143.409225
145.412264
145.935081
144.307763
143.758861
144.907248
144.410349
143.547197
144.830865
144.068516
143.776692
145.054918
144.714391
143.195982
148.302156
143.698928
145.436688
144.542532
143.634308
144.826971
145.075359
144.030972
144.292289
145.076152
144.765988
143.468892
145.038476
144.979775
143.801339
143.911921
144.880542
144.775011
143.546269
144.176240
144.648191
143.544255
143.997216
144.629531
142.832722
144.733374
144.459892
142.990924
144.507157
144.655788
144.134574
143.632724
145.122980
144.648427
145.684633
143.817533
143.440513
144.671121
144.231393
143.606065
145.263644
144.842610
143.964251
146.271770
144.278321
143.612937
144.766779
143.620487
143.881235
145.857221
143.593296
143.929354
144.746962
144.414893
142.950055
144.752008
144.678366
143.711566
143.704370
144.977307
144.498774
143.224436
144.724904
144.837124
144.130974
143.494139
144.692056
144.621149
142.860642
146.012915
143.923567
143.653203
144.808566
143.659713
144.008838
144.816408
144.311625
143.566713
144.433720
142.949455
144.555708
142.935859
144.605686
143.268243
144.113906
143.601322
143.754093
143.966523
143.456111
144.547767
142.836474
144.983160
144.745462
142.800446
145.052715
144.853621
143.366258
144.217803
144.802413
144.542634
143.330246
144.537184
144.880582
142.897396
145.028010
144.520180
143.003563
144.823682
144.494205
143.050314
144.855846
145.138014
144.884292
144.414554
143.187832
144.871727
143.589652
143.955228
143.699029
144.175037
142.986138
144.790534
144.740525
143.016849
145.006895
143.365489
144.343635
144.800402
142.910859
144.494325
142.948996
144.747414
142.859703
144.734932
144.631951
143.285290
144.181529
144.464155
143.154850
144.800615
143.850629
143.871822
144.692390
143.462439
144.205150
144.800922
143.461601
144.228616
144.656790
142.858762
144.687069
143.415264
143.791780
144.509392
144.597752
144.700221
144.588967
142.758227
144.596628
143.838274
143.829205
144.933737
144.064649
144.064530
144.823331
142.958525
145.157133
143.042427
144.631374
144.589842
142.826571
144.690339
143.837303
145.184667
143.696770
145.124362
144.003073
143.956588
145.269745
142.919846
144.952192
144.170258
143.554257
144.687694
142.958458
145.032629
143.881111
144.314918
144.943710
144.965866
143.767980
144.046844
144.714334
142.775044
144.611275
144.052046
143.547676
145.982342
144.366126
143.265423
143.874991
144.141402
144.775188
143.153345
144.289598
144.355733
143.259318
144.647730
143.669288
144.026783
144.798936
143.026251
144.973380
144.077277
143.555602
144.607124
142.807641
144.862640
143.249075
144.623611
144.871316
143.594704
144.011631
144.775603
142.980746
144.512726
144.615754
142.934416
144.921502
144.870450
143.238438
144.942611
143.885989
143.790688
144.731805
143.114983
144.640675
143.732527
146.476241
143.268854
144.336336
144.461477
143.011233
144.641602
143.240968
144.507287
144.725799
142.943323
144.532992
143.026321
144.753476
143.100083
145.115313
142.986784
144.865409
144.996268
143.602329
145.053879
144.965745
143.410636
144.478836
144.970387
143.057584
145.005604
143.262799
144.614235
144.973262
142.983620
144.848932
144.000702
144.098244
145.013255
144.277183
143.703151
144.894701
144.721446
143.201548
145.535260
143.888701
143.839096
145.178331
143.643849
144.374008
144.937901
143.289394
144.467907
144.897079
143.518661
144.536731
144.924446
143.338446
144.254432
144.814320
143.797157
144.051606
144.858612
144.762974
145.158393
144.610374
143.271766
144.740593
144.787635
143.339823
144.467675
145.168269
144.178464
143.598649
145.112022
144.313747
143.535661
145.107661
144.621208
143.076190
144.887263
145.017403
143.675794
144.279798
144.879413
143.524840
144.250853
145.461750
144.133243
143.739486
144.929298
145.063826
143.425597
145.271254
145.077904
144.439273
143.575882
144.932784
145.763909
143.767971
144.751873
145.033701
143.452502
144.738944
144.898456
143.056262
145.058133
145.003567
144.808863
143.451833
144.708499
144.870710
143.973220
143.537990
144.814876
144.002210
143.538847
144.856046
144.008666
143.583406
144.672877
144.192212
143.580070
144.982550
143.723939
144.111232
144.898871
143.512426
144.330804
143.221751
144.426413
143.989102
144.283262
144.749529
143.891942
144.046952
144.529166
143.856865
144.043520
144.799509
143.100277
144.860986
144.054193
143.703097
144.560862
143.447998
144.074473
144.708863
142.806904
144.643328
143.848453
144.031026
144.878747
144.543562
143.751419
144.795922
142.922970
144.612366
143.012030
144.752008
143.833213
144.616258
145.266705
145.083866
143.135273
144.885084
144.884011
143.113295
144.743663
144.677761
143.097338
145.054586
143.802636
143.942631
144.980703
143.817903
143.816389
145.071094
144.549690
143.199709
144.770989
144.371612
143.209870
144.685475
143.403905
143.847314
144.548280
142.724502
144.670849
143.167474
145.605220
144.246514
143.358623
144.844914
142.952964
144.680054
143.692271
143.756451
145.777394
144.278113
145.114024
143.043463
144.690796
142.881307
144.785171
145.014604
143.131545
145.026477
143.705947
144.156159
144.622639
143.399705
144.184175
144.805646
144.201303
143.382584
144.398941
144.020295
143.311059
144.409668
143.622600
143.611684
144.880846
144.355889
143.409330
145.036554
144.618724
143.283827
144.782484
144.431331
143.866810
145.406947
144.233102
143.980031
144.937797
143.790989
143.937273
144.514334
143.259414
145.119816
144.582740
143.509214
144.854740
144.016717
144.301005
145.736563
143.900129
144.900485
144.119275
144.210910
144.811287
143.521001
143.974397
144.774691
142.771471
144.474089
144.534482
142.774013
144.740452
144.467158
143.246700
145.158221
142.993446
144.750376
143.411478
144.301451
144.770991
142.998137
144.072084
143.568882
144.676742
143.268312
145.018409
145.458845
143.253181
145.026004
144.998331
142.983722
144.994472
143.813661
143.979206
144.692315
143.255182
144.965594
144.308625
143.090866
144.595011
142.813195
144.739209
146.050648
142.976364
144.803238
143.019788
144.819733
143.641546
144.215194
144.813000
142.961811
144.804708
144.956561
143.004668
145.216446
144.980514
143.623999
144.698373
144.865125
143.481645
144.298242
144.900913
143.504573
144.160085
145.815981
143.215263
144.620146
144.816878
142.939967
144.543991
142.864037
144.589395
142.952838
144.748777
142.843367
144.829878
144.603609
142.826570
144.442855
143.727921
143.480242
144.567188
143.221498
143.978724
144.583845
143.112883
144.653038
144.117122
143.342688
145.009606
143.734062
143.841823
144.974250
144.622911
142.777481
144.650492
144.686427
143.498223
144.737560
142.842165
145.392075
143.457233
144.381450
144.647799
143.206751
144.456896
144.863240
142.962139
144.899479
144.588878
143.210601
144.759736
143.710381
143.720295
145.010477
143.373437
144.154969
144.738174
142.816158
144.667207
144.384458
143.326793
145.205363
142.937706
145.209451
144.761722
143.096803
144.691730
144.297899
143.350553
144.712799
143.219309
144.475576
144.750731
143.270429
144.460234
144.782738
142.938537
144.815911
144.890387
145.394505
144.816845
142.915796
144.662642
142.951214
144.727718
143.581438
144.203770
144.701940
142.940921
144.083596
143.438125
143.664088
143.758626
142.905745
144.551990
142.932934
144.714911
143.843974
143.763012
144.704000
144.477847
143.464596
144.979276
143.085248
144.738404
143.060946
144.124992
144.694607
142.741311
147.120239
143.004858
144.325477
143.078289
144.362373
143.505740
143.323222
144.670613
142.609753
140.751742
142.861434
144.581903
143.371200
145.969723
143.388992
144.287718
144.737125
142.868556
145.278260
144.926115
143.635390
144.471726
146.319915
145.373495
143.283039
145.574057
145.275814
145.417707
144.544553
144.906466
146.393112
143.851976
144.434788
146.119086
143.133053
144.840816
144.965356
144.125858
145.374902
143.176395
145.020017
144.407258
144.091331
147.455511
146.298857
144.112323
143.869986
144.792674
142.946271
144.739600
143.150549
144.425163
144.214711
143.403625
144.694085
142.883656
144.780108
143.754428
144.058488
144.861478
142.880928
146.189574
145.353847
143.609001
144.976855
146.139757
143.489180
144.983205
144.538861
143.068199
144.708538
142.889249
144.728693
144.086947
143.572792
144.820216
144.762492
143.189362
145.841113
145.368226
145.462692
143.863681
145.355533
145.293250
145.249655
144.500770
145.838883
145.695833
144.483609
143.805121
144.888393
144.505988
143.341764
144.988341
144.431929
143.506637
145.447694
145.507798
143.783537
144.671381
145.016545
143.986407
144.073220
144.795036
144.272265
143.895218
145.721847
145.990958
145.166422
143.574138
145.809283
145.122907
143.738278
144.667213
145.281054
143.072453
144.823778
143.569551
144.724365
144.888624
145.431039
143.576655
144.867466
144.852008
143.956715
147.099261
145.032557
145.300996
143.478274
144.660025
145.001603
143.659683
144.205666
145.400043
144.598490
143.778502
145.739494
144.883516
143.176019
145.064443
145.008392
143.165459
145.019697
145.141143
143.784020
144.577473
145.373728
144.114702
144.160885
145.063036
150.648899
143.504154
144.544008
145.110509
143.684676
144.041356
144.908172
143.920989
143.898696
144.871673
143.787381
143.979432
145.124485
144.288346
143.938734
145.233971
146.641552
143.721331
144.647892
145.161152
143.265563
144.765956
144.674920
142.821065
144.707571
143.040404
144.836149
144.367172
143.458363
144.888736
144.389055
143.617489
145.257388
145.040169
143.268896
144.818461
145.470081
143.963522
144.780848
145.122983
143.365817
144.762941
145.130288
144.202717
143.925936
145.020312
143.429171
144.396047
146.015867
144.195301
144.414207
145.341241
144.526810
143.959407
145.669075
145.252874
143.241929
144.910665
143.436999
144.383841
143.856188
144.661868
144.984690
143.535945
144.393641
145.068943
143.342208
145.874522
144.352616
144.098906
145.277772
143.017226
144.834718
143.850700
145.216976
145.290167
143.377437
145.332958
146.062620
143.204790
144.988398
145.130297
143.196413
144.734325
143.020090
145.164282
144.453995
144.113208
145.459335
144.500622
144.086222
145.141384
145.135846
143.693777
145.258335
145.036507
143.509125
146.276821
144.425529
143.918247
145.079583
144.883498
143.546188
144.963086
145.162601
143.618595
144.700988
145.110923
144.380534
144.071405
145.028137
144.732769
143.478092
145.043284
145.013931
146.974619
144.514336
145.109960
145.119224
143.181389
145.124693
144.330352
143.740014
145.229300
143.307905
145.034162
144.804005
143.568560
145.194201
143.791898
144.461582
144.962465
144.167543
143.766784
145.414339
143.034072
144.817332
143.845311
144.147132
144.757259
143.077996
144.944697
143.054908
144.867662
143.968577
144.165134
144.823286
143.932450
144.252541
145.436740
144.551888
144.556211
145.503781
145.166506
144.612066
145.132049
145.443320
144.015854
145.533205
145.196444
144.153657
144.211268
145.243939
144.733944
143.482477
145.180840
144.815874
143.501926
145.113419
145.341782
143.951140
144.566576
145.191618
143.170060
144.660170
144.881048
144.357805
143.506390
145.002876
143.285965
144.985073
144.652905
143.521967
145.016730
143.768806
144.300360
145.297449
145.547559
145.012975
147.189748
147.156351
147.140476
146.140367
146.741095
147.132454
147.110329
145.834999
147.106932
146.960292
147.004545
146.950037
146.778813
145.852993
146.983423
147.101394
146.976919
145.658146
146.891749
146.857801
146.830776
147.133007
146.867015
146.865952
145.508800
146.838572
146.818017
145.466646
146.853544
146.831753
146.899366
145.456830
146.957100
146.672169
146.677831
146.684740
145.352776
146.631941
146.658532
146.651275
146.658096
146.638165
145.348305
146.615998
146.642624
146.605192
146.659227
145.314063
146.650772
146.645193
146.657970
146.666300
146.374854
145.763113
146.823874
146.833024
146.827520
146.830395
145.532415
146.847977
146.899525
146.798978
146.796995
146.814030
146.819207
146.951050
147.152577
147.152604
147.181838
147.062651
147.010708
147.150318
147.019140
145.726862
146.932198
146.892254
146.418293
145.834138
146.883140
146.824586
145.524246
146.884421
145.364700
146.843102
146.241940
145.952407
146.835400
145.433374
146.801601
146.817333
145.412131
146.839562
146.855389
145.438834
146.822185
146.467343
145.736569
146.813793
146.403682
145.773212
152.727185
146.705949
145.408341
146.509886
146.650003
145.101526
146.655957
146.960546
145.167001
146.678459
145.616311
146.221802
146.704269
145.225815
146.641472
145.766383
146.105771
146.694318
146.275701
145.664129
146.666813
146.684668
145.188432
146.669890
145.552765
146.273260
146.685221
145.143187
146.666613
145.138353
146.633168
146.455377
145.420202
146.666005
146.104193
145.802473
146.665117
146.936927
145.223474
146.696565
146.697366
145.168226
146.676171
146.654070
145.304738
146.680881
146.631156
146.662342
146.585050
145.284977
146.665429
146.647766
146.634691
146.656566
146.654668
146.892880
145.798045
146.222173
146.912633
146.117185
146.158284
146.881284
146.892042
146.530368
145.750613
146.828051
146.871667
146.508454
145.811680
146.845310
146.821490
146.828216
146.836580
146.837145
146.832114
146.829646
146.841884
146.844647
146.832078
146.839042
146.870412
146.820763
146.847942
146.832009
146.824942
146.836576
146.799815
146.809339
146.945938
147.006680
145.589406
146.996776
146.967026
145.658994
147.023352
147.002547
146.317836
148.950447
147.014430
147.022363
145.577720
147.006540
147.056725
145.619180
147.067255
146.993584
145.621743
147.003847
146.996664
147.063749
147.072764
147.057382
145.676677
147.075666
147.070471
145.962298
146.799955
147.105241
145.702234
146.938158
147.017939
147.032503
145.581369
153.085777
146.718271
146.720586
146.687689
145.311536
146.689310
147.230289
146.687254
146.661481
146.697820
146.879125
146.562024
146.185590
146.855629
146.728942
146.664968
145.267655
146.645807
146.676174
146.695645
146.694533
146.660003
146.680925
145.195212
146.680004
146.659269
145.180764
146.669290
145.279347
146.555870
145.123363
146.630772
145.368100
146.509977
146.701172
145.173255
146.723855
146.676565
145.196380
146.692090
145.203771
146.710892
146.699629
146.664656
146.678561
145.239783
146.668298
146.670135
145.175065
146.704502
146.416631
145.438933
146.669807
145.128080
146.652724
145.525831
146.393706
146.649184
145.269608
146.657164
146.522843
145.289020
146.739860
146.821178
145.141753
146.656119
146.707885
145.278774
146.692907
145.864335
146.044258
146.703370
145.944577
146.040847
146.686478
146.767845
146.701823
146.684023
146.671449
146.666930
146.707528
146.664065
146.688436
146.659361
146.654567
145.527349
146.374832
146.641107
146.639897
145.305260
146.673152
146.663085
146.677503
145.260839
146.691103
146.652407
146.728653
146.708380
146.678672
146.675810
146.704370
145.366032
146.659785
146.665598
146.678741
146.798040
146.800147
145.532537
146.827380
146.797620
146.835899
146.813106
145.506476
146.811382
146.899688
146.823545
146.785189
145.606160
146.878964
146.954425
146.970916
146.816574
146.801258
146.816775
146.841222
146.817201
146.741511
145.525691
146.849859
146.866044
146.835138
145.463935
146.875444
146.870730
145.407884
146.811134
146.836100
147.002135
145.506063
146.885666
146.880368
146.835669
145.501958
146.846772
146.800977
146.825062
145.973277
146.035441
146.640106
146.722096
145.341643
146.697942
146.702838
146.708300
146.716291
146.705441
146.678983
146.663416
146.701054
146.677590
145.279670
146.710027
146.031783
145.922466
146.879352
146.878773
146.866243
146.843196
146.852417
146.841962
146.868538
146.874130
146.894148
146.864830
146.863440
146.824865
145.388126
146.855384
146.855437
146.812433
146.276765
146.181273
146.824506
145.366760
146.857263
146.881817
145.386821
146.918702
147.244778
145.523414
147.023822
145.960510
146.554681
146.960022
146.985740
146.993922
147.039826
145.514852
147.011656
145.545050
147.042159
146.980260
145.520359
146.963151
146.998476
147.266951
145.630539
147.054915
147.017107
145.556145
146.986733
147.015499
145.545987
147.012591
145.535349
147.031223
146.964396
145.597097
147.010451
146.999658
145.542923
147.006438
146.346486
146.103494
146.982038
146.772185
145.705990
147.013640
145.629915
146.874044
146.978979
145.605249
146.972470
146.980656
145.464067
147.001674
146.474482
146.016442
146.954427
145.587592
146.946624
146.972526
145.444852
146.969540
146.087997
146.534873
147.007933
141.654432
142.708368
142.724835
144.719695
144.658094
142.993415
144.543507
143.284388
143.888142
143.900222
143.416666
144.696083
143.036696
144.273452
144.619927
142.767796
144.458537
142.695821
144.653200
144.308542
143.239031
144.488571
143.006868
144.522789
143.907905
143.527325
144.663953
143.779584
143.395584
144.237587
143.074665
144.470745
144.000906
143.145203
144.345248
142.839007
146.741902
142.872466
144.096155
145.837837
144.678394
142.931842
144.600152
143.358015
144.183737
142.845600
144.509715
142.820671
144.636568
143.314967
144.167412
143.977843
143.398930
144.563327
142.653353
144.668519
142.964701
144.309151
143.917197
143.345695
144.400321
142.866360
144.397288
142.681787
144.496745
143.798576
143.413247
144.393306
142.672381
144.454270
142.864836
144.368537
143.958254
143.265895
144.744436
143.605531
143.824103
144.579485
142.745254
144.757320
148.151710
142.697168
144.532915
143.175971
144.197945
144.009229
143.123398
144.384478
142.679253
144.422684
142.668204
144.380461
144.365749
142.882551
144.776306
143.360369
144.636656
144.918349
143.023183
145.214599
144.906276
143.077401
144.768764
144.763539
142.836309
144.678979
144.155072
143.194002
144.665133
143.559778
143.800240
144.871431
144.159149
143.796378
144.715047
144.630047
143.445355
144.536444
144.744660
143.224816
144.809175
143.458280
146.019113
144.762493
143.958444
143.955183
144.966635
144.103104
143.954341
144.922333
143.056801
144.981710
144.665012
143.226799
144.726884
143.405770
144.195766
144.653902
143.355395
144.463245
144.544097
143.031457
144.674542
144.103140
143.571187
144.760327
142.773315
144.616493
144.323420
143.108392
144.616131
143.398072
144.169333
144.717122
142.930699
144.676297
143.093797
144.548303
144.702376
142.937764
144.696803
144.001805
143.605353
144.727720
142.920398
144.812930
144.540326
143.098969
144.817562
144.631669
143.206195
144.883778
144.985404
142.923986
144.815323
145.063585
142.878773
144.722278
144.015803
143.711600
144.663549
143.342810
144.382241
144.892796
144.410031
145.135754
144.724763
143.451370
144.242078
144.714741
143.285457
144.582005
145.119972
143.734661
144.965267
144.854560
143.007496
145.582973
144.209562
144.199606
144.773083
143.060021
145.029032
144.839848
143.369655
144.674760
144.732966
142.995083
145.155653
144.789050
143.590340
145.264318
144.823581
143.615203
144.786534
144.911324
143.560217
145.886135
143.664628
144.737033
145.549142
144.715015
144.231166
144.828059
147.989226
143.175828
144.660524
145.166047
143.036291
144.778270
144.340006
143.549926
145.389264
143.811121
144.153031
144.869391
145.632344
143.758029
144.544538
145.541078
142.944397
145.109635
144.161861
144.211854
144.975481
144.563481
144.409198
145.096045
144.442879
143.622172
145.095845
143.614284
143.979217
145.350962
143.165456
144.727832
144.749684
142.796846
145.054216
143.568065
144.274516
144.608633
143.120495
144.807332
142.792757
144.797834
144.796226
144.001677
144.528861
143.236955
145.220238
144.466466
143.838633
144.603458
144.333457
143.418455
144.877406
145.885426
144.289149
144.779520
145.165504
143.155537
144.794201
143.278977
144.060022
144.617050
143.094117
144.927207
145.051766
143.777641
145.412758
143.292933
145.563794
144.852234
143.237110
145.415798
145.189950
143.159517
144.804051
143.605747
143.863336
144.288297
143.537118
144.830995
143.423302
144.889295
143.296970
144.245585
144.038243
143.470071
144.935739
143.185524
144.954683
143.718094
144.949580
144.416399
143.837897
144.796216
142.923001
145.667671
143.974691
143.987526
144.890334
143.265647
144.570540
145.222442
144.735048
144.045646
144.894073
143.535413
144.309285
144.897316
142.826349
144.687240
144.704263
145.230138
142.901753
144.666501
144.811117
143.214149
144.283557
144.750806
143.369248
144.063676
145.483119
144.331569
144.262823
145.047670
144.987835
144.080376
144.714199
145.609425
143.720053
144.986535
145.858769
144.500893
144.080966
145.239970
145.560748
143.795023
145.307958
144.891611
144.111348
144.501573
144.858800
143.717199
144.522631
145.188806
144.407295
143.763808
145.641474
145.309194
143.299334
144.613139
145.988351
143.540292
144.849410
144.712307
145.440107
143.733741
145.143010
144.597871
143.846517
144.251159
144.868286
143.890391
143.770117
144.851309
144.249313
143.460171
145.251640
146.032747
144.668658
143.572789
145.053534
143.572409
144.126076
144.514319
143.052865
144.828223
144.252152
143.609643
144.800372
143.622308
143.910100
144.501143
143.061073
144.821999
144.707589
144.235225
145.372645
142.744555
144.542165
144.618239
143.370274
145.068333
143.406314
144.468998
144.323150
143.808254
144.984140
143.919562
144.597396
145.097056
142.787922
144.454513
143.662708
144.102360
145.971845
145.994056
142.996456
145.202657
144.199378
141.495424
143.184369
143.614605
145.044500
145.334361
145.675091
142.842638
144.681075
143.636241
144.287407
145.760904
143.052791
144.329401
144.006358
144.048177
145.507808
143.124194
145.028843
144.426174
143.496071
144.626773
144.899642
143.156060
144.620151
144.187680
142.925639
144.408825
144.442716
144.918983
143.877299
144.557614
142.764268
144.587738
144.128262
143.249458
144.851892
142.808618
144.626495
144.813499
142.960324
144.553369
142.771822
144.522660
142.818203
144.452033
142.784976
144.429611
142.819078
144.248175
143.050769
143.618129
143.621225
143.752368
143.683709
144.537055
142.739746
144.555299
142.780203
144.486639
142.768258
144.650717
143.696222
143.889768
144.781267
143.067977
144.791938
144.018875
143.512672
144.731253
143.148143
144.433106
144.691762
142.896850
144.632334
144.144313
143.958759
146.619424
142.867690
144.728639
144.184663
142.889779
144.512472
143.468120
143.503632
144.507250
142.627516
144.199304
143.184848
143.802974
144.368317
142.864406
144.271527
144.763530
142.933567
144.688020
143.819204
144.718954
144.626527
142.752626
144.565115
143.887057
143.413198
144.485444
143.893808
143.474920
144.613775
142.760615
144.769544
144.398583
143.014312
144.604310
142.751966
144.652300
142.776813
144.504334
142.778203
144.647437
143.634798
143.715324
143.651049
143.571432
144.630231
142.733269
144.518826
142.797677
144.418220
144.565150
142.753631
144.526156
142.894102
144.503434
144.207728
143.134637
146.671433
142.774029
144.677473
143.735907
143.934862
144.773118
142.925463
144.439722
143.825374
143.706997
144.599323
142.963767
144.330861
143.448044
144.010466
144.315968
143.376035
144.454883
144.664862
143.362505
144.023216
144.571366
142.923372
144.519798
142.829100
144.726703
144.064539
143.466078
144.662142
142.983171
144.277573
144.130303
143.132877
144.292953
143.144878
144.028859
143.216404
143.571966
143.621260
143.390302
143.761234
144.856550
142.969201
145.045398
143.546009
144.242547
144.615177
142.971554
144.569993
142.911035
144.070473
143.466714
144.355955
143.143248
143.202386
144.256919
143.978208
143.457196
143.921937
143.294649
144.475041
142.776929
144.450068
144.238111
143.422970
144.784067
142.938451
145.060883
144.412704
143.550947
144.815749
143.505036
144.267283
144.776857
142.916548
144.717888
143.115668
144.463462
143.398221
144.112613
144.298908
143.457089
144.599633
143.657497
145.420135
146.253420
144.765203
145.449378
142.991289
144.969140
145.775980
143.699454
144.791415
144.782672
143.196052
145.013440
144.943546
143.026143
145.107819
143.888837
143.804606
144.612855
143.727709
143.928019
144.894384
144.411331
143.488840
145.126193
142.874152
144.450353
144.511881
142.872679
144.539632
143.022363
144.459657
144.220903
144.728554
144.769725
143.021585
144.743630
143.307701
144.411640
144.544905
142.995616
145.608818
142.797482
145.187688
144.602960
143.039480
144.563043
144.318978
145.538670
143.075552
144.504127
144.573003
142.613825
144.562104
144.302756
143.373495
144.891539
142.997655
144.898912
144.193335
142.867358
144.472180
143.093163
144.930707
144.243332
142.822369
144.741084
142.601708
145.213168
143.849367
143.097280
144.585616
142.890881
145.621095
142.944277
144.748418
143.371288
143.754296
144.705900
143.677029
143.486151
144.634061
143.437821
144.246037
144.786674
143.696011
143.985059
144.750319
143.930735
143.467712
144.546068
142.797027
144.490780
142.775736
144.719053
143.769638
146.674118
145.239711
146.695438
146.744360
145.196564
146.731338
146.767486
146.760924
145.256548
146.749342
146.743875
145.344525
147.001824
146.775803
146.743588
145.308745
146.681722
146.579635
145.188254
146.594410
146.279205
145.372022
146.584660
145.091932
146.552230
144.898988
146.562151
144.968856
146.566332
145.089148
146.552244
146.581706
144.851629
146.554935
145.010644
146.610210
145.102656
146.706736
144.850877
145.446709
146.436775
146.705836
145.326980
146.739369
145.732603
146.185851
146.721689
145.232560
146.741323
146.730492
146.704721
146.737971
145.821007
146.123095
146.752718
146.273179
145.679418
