50
111.310799
114.789057
116.356595
116.488204
117.569194
115.981229
117.703332
115.620234
116.988106
116.652642
116.266583
118.275634
115.971518
117.575068
115.872790
117.882087
116.018941
116.844864
116.807688
115.614097
117.339529
116.569111
116.697274
116.811309
115.460793
117.348578
115.985013
116.056037
116.856272
115.596593
117.077083
116.240431
115.898782
117.396353
115.356032
116.675722
116.526908
116.078769
118.009806
117.540001
116.121050
116.241268
117.369134
115.695213
117.253683
116.594824
116.447969
117.448422
115.487855
117.065554
117.130289
116.608489
117.131171
115.920218
117.851633
117.296324
116.609186
116.878289
115.781623
117.721561
115.942182
116.519374
117.312757
115.710153
117.067907
116.659874
116.772246
117.711351
115.482100
116.599266
116.856094
115.681491
117.826233
116.162469
116.804115
117.128358
115.695486
117.573010
116.165795
116.471712
117.259552
115.692299
117.596088
116.205025
116.321609
117.523102
115.391789
116.875122
116.561660
116.413840
118.206700
115.702726
117.827422
115.935641
116.583657
117.116864
116.052599
117.895999
115.826909
116.848128
116.626892
116.632971
117.295208
115.903762
117.379370
116.141369
116.503842
117.471681
116.180229
117.945141
116.418850
116.863830
116.912178
115.907178
117.897363
115.759491
117.034352
116.576518
115.904774
117.669572
116.751503
116.721829
117.282751
116.113208
116.433590
116.969408
115.705389
117.853028
115.938265
116.789833
117.155874
115.572375
117.347703
115.975878
116.609999
117.160643
115.550255
117.300740
116.129503
116.073085
117.463642
115.763752
116.540555
116.997397
115.646452
117.695426
115.857218
116.607956
116.826184
116.075081
117.618965
115.759400
116.394467
117.201703
115.710280
117.276825
116.264590
115.929923
117.626794
115.540247
117.904614
117.540532
115.903668
116.599885
116.874017
115.508774
117.634094
115.839241
116.515837
117.251933
115.631911
117.525167
116.047958
116.646613
116.878679
116.015392
117.559060
116.025760
116.783520
117.169183
115.772392
117.812611
116.016034
116.849677
116.980675
116.495810
117.218363
115.845589
117.516810
115.985865
116.898516
116.629482
116.529249
117.165585
115.492173
117.636326
115.930618
116.432839
117.085056
115.595908
117.623837
115.554297
116.569443
116.908630
116.719935
116.864857
115.525301
117.378983
116.163241
116.628678
117.124347
115.490462
117.617600
116.154336
116.442097
117.250942
115.731792
117.661570
115.776399
116.410753
117.060259
116.460450
117.771361
115.543695
117.482632
115.887340
116.553363
117.346762
115.963142
117.420370
116.267892
116.350061
117.555700
115.790463
117.689625
116.081215
116.430550
117.714466
115.847254
117.193822
116.558805
115.955294
117.957359
115.784259
117.211724
116.442504
117.016126
117.395698
116.824148
117.341690
116.319892
117.877044
116.465833
118.082006
117.479652
116.398059
116.426379
117.698915
116.251071
117.676280
116.151720
117.407221
116.571620
116.821328
116.543019
116.153137
117.262713
116.053301
117.842935
115.976996
117.948466
115.977172
118.023661
115.991284
118.103386
116.190126
117.272288
116.298446
116.513297
117.310848
115.420713
117.899357
115.776849
116.901820
116.852343
115.542889
117.728178
115.634003
116.707257
117.181163
115.620345
117.158777
116.370101
116.137772
117.132161
115.581763
117.375303
116.021395
116.468620
117.177292
115.440077
117.091922
116.663831
115.807284
117.567842
115.518704
117.050886
116.647467
115.936412
117.457450
115.675123
117.132521
116.568115
116.127717
117.911089
118.065860
115.904826
116.702053
116.889301
115.553570
117.814727
115.737211
116.953118
116.676369
115.684085
117.582936
115.314660
117.160942
115.980828
116.087137
117.146383
116.188564
116.933901
115.215919
117.220103
116.472675
115.658056
117.420897
115.288310
117.544417
116.191375
116.491347
117.089160
115.440691
117.775599
115.594864
116.785973
116.862958
115.991589
117.349354
115.244036
117.237381
116.368729
115.986212
117.440981
115.327953
116.954152
116.312962
115.960862
117.531270
116.014943
116.957719
116.860194
115.627107
117.688684
115.730857
116.739117
116.726311
115.690537
117.504984
116.133361
116.257717
117.416244
116.828556
117.453773
117.006281
116.908730
115.720314
117.551142
116.146393
116.458429
116.770961
115.072091
117.337344
115.254878
116.530999
116.636417
116.568421
116.526768
115.558948
117.213746
115.555823
116.314603
116.929681
115.406926
117.077234
116.085887
117.053206
117.523724
115.409630
117.158835
116.533894
116.120977
117.124810
115.228134
117.531656
116.674980
115.516785
117.371647
115.584804
116.947425
117.027232
115.800959
117.103087
116.365597
115.506983
117.423491
115.855284
116.268354
116.755169
115.347533
118.223493
116.092848
117.128926
115.617925
116.983617
116.637645
115.828202
117.717337
115.563091
117.111209
116.135924
116.036831
117.521523
115.348044
116.781463
116.519244
116.204200
117.034065
115.424606
117.359153
116.614114
118.091218
118.095455
118.076695
118.069239
118.536718
118.231027
119.716779
118.503807
119.824042
118.120266
119.802032
117.943080
119.523199
118.055076
119.115151
118.372716
117.936165
117.965938
118.038721
119.357097
117.964632
117.913179
117.889961
119.281504
118.349871
120.215208
117.871833
117.857245
118.294120
118.764281
117.896976
117.898354
117.894340
117.935907
119.264560
117.915124
117.912982
118.206452
117.921993
119.152233
118.245969
117.904443
119.275830
117.882027
117.886005
117.857169
117.895484
118.776921
118.317556
117.877049
117.890981
117.898749
117.885774
119.164028
117.858029
117.614288
117.610185
117.610854
117.617504
117.656116
117.884306
117.880264
117.898998
117.894345
119.188408
117.886044
117.881713
119.578566
117.894941
117.920721
117.894639
117.905706
119.271933
117.941906
117.938619
119.503263
117.922174
118.658218
118.894865
117.902136
119.623784
117.882009
118.374147
119.151149
118.138477
121.261674
117.933573
117.879591
117.918770
119.154824
117.885533
117.925426
117.921159
117.888646
119.635901
117.889640
119.638631
118.724825
119.114341
117.894630
119.594509
117.928411
117.979560
118.085004
119.254408
117.885812
117.729505
117.602102
117.609914
117.605302
119.221090
118.064378
118.106668
118.203601
119.300359
118.026474
118.020383
118.955426
118.498142
118.047758
118.056796
118.042116
119.420158
118.085050
118.020682
118.208755
120.267470
118.254581
119.205288
120.318159
118.296566
118.262364
118.243856
118.269987
118.225233
118.240768
118.243779
118.243876
120.042143
118.275792
118.219542
118.250130
118.236506
119.501232
118.374977
118.243605
118.206539
118.991360
118.939486
119.342130
118.528876
118.201600
119.574747
119.050822
118.570500
117.905483
117.956960
118.533097
118.602114
117.926918
117.889828
117.904516
117.710926
119.087596
117.943184
117.923449
117.927045
117.951059
119.366748
118.088075
118.101163
118.120457
119.410225
118.349651
120.461107
118.275027
118.290134
119.462510
118.065040
118.073943
118.074525
119.421855
118.049201
118.361336
119.867131
118.216150
119.428042
117.910557
119.089125
118.344858
118.075098
118.037761
119.439437
118.472627
119.273152
118.062689
118.039191
119.430112
118.070486
118.053080
119.476386
118.065516
119.811079
118.007326
118.026398
118.069387
119.428455
118.301707
118.108232
118.418904
119.560070
118.244491
118.269804
118.227798
118.244536
118.226182
119.552339
118.260652
118.130121
120.013264
118.688852
119.238607
118.579165
119.723463
117.895674
119.215272
118.322110
118.530098
118.925153
117.874807
117.856990
117.914937
119.325884
117.904827
117.931136
118.298309
119.323710
119.876688
118.161141
119.641822
118.708985
119.004687
119.550156
118.325541
118.537842
118.796839
117.912669
118.326698
119.233754
118.984038
118.521062
118.108113
118.084951
118.065711
119.452890
118.084267
118.091249
118.046154
119.438922
118.043661
118.068440
119.035253
118.729322
118.070788
119.676099
118.077061
118.055359
118.070081
118.085861
120.609473
118.104330
119.866320
118.085388
118.070060
119.433032
118.036328
118.467288
120.030595
119.339832
118.098021
118.083158
118.072843
118.063773
118.368861
119.226942
118.073630
118.070327
118.071957
119.405514
118.084635
118.076766
118.784497
118.815412
118.695020
119.329079
119.626413
118.557984
119.973537
118.058607
119.489557
118.301919
118.140449
119.508961
118.121964
119.694022
118.419241
119.510625
118.644296
118.062205
118.089010
119.446931
118.134194
118.082757
119.448882
118.057830
118.081879
118.096021
119.445714
118.065690
118.084508
119.352494
119.494196
120.422718
118.045643
119.778425
118.098536
119.261527
118.781986
118.831567
119.183136
118.089661
119.508893
118.054591
118.057407
119.496475
118.071145
118.055274
119.551607
118.063289
118.070883
118.711642
119.124615
119.006363
119.023679
118.067936
120.232509
118.074702
119.905536
118.063457
118.067997
119.443334
118.060693
118.084256
118.078072
118.047224
119.454196
118.059701
118.079004
118.577058
108.939630
112.165335
114.771782
116.510345
115.647396
117.565656
115.557069
116.441919
117.261437
115.512618
117.924531
115.905299
117.840178
115.835131
116.737500
116.815741
115.450676
117.653685
116.459781
116.138032
117.569419
115.734217
117.020881
116.425962
116.229327
117.494703
115.693474
117.389161
116.480304
116.387552
117.534553
115.638121
117.092351
116.412112
115.919525
117.594681
115.888689
117.164538
117.056979
117.155893
117.718326
115.871646
117.045065
116.816553
116.448194
117.477833
116.416277
117.919295
118.221084
116.509416
116.889587
116.578338
115.779889
117.554497
116.080888
116.897933
117.431064
115.811491
117.663164
116.188661
116.185730
117.279757
115.829165
117.484272
116.191643
116.294234
117.301602
115.549140
117.249456
116.467948
116.379293
117.424468
116.330056
118.076767
115.996226
116.920631
116.638611
115.535617
117.575437
115.396833
116.696178
116.621103
115.626251
117.538393
116.325622
116.725604
117.307314
115.944242
118.022474
116.065022
117.168804
116.970736
115.758593
118.010538
115.855651
117.452883
116.758479
116.237692
117.813624
115.946905
117.746568
116.293089
116.785377
116.999367
116.330106
117.895079
116.133675
118.311374
116.540844
116.534269
117.752301
116.021084
116.867123
117.286192
116.188256
117.903355
116.626522
116.415721
117.930844
115.562079
117.642479
116.569157
117.037965
117.992703
118.468554
118.133272
117.396064
116.037044
117.830783
115.902589
117.071251
117.180366
115.781653
118.044841
116.408261
116.701970
117.440072
116.244843
117.588568
115.585212
117.903842
116.766288
116.705460
117.774755
115.935003
117.245004
116.566998
116.393932
117.458700
115.818118
117.966074
115.804029
116.705776
116.740149
116.227741
117.901405
115.738076
117.735677
115.913111
118.436175
116.415756
117.065039
117.246804
116.270608
117.970317
116.025453
117.005256
118.341938
117.362549
118.550395
115.847093
117.165379
117.406066
116.241101
118.114085
116.219517
118.150596
115.873145
117.254324
116.725723
116.293874
117.749175
116.334928
117.632688
116.118356
116.953388
116.879154
116.289911
118.075862
117.098337
117.718413
117.064345
115.931790
117.676763
116.904421
117.449892
117.454623
115.628479
118.686122
115.967172
116.955341
117.749158
116.480287
117.652913
118.143895
116.162328
118.037833
115.694135
116.992414
117.021404
115.881964
118.174866
116.055984
117.244864
116.811196
115.740960
117.622763
116.271743
116.664169
117.314103
116.708472
116.993410
116.759909
116.059337
118.320577
116.596524
117.429919
116.184572
116.307245
117.377930
115.464227
117.232701
116.733173
116.568650
117.467981
115.576860
116.990606
116.728361
115.941081
117.536357
115.869991
117.240939
116.862536
116.069021
117.732549
116.668583
116.794914
117.644470
116.731146
118.135766
116.507993
117.308171
116.576877
116.416797
117.644356
116.096808
118.105477
116.441681
117.374551
118.698476
116.339704
118.169424
116.175095
117.973393
116.817783
116.209273
117.649103
116.058026
118.143691
117.963394
115.728827
117.452227
116.499087
116.555755
117.867565
116.027071
117.258464
116.788492
116.020349
117.950734
115.957075
117.584772
116.989053
116.040169
117.788359
115.933612
117.305491
116.862673
116.637281
118.300374
115.928422
118.012702
116.413003
116.890170
117.901792
115.972563
118.056143
116.542103
116.284342
117.347055
115.876596
117.756518
115.963068
117.840300
116.011842
117.160307
116.937068
116.132820
117.624351
115.831934
117.548447
116.652364
117.929742
115.991665
116.888471
116.976478
116.232527
117.745597
115.830849
117.337489
116.488434
116.380947
117.447024
115.840433
117.490859
116.291388
116.666968
117.169971
116.843589
117.011531
116.025380
117.978401
116.139741
117.008633
116.997002
116.509576
117.347294
115.974986
117.774772
115.888753
117.447763
116.316378
116.702158
117.098388
116.470916
117.503919
116.098353
117.907685
116.141951
116.577112
117.041006
116.061570
117.846008
115.907373
117.606563
116.366393
116.675102
117.402085
116.255516
117.646412
115.968604
118.008984
115.838032
117.442856
116.629640
116.380282
117.412184
115.754324
117.565310
116.175332
117.212145
116.602848
116.373693
117.728994
115.719488
117.646753
115.940245
116.663586
117.123132
122.256411
116.784342
117.060520
115.912611
117.826578
116.075621
116.656478
117.658671
115.840825
117.666958
116.416597
116.450989
117.610075
116.028462
118.086592
115.879297
116.998904
117.202372
116.130858
117.857677
115.865337
116.652144
117.066076
116.292738
118.175609
117.975682
116.101253
116.648172
117.318927
116.105066
117.205074
116.614947
116.379444
117.398927
115.751015
117.671062
116.167064
116.901103
117.034261
115.788677
117.919236
116.316871
116.829638
116.974250
115.770908
118.033759
116.384167
117.352454
117.843552
116.642065
117.509159
116.310766
117.563367
116.697134
116.654914
117.295182
115.883453
117.790358
116.605174
117.172807
116.857225
115.880984
117.601803
115.805280
118.132614
115.995656
117.207218
116.679585
115.995581
117.446265
116.144743
117.001059
116.537415
115.835143
117.473539
116.040750
116.548360
117.140739
115.580238
117.541740
116.557719
116.273046
117.480673
115.699872
117.719142
116.000279
116.863820
116.991898
115.581677
117.986335
115.717286
116.667688
116.662818
115.515222
117.433443
116.081623
116.289258
117.168427
115.779516
117.333380
116.270588
115.984229
117.499886
117.464211
115.911525
117.450295
116.084937
116.775373
117.384546
115.844897
118.079153
115.531766
117.092607
116.712448
115.774825
118.257360
115.671919
117.425109
117.101174
116.378038
117.292459
115.797475
117.561201
115.911431
116.689445
117.269231
115.827390
117.849808
117.159942
116.821797
116.752675
116.254649
117.786537
115.623512
116.683919
117.199359
115.827193
117.464495
117.160748
118.470670
116.630321
118.024983
116.940956
116.229825
117.604764
116.003252
117.691398
115.957477
117.275037
117.710774
116.393436
117.366415
116.319867
116.311572
117.407590
116.193374
117.981217
118.471123
115.751388
117.371378
116.904920
117.555575
118.064443
116.298647
117.679205
116.884321
116.747188
117.913392
116.003320
116.850932
116.949003
115.842725
117.987114
116.018532
116.974215
116.891755
117.222412
117.655962
116.750642
116.502342
117.480463
116.343755
117.802226
117.790795
117.798588
117.798801
117.797222
119.088865
117.715975
117.883561
117.904839
119.237218
117.933932
117.994688
117.974252
119.338480
117.977171
117.963675
119.372316
117.967803
117.934999
117.974907
119.349668
117.951806
118.007871
118.009228
119.945646
118.491560
119.355198
118.596369
118.713111
117.965295
117.983121
119.345810
118.043064
117.866925
119.155778
118.008935
117.966284
117.951084
119.344634
117.937726
119.706495
119.336591
117.982121
117.979583
117.965782
119.305378
117.891847
117.938133
118.010393
118.021009
119.263811
117.912930
117.968781
117.972366
117.964029
117.971119
119.128492
119.057740
117.945370
117.962821
118.259887
118.861288
117.896295
117.908949
117.919005
117.922525
118.234187
118.906899
117.853890
117.803641
117.782704
117.791793
119.170010
117.748471
117.823217
117.973413
119.258287
117.964439
117.903028
117.966100
119.083487
118.267275
117.923265
118.328593
118.941244
119.205982
118.124494
117.937980
118.480297
118.796177
117.917267
119.183404
118.561537
119.771281
118.147489
119.538896
117.917264
117.959562
119.332700
117.905344
118.505707
118.847255
117.794456
119.230595
117.771845
117.829911
119.201752
117.762620
119.035068
117.966165
117.958644
117.954008
119.277730
117.969473
117.918018
118.013176
119.180142
117.964689
117.924767
117.925024
119.244904
117.933709
117.922799
117.933247
117.967634
119.350214
117.968802
117.949827
117.973598
117.966251
119.387150
117.891459
119.471249
117.541416
117.574698
117.619619
117.971932
119.290541
117.961070
117.922202
117.896042
117.903518
119.026359
118.165441
117.948298
117.929722
117.947169
117.942036
117.940328
118.154865
119.145878
117.974311
119.451422
118.623598
117.998538
117.967389
118.002616
117.938694
119.250124
117.942536
117.948363
117.899070
117.903948
119.273646
117.932600
117.924788
117.946038
117.817559
119.183462
117.824486
117.757978
117.788677
119.112280
117.746406
117.750803
117.708607
119.627277
117.756866
117.765683
117.826282
118.145244
118.733961
117.821074
117.794180
117.993961
117.974851
119.792099
117.974567
117.933482
117.949954
117.927003
118.143994
117.770869
119.213087
117.770889
117.750238
117.747375
117.730711
117.806342
117.773693
117.795247
117.769634
119.040111
117.818103
117.797820
117.788383
117.764378
117.784665
117.780843
117.782502
117.816795
117.828296
119.111829
117.757434
117.772635
117.776183
117.790930
117.762590
117.806624
117.797398
119.088749
117.794070
117.781393
117.777704
117.789311
117.796226
117.769547
119.312159
118.084942
118.718088
118.554115
117.924554
119.511739
117.783873
119.553610
117.782591
118.006642
118.906709
117.786513
117.747115
117.745323
116.365600
118.141616
118.162096
118.151344
118.142535
117.975941
117.949743
117.794880
117.793481
117.771670
117.800681
117.780529
117.770563
117.769777
117.797222
118.274521
117.999139
119.324324
117.949777
117.997682
118.034525
117.983593
117.950444
117.961038
117.930859
117.915735
117.937829
117.957070
119.119197
118.251267
118.115259
118.114000
118.138683
118.129031
118.102178
118.101960
118.108262
118.145085
118.135797
118.128336
119.403659
118.110684
118.118057
118.091704
118.092734
118.059692
117.822823
119.416081
118.846897
117.796705
119.125190
117.843517
117.794416
117.775411
117.802836
119.126730
117.795632
117.798063
119.395570
117.795088
117.782795
117.793170
117.802101
117.926329
119.586201
117.836215
119.205338
117.816605
117.829146
119.627361
117.786975
117.796690
117.854322
119.036672
117.818522
118.274413
118.620993
117.782693
118.102771
118.853709
117.802482
117.799403
117.832271
117.795860
119.502647
117.812668
117.920215
117.856716
117.846718
119.106869
117.829724
117.845655
117.819895
117.957876
118.931724
117.806397
117.830437
117.827235
117.829616
117.806486
119.076934
117.802353
117.813743
117.824788
117.975087
117.974780
117.956969
119.307550
118.008079
117.947812
117.965601
117.967818
119.404501
118.197030
117.961582
119.846152
117.974892
117.953659
117.976021
117.916270
117.949080
118.900809
118.257679
117.965827
117.988636
117.959711
117.936203
117.924614
117.961806
117.976536
117.948574
119.650697
118.009607
118.981156
118.770826
117.986626
119.285022
118.348801
117.986287
119.650746
118.015959
119.290702
118.271322
117.884730
119.430775
119.988603
118.580831
117.774503
119.556782
117.781588
117.784819
118.590516
118.338120
117.839522
117.827127
117.823451
117.879199
118.734353
118.421922
117.829352
117.816261
117.823787
117.827943
117.853485
123.151497
120.346304
117.855602
117.816624
117.798259
117.804985
117.807583
117.818398
117.800128
117.965839
119.555055
118.054655
118.021798
118.326147
118.016141
118.006157
117.985328
118.060894
118.058319
119.810196
118.024694
118.793301
118.891948
118.041158
118.606862
118.989906
117.808781
117.805372
117.803102
117.831801
117.807752
118.367709
118.540001
117.799572
117.811547
118.089220
118.030545
118.009234
118.033289
118.045886
118.038230
118.041956
117.995587
118.059576
118.102899
118.026392
117.981571
117.986725
118.045880
118.027588
117.974872
117.970716
118.027762
118.014992
118.034416
118.021997
118.076492
117.981153
117.981132
118.013236
118.262371
117.967206
118.581685
118.768546
117.993731
117.961697
117.998668
118.193793
119.854885
118.052856
119.053893
118.715544
118.550058
118.970748
118.013220
117.982601
117.991874
117.981033
118.013353
119.358984
117.982862
117.970289
117.979180
117.985023
118.004929
117.982739
117.997803
119.282974
117.983495
117.949423
118.002950
117.959207
117.975575
119.311310
117.974408
117.969649
118.000759
117.972342
118.775892
118.461655
117.998667
117.983556
117.986070
117.967908
118.010790
119.301949
118.005134
117.954658
117.970468
118.063926
118.863824
120.217846
119.481876
118.297856
118.993577
118.506479
118.613949
118.755687
117.982030
117.939106
119.797847
117.975153
119.587338
118.003661
117.966528
118.001142
118.066172
119.347685
117.839652
117.837627
117.849238
118.308328
118.704805
117.841536
117.826193
117.828770
119.211060
117.793574
117.905030
117.993488
117.957854
117.974984
119.361046
117.974800
118.031413
117.999862
118.029128
117.990784
119.381594
117.988700
117.984513
117.962870
119.661396
119.351012
118.420255
118.612552
119.614122
118.144606
118.148741
118.162181
118.757264
119.437216
117.794556
117.801878
117.792332
119.197288
117.819141
117.825162
117.835848
117.852085
119.447660
117.982165
118.004902
118.494436
118.793824
117.946573
117.993480
117.961093
119.369829
117.943502
118.053839
117.970290
119.323951
117.991410
117.956967
118.693837
118.534489
117.939582
117.980819
117.983930
119.694953
118.120829
120.037057
118.310061
118.308273
118.113199
117.963809
119.240608
117.963341
117.961598
117.959552
117.919758
117.948061
117.963750
118.870791
118.740748
120.228459
118.792956
117.943422
119.485697
118.082616
117.894691
118.956904
118.266296
117.943350
117.929625
118.006051
119.717313
117.989245
119.226238
117.968420
117.979390
119.707838
117.970904
119.722382
117.957044
117.994078
117.968832
118.004449
118.004040
119.152649
118.139456
118.034586
119.773660
117.990363
117.980253
118.008009
119.341855
117.989211
117.998396
117.974396
118.434185
118.873542
118.003267
117.973357
117.948207
119.261912
118.005906
118.044011
118.020299
117.989310
117.943857
118.010818
117.990242
120.095943
118.650908
117.828672
117.829101
117.807629
118.029905
121.295009
119.205898
118.611920
119.467512
118.725656
119.092835
118.058555
118.361557
119.058980
118.041491
117.996748
117.996963
119.800515
117.978877
119.338526
118.023371
117.991530
118.024723
118.209264
119.226683
118.141036
118.139004
118.206865
119.512076
118.268327
118.117760
118.139941
118.156701
118.150827
119.479047
118.109533
118.128208
118.131537
118.108076
118.131520
118.132851
119.437294
118.145182
118.136720
118.181667
118.151674
118.135869
118.151110
118.167538
118.155252
118.024183
118.016001
117.982962
119.334640
118.021419
118.688175
119.266140
117.830425
117.823050
117.850422
117.814104
118.646294
118.376892
117.872859
117.844620
117.816069
117.812457
118.076720
117.821699
117.836448
117.816710
119.093806
117.861130
117.856502
117.856081
117.833143
117.833246
117.849825
117.833703
117.847864
117.820871
117.825125
117.823047
117.811822
119.090553
117.826121
117.846715
117.841190
117.847210
117.834203
117.840411
117.845567
117.868935
117.829839
117.859671
117.850736
117.833655
117.828581
117.794093
117.779732
117.822193
118.970037
117.803094
117.832807
117.793116
117.801695
117.807918
119.245353
117.984960
118.914867
118.055306
117.988066
117.949849
119.258040
117.978588
118.001786
117.966265
117.996043
118.007347
117.982312
118.081408
118.130809
118.143583
118.183928
118.111562
118.119952
119.377796
118.114832
118.144211
118.163956
118.036378
117.967187
117.956863
117.960040
117.984491
118.012904
117.999152
119.310267
117.989295
117.943192
117.998182
118.084528
119.553619
117.991545
118.117183
119.272836
117.984019
118.004913
118.015878
117.996162
118.001375
118.056018
118.948824
118.757989
119.392076
119.217752
117.983898
118.009386
118.047245
119.368394
117.998050
118.038364
118.182543
118.383610
118.283998
118.297564
118.310321
118.437439
118.309177
119.416432
118.165714
118.198670
118.299877
118.417445
118.409481
118.428296
118.436209
118.449026
118.352172
118.311838
118.322298
118.276309
118.287688
118.313942
118.272451
118.313256
118.303772
118.306755
118.276835
118.281770
118.304177
118.934482
119.372422
118.293240
119.852512
118.304483
118.396786
118.021225
118.129681
119.988825
118.139041
118.129292
119.838222
118.122474
119.778241
118.217769
118.307782
118.324747
118.362045
118.452860
118.467245
119.762867
118.477741
118.443058
118.316511
118.245221
118.283601
118.909986
119.108022
118.130677
119.939852
118.110474
119.041712
118.861353
118.160464
118.132192
118.512055
119.051303
118.172450
118.157189
118.154834
118.146942
118.096594
118.057439
119.785594
118.114945
118.109189
119.734770
118.388061
117.982732
117.965789
117.948177
117.934224
117.989467
119.571543
117.972936
117.961889
117.971809
117.938828
119.202604
117.956999
117.994669
118.015190
120.502694
117.835374
117.840300
117.801041
117.799462
117.822187
117.857623
117.877112
117.855904
117.817972
117.867918
119.123987
117.592777
117.558390
117.550814
117.540605
118.862763
117.854220
117.816525
117.809263
117.809578
118.213809
119.672866
118.362404
118.309365
118.287283
118.354640
118.275023
118.294295
118.306725
118.329475
118.301828
118.284739
118.316385
118.312494
119.551268
119.088942
118.325082
118.223160
119.222611
118.550942
118.283490
118.265082
120.052660
118.280129
119.134923
118.741717
118.152859
118.119893
118.151588
118.154611
119.048547
118.975017
119.790581
118.561011
119.036839
118.872097
118.173304
119.935150
118.264599
118.220507
118.241285
118.275596
120.055345
118.119143
118.148431
118.560458
119.415078
118.123206
119.894128
118.139374
119.463078
118.539864
118.300860
119.771098
118.187431
120.042638
118.192402
120.063209
118.181459
119.560783
118.194121
119.486333
118.305141
118.171240
119.703510
118.149591
118.125155
120.126118
118.584820
119.806603
118.127178
118.145522
119.720440
118.147355
118.143069
118.139295
119.368544
117.795008
117.976727
119.416727
117.976219
117.991518
117.981226
117.982287
119.274356
117.992389
118.002459
118.479580
119.239776
118.061843
121.366332
118.146008
119.425030
117.961589
119.228147
118.241089
119.039295
118.227388
118.337719
119.387091
117.966706
119.425450
117.939248
117.950495
108.795467
112.435722
114.705479
117.594679
115.708788
117.234028
116.961849
116.313163
117.112873
115.536201
117.431204
116.341443
116.330237
117.196579
115.715988
116.917881
116.630020
115.743248
117.887021
115.642589
116.945895
116.513970
115.918958
117.573663
115.722289
116.609452
116.700017
115.471606
117.653764
115.826083
116.818577
116.924609
115.679834
117.505874
115.783632
116.399989
117.553502
115.855053
117.768491
115.895062
116.722375
117.242306
116.890905
117.519576
118.210550
115.754265
117.788633
115.795416
118.498047
116.756425
116.841463
117.291060
115.595704
117.492429
115.972987
116.841223
116.664737
116.572769
117.487301
117.329639
116.357716
116.442384
117.130749
116.033308
118.120405
115.775872
117.291870
116.123316
115.801171
117.667761
115.708989
117.726947
115.504266
116.757730
116.445927
115.728015
117.981125
115.386531
116.785323
116.394165
115.518452
117.433838
115.451300
116.838190
116.658937
116.188917
117.384862
115.939599
117.828325
116.204333
116.652149
117.809761
115.931124
116.964086
116.733866
115.764085
117.693403
116.017888
116.776412
117.118057
115.498442
117.660193
116.018196
117.378261
116.456695
117.343156
116.720913
116.124126
117.845654
116.470741
116.208091
117.603729
117.155921
116.783032
115.855224
117.570200
115.600582
116.823011
116.840375
115.735899
117.524575
115.791808
116.346469
117.094597
115.322920
117.441472
116.305313
116.200969
117.480995
115.921732
117.336665
116.384485
116.040394
117.720077
115.708243
116.949071
116.609960
115.901486
117.771019
115.626158
117.161807
116.241741
115.917606
117.283745
115.566955
116.645284
116.575789
116.305115
117.319840
115.614190
117.609597
116.196544
115.925466
117.548384
115.874552
116.417948
117.074411
115.422727
117.191124
116.364437
116.880701
116.558847
116.079902
117.055956
116.285620
115.853058
117.404306
115.594619
116.807266
116.819129
115.682761
117.426801
116.023768
116.195404
117.069178
115.137435
117.099311
115.985226
116.225355
117.176109
115.198512
117.049639
116.387363
115.964502
117.296230
115.892719
116.256445
117.498440
116.104608
116.680545
116.964208
115.252096
117.217907
116.206645
115.773807
117.311113
115.464276
116.567732
116.425655
115.623075
117.195163
115.489629
116.587959
116.694495
115.426934
117.546237
115.897230
116.526452
117.280977
115.885743
117.825849
115.608215
116.634719
116.735442
116.264369
117.402059
115.446375
117.306322
116.282373
116.226018
116.971231
116.001653
117.745083
115.680207
116.502472
116.759591
115.221398
117.378637
115.778380
116.391979
117.063672
115.331578
117.375277
115.861985
116.304271
116.936389
115.658219
117.215023
116.190438
116.123116
117.156796
115.430926
117.246950
115.872392
116.149923
117.283964
114.905153
117.302239
117.499597
115.729858
117.855351
115.827732
116.442834
117.198319
115.689930
117.273809
116.036129
115.994130
117.311526
115.469767
117.009691
116.039310
115.912940
117.001319
115.174172
117.012835
117.120853
116.607703
118.957467
117.891807
116.137834
115.979979
116.994777
115.550032
116.849588
116.004066
116.351862
116.998267
116.114203
117.207336
116.037365
115.940778
117.168386
116.676198
116.633175
115.795414
117.609393
115.932917
116.275266
117.312299
115.756290
117.000895
116.345186
118.789501
116.648833
117.023587
115.782363
117.935081
115.900281
118.011460
115.822431
117.203160
116.571505
116.631009
117.196997
115.800037
117.927671
115.710164
116.964464
116.735759
116.024694
117.621956
115.702427
117.051475
116.615831
115.990268
117.672834
115.737494
117.636038
116.165368
116.654576
117.074038
115.921824
117.845497
116.031178
116.887273
116.957613
116.004043
117.815858
116.154221
116.883035
117.429266
118.337001
118.133700
115.751120
117.459301
116.708703
116.992808
117.472131
115.413010
117.858223
117.019978
116.118259
117.838097
115.975001
117.036638
116.441293
116.202046
117.168303
115.496679
117.762233
116.488064
115.993027
117.578099
115.655704
116.966178
116.658013
115.562201
117.974310
115.848246
116.866253
116.795446
115.766124
117.086595
116.649311
115.532344
118.369571
115.870356
117.477731
115.526341
117.219694
116.124130
116.347688
117.244964
115.321217
117.419179
116.246638
118.227820
115.717364
117.362616
116.710414
116.018654
117.832967
115.901956
117.153572
116.676370
115.918692
117.389867
115.808177
116.669440
116.689342
115.397911
117.655956
115.605664
116.708188
117.010497
115.537831
117.611613
116.263464
116.311027
117.422679
115.698186
117.717144
116.601693
116.243637
117.534848
115.613485
116.973938
116.453978
115.930422
117.714143
116.568375
116.838441
115.565137
117.853570
115.888093
117.981313
115.940104
116.806773
116.745577
116.774358
117.035363
115.984729
118.248980
115.627996
116.405118
116.892530
115.730107
116.921957
116.349932
115.990889
117.002097
115.190271
117.362183
115.894041
115.953274
117.022188
115.513318
117.637348
115.996240
116.840878
116.946024
115.754737
117.705698
115.584981
116.916636
116.602693
116.531067
117.400650
115.506416
117.188765
116.042505
116.277270
117.331459
117.110216
116.582112
116.554454
116.825766
115.485425
117.395259
115.726147
117.554179
116.799008
115.826220
117.801233
115.627203
116.569776
116.662670
115.963105
117.347178
115.476734
117.899774
116.748328
117.979849
115.863005
117.428660
116.144225
116.416350
116.638354
115.819839
117.420014
115.552040
116.748743
116.489392
115.776020
117.481390
115.739086
116.684897
143.487996
116.708741
118.358767
118.304810
118.363960
118.359633
118.339716
118.350097
118.337277
119.783109
118.828005
118.363591
118.364965
118.355411
118.224486
118.186439
118.875199
118.844078
118.173772
118.181169
118.160501
118.182815
118.917079
119.270249
118.207607
119.151235
118.923950
118.014596
119.586871
117.835532
119.319862
118.112668
118.293687
118.630402
117.852152
117.837252
117.852578
119.186113
117.801845
117.796552
117.811999
117.811087
119.331044
118.026641
117.999459
119.378499
117.988552
117.997161
119.816540
117.968977
119.139049
118.606052
118.009974
119.849134
118.015646
119.384911
118.026000
117.984120
118.004512
119.377433
120.263868
117.984674
117.988617
118.014433
119.731449
117.982472
119.691849
117.960802
118.869778
118.793741
117.974004
119.623203
118.004879
118.634273
118.945496
117.981038
119.722897
117.996411
118.487048
119.255801
118.341994
119.114532
118.024842
117.990973
118.469502
118.899880
118.014256
118.030786
118.004003
118.418254
119.251315
118.027561
119.799591
118.012986
119.726737
118.227842
118.785390
119.340589
118.181404
119.514233
118.191799
118.196322
118.190493
118.189343
120.297753
118.325845
118.178704
119.751701
118.206420
118.366515
118.249889
118.244437
118.207964
119.084778
118.439202
118.186258
118.167091
118.920217
119.172014
118.207573
119.906016
118.162473
119.110951
118.855028
118.167004
119.811970
118.154117
118.191631
118.208352
118.348002
118.274554
118.271315
119.378287
118.182128
118.158680
118.177058
119.130907
118.972445
118.167861
118.215961
118.208647
118.204384
120.125812
118.195175
118.982663
119.150434
118.196212
118.196474
118.217719
118.215419
118.207834
119.512296
118.189244
120.256794
118.206762
118.214685
118.167683
118.211738
118.354539
118.338253
118.321663
118.319481
118.342190
119.617585
118.312832
118.353011
118.365310
118.344991
118.311806
118.328562
118.319615
118.404111
118.633265
118.466107
118.356551
118.353758
118.354440
118.308666
118.334724
118.328781
118.320108
118.329211
118.353097
118.210568
118.181454
118.144550
118.152569
118.243333
118.311324
118.338279
118.324061
118.231572
118.347554
118.322939
118.346631
118.333483
118.201043
118.849705
117.816803
117.834548
117.853665
118.835359
118.182968
117.822713
117.833450
117.824502
119.202617
117.830042
117.840131
117.819247
117.837618
119.120850
117.836333
117.798746
117.826320
117.836926
117.875261
119.130858
117.844196
118.210160
121.068328
117.837029
119.481910
117.919618
117.849755
119.583993
117.833081
117.850900
119.186710
117.860533
117.839599
117.923406
119.079327
117.832877
117.832868
119.229841
117.827857
117.812246
118.852320
118.101640
117.846693
117.837218
117.839777
119.181488
117.861837
117.865738
117.863559
117.820511
119.144753
117.820567
117.853298
117.861495
117.851909
118.474877
118.922767
117.868661
119.907428
117.803941
118.867360
118.542534
117.846491
118.546984
118.436660
117.825039
117.819445
118.759536
118.308193
117.836916
117.837617
119.191171
117.850230
118.839322
118.187293
117.844388
119.652265
117.816739
119.231841
117.804753
117.811477
118.777387
118.217795
117.808956
117.832867
119.241395
117.856123
117.836264
117.858337
118.576363
118.624362
117.857294
117.855908
119.193040
117.932793
118.015214
119.503969
118.056065
118.042567
119.465102
118.045957
118.064554
119.484490
118.046111
118.017728
118.024525
119.213299
118.192455
118.007751
118.052578
118.155112
119.216616
118.032219
118.026057
118.023321
119.438541
