50
110.864461
110.843504
110.879739
110.925558
110.874358
111.313956
110.848142
110.809563
110.918058
110.932016
110.911013
110.823967
110.851389
110.913227
110.911014
110.813508
110.841027
110.839295
110.910080
110.908375
110.790103
110.885580
110.864854
110.868596
110.805284
110.821409
110.884306
110.841311
110.885335
110.832306
110.796467
110.882592
111.094576
110.822723
110.883660
110.913900
110.871052
110.837291
111.135389
110.928431
110.882557
110.785820
110.812580
110.811007
110.858849
110.837933
110.781030
110.881271
111.288671
110.837865
110.483487
110.498166
110.596570
110.658826
110.809786
110.864402
110.855742
110.833109
110.784696
110.852642
110.830867
110.796797
110.786715
111.182149
110.861111
110.822741
110.769572
111.044434
110.790142
110.771241
110.754944
110.876163
110.809633
110.867422
111.212992
110.617108
110.532790
110.534997
110.483794
110.522239
110.549102
110.502954
110.524025
110.836007
110.838526
110.713857
110.790040
110.860139
110.849022
110.840761
110.852449
110.858524
110.778137
110.845289
110.855140
110.803285
110.839396
110.815907
110.793044
110.824512
110.796346
110.540459
110.553754
110.610137
110.861846
110.811408
110.847474
110.851070
110.816879
110.831424
110.834046
110.804655
110.813658
111.223542
110.986876
110.982306
110.996126
110.961278
110.968046
111.103893
110.975975
111.077376
111.065906
111.031332
111.023494
110.985531
111.005158
110.976345
111.095942
110.998656
111.024790
111.044781
110.970740
110.978400
110.960727
111.047116
110.954236
111.010168
110.960879
111.074869
110.946939
110.989964
110.995923
111.060485
111.023197
110.956074
110.977425
111.033441
111.018204
111.006893
111.009714
111.009573
110.965782
111.076315
110.995447
111.018342
111.297903
110.964021
111.061444
111.063747
111.012378
111.012141
110.991826
111.022477
111.039801
111.005285
111.083952
111.012297
111.059005
110.994524
111.027750
110.947872
111.032272
111.045358
111.041770
111.039587
110.938991
110.995081
111.003756
111.010922
111.046980
111.001793
110.991805
110.987447
110.999404
111.053410
110.953563
111.022069
111.425907
111.031612
110.930115
111.110492
111.009683
111.003720
111.006738
110.964082
110.999268
110.953363
111.034014
111.052128
111.003085
110.969470
111.076754
110.961644
110.996502
111.006902
110.986118
111.025409
111.084885
111.055303
110.975839
110.985106
111.028536
110.963490
110.921523
111.021928
111.001917
111.004886
111.176566
111.210137
110.972215
110.996260
110.977253
110.921966
111.061448
110.976714
110.962517
110.999927
110.977993
111.094707
110.967845
110.973957
111.030029
111.011251
111.031331
111.000189
111.059240
110.963948
110.997170
110.914967
110.993228
110.973559
110.945110
111.521442
111.100186
111.048655
111.001459
110.989591
110.996675
111.021558
111.013369
111.013391
110.992151
111.204192
111.064727
110.995417
110.994814
110.989947
110.958300
111.019439
110.928842
110.970192
111.044885
110.998093
111.009349
110.989986
110.982401
110.932380
111.240589
110.965354
110.977946
111.002931
110.977208
111.057167
110.983805
110.976026
111.019795
110.982070
110.955297
111.005126
110.975169
111.004306
111.010491
111.022665
110.827350
110.197287
110.865832
111.006571
110.697915
110.339388
110.714204
111.030240
111.027906
110.963714
111.031521
111.005191
110.922217
110.965476
111.027224
111.025239
110.910436
110.996267
110.976268
110.993259
111.075662
110.943969
110.999422
110.983764
111.207723
111.014931
111.073184
111.029548
111.281324
111.032266
111.065884
110.977884
110.983247
111.017888
110.964303
111.257358
110.993999
111.016587
110.958407
111.048613
111.046403
111.032283
110.980213
111.045096
110.959420
111.015438
110.955901
110.937117
111.064578
111.054197
110.997536
111.042379
110.999802
111.035677
110.987193
111.364265
111.036026
111.023832
111.055411
111.012095
111.258088
111.297756
111.032689
110.967530
111.002839
110.981560
110.919160
110.967051
110.985651
111.007890
110.999485
110.924959
110.948974
111.009466
111.008070
111.049401
110.980673
111.037479
110.991795
111.020980
111.028393
110.988461
111.057906
110.980426
111.014177
111.023600
111.010503
110.971873
110.984301
111.439993
110.963674
111.011496
111.027101
110.988688
110.956536
110.994029
110.991024
110.970244
111.010860
110.987067
111.004117
110.905690
110.994706
110.990102
111.026724
111.083002
110.942227
111.025552
111.056227
110.973490
110.911145
110.909952
110.974888
111.311246
111.208559
111.039426
111.061308
111.048338
110.980661
111.015916
110.994262
111.015311
111.034677
111.015676
110.988621
110.985015
111.004440
110.942004
110.947312
111.022133
111.073237
110.964954
111.047770
110.989082
111.040168
111.000528
111.040476
110.999417
110.973873
111.025554
110.960778
110.996023
111.019444
111.075285
110.954885
111.207493
111.020051
111.038075
111.014887
111.055165
111.023801
111.067512
110.981600
110.968538
110.981286
110.995905
110.885554
110.893630
110.790701
111.600760
110.999566
110.986554
111.071500
110.993047
110.448311
110.813436
110.688121
111.067957
111.050437
111.024335
111.014194
110.979485
110.930028
110.996554
111.053890
110.908691
111.020798
110.993631
111.018675
110.966381
110.716069
111.578058
110.945449
110.929265
110.936205
110.960888
111.009175
111.271962
110.994272
111.022910
111.023153
111.004161
110.934528
110.989079
110.979715
110.872505
110.759480
110.805074
110.842257
110.807768
110.858889
110.787706
110.864547
110.848200
110.735701
111.022291
110.858785
110.808095
110.836736
110.833543
110.916736
110.896367
110.785877
110.811827
110.844891
110.815063
110.798139
111.252281
110.799790
110.715997
110.263589
110.180193
110.348038
110.395550
110.674910
110.514444
110.463285
109.909669
110.442039
110.003768
109.266047
110.440895
110.288131
110.630921
110.818087
110.643275
110.386279
110.448524
110.232612
110.380032
110.207093
111.082686
110.983556
111.042867
110.447903
110.652440
110.805381
110.727040
110.926007
110.862611
110.608116
110.368526
110.544644
110.418996
110.657208
110.348210
110.761414
110.905382
110.908236
110.851417
111.129371
110.891520
110.955146
111.039032
110.971144
111.028745
111.064492
110.957270
110.968189
111.044256
111.043261
111.049776
111.079243
111.361777
110.947676
111.001435
111.163578
110.949158
111.015838
111.013484
110.973957
111.040955
111.063033
110.975831
110.870269
110.808035
110.906845
110.753724
110.928767
110.798903
110.979932
110.984433
110.980802
111.045684
110.926298
111.195345
110.969700
110.813008
110.528186
111.085530
110.982127
110.642512
111.017534
111.017606
110.946381
111.005750
110.956693
110.991044
110.975008
111.008299
110.997936
110.994791
111.004806
111.019042
110.964791
111.002371
110.951666
110.992548
111.033241
111.048787
111.019365
110.957759
110.999966
111.052311
111.071579
111.007723
110.986719
110.995640
111.019870
110.973632
110.929441
111.059376
111.020020
111.011997
110.985845
110.997065
111.005287
110.970342
111.032151
110.997861
111.021930
111.040576
111.019399
111.045725
110.981580
110.970938
111.041116
110.996502
110.341043
110.703779
111.309350
110.978743
110.979015
111.002420
110.929623
111.014097
110.997263
111.021307
111.009900
110.967805
110.998882
110.943788
111.237177
111.036177
111.009920
111.023111
110.976657
111.084898
111.018888
111.078896
111.048742
110.985742
110.982777
111.043081
111.058940
111.070813
111.024156
110.984287
111.044836
111.005364
111.003349
111.036045
111.015762
110.943727
111.014464
111.138226
111.005656
111.058807
110.948023
111.019811
111.004113
111.014241
111.016962
111.020499
111.015003
110.972009
110.988969
110.970016
110.951928
111.022340
111.024556
110.988013
111.019154
111.058976
110.931275
110.989394
111.020826
110.943976
110.890670
110.940834
110.952113
110.901640
110.953046
110.962488
110.953341
111.010618
110.985632
110.986688
110.980307
110.924870
111.033567
111.012354
111.000278
110.971981
110.933016
111.050876
110.970822
110.921588
111.013610
110.976441
111.648087
111.059761
111.019110
110.993163
111.001788
111.024445
111.003568
111.033817
111.604219
110.996051
111.028942
111.031592
111.027922
110.979950
111.024794
111.048284
111.031630
111.056013
110.994776
111.039834
110.986093
111.020187
110.998131
110.987339
110.989610
111.001812
111.380479
111.043195
111.027299
110.980088
110.947976
109.525689
109.087537
109.298827
110.207800
110.010038
109.434331
108.809064
111.030916
110.320163
110.222161
110.916275
110.828762
110.964568
110.985912
111.130655
111.127956
111.043712
111.013862
110.981058
110.994188
110.983679
110.989156
110.953682
111.000217
111.064720
111.077669
110.926891
111.247005
110.803586
110.501316
110.679142
110.287012
110.357601
110.779491
110.350315
110.919055
111.025973
110.951438
111.062879
110.990514
111.011483
111.058250
111.098605
110.981853
111.291698
111.018182
111.019560
110.949072
111.003996
111.049769
111.003426
110.994294
110.995058
111.005008
111.012762
111.030488
110.997765
110.801535
110.825790
110.860581
109.874908
110.665350
110.681813
110.657946
110.697158
110.703174
110.723084
110.712003
110.674413
110.676236
110.618052
110.622683
110.651189
110.273546
110.161301
108.388181
109.174635
111.199186
110.726241
110.675628
110.653699
110.814587
110.624980
111.093847
110.704697
110.677662
110.981264
110.698914
110.634063
110.691561
110.605374
110.608900
110.671126
110.582414
110.664500
110.537720
111.033298
110.810600
110.626971
110.764264
110.586263
110.658974
111.080961
110.609154
111.039879
110.655464
110.672346
110.699393
111.043327
111.939616
111.236999
110.546620
110.617666
110.640896
110.642039
110.614913
110.613513
111.465974
111.416061
111.147925
110.598282
110.628731
110.630218
110.614906
110.616008
110.638839
110.623286
110.594421
110.590649
110.556198
110.579288
110.672682
110.656433
110.901928
110.606368
110.704248
110.548020
110.530157
110.607729
110.728564
110.934268
110.566059
110.546055
110.964987
111.318375
111.107200
111.082152
110.661402
110.552677
110.621739
110.695320
110.652653
110.639737
110.553282
110.621891
110.591567
110.616014
110.768335
110.590393
110.612511
110.686470
110.630365
110.634606
110.577678
110.694431
110.663854
110.552184
111.122202
110.616644
110.601487
110.582576
110.573520
110.511546
110.539734
110.559067
110.524258
110.627774
110.593962
110.675619
110.547650
110.597125
110.610469
109.993660
108.725671
108.756722
109.356909
110.658386
110.562396
109.702627
109.490701
109.514859
109.990552
110.120999
110.733822
110.602272
110.506312
110.597973
110.633860
110.721568
110.721302
110.322239
110.640289
110.601671
110.557472
110.625106
110.681888
110.588262
110.619472
110.580007
110.603728
110.559084
110.537896
110.644643
110.669713
110.535009
110.686371
110.616162
110.647531
110.525270
110.558240
110.672216
110.636012
110.569603
110.657236
110.691367
110.616971
110.617981
110.586131
110.616598
110.517169
110.588561
110.930510
110.650243
110.415613
110.350867
110.379053
110.674768
110.566276
110.739250
110.869814
110.694047
110.744107
110.661637
110.557235
110.629801
110.568609
110.731050
110.611822
110.552284
110.585614
110.659846
110.854637
110.759625
110.643858
110.633690
110.610011
110.618963
110.632712
110.611393
110.675951
110.590532
110.586897
110.625314
110.604498
110.662570
110.601575
110.613142
110.589720
110.616777
110.631417
110.626329
110.599488
110.703518
110.611682
110.593313
110.550347
110.717445
110.622862
110.672774
110.595839
110.628060
110.601212
110.620434
110.534684
110.641026
110.614503
110.668298
110.658293
110.626095
110.677733
110.678170
110.547868
110.551877
110.638199
110.597185
110.909606
110.608530
110.640771
110.636341
110.663617
110.612295
110.576276
110.545005
109.564890
109.582864
109.810566
110.711077
110.652350
110.603461
110.610561
110.588058
110.588373
110.699303
110.638370
110.572243
110.586903
110.565243
110.609845
110.602845
110.569593
110.550767
110.677094
110.606809
110.629547
110.586747
110.591140
110.592308
110.629720
110.671826
110.565233
110.660478
110.667041
110.818024
109.647398
108.954470
109.847085
110.627286
110.587264
110.601984
110.597493
110.605957
110.693977
110.707772
110.721527
110.539518
110.545399
110.590550
110.520875
110.754150
110.740801
110.673278
110.683810
110.612898
110.626302
110.626296
110.588475
110.572008
110.746021
109.846406
109.546548
109.482123
109.735928
109.522633
109.833533
110.390677
110.240893
109.440330
109.304716
110.471233
109.706299
109.718825
109.359160
109.244898
109.191839
108.911763
109.770238
110.638392
109.896330
109.331298
110.552275
110.464060
110.518526
108.133314
108.358559
108.253790
108.482213
108.280113
108.521232
110.888241
110.591224
110.629810
110.598724
110.624238
110.666601
110.694208
110.673467
110.684257
110.687787
110.718541
110.727263
110.593011
110.688849
110.756761
110.626869
110.658559
110.596416
110.644275
110.326838
110.620465
110.608714
110.504536
110.295328
110.323675
109.735444
110.180377
110.076087
110.627115
110.627266
110.215506
109.515218
109.753397
110.513749
110.749237
110.477843
109.757160
109.784261
109.729396
109.202988
109.483140
109.964926
110.271580
110.632461
110.709668
109.354077
109.255485
110.041008
110.439294
110.604985
109.714097
110.649567
109.731248
109.097911
109.929249
109.965762
109.536686
109.779755
109.128391
110.203453
110.206242
110.516593
110.531065
109.265770
110.779023
109.558874
110.462072
109.528801
108.903231
109.724275
110.132281
110.781712
111.751285
111.626294
110.571617
110.180498
109.704966
110.501902
109.834736
110.513906
109.951869
110.421332
110.004788
110.179677
110.543673
110.611492
110.710617
110.688308
111.474291
110.716035
111.179835
110.544848
110.627400
110.729750
110.575759
110.679378
110.973735
110.678194
110.672130
110.632791
110.731837
110.706993
110.630510
110.465243
110.342283
110.340454
110.382057
110.559968
110.602485
110.610333
110.607087
110.590174
110.576775
110.537014
110.625972
110.940839
110.721297
110.811441
109.772955
110.376585
110.556501
109.440552
110.486537
109.767342
110.753503
110.855441
110.708942
110.795895
110.873290
110.835588
110.846609
110.829045
110.856840
110.847227
110.816248
110.824318
110.239909
110.785482
110.701042
110.820448
110.797035
110.737418
110.830284
110.908893
110.816409
110.835583
110.821527
110.890847
110.795601
110.821457
110.826561
110.334226
110.129987
110.857534
110.197432
110.731655
110.287141
109.351395
109.348004
110.057554
110.802551
110.738985
110.467390
110.762594
110.862771
110.743725
110.760146
110.611688
110.900561
110.316905
110.889438
110.948396
111.082975
110.513863
110.494866
110.639285
110.282841
110.559204
110.705164
110.761472
110.660554
110.534020
110.576318
110.767967
110.669664
110.620050
110.705318
110.583776
110.646995
110.772171
110.572808
111.021371
111.196175
110.675352
110.775303
110.728892
110.546190
110.810298
110.608920
110.586219
110.630010
110.951124
111.603373
110.931641
110.718353
110.659716
110.697761
110.472273
110.327922
110.348392
110.344534
110.355181
110.540917
110.616790
110.582283
110.614460
110.634326
110.834980
110.648735
110.586328
110.627688
110.716577
110.562726
110.642399
110.709307
110.727566
110.606402
110.568633
110.630031
110.681110
110.658932
110.758467
110.621871
110.641055
110.944638
110.629976
110.905791
109.914517
109.946426
109.904726
110.068441
110.000969
109.982494
109.833255
109.862202
109.908000
109.611266
110.379478
110.587890
110.508245
110.632703
110.635650
110.615868
110.572430
110.574925
110.595941
110.619068
110.626461
110.615872
110.706515
110.590551
110.624666
110.533957
110.571955
110.649260
110.583022
110.663162
110.682616
110.541562
110.155210
110.079670
110.274923
110.558721
110.327800
110.517543
110.344471
110.676668
110.701514
110.190482
110.335733
110.000512
109.782257
110.318150
109.571470
109.397990
110.422894
109.823574
108.899325
108.038478
107.989799
108.102335
108.064135
107.972989
108.239868
107.938831
108.194574
107.963233
108.005104
108.138388
108.331024
108.143913
108.116654
108.103271
108.111923
108.046037
109.726272
110.601037
110.582298
110.503275
110.565769
110.618942
110.663772
110.573545
110.667874
111.128868
110.575584
110.710816
110.543668
110.550070
110.506399
110.536296
110.975338
110.531170
110.698766
110.583732
110.619889
110.584614
110.622513
110.593635
110.763332
110.562898
110.633919
110.531611
110.553225
110.506053
108.844778
109.422296
108.949022
109.401508
108.771296
109.205365
109.520097
108.719649
109.077079
109.620643
109.928039
109.557967
109.655911
110.336084
110.326408
110.164967
109.582208
110.362967
109.932169
109.683878
109.835097
110.630696
109.844497
109.181288
109.788713
111.093299
110.624482
110.689475
110.981091
110.860499
110.848489
110.615186
110.612046
110.694551
110.527169
110.500899
109.285000
109.557786
109.410650
108.528592
108.429919
108.369794
108.516165
108.569827
110.254827
110.355627
110.592878
110.637407
110.635049
110.201015
109.890297
109.957162
110.382143
110.432332
109.829262
109.168517
109.436327
109.556725
109.765029
109.558165
110.115131
110.551056
110.531721
110.635475
110.620766
110.628241
110.631210
110.649102
110.598180
110.630012
110.667711
110.613707
110.606781
110.654469
110.610941
110.635204
110.622096
110.646549
110.587901
110.975288
110.524964
109.730731
109.418523
109.875961
108.531514
109.552043
110.403013
110.745589
110.782897
110.860501
110.449723
109.363710
110.513865
110.832318
110.906215
110.397540
109.521233
109.156677
109.897618
110.755127
110.553808
110.821039
110.548292
110.572578
110.710701
110.582253
110.610459
110.536136
110.518372
110.570287
109.200730
109.321008
110.637407
110.732500
110.751446
110.856908
110.472176
109.430732
109.615116
109.861722
110.738181
110.603995
110.438183
109.852068
110.266806
110.326679
110.608916
111.133888
110.856690
110.921719
110.623868
110.633642
110.577827
110.745559
110.696022
110.690087
110.631622
110.467024
110.448552
110.502695
110.656268
110.495827
110.638708
110.573259
110.584497
110.611455
110.557943
110.558547
110.613266
110.491846
110.594766
110.477902
110.572204
110.577960
110.534045
110.566005
110.574313
110.735930
110.569130
110.491240
110.563773
109.940314
109.060089
109.802020
109.694755
109.077663
109.863509
110.671812
110.451841
110.565058
110.530204
110.577414
110.636217
110.560947
110.533973
110.578374
110.541194
110.594787
110.536107
110.467003
110.599026
110.583806
110.553979
110.545692
110.548618
110.580651
110.651035
110.549121
110.574423
110.566465
110.519914
110.509919
110.497986
110.597871
113.454900
110.543640
110.488330
110.476714
110.483299
110.477678
110.472037
110.492618
110.445956
110.491752
110.444481
110.559027
110.551002
110.530336
110.450715
110.804170
110.560856
110.574881
110.664609
110.543430
110.561685
110.575568
110.793964
110.500396
110.404154
110.325934
110.294239
110.400644
110.453349
110.482989
110.610679
110.532094
110.474868
110.501209
110.479346
110.505600
110.476691
110.468477
110.490406
110.547734
110.612518
110.504735
110.578030
110.622014
110.511932
110.488942
110.569833
110.591287
110.598205
110.538054
110.583914
110.542601
110.835151
110.601206
110.611056
110.604884
110.578497
110.466061
110.547753
110.568031
110.633954
110.633401
110.518227
110.660753
110.571322
110.278078
109.438943
110.208413
109.425754
109.495189
109.169515
109.658077
109.915205
109.508346
110.080497
109.610168
109.508712
109.044320
109.367612
109.172099
111.043748
110.815494
110.866110
110.736095
110.765976
111.306292
110.709618
110.721025
109.903263
109.201142
110.628136
110.103665
110.637756
110.749743
110.777062
110.840946
110.756041
110.797987
110.776752
110.778402
110.626362
110.640614
110.651621
110.473527
110.459275
110.513151
110.594013
110.501711
110.613888
110.567235
110.580309
110.598799
110.564701
110.568891
110.582391
110.593903
110.549304
110.617252
110.592562
110.543187
110.551808
110.490239
110.480554
110.486085
110.561380
110.646235
110.643425
110.602370
110.606433
110.551769
110.620683
110.537290
110.538792
110.459814
110.467251
110.465330
110.596607
110.623272
110.551783
110.563207
110.567546
110.570573
110.563520
110.572605
110.501715
110.478515
110.641262
110.620445
110.566702
110.564776
110.586659
110.575886
110.478041
110.616459
110.632150
110.584327
110.447057
110.451458
110.460126
110.586030
110.581588
110.530880
110.500526
110.626670
110.578758
110.566235
110.606901
110.582464
110.463117
110.566051
110.616562
110.548481
110.515280
110.491630
110.598194
110.475136
110.566643
110.547469
110.539551
110.566563
110.508233
110.553842
110.516919
110.512843
110.558092
110.521211
110.680072
110.762989
110.772796
111.026484
110.706455
110.840842
111.139522
110.867431
110.830157
110.754238
111.025015
110.773232
110.824712
109.988986
109.348679
109.766955
109.614007
110.067495
110.416470
110.334788
109.661240
110.263378
110.025783
109.371243
110.505693
110.727126
110.809621
110.695728
110.773368
110.766542
110.758331
110.772065
110.684955
110.729547
110.749834
110.803469
110.693456
110.850499
110.788275
110.741799
110.998031
110.739443
110.900132
110.751533
110.748336
110.786701
110.867375
110.863409
111.126262
110.784304
110.685418
110.739622
110.762781
110.923405
110.749465
110.852980
110.888388
110.795944
110.764756
110.707458
110.334399
110.476780
110.582699
110.803550
110.820666
110.801122
110.802739
110.501373
110.800464
110.764045
110.707052
110.760680
110.500680
110.786184
110.713377
110.743662
110.705174
110.869964
110.385547
110.682566
110.767370
110.655419
110.116281
109.961314
109.977951
109.835106
110.505379
110.424776
110.673638
110.772609
110.753516
110.815413
110.793915
110.811325
110.782839
110.767225
110.838134
110.760432
110.690729
110.773722
110.793745
110.759546
110.727639
110.705134
111.250714
110.912464
110.905125
110.497075
111.122753
110.989586
110.978685
110.941509
111.030196
110.941414
110.868067
110.901652
110.922932
110.902707
110.952405
110.980371
110.922954
110.894529
110.768771
110.773606
110.742293
110.727988
110.753806
111.003186
110.205198
109.988942
109.010181
108.518937
108.943667
108.642109
109.438177
109.149246
110.333969
109.527067
108.603546
108.396126
108.874504
108.507822
109.835555
108.200777
108.533301
108.298004
108.289040
108.317124
108.284745
108.840821
108.151950
108.762550
109.174710
108.583599
108.340901
108.154555
108.360101
108.413262
108.310438
108.253696
108.359463
108.590066
108.645434
109.051050
108.982434
108.587134
110.461106
110.252203
110.184008
110.312760
110.673046
110.563402
109.979041
110.591548
110.741913
109.988197
110.190742
110.893915
110.758951
110.746282
110.745457
110.849439
110.748689
110.759650
110.787618
110.786734
110.697789
110.777668
110.766395
110.760170
110.782230
110.741091
110.804454
110.832092
110.781626
110.781522
110.783155
110.741787
110.757836
110.739328
110.804855
110.835056
110.677586
111.017028
110.786152
110.779547
110.850623
110.853796
110.765114
110.748699
110.801882
110.840998
110.830975
109.953372
109.365519
109.559303
110.279945
110.425634
110.789214
110.776846
110.827741
111.115267
110.216905
109.874123
108.677999
109.723025
110.075371
110.121432
110.775004
110.749003
111.551633
110.793507
110.769861
110.853634
110.819267
110.813944
110.781873
110.762246
110.775579
110.791475
110.937823
110.810286
110.774229
110.900166
110.842269
110.802914
110.823269
110.852366
110.750083
111.412850
110.951387
110.763737
110.639337
110.565334
110.852824
110.667971
110.588152
110.578769
110.668419
110.692494
110.720565
110.532642
110.499871
110.595863
110.781251
111.045479
110.610738
110.640816
110.533627
110.556206
110.619441
110.581407
110.461312
110.625647
110.538909
110.657213
110.634821
110.767883
110.633979
110.666622
110.547610
110.492131
110.573581
110.554693
110.527150
110.501674
110.276405
109.735913
109.259383
110.180752
109.959094
109.497640
110.570406
110.254811
110.407236
110.549718
110.776347
110.722421
111.000249
110.765765
110.822839
110.760166
110.813124
110.743385
110.783566
110.842729
110.741757
110.766942
110.735920
110.734645
110.768099
110.976374
110.859641
110.898189
110.927719
110.883139
110.952344
110.897443
110.937750
110.613616
110.482080
110.493918
110.508029
110.500819
110.517483
110.521054
110.546703
110.518858
110.527849
110.477434
110.765178
110.588127
110.640201
110.580259
110.565961
110.577771
110.545558
110.614766
110.621269
110.544035
110.575240
110.544441
110.544139
110.488593
110.458024
110.462998
110.636541
110.583648
110.629812
110.547903
110.615988
110.534807
110.560082
110.483172
110.557146
110.579254
110.608875
110.506267
110.488530
110.820818
108.622233
109.585607
109.316912
109.024201
109.031792
109.129784
109.629526
108.889413
109.461409
108.946191
110.004314
110.717272
110.834250
110.782843
110.730208
110.731382
110.815241
110.730678
110.730015
110.698862
110.837902
110.802748
110.753252
110.755416
110.813855
110.711348
110.800406
110.755027
110.827220
110.682053
110.751720
110.818037
110.792298
110.757778
110.792231
110.817060
110.714542
110.784389
110.762834
110.777704
110.683813
110.707444
110.653260
110.566680
110.781886
110.717795
110.690013
110.732853
110.773776
110.681635
110.561266
110.557275
110.593975
110.557298
110.620681
110.553259
110.589763
110.604483
110.522386
110.799306
116.252318
110.909299
110.895649
110.565939
110.515850
110.547413
110.562957
110.502077
110.555258
110.540864
110.507000
110.451582
110.458657
110.464298
110.436850
110.460668
109.543284
109.336726
109.723821
108.823044
108.905955
108.645427
108.755206
110.974814
110.576735
110.452641
108.544277
108.812174
108.405222
107.775826
108.956456
110.430750
110.426648
109.822204
110.372459
110.592850
109.598763
110.526758
110.557429
110.605063
110.561837
110.580603
110.598298
109.600339
108.556032
108.265652
110.601957
110.553844
110.552159
110.530887
110.520366
109.747772
108.582385
109.398099
108.770342
109.391202
108.669944
109.164016
109.275881
109.077211
108.838171
109.962751
110.607769
110.499272
110.745825
110.582914
110.522296
110.508775
110.471102
110.483039
110.463102
110.566650
110.603246
110.623926
110.545236
110.559289
110.555970
110.564063
110.624162
110.638835
110.972065
108.554665
108.903212
108.907145
108.986521
109.369959
109.118663
108.846286
109.273125
109.449078
109.601383
109.903207
109.431719
109.172217
109.144801
108.584981
108.915635
108.535208
108.878460
109.105030
109.175764
109.391602
109.548407
109.512013
109.606833
109.121021
109.302051
109.091582
109.501348
115.963029
110.681447
110.511188
110.555252
110.486277
110.460568
110.604333
111.065777
110.533614
110.570064
110.581968
110.539571
110.004008
109.470372
109.108483
109.466806
109.672877
109.668935
111.247399
110.302918
109.360391
109.525061
109.871705
110.387863
110.510784
110.608607
110.761392
110.796393
110.656203
110.593867
110.688839
110.698701
110.662584
108.950926
109.688006
110.099314
110.301389
110.586830
110.566875
110.585057
110.611038
110.577813
111.321530
110.575095
111.339352
110.570600
110.582083
110.804498
110.665269
110.701473
111.168420
109.633549
109.207070
109.201908
109.281799
110.042517
108.817222
111.255415
110.525863
108.550483
110.473993
110.652170
109.633927
109.109942
109.016734
109.044060
109.526705
109.086187
108.684963
109.267971
109.854004
110.665663
109.423883
109.477581
109.074582
108.977334
110.621008
110.644563
110.637852
110.660467
110.694690
110.658389
110.683692
110.594477
110.652657
110.729853
110.708177
110.565369
110.608014
110.634216
110.504940
110.585959
110.677596
110.625474
110.696570
110.563020
110.600913
110.610105
110.486062
110.582310
110.551607
110.563793
110.620244
110.661226
110.581624
110.641266
110.372693
110.556711
110.586402
110.615752
110.635648
110.607829
110.477455
110.590745
110.717742
110.457195
110.493569
110.664880
110.615031
110.289972
110.573585
110.659574
109.825586
110.275518
110.360123
110.319253
110.024176
110.463317
110.653456
110.364875
110.587258
110.594509
110.460932
110.580860
110.535669
110.543030
110.666233
110.522455
110.507502
110.648322
110.771092
110.959598
110.632896
110.660843
110.673485
110.744893
110.510239
108.268831
109.656533
110.666080
110.804795
110.710022
110.556439
110.409319
110.351351
109.698683
109.621100
109.361951
109.849383
109.443534
109.599052
110.593283
110.595179
110.684043
110.565891
110.518932
110.061813
109.687657
108.704063
109.031335
110.075221
109.311045
108.502808
110.523587
110.563787
110.597652
110.583222
110.587362
110.577468
110.558013
110.638151
110.664381
110.488048
110.710835
110.596970
110.634191
110.580471
110.611687
110.636697
110.542446
110.512377
110.494116
110.511126
110.517898
110.486335
110.458456
110.470376
110.547157
110.475989
110.463136
110.483463
110.479095
110.451803
111.034016
110.583920
110.508352
110.532086
110.921444
111.023203
110.800006
110.948409
110.798310
111.024696
110.796740
110.763707
110.906079
109.388713
108.937835
108.874779
109.129503
109.021855
109.025713
109.167202
110.005702
110.100130
109.562140
109.249934
110.203479
110.387473
110.577695
110.489919
109.812693
109.439360
108.991206
110.531679
109.756723
108.987955
109.184009
110.507042
110.628039
110.494857
110.578596
110.611428
110.559171
110.510433
110.607560
110.595384
110.706881
110.584412
110.558033
110.613534
110.537842
110.595085
110.909952
110.772984
110.816833
110.602277
110.493551
110.603127
110.555675
110.569154
110.897477
110.502296
110.479347
110.515158
110.818624
110.679684
110.594810
110.577694
110.542589
110.584002
110.555086
110.631443
110.559461
110.485502
110.516112
110.593516
110.573778
110.546902
110.524800
110.467781
110.536429
110.520900
110.503127
110.586381
110.519804
110.530574
110.319584
110.363106
110.370827
110.685051
110.596121
110.544320
110.877319
110.604433
110.611656
110.667668
110.741612
110.384550
110.579890
110.871288
110.545859
110.559027
110.504243
110.630503
110.579398
110.713965
110.538791
110.526357
110.611230
110.569600
110.614498
110.657908
110.498340
110.590320
110.888692
111.019101
110.513333
110.742439
110.517382
111.643973
110.810679
110.521461
110.597266
110.556340
110.496296
110.388894
110.331027
110.362777
110.551337
110.854394
110.630605
110.600521
110.610570
110.615885
110.651366
110.588044
110.614272
110.692805
110.710123
110.651640
110.617154
110.715576
110.529256
110.613477
110.585871
110.624587
110.589646
110.581943
110.570235
110.659624
110.615054
110.576652
110.715531
110.533157
110.360836
110.428278
110.476056
110.600808
110.560285
110.679916
110.531392
110.567848
110.671796
110.682246
110.686333
110.746031
110.677978
110.682225
110.846015
110.708807
110.671902
110.592499
110.652922
110.614220
110.584859
109.905053
108.769561
109.263128
109.489218
109.893342
108.879765
108.628142
109.421399
110.672987
110.623175
110.756833
110.545120
110.632300
110.720554
110.651028
110.651876
110.590749
110.574884
110.529490
110.544711
110.498823
110.624458
110.622616
110.632477
110.521868
110.565264
110.583526
110.599675
110.955778
110.930434
110.559326
110.566301
110.617282
110.537128
110.616430
111.216060
110.875695
110.725516
110.708815
110.567975
112.132983
109.084721
108.073448
108.083378
108.047198
107.932502
108.267864
108.485743
108.149754
108.569505
110.549677
110.498236
110.627198
110.877323
110.619864
110.667784
110.597713
110.598554
110.641091
110.575258
110.593119
110.612080
110.582604
110.634937
110.650717
110.692970
110.623173
110.615103
110.604802
110.657500
110.540506
110.643119
110.644649
110.584605
110.536624
110.652070
110.607540
110.597213
110.635513
110.576472
110.563957
110.644932
110.570976
110.600186
110.534019
110.610830
110.478708
110.580778
110.541692
110.541681
110.568561
110.619185
110.706385
110.519146
110.512429
110.564105
110.564796
110.577158
110.633191
110.697749
110.547765
110.628410
110.580253
110.555071
110.548167
110.616517
110.581815
110.534320
110.441387
110.734125
110.726793
110.796563
110.949912
110.689272
110.537799
110.821496
110.243454
110.145343
110.741151
110.477501
110.564120
110.769890
110.728025
110.737902
110.687408
110.652465
110.707182
110.603086
110.614027
110.564878
110.578595
110.600774
110.573333
110.656232
110.181704
111.152383
110.939714
110.862881
110.888973
110.918762
111.043969
111.159984
110.972590
111.019366
110.858135
110.910174
111.043771
110.633532
110.628929
111.016368
110.820515
111.010506
110.922545
111.168659
110.833962
110.854864
110.771132
110.728975
110.727714
110.710730
110.793729
110.728181
110.721374
110.715613
110.835570
110.758186
110.898358
110.845097
110.751749
110.760922
110.843278
110.813441
110.755451
110.825938
110.651645
110.739501
110.706966
110.720249
110.737828
110.787453
110.791331
110.751937
110.709728
110.737033
110.821393
110.738991
110.679176
110.534731
110.575016
111.952193
109.420591
108.626493
108.627399
108.947040
110.613950
110.571765
110.619321
110.728217
110.783637
110.599704
110.696061
110.598804
110.704983
110.637610
110.532468
110.672837
110.502889
110.733302
110.728755
110.608070
110.561129
110.499766
110.548881
110.667176
110.557001
110.791088
110.560014
110.649764
110.757747
110.534584
110.521863
110.497430
110.519895
111.074466
110.593170
110.602297
110.608984
110.518503
110.560921
110.546157
110.474172
110.575032
110.730232
111.778212
110.579178
110.595215
110.567034
110.480824
110.496516
110.733227
110.911248
112.025116
110.725587
110.752701
110.659801
110.623804
110.558170
110.496660
110.542146
110.562440
110.563430
110.626913
110.546112
110.578196
110.536838
110.564152
110.605324
110.561642
110.601880
110.609521
110.505802
110.600205
110.622255
110.638132
110.589307
110.584451
110.592822
110.648922
110.595696
110.513332
110.542176
110.489614
110.614309
110.622911
110.653403
110.645003
110.593533
110.603989
110.611393
110.343026
111.635807
110.692299
110.779304
110.225062
109.423409
108.966765
109.263935
109.812828
108.870919
109.609076
109.915286
109.517571
109.306434
109.220838
109.820652
110.036727
110.656227
110.659082
110.564369
110.603670
110.591250
110.562925
110.541617
110.608150
110.633707
110.631273
110.605905
110.537727
110.636644
110.589578
110.567363
110.558581
110.674680
110.608256
110.548129
110.755252
110.582262
110.598814
110.550070
110.627810
110.601215
110.558935
110.619511
110.523802
110.650022
111.051707
109.552903
109.544206
110.583974
110.580393
110.600969
110.639905
110.677964
110.535596
110.562562
110.624270
110.643395
110.534962
110.556372
110.590769
110.650401
110.511710
110.573702
110.703724
110.520190
110.529907
110.546986
110.783944
110.547233
110.531751
110.529727
110.570257
110.609765
110.592343
110.639531
110.646921
110.615575
110.506583
110.622636
110.683456
110.619956
110.612427
110.523818
110.670540
110.543368
110.595467
110.531842
110.590379
110.619320
110.660766
110.538720
110.411133
110.540055
110.581717
110.423175
110.611965
110.363035
110.309245
110.318429
110.537112
110.319661
110.598493
110.564277
110.598768
110.523472
110.575392
110.496407
110.480743
110.487587
110.528717
110.592047
110.468669
110.481634
110.477776
110.559153
110.587900
110.621616
110.497267
110.514622
110.578453
110.541462
110.508012
110.697972
110.516875
110.516616
108.634375
109.724923
110.519850
110.562520
110.573454
110.654196
110.646889
110.605336
110.641844
110.654395
110.597427
110.711973
110.640527
110.494789
110.620495
110.518080
110.669601
110.526384
110.570213
110.603354
110.637247
110.566949
110.676309
110.541532
110.604659
110.602419
110.529846
110.594941
110.567159
110.532938
110.599877
110.456816
110.840623
110.535973
110.574435
110.592100
110.596629
110.559866
110.533610
