50
46.643391
23.450667
18.441974
20.526379
20.764399
22.155476
19.781713
20.522418
21.022454
22.608669
22.195865
22.641174
22.153595
20.225787
21.467879
20.558275
20.543433
19.485221
20.440338
19.154180
17.670834
19.027545
18.455639
20.141795
21.024420
21.728188
20.760316
18.764172
17.414654
17.500690
17.866564
18.076741
21.776303
20.222589
18.601844
20.034728
21.200094
21.099699
18.740934
19.234001
18.995214
19.428807
20.228414
18.713128
21.246545
22.400968
21.955422
22.244875
21.725740
22.167139
21.904838
19.672934
20.275058
20.485582
19.901192
20.434838
19.277310
20.860688
21.152673
20.501543
18.393629
17.278937
17.204941
17.734320
19.262014
18.669626
19.852486
20.180197
19.770575
20.873157
19.470832
20.150306
20.037343
20.035622
20.559173
20.712761
18.084906
19.315485
18.521843
18.195975
18.058753
18.940908
18.628156
17.627448
18.527042
18.895011
19.506633
20.378075
20.204597
20.719295
20.456766
17.597764
17.212865
17.212210
17.225911
17.243890
17.530868
18.086395
19.826631
18.213781
18.049278
17.878456
17.751385
18.706978
19.225239
19.393757
18.517276
20.293170
20.188946
21.558728
21.537079
21.255076
20.928807
21.100316
21.400220
21.159808
20.556942
20.616621
20.978431
21.198980
21.344241
21.353015
21.267236
21.887253
21.209925
21.273557
21.785276
21.326030
21.257809
21.200454
21.720875
21.917178
20.656796
20.904455
21.618049
20.988521
21.087037
21.207263
21.673903
21.898399
21.556788
21.434845
21.129154
21.341246
21.261353
21.070288
20.623542
21.158745
21.556711
21.390245
19.535412
19.472489
19.782025
18.956807
19.028571
20.693170
21.344223
21.074857
20.122980
18.603334
19.173392
20.662294
20.370186
19.774501
20.035667
20.999362
21.663986
21.078484
20.725774
20.388836
19.051815
21.439121
19.397589
19.807396
19.936607
19.719754
20.310832
21.295088
18.407998
18.743161
21.451631
21.220675
20.344014
21.139675
18.613136
20.787268
21.299794
21.190405
21.644640
19.257406
20.733971
20.917813
19.219004
19.279551
20.556511
20.195235
21.558203
19.367109
18.867298
19.606953
21.265453
20.227391
19.793374
21.439056
21.653872
20.015574
18.336872
19.914798
18.816353
18.486818
18.477614
20.127619
18.646657
18.624064
20.856841
20.885543
21.745164
22.272638
20.431628
21.306181
21.503085
19.613673
21.220850
21.099830
21.369244
21.849462
22.422893
21.062963
21.811957
20.721549
21.715819
21.253548
20.273877
21.973074
22.191658
20.661182
20.600975
22.135510
20.279303
21.490069
22.699570
21.962443
20.133232
21.059348
21.970445
21.389987
20.398848
20.546238
20.489497
20.288406
20.371607
20.262739
20.271979
20.413876
20.375580
20.349073
20.303049
20.366353
20.347361
20.308039
20.398019
20.259122
20.305690
20.293146
20.322541
20.404738
20.480464
20.844269
21.213282
21.724987
21.490962
21.236385
19.933225
18.560559
20.439586
21.176616
21.456653
21.734792
19.181764
18.564484
18.395309
19.734248
19.157037
19.788841
20.355653
20.096534
19.029725
20.263168
19.024809
20.201738
19.493209
20.866794
19.898629
20.530221
18.770607
19.453323
19.770337
17.853270
18.965834
19.393334
18.532538
20.392925
19.027380
20.046516
18.995442
18.006682
17.640519
17.704071
18.631755
19.309309
18.363780
18.552481
18.305708
19.398294
19.470934
19.977089
19.561861
18.417157
19.216883
20.035529
19.517661
17.591038
18.080022
18.471549
17.766174
18.872295
20.451863
19.661907
18.764656
20.125641
19.116890
20.146768
20.890675
20.414746
20.427727
20.710746
19.834771
19.901708
20.714187
19.220954
20.531229
20.692315
20.670725
20.508769
20.837936
20.049155
18.189837
18.560298
20.275368
20.405023
20.604038
18.666972
19.443770
21.531072
20.492406
20.967551
20.876059
21.078939
18.367929
17.577351
18.674870
19.156347
17.892628
18.540068
21.395206
21.445233
20.380395
21.094111
21.564920
20.094014
18.051508
21.920882
20.985040
19.172496
17.553875
18.503604
20.780357
20.940682
20.737332
17.821948
19.248710
18.889660
19.882000
18.628289
19.587565
20.175161
18.117006
17.729464
19.846567
20.500159
18.492320
18.862656
19.352500
20.538142
19.422860
20.388316
20.294023
21.074995
20.544575
20.977967
19.691627
19.709968
20.340915
21.431934
19.445251
20.091677
19.905273
19.557147
18.833980
19.993034
19.073330
20.040424
21.083295
20.732542
20.427017
20.887789
20.923468
19.149115
18.650038
20.794911
20.505958
18.984298
17.602852
19.272938
20.517647
20.432987
20.097649
18.396642
19.797663
21.136999
19.734034
17.872847
18.176734
20.380573
19.505777
20.728742
18.836982
19.293440
20.671074
19.249952
17.961831
20.667848
19.892122
19.714501
19.739062
20.655782
20.485217
18.592383
18.236611
18.979457
20.545581
19.231522
19.643775
19.967282
19.363874
20.107885
20.338418
20.594243
19.307403
18.044006
19.069274
21.569720
20.784527
18.852664
20.191390
21.003116
20.044939
20.246290
18.590864
20.041516
20.497842
18.778268
20.728329
19.562731
17.462156
19.016008
20.341664
21.231830
19.722331
21.162974
20.568550
20.401561
19.379086
20.495385
18.923671
19.466766
20.783290
21.067830
20.891174
21.218432
20.913722
21.121670
20.908593
18.054815
18.985262
20.547696
18.842864
19.640783
18.543565
20.654397
21.156089
20.124747
19.096567
19.480961
18.923641
18.662737
18.669633
20.012434
20.753476
21.355926
20.835923
21.156731
18.977474
20.825885
21.064406
20.560695
20.770653
19.441185
20.773293
20.538377
20.300917
20.593194
21.266701
19.721328
21.094046
19.835110
18.804945
19.176506
19.630359
18.430894
19.194971
17.633561
17.678896
19.796566
18.944286
20.627744
19.736849
19.619995
18.350772
19.662580
19.435158
19.473524
20.619962
21.048444
21.611222
20.979527
20.955639
20.087452
19.288787
17.618075
18.422640
20.481903
19.393545
18.019512
21.284652
20.868631
21.043408
18.045720
20.012901
19.716211
17.746800
17.681293
17.946551
18.148649
21.435240
22.024385
20.704002
20.760120
18.497190
19.762331
19.999653
21.106176
18.933248
19.559055
21.755240
22.242678
22.243198
21.422513
20.812859
20.342539
21.906159
19.535835
18.687551
19.052483
19.075067
19.035573
21.250650
21.192290
19.859302
21.558732
19.671982
20.054828
19.345217
19.746999
18.969398
19.126724
20.378522
19.415955
20.360039
19.101270
17.867059
18.534987
20.929292
21.570608
22.635792
21.746405
21.225683
20.034935
20.188029
18.921820
19.118671
22.118745
21.579413
22.787002
22.105333
18.077346
18.487695
19.310551
18.838304
18.572240
19.031824
18.980706
18.740506
21.486225
21.322925
20.383156
17.982552
20.116447
18.988901
19.988281
20.534387
19.239759
19.470994
19.395422
17.838538
21.149256
21.039048
20.943831
20.434875
18.713152
19.195381
19.650905
20.817493
20.172194
20.582984
18.196148
21.152010
21.514660
20.854231
21.176366
20.335528
17.986595
19.163270
20.630006
19.219500
20.972935
20.842731
21.410505
20.944169
20.886896
19.615991
20.044248
21.168882
21.147409
20.840748
20.347178
18.851396
19.360616
20.642111
20.466066
20.530858
19.750484
21.440431
21.233396
18.918118
18.493894
20.252101
19.435066
18.340913
17.704029
18.305570
23.259296
23.691896
23.310585
23.985561
24.020906
24.082090
24.188229
23.785301
24.179671
23.406705
24.249744
23.993714
24.261528
20.287115
23.456556
22.533329
21.143333
21.291464
18.709433
18.733198
19.141369
19.694941
17.403194
18.036701
18.590952
19.604162
20.545042
20.600766
18.022990
19.545017
19.115228
17.840839
18.073267
20.542130
21.448242
19.675981
20.843187
21.776322
21.253497
21.609037
22.046723
21.341636
20.693354
20.620453
20.571257
20.685698
20.938615
20.637012
20.859333
20.662477
20.430531
20.500871
20.709273
20.945165
20.871045
20.823041
20.839341
20.708887
20.638224
20.638065
20.745516
20.472146
20.470669
20.449197
20.498414
20.484155
20.478094
20.474258
20.429860
20.466038
20.405118
20.368331
20.439020
20.489228
20.531587
20.490021
20.591206
20.464025
20.574055
20.478192
20.565564
20.563910
20.656333
21.063697
20.762653
21.076291
21.133551
20.538392
20.473040
20.564011
20.484139
20.478154
20.417666
20.990600
19.944627
20.212188
17.932028
19.639541
21.561481
20.713338
20.801892
20.386770
18.875385
17.758684
18.074558
19.278414
24.433422
38.699612
44.022805
27.501044
19.290045
19.557120
21.213793
20.920193
19.742996
18.929461
20.246061
20.233810
20.317570
19.545637
18.626176
20.593610
19.227268
20.127269
19.652466
18.268475
18.662636
18.677816
19.425829
21.367946
21.185409
20.048425
19.900132
19.134356
20.176453
20.085211
20.215806
20.743725
20.111017
19.887236
19.541486
20.548371
20.631868
20.377205
20.981928
20.957178
20.403793
18.448177
18.109974
18.788100
19.816901
18.475184
20.728879
18.111703
20.312000
18.190536
19.041087
18.460189
19.421134
19.463635
19.752470
19.555883
19.536875
20.748006
19.008546
20.631988
19.142421
19.256418
18.922496
18.187380
18.368629
20.776833
22.072917
22.876564
22.490185
19.370616
18.491834
18.316181
19.139208
19.173698
19.078893
18.331043
20.730158
18.298816
18.067634
20.003392
19.174984
19.152467
17.665924
17.470640
17.967751
17.920877
18.554469
19.835440
19.006560
20.266367
20.646695
20.799142
18.044749
19.066198
19.125968
18.179406
18.993718
20.122494
20.745631
19.284290
17.691211
18.428810
20.021369
18.124408
17.590736
17.690769
19.853072
20.745420
19.800071
19.326499
19.585994
18.939621
20.061629
18.642819
20.056840
21.101211
19.236583
20.566768
20.841579
20.021633
20.813765
19.410513
17.711343
17.469559
19.186695
20.012413
19.714735
19.633185
17.986453
19.219534
19.257550
20.180518
21.067666
19.252548
18.959744
19.538097
19.641895
21.173137
20.938518
20.827247
17.830360
18.387206
21.201978
20.482461
18.764071
20.722492
19.416054
19.803024
18.085924
18.988108
18.998579
19.923767
19.241958
21.470249
18.680722
20.839579
19.966154
19.462660
20.414610
20.880984
19.378201
18.056277
20.235718
17.801971
17.806728
18.824880
19.800040
20.317879
19.385627
19.762109
20.679579
19.316049
19.614883
17.628843
18.306876
20.484830
20.464699
20.251119
20.779218
19.111442
19.770889
19.037500
21.072814
21.158804
18.422689
19.006403
19.586391
20.778751
20.508342
19.873223
21.667530
20.253378
19.760278
19.970879
19.398369
19.594008
21.599252
18.843332
19.355618
20.064169
20.782382
19.008450
20.917346
20.785259
20.504103
20.851157
21.490938
21.285726
20.248762
18.530560
20.431797
20.152848
21.055854
21.301809
20.167322
20.446231
18.933104
17.494332
17.868721
17.490461
18.145731
20.180684
20.681645
20.203355
18.162438
19.034231
18.227469
17.891638
18.850702
18.801598
18.362725
18.494694
18.107687
18.752514
21.503481
20.840639
18.092667
18.629909
20.871189
19.534779
18.872354
20.117810
19.122125
17.665688
20.573903
20.206565
19.798574
18.914762
19.949179
20.710591
18.894302
18.281317
18.832588
19.897511
19.785046
20.527563
20.569651
20.008762
19.233208
21.451579
19.019628
20.357840
20.964155
20.316486
20.894348
20.961488
19.885144
19.886146
19.840741
18.038986
21.205171
21.458412
21.516693
21.178139
20.586668
19.600432
21.493649
21.205246
20.618493
19.939848
19.433213
19.491799
18.576011
20.039258
20.137706
21.063314
20.272717
19.102964
17.975625
20.235882
20.624481
19.403310
20.690794
21.043095
20.602653
20.961977
20.830422
18.545197
19.687361
20.275172
18.162894
18.930928
18.504689
20.394369
20.913778
18.623974
21.145153
18.673441
17.587496
17.800358
18.111363
19.625487
20.024287
20.598399
21.076600
20.616981
20.684242
21.024516
20.818240
18.555966
18.752953
18.258442
18.588265
20.605572
19.185593
21.114028
21.172869
20.278109
19.901104
17.899395
19.575031
17.889558
18.618365
20.836179
20.628516
19.332005
17.657233
17.995596
19.617666
19.836580
19.221653
18.750779
18.802281
19.912404
19.980819
18.287491
19.125550
19.664092
20.728529
21.017564
19.627184
20.182523
17.623009
18.069649
20.265548
20.104699
19.937964
20.419765
19.813797
20.282034
20.123532
19.532487
19.773462
19.947205
19.174360
20.464963
19.641906
19.385797
20.026308
20.728256
20.497445
19.043068
20.753897
20.483748
18.822055
20.149967
20.564327
19.607490
19.277387
18.153808
18.283287
17.510850
17.382661
18.768217
19.382303
17.938684
18.594488
19.684999
19.886294
17.989699
20.481429
20.267487
18.496932
18.697361
18.296917
17.731909
19.800123
18.709510
19.610624
20.835454
19.521559
18.492674
19.086649
20.152347
20.838328
20.050013
18.724994
19.680181
19.107593
20.487512
20.956777
19.691256
19.009937
19.090213
20.203135
18.761372
18.463579
19.554758
19.285676
20.058920
20.527505
18.254090
18.309144
20.941564
18.874728
19.186393
20.101018
19.763201
20.578321
20.888721
19.286896
19.873666
18.425743
18.077570
18.614169
19.749475
18.853032
19.936888
18.085764
19.194332
17.949474
18.745964
19.464726
19.737335
19.841077
19.126842
18.354440
18.050671
21.074770
20.811099
19.153172
19.118457
20.227695
20.565312
17.899030
17.858769
19.901508
19.976706
19.177249
19.758000
18.703595
20.658942
18.696618
20.139508
20.136715
19.081620
20.074015
20.942490
20.130755
19.479527
20.003414
20.932964
17.853167
20.346172
20.092236
18.458543
19.468469
19.085868
20.657772
19.356416
19.520505
20.290679
20.231977
20.274543
19.354302
20.707662
18.593717
17.792918
18.733657
18.684746
19.414672
20.545033
20.839508
20.023035
18.346196
20.626198
20.807561
20.616265
21.106073
19.905885
19.747637
20.420759
19.214886
19.646481
20.949801
20.140991
17.750437
17.521771
18.225672
20.873053
21.040008
20.980580
19.810688
20.966654
21.050429
18.301141
19.230212
19.512545
21.208103
21.038273
21.728294
21.265949
20.234928
19.596830
21.360123
20.965622
19.529787
19.138591
18.498499
19.803950
20.334489
18.861626
18.934820
17.784197
18.333896
18.461239
19.916003
17.993141
18.255126
19.787084
20.509329
18.541462
19.377521
17.511736
17.482122
19.310097
20.694728
21.307260
19.910333
21.091718
18.449251
19.812021
19.819726
21.645354
21.737041
22.087136
20.332118
20.828569
21.549463
19.987732
21.105447
20.232058
20.027766
20.148758
20.946449
19.617321
21.049621
18.274522
17.951801
19.093628
20.696740
21.367567
20.129128
20.843106
18.894550
17.894423
18.036416
19.232352
18.305616
18.641955
19.497074
19.553776
17.909636
20.262636
20.942000
19.878514
21.112380
21.201396
21.130749
18.726639
19.694389
19.386049
18.623367
19.206730
20.442171
20.614492
19.514581
20.163690
19.010457
17.618354
19.133861
19.941527
19.071603
19.929933
17.855861
20.481932
20.146265
20.892384
18.116998
18.307675
20.165125
21.090612
19.188942
18.441319
18.055767
20.439715
19.967673
19.668605
19.928788
18.946647
19.918045
19.787365
20.604297
17.674389
19.094662
19.367706
19.978815
19.446587
20.060631
20.453522
19.825451
19.247771
19.261749
19.675093
17.700642
19.252142
19.570644
20.639448
18.844684
18.409838
18.984394
20.805682
18.862271
19.219942
20.342508
17.791859
17.629640
17.509450
17.977388
18.562986
18.245518
18.119616
17.965371
17.985113
18.676279
19.486281
19.014533
19.124105
20.821820
20.600506
20.531753
18.467774
21.335078
20.525563
19.537042
21.020472
20.827819
20.975163
18.507832
18.134918
19.255389
18.326879
17.780732
18.680963
21.090670
21.059953
19.625816
18.469262
20.133531
19.241452
18.509764
19.961015
20.774157
22.944707
30.142559
24.406279
18.669429
21.272802
19.774170
25.285972
30.089387
18.555159
17.985682
18.589210
18.272132
19.921742
21.142766
19.791511
18.509048
20.013383
17.996779
17.849107
18.189139
19.281517
21.429183
21.113238
20.453601
21.620140
21.972401
21.607134
20.421482
21.718417
21.444270
19.700625
19.813637
19.602311
20.421227
21.246945
20.999854
21.438809
21.206792
17.818395
19.744789
20.405204
19.130652
19.274951
19.550725
18.804160
20.768109
19.923954
20.185006
17.978545
17.824582
17.041991
17.393971
20.957963
21.240217
17.137995
17.057957
19.466365
20.102545
21.089883
20.796188
21.041607
19.559116
21.617162
19.793908
18.730640
19.893233
19.874266
23.036516
21.982824
21.666438
19.607006
18.318619
19.192727
21.678147
21.400453
19.168291
20.530187
22.259364
20.107900
17.799337
18.061326
18.012280
18.157032
20.463325
22.193397
21.400288
20.418398
20.105917
18.862183
18.343486
19.506274
22.363995
18.456457
18.524025
19.267067
20.371008
19.631857
21.353766
18.645003
19.153523
21.350176
19.707407
21.432752
20.341762
18.621520
18.014772
19.323090
20.013397
19.208893
18.110226
17.931355
17.864016
18.908357
19.101934
19.676348
21.105609
21.041360
42.051715
28.817526
25.091643
21.163719
19.921521
21.378637
19.768227
20.397723
20.937832
20.106218
17.571170
20.191390
21.417114
19.396132
19.934326
19.048979
20.087402
18.873397
18.295960
18.598097
20.556940
20.395503
18.290377
20.130055
19.624561
19.092142
20.066867
18.687429
20.002512
20.855025
20.795054
20.995970
19.515715
20.745212
21.092035
21.198481
21.360450
19.935323
19.380217
20.459962
20.772316
21.492232
19.459869
18.857580
20.570936
20.882460
20.179872
19.358799
20.599852
21.084457
19.457156
18.585137
21.131503
19.031225
19.868770
19.235178
20.636266
21.102920
20.901864
20.064778
20.193639
20.434279
19.361447
21.063865
19.742958
18.478800
20.736113
20.866414
18.497280
19.131841
18.953115
19.284509
20.977635
18.012801
19.439741
20.912199
19.258231
20.303777
20.403534
18.519990
21.018829
20.305200
19.175704
19.282791
20.136761
19.566138
19.933647
19.537615
20.219254
20.255723
20.105871
19.475087
20.933618
19.272449
18.131635
18.692354
18.698372
18.784854
19.965262
20.602270
19.257938
20.381468
20.590993
19.720752
17.997988
18.934805
19.476805
20.800955
19.972262
20.846693
21.749517
20.691749
20.785058
21.044444
18.992070
19.783916
19.770845
20.600929
20.924098
17.528734
18.387071
18.939954
18.962689
19.389581
20.740253
18.636148
19.315831
20.147103
19.538919
19.554808
18.822944
19.355161
20.561883
21.065563
19.933313
20.344521
19.922106
19.337045
20.285402
20.541887
20.335253
19.648325
19.078102
19.065740
19.967306
18.614711
20.112217
20.342990
20.703693
18.050823
19.005134
20.082844
18.763483
17.693264
18.649962
18.947425
17.665939
18.131138
19.643041
19.338624
20.269106
21.304751
21.215156
20.343846
19.473862
19.532614
18.772762
19.371258
19.796767
19.042679
20.052004
20.311547
20.709666
19.880651
19.021483
20.565186
19.776494
21.110560
21.514152
19.815556
20.512489
21.011195
18.155158
19.349376
22.112878
21.051778
21.133773
21.730240
20.749081
21.308490
20.836790
20.973712
21.150538
21.971995
20.788631
20.930196
21.421635
21.288622
20.714788
20.621518
21.314824
20.863767
19.900287
20.404320
19.184006
20.861596
21.756160
21.322783
20.899441
21.214922
21.445652
21.326449
21.699667
21.321887
21.135924
20.696668
20.662380
20.644585
20.794420
20.910586
21.198982
20.609049
20.611558
20.894069
20.989242
21.179769
21.325428
21.496338
20.918391
20.543956
20.050481
21.028308
21.029122
21.164712
19.478955
18.813403
21.187437
20.034176
20.152371
20.349155
20.123247
19.493459
21.380340
20.677878
19.025364
20.400938
21.283242
19.059356
19.303922
19.496437
19.455459
21.493779
18.804492
18.513636
18.818069
18.702857
20.348617
19.800034
18.661757
18.220339
18.089872
18.840476
20.507195
19.993877
18.674569
20.917765
20.931717
18.978775
18.440638
20.061688
20.380285
20.500465
20.834426
20.640495
19.432423
20.766736
20.804545
18.709893
20.677897
19.751027
18.717485
19.236594
19.716052
20.793179
20.972934
20.650313
19.062202
18.716276
20.429665
19.692903
18.880786
18.079034
18.240034
18.338133
18.799490
19.546502
19.944068
20.480856
20.483169
21.752302
20.999433
20.319470
19.618998
21.132370
20.386680
18.706331
18.308287
21.675807
23.307268
22.895377
23.553358
21.865968
20.245518
21.262810
23.208950
23.119413
23.218679
22.804864
21.782804
21.212391
20.802368
22.022755
20.945298
20.393204
21.257467
21.582488
22.504220
21.715778
20.427521
22.169340
22.603044
21.541955
21.244998
19.956257
19.308762
19.016299
20.028817
19.599751
19.641485
18.819635
19.660325
20.430822
19.442685
19.500532
20.609264
21.314526
20.582719
21.707485
21.514820
21.427186
19.521291
19.213106
21.497064
21.698449
20.433883
19.525618
19.357256
18.700638
19.267321
17.999869
20.069130
20.748937
20.773987
20.972826
21.299210
18.847738
20.151714
20.318351
19.943819
19.485120
18.468718
17.749256
19.275219
19.924848
21.201958
20.391254
20.939369
17.834634
17.643299
17.596997
18.357179
19.646479
20.137782
18.937774
19.894821
18.318829
18.541824
19.145980
18.743405
18.088626
20.261702
22.002672
19.721555
20.557920
21.443541
22.186214
21.006092
21.487414
20.151542
20.062481
19.757796
18.003322
18.439384
20.857019
19.912381
17.854931
18.185638
19.533372
20.252085
20.731734
20.432955
20.630544
19.889057
17.542845
18.845468
20.505366
19.687158
19.349561
20.632615
18.757340
21.123579
19.445603
19.055055
21.482738
21.528079
21.658169
19.787115
17.416585
18.938135
18.382179
17.539065
17.692256
17.976973
18.313155
18.763836
18.935066
18.828925
18.524056
17.964032
17.828924
19.154079
20.001686
21.125091
18.114961
18.010376
17.769576
19.132528
19.640009
19.208169
17.604686
17.508411
18.666548
18.841641
20.381124
20.985009
20.104194
19.464438
21.621598
20.831179
18.532859
18.321325
21.184048
20.917414
19.228571
20.692372
21.110055
21.601099
20.747975
18.897794
17.679840
19.577938
20.613499
20.420713
19.343825
18.649194
17.785925
17.876069
17.532191
17.723716
19.473091
20.476527
20.522769
20.224914
18.086491
17.892941
21.210731
21.280633
21.022191
21.659841
21.404630
20.808170
21.270847
22.065211
20.985233
20.596729
20.063052
18.966881
18.945841
18.092606
18.776735
20.354390
17.793369
17.807581
20.032575
20.766158
21.284715
20.334071
20.144958
20.939386
19.250874
20.967213
19.788196
19.692194
19.676722
21.007593
19.309068
20.986090
21.751073
21.414991
21.338478
20.598798
19.420181
21.438581
20.519184
21.187225
21.167922
21.227067
19.639271
21.072673
20.432867
21.329149
20.262078
20.508323
19.887959
20.133009
19.535606
18.337714
20.065573
21.144402
20.407597
20.285878
20.432394
21.301211
21.102333
21.134076
20.257173
18.977658
17.690643
19.836448
19.815948
21.370546
19.547186
20.088883
19.992339
19.217159
19.479399
19.937406
20.292688
19.930413
21.322473
19.809963
21.551947
20.434772
19.033376
20.194760
19.776470
18.224180
19.998142
20.877258
19.442636
20.586169
21.282430
19.879771
18.228595
18.688245
18.419795
18.763222
17.788191
19.264600
20.019313
20.148402
19.946120
20.984435
21.858958
22.207471
21.476689
22.284714
19.789415
20.348135
19.710701
20.749125
21.436423
21.663553
21.099119
21.466008
20.085462
20.134559
20.439683
19.172524
20.031052
19.329565
20.482408
19.250394
20.512166
21.475942
21.769948
21.223629
21.249161
20.227368
20.342830
21.034532
20.540775
19.808385
21.449495
21.608053
21.422695
19.436715
21.547929
21.607838
20.175617
19.903305
18.468295
19.533228
20.718167
20.885217
19.888911
20.927357
20.999250
21.633982
21.417475
19.275030
19.850877
21.304240
19.964755
20.074677
19.323051
20.519939
20.843543
19.116961
20.051977
20.386302
20.081461
21.396643
20.403179
20.742707
21.374114
20.737519
18.288061
21.480538
20.690969
19.367274
18.353298
17.786797
20.169544
21.149660
19.573500
19.783532
19.707244
18.123370
19.403530
21.069488
20.806116
19.682149
20.386431
20.962168
19.242082
21.642011
21.444168
20.793655
19.517875
21.026488
20.087136
18.932655
19.309117
21.316676
21.458664
18.645533
21.507106
21.470733
20.788902
19.487480
18.078567
18.344459
19.361585
21.296908
19.445803
18.679100
19.167395
19.157915
18.749981
20.464122
19.743256
19.548491
20.351542
19.408459
19.280402
18.547861
19.668749
20.447339
19.399909
18.350028
19.291994
20.547392
21.121565
21.105486
21.435868
18.688851
20.387353
20.971712
21.773902
19.563608
19.588147
20.768869
20.677117
19.409792
18.960764
21.141154
21.666005
18.734371
17.880209
20.099034
19.804064
19.173667
21.631783
21.535540
20.141306
20.537530
19.861417
21.040506
19.756820
18.654379
20.023799
18.304839
19.600488
18.021892
18.899650
19.704226
21.239689
20.258386
19.348171
20.405189
21.126190
20.595922
21.024774
21.215947
19.616126
20.487692
20.895982
20.801266
20.812152
19.232799
17.713752
18.147924
19.638042
19.134797
17.736645
19.637027
20.029909
19.210499
20.267513
19.744757
18.207730
18.181640
21.275409
20.237288
20.961901
20.471574
20.356522
20.415015
20.657761
19.636551
17.334379
17.226203
17.951057
19.716737
19.988771
18.986374
20.908731
21.264349
20.022952
18.031068
18.675335
19.980806
19.809477
18.471585
19.475522
19.266272
19.635602
21.243010
20.895444
19.747359
18.443520
19.857828
20.363473
21.791311
37.931173
28.979472
29.133310
27.639728
21.075467
18.093867
18.325098
19.868612
18.291913
18.214010
18.150910
18.199052
18.861421
18.663383
18.108457
18.303172
18.363541
21.183632
21.327991
18.249081
17.857889
17.735463
18.849208
20.871613
18.962453
18.138482
20.461764
21.171453
19.958440
18.804458
19.458743
20.376513
20.969806
20.477176
20.458976
18.054548
18.738868
19.122183
20.234296
20.583233
21.183198
20.657574
21.135827
19.783607
19.938750
17.790069
20.386711
19.773065
19.913361
19.733409
21.390111
20.485556
20.114720
20.758914
20.501718
20.756358
20.376956
20.348183
19.599729
20.763344
18.605866
18.004313
18.140726
21.058629
20.913872
19.075370
18.215762
20.685446
20.376905
17.848395
18.612795
20.036279
19.252599
20.995538
21.253351
18.614332
17.965832
17.666909
19.845358
20.776350
18.933825
17.491278
17.410059
20.607948
21.042813
19.892259
20.273117
18.809490
19.563437
19.335285
21.280111
20.435520
18.940616
19.611808
18.573294
21.229521
19.682794
18.595220
18.180436
19.478408
19.549085
21.134032
21.330952
20.187652
20.959163
21.130839
19.510679
21.059865
21.526777
21.796730
19.661150
19.902513
18.727210
19.576404
20.084100
18.597843
19.650398
19.122212
20.612653
17.938817
19.948643
19.416279
17.597524
17.549818
19.251046
20.010465
20.258807
20.725410
21.075699
18.994038
18.015843
18.302040
20.650123
19.659941
21.093744
19.466078
18.585707
18.903017
20.905457
19.738777
20.616873
19.616405
20.545332
21.169695
21.349887
19.341718
19.226872
20.274430
19.752623
18.924103
19.965354
21.453655
20.584407
19.901776
21.113946
21.411727
21.238820
21.442013
19.706841
20.979354
21.329794
20.522606
21.636131
21.729598
21.422463
18.135996
17.924878
17.960790
17.961353
19.557446
21.354211
21.767968
19.818114
18.108219
18.623096
18.743258
20.600635
20.804049
20.393893
21.376307
20.859837
21.180750
18.613732
17.833878
19.701302
20.906059
19.743000
17.818361
19.299649
19.164713
20.808139
19.076694
19.074611
17.535799
18.155376
20.441619
20.110850
19.591114
20.051796
18.051993
18.821007
18.511635
19.622694
19.188094
20.751171
18.757701
18.284683
19.060672
18.736798
20.251842
20.459967
21.173817
20.919592
19.315794
18.977317
19.977669
21.240224
20.195267
19.175679
17.959086
19.238946
21.363114
20.792723
21.660511
21.425545
19.904812
20.486966
20.430753
18.235239
18.989134
17.614793
19.656390
20.907692
19.906743
19.446801
21.142909
21.220721
20.831014
19.333530
18.936030
20.384436
18.480384
20.242858
20.760792
19.920610
20.111526
20.840815
20.846956
19.879757
21.277763
21.488532
20.727702
20.454413
21.080513
18.755087
21.118204
21.272421
19.005831
19.005374
20.487820
19.276848
18.546777
18.756465
21.279209
21.080870
20.422182
19.452077
18.972806
20.746538
21.409908
21.817767
17.895245
18.730667
17.427120
18.432996
19.698437
21.937007
20.801660
20.250101
19.719346
19.144599
19.582201
19.306728
20.999885
21.017026
21.147760
21.025428
19.023769
20.237543
20.502457
19.660594
18.466773
19.402686
18.226038
18.437107
18.758028
21.168524
21.397327
20.201404
19.710465
20.259436
20.898922
18.423792
17.045166
17.192311
17.532752
18.695123
20.790195
19.839571
18.455809
17.848671
20.342805
20.953821
20.211615
20.320296
20.677121
19.345176
18.718190
21.556669
20.028285
19.521376
21.851041
21.774164
20.216388
19.474285
19.665802
18.694520
18.884053
18.681293
19.652427
18.803071
19.009001
19.517120
20.287058
19.526188
19.107988
18.941324
19.242647
18.078902
18.421775
18.328925
17.983491
17.857794
18.045427
17.985674
17.786123
17.750780
18.466090
19.021789
20.374514
21.027519
18.546229
19.238448
21.508910
21.336090
18.802036
21.334811
21.928937
21.933497
21.673896
21.123127
19.358670
20.428186
18.513920
18.444409
17.789332
18.144916
18.004568
18.344018
17.687085
18.048448
18.231951
17.546744
19.731980
20.294057
18.468158
19.431095
19.551945
20.593976
20.971638
20.413648
20.126314
19.144646
18.290098
19.597608
20.453822
21.704285
22.475184
22.237661
20.691765
21.688775
20.852093
20.894322
20.106512
20.075053
19.236253
21.274759
22.269911
18.752631
18.351343
18.009942
20.194172
18.582406
20.194808
20.135258
17.920272
18.879258
20.758264
21.538950
22.133159
20.904272
20.904462
18.138700
18.535180
19.197034
20.195212
20.997785
20.329058
21.360016
22.027035
22.469201
22.038143
20.578243
22.011644
21.118400
21.920197
22.250509
21.169345
20.224364
22.036470
18.841913
23.463641
20.451791
20.488812
20.409753
21.994069
22.511327
20.082365
21.001289
21.314391
20.195926
21.501196
22.056172
20.752726
22.104152
21.074869
22.419769
21.333446
22.149299
21.857879
21.742798
19.523400
19.399891
19.028333
19.093589
18.347894
17.486285
18.536989
17.667771
19.620794
20.349861
18.107909
18.839813
19.888057
19.996825
18.991314
20.206549
20.077394
20.726375
18.032081
19.134495
21.245087
21.436554
21.283486
18.397532
18.672951
18.054559
18.001727
19.505000
20.330267
18.953470
19.644020
17.622734
18.069714
18.466408
19.739390
17.496435
20.040558
21.309433
21.953987
21.523432
21.452572
20.791400
20.105823
19.541350
20.638816
19.106808
19.307081
18.029074
17.817632
17.945739
18.596679
19.971785
20.663526
19.913733
20.994040
18.687467
19.337531
18.009633
19.326154
17.603158
19.828622
20.247629
22.249279
21.704420
22.192658
20.567322
18.100188
17.828597
19.418766
17.772663
18.265146
18.403069
19.824199
18.621075
18.003834
18.769060
19.988483
19.502446
19.235574
19.401771
18.092289
17.899048
18.001164
19.543449
19.043022
20.251613
20.945865
20.533817
20.163966
20.581725
20.454667
18.241552
18.885072
20.813236
20.651053
20.963999
18.151631
18.891324
19.294325
20.459198
19.044113
19.697575
20.848606
18.584505
19.449201
19.194699
18.424684
17.800411
17.619964
18.063327
18.683794
19.639052
20.574619
19.461261
20.005245
18.504900
19.196472
17.948900
17.553566
18.083516
21.096203
21.954838
21.486959
21.551178
21.095706
21.361731
20.214383
20.814066
19.083116
19.356163
21.154887
21.564892
22.063752
19.993556
18.739996
18.066759
18.402292
18.288416
18.187818
20.039736
19.031459
21.527912
21.296597
20.498876
22.093195
22.106793
21.291526
21.039875
20.255478
19.861911
20.418100
17.824933
17.213001
17.174891
17.534812
18.580824
20.310951
20.849513
20.633090
20.799320
20.280863
19.650895
20.671038
20.270000
18.855743
19.702822
18.087017
19.126703
19.138621
17.778759
19.967367
20.425378
18.645430
19.905959
21.129619
20.811811
18.995813
17.864417
17.611633
17.558097
17.807305
18.094144
17.911453
17.739602
18.695544
18.303098
18.302669
18.874873
18.370746
18.461695
19.470214
19.478936
20.421022
20.577790
20.504982
18.531757
19.392366
20.298786
19.611001
21.050160
21.052496
19.494000
21.249282
20.630850
20.760251
20.015078
18.393502
19.456811
19.767532
21.532834
20.311958
19.247402
17.772702
18.122662
20.176232
21.746878
21.205416
21.182322
19.945860
21.102424
20.307638
20.188514
20.994969
18.121363
18.897243
21.589939
18.345122
18.152972
20.167046
18.438232
19.135401
19.866450
21.659669
20.682586
21.181695
20.693464
18.351725
19.054117
19.805765
20.426273
20.817346
20.437520
20.621416
20.093937
20.001501
20.787491
18.976813
18.021754
19.485530
19.724502
18.904141
18.771133
19.404520
19.771580
19.497086
17.710615
18.534496
19.955633
21.126382
19.422422
17.749409
18.507855
18.424258
17.776272
20.632114
20.781224
22.703179
20.787832
21.691795
22.316487
21.888585
22.274788
20.151938
21.756344
20.065911
20.352466
20.506004
18.831707
21.103618
22.451954
22.343506
22.440972
22.598511
22.562562
20.364708
19.751814
18.551894
19.230830
19.733004
19.998944
18.983616
18.114707
18.328963
18.527988
19.662030
19.025053
19.109931
19.762727
20.417441
21.574853
21.596957
21.428512
21.371679
21.031013
18.407382
17.662662
17.882953
19.575768
21.032093
20.642252
19.186551
21.328555
18.079955
17.282150
18.292864
18.526138
18.397155
19.339723
20.455582
18.713480
18.199922
19.719359
20.586344
19.795805
18.701424
19.393957
17.688200
17.787891
17.680396
19.114073
20.267358
20.094958
19.589913
19.238582
18.612891
19.190639
18.574379
19.473097
20.774291
22.976884
22.405428
23.309153
22.726512
19.790452
21.036494
22.009430
25.622409
39.451049
21.520540
20.741447
21.610313
20.567044
22.256912
21.379266
20.418780
19.329063
20.056646
18.202862
20.243326
21.035978
21.405669
19.364169
17.387562
17.736548
17.310532
19.058745
19.818902
19.813560
20.543247
20.577656
19.965822
20.162454
21.033466
20.661369
21.058525
20.728078
20.234234
18.141918
17.552421
18.331585
20.563500
20.781813
20.742503
18.237192
21.051945
21.230096
21.386244
21.515817
20.801393
18.181808
19.875977
18.138634
18.156512
19.937766
19.316071
17.597764
19.170717
17.917562
18.549823
18.692027
20.571790
20.913956
20.773993
19.892354
19.859441
18.877965
20.567469
18.990653
18.159213
20.761250
18.334295
19.688901
18.399280
18.606419
19.715924
20.862503
20.747545
19.962598
20.432974
19.428687
20.504133
19.031008
19.371695
19.260547
19.212055
17.960443
18.214439
19.299009
18.418378
20.239181
21.379121
19.922350
19.658612
19.425102
17.986366
18.591844
22.358915
23.052546
22.755655
22.526173
23.000894
22.822745
22.787458
19.084397
19.250463
20.385220
18.393468
18.857381
19.439530
20.460655
19.582663
19.051626
18.746055
18.173058
19.924423
20.835747
19.997650
20.778234
19.056245
19.423420
18.277613
19.692688
20.502121
21.217030
19.249810
18.823506
19.428333
20.752615
18.227034
19.366752
20.370960
20.592333
20.363902
18.685045
17.553722
17.218875
17.196016
17.871227
17.713418
20.045822
20.604081
20.825757
21.250164
20.549805
19.135330
20.573309
20.256550
20.393119
20.826246
21.252588
19.585129
18.295088
20.453177
20.691239
20.421196
19.306891
18.230778
17.540674
20.313661
19.291766
20.227734
20.809000
20.435803
19.018188
19.765997
20.691222
20.019975
21.285351
18.691696
19.207001
20.610572
20.807837
20.437541
17.858096
19.223094
17.902999
17.461641
18.611772
19.608813
20.175700
21.110675
21.368400
19.950374
18.188827
18.876361
19.894148
18.566031
20.831015
21.191894
19.729075
20.023884
19.467092
20.079106
19.658573
18.977285
20.947696
19.415192
19.552424
20.853585
21.210925
20.222663
19.111470
18.800724
18.386601
20.458877
20.314123
18.471587
18.864667
19.222399
20.812700
21.251224
20.871961
19.895325
19.889263
20.163283
20.628138
18.908676
18.906884
20.177758
21.900567
20.821256
19.658886
20.013588
17.613220
19.812243
20.143903
20.369940
19.498155
19.201729
19.311788
19.127022
19.267269
19.923530
18.380507
19.485780
19.718528
20.768575
17.864908
18.267888
18.932280
18.552672
19.401175
20.000736
20.829730
20.282719
18.897072
19.725838
18.625809
20.023413
20.685383
20.783049
18.833920
19.882129
17.645661
17.463379
17.523245
20.009030
20.731766
20.070786
19.554333
18.962718
18.882127
17.634038
17.688818
17.998186
18.207857
19.549560
22.430797
20.048631
19.668411
19.816037
21.440169
20.252857
17.939632
19.178699
20.211632
20.342353
18.339959
17.919135
18.236904
19.816634
19.529137
20.366150
21.155700
20.109714
18.764197
20.617973
20.852412
19.625949
20.695723
17.219049
17.195189
17.179075
17.356891
18.192929
17.913831
19.781366
18.716989
19.116361
19.679766
21.331309
20.271571
19.087971
18.509682
19.480352
20.117627
28.583281
23.960766
21.329602
21.246545
19.548272
20.136306
20.725677
21.584213
18.109830
19.388231
20.247051
18.351177
18.435739
20.335605
18.830082
20.715763
19.632174
19.260014
19.294037
20.988383
19.089337
18.056033
18.275235
20.881343
18.637830
19.664895
18.082218
18.547027
18.004512
18.709213
20.261140
18.891616
21.473402
21.266333
20.261039
19.867345
21.642648
21.349227
21.390221
23.299588
21.641484
19.898086
20.958642
22.385232
19.999816
19.039090
18.704036
19.832013
22.148647
20.164123
19.527427
20.469963
20.203622
18.302487
19.473325
21.099193
21.333047
18.412484
18.799288
21.781427
19.456954
20.288944
19.701696
20.110755
21.676952
19.694965
18.719249
18.504523
18.403308
20.542255
20.339984
20.430635
20.916645
19.042557
19.649412
22.120979
21.690899
21.853539
19.247384
19.803304
20.064551
17.773136
18.950960
18.797041
21.090860
20.524555
21.793445
21.684985
22.084373
21.397335
19.967390
21.988803
21.289056
22.057165
21.261037
19.865191
19.684876
19.824618
20.265789
19.325202
18.396619
20.464921
21.571738
21.206759
21.040394
18.990234
17.904448
19.875211
20.193381
19.133915
21.250259
21.323293
18.302127
17.939231
20.754827
20.821655
20.965326
20.697274
20.481299
20.714904
21.684110
19.723090
18.185463
19.449716
21.073093
21.339209
19.087922
20.336658
20.494694
20.082278
19.273692
19.633086
18.535289
18.265123
18.127140
19.940914
18.759350
19.035646
19.202769
20.358423
20.960027
20.385025
21.519879
21.347486
21.326812
22.120349
20.221272
20.549275
22.427065
21.872644
19.718322
18.172792
19.021444
19.835076
21.116806
20.983004
21.389887
19.047892
19.802610
20.929929
19.117768
21.015521
21.630792
19.510443
21.346646
19.755108
18.809962
20.313857
20.592365
19.658489
18.358417
16.991680
18.078635
18.481086
21.068494
21.368574
21.480568
19.246467
21.951489
18.923305
20.536403
22.173683
20.629377
19.002917
20.636114
21.713220
21.117767
20.739271
21.533343
19.044429
19.489635
21.971994
22.029168
18.524979
19.414016
19.802257
20.922965
20.116961
20.682301
18.588582
19.328819
21.342739
21.371947
19.774757
20.169081
20.519162
21.003199
21.091964
20.712216
19.425454
18.912780
22.583159
19.180276
20.050081
21.274580
19.660928
18.785160
21.490479
20.390048
19.211519
19.771548
18.501896
19.413929
18.994959
17.703174
18.598252
18.957284
20.566015
21.163906
19.293322
19.820127
20.207931
19.269356
19.118961
18.734862
19.499778
19.637381
20.616684
18.862611
18.376221
19.661183
18.513136
23.390063
17.844359
21.444552
20.563718
20.825026
21.787557
19.072252
19.700503
18.220815
19.571530
20.597034
20.326273
20.492587
21.487986
19.025640
18.194302
19.710980
20.443619
21.138494
21.028750
18.981380
18.368242
20.604372
18.704518
19.459553
20.560727
18.637121
19.779275
21.217809
21.433315
18.877732
17.947739
18.788589
19.038248
19.707646
19.206108
18.498809
20.577518
19.775501
19.737014
19.227687
17.472449
19.058090
18.023818
18.792947
18.565767
19.396936
20.383427
20.853765
20.521322
20.311920
19.701111
19.746568
19.050967
20.002118
19.871420
20.353665
18.308018
19.249157
19.533660
18.304408
20.190756
21.006976
18.454058
19.959006
19.913897
20.397744
18.109934
17.708601
17.510735
20.544640
21.302949
20.059402
19.858904
21.489327
19.303633
19.206160
21.629442
19.711520
18.317461
19.108232
18.602124
19.861984
19.611191
20.481952
19.908699
17.088939
16.985970
16.995339
19.912421
21.096316
20.221409
20.520073
19.987866
18.288228
19.127456
18.077688
18.932112
19.671137
19.704725
19.604226
19.601265
19.879538
19.875428
20.952010
20.735986
20.124346
19.600798
20.540739
19.691467
20.933251
18.997310
21.411656
20.183567
20.046418
17.509308
19.468337
20.064993
21.418835
18.451297
20.068256
20.124368
20.370139
19.262206
19.457262
20.584267
20.430567
20.863002
19.463399
19.812366
20.352904
20.418923
21.360445
19.257611
18.485189
20.097038
21.147148
18.194925
17.476923
17.844535
20.320768
19.559241
20.022237
20.883217
18.742628
17.892260
18.080976
20.058597
20.945623
17.832134
19.092437
20.927083
20.607205
19.876552
18.775858
18.810692
20.456780
18.626735
17.944514
19.970382
19.107329
17.881326
17.601117
17.575036
18.055146
18.066672
18.307125
19.080171
21.008623
22.052386
19.821635
20.095422
20.702823
21.477216
19.777013
19.888844
18.768987
20.587429
20.516974
21.444925
20.524661
20.050610
22.187126
22.823531
22.433701
22.404012
22.095281
22.698632
21.571778
22.212200
22.340392
22.593669
22.458722
22.623293
21.789187
22.043491
19.148562
19.809560
19.628624
19.694616
21.138112
21.687905
20.590545
20.934369
20.734329
19.114767
19.397639
20.087695
21.601938
20.694760
21.323252
19.975418
18.730742
17.986094
18.648353
19.512905
21.399400
19.952581
19.037981
19.027039
18.670444
20.255427
21.950757
20.307884
19.686107
20.558224
19.212701
20.407795
19.864929
18.518619
18.125771
17.760978
18.014035
17.378661
17.795807
19.609729
21.328820
20.368510
18.326126
18.439793
19.441126
20.311485
18.985769
18.408927
19.636374
19.330402
18.584510
17.924016
18.188675
20.214643
19.415665
20.155522
18.246506
17.174398
17.739060
19.068900
