50
64.441320
69.422822
72.368589
73.832491
75.142634
75.383444
75.275824
75.324889
75.293486
75.268781
75.101338
75.153191
75.144858
75.925468
76.772062
75.378285
75.191091
75.154001
75.326889
77.104333
75.539858
75.466010
75.604734
75.527766
75.815846
76.441569
75.362069
75.513205
75.421639
75.622561
75.317724
77.358269
75.453549
75.375242
75.290246
75.094937
76.328868
75.852211
75.389304
75.381459
75.276040
75.477341
77.206711
75.309621
75.771898
75.474373
75.692430
76.841110
76.228655
75.256811
77.421408
75.418422
75.439332
75.389084
75.331661
75.314647
75.206747
75.399010
75.463938
75.412275
75.098608
75.187300
75.479106
75.566644
75.798120
75.468931
75.827887
77.197664
75.661161
75.167119
77.408807
75.261528
75.232403
75.392008
75.390422
75.544760
75.737321
77.181271
75.540274
75.265389
75.274585
75.421923
75.459568
75.581437
75.651666
75.264245
75.924281
76.570529
75.166926
74.960218
75.183389
75.634700
77.417827
75.512098
75.524230
75.508128
75.450159
76.305939
76.488497
75.533359
75.992762
75.657130
76.198986
76.780532
75.394779
75.608246
75.602174
76.795890
76.620405
75.510551
75.315670
75.429547
77.510481
75.493939
75.303161
75.164172
75.293105
77.454890
75.379054
75.641954
75.489936
75.846699
77.012077
75.627287
75.521504
75.313218
76.815087
76.486283
75.547280
75.504869
76.316818
76.458431
75.499328
75.466723
75.332493
76.598100
74.846133
74.749827
74.903823
75.220706
77.017966
75.061152
75.076468
75.171049
75.923005
76.739999
75.439687
75.665661
75.464513
77.625686
75.435272
75.581321
75.485861
77.547380
75.905098
75.633102
75.478709
76.422041
76.334837
74.897734
74.935907
77.029960
77.578011
75.267281
75.462887
75.458399
77.416943
75.791171
75.381712
75.264195
75.939078
76.588828
75.171791
75.423678
75.589123
77.506178
75.576551
75.405225
75.211872
75.128292
77.233297
75.191243
75.118599
75.147945
76.178409
76.635678
75.427612
75.553229
75.824078
77.342906
75.306153
75.413292
75.252905
75.846552
76.784183
75.236152
75.243615
75.152718
77.203068
75.211193
75.039826
75.091114
75.265057
75.267831
75.379859
75.497154
75.569902
77.681655
75.743753
75.543703
75.504426
77.024694
75.966096
75.274837
75.364512
76.606477
76.086530
74.778968
74.783420
75.071284
77.071659
75.220737
75.286725
75.122867
76.545105
76.247617
75.494140
74.917372
75.350191
77.423852
75.526561
75.418755
76.335210
76.978841
75.348345
75.415750
76.753059
76.595080
75.704772
75.541621
76.775153
76.291410
75.426558
75.463124
76.882406
76.346039
75.478702
75.553224
76.915021
76.032661
75.483580
75.026652
75.224418
77.077796
75.299000
75.409204
77.731649
76.513595
75.142151
75.379165
75.364567
77.435760
75.461997
75.372273
75.273472
76.758458
76.230222
75.566940
75.363737
75.380549
75.694759
75.254989
75.396789
75.665797
75.590455
75.570523
75.569793
77.327634
75.791864
75.326584
75.257444
75.405320
75.591854
77.359315
75.936931
75.526712
75.514634
75.511336
77.366946
75.713924
75.397256
75.489692
75.559380
77.467614
75.600114
75.594317
75.476658
75.683029
77.328856
75.915424
75.536366
75.393194
75.494381
76.671814
76.265633
75.277203
75.245832
75.178713
75.986129
76.673219
75.477071
75.630850
75.623511
75.767084
76.781910
76.154558
75.523162
75.767546
75.614285
77.424498
76.258166
75.558401
75.446282
75.398604
76.814560
75.786656
75.293246
75.252001
75.027094
77.341057
75.246636
75.221357
75.279925
75.377990
77.468436
75.440879
75.551519
75.412274
76.449525
76.714266
75.719086
75.490402
75.764681
77.119160
75.213357
75.250234
75.393847
78.205368
77.339606
75.537823
75.576925
75.601064
76.922775
75.687451
75.206152
75.255410
75.301001
77.552573
75.443068
75.277069
75.158375
75.415922
76.950141
75.189792
75.111487
75.385784
75.275064
77.530740
75.499310
75.559857
75.931123
77.132382
76.128180
75.422706
75.380624
75.911316
77.077550
75.455604
75.490169
75.723030
77.234503
75.293030
75.259092
75.327572
77.344730
75.871272
75.886235
77.454351
75.642707
75.514988
75.539366
75.396921
76.691353
75.792260
75.612070
75.762194
75.509212
75.273098
76.930079
75.813968
75.234819
75.451763
76.035501
77.011090
75.589423
75.571945
75.425523
77.969465
75.528108
75.293634
75.349047
75.338724
77.391209
75.468092
75.469161
75.379560
76.200551
76.444863
75.579778
75.438391
75.216628
77.188478
75.263723
75.753894
75.562843
77.352379
75.650593
75.619762
75.498438
76.630083
76.351180
75.454087
75.194773
75.726631
76.594265
75.267786
75.354526
75.276720
77.288707
75.440477
75.318852
75.319168
76.049159
76.746530
75.265995
75.330974
75.540015
77.259129
75.522142
75.379940
76.107260
77.106506
75.305460
75.229388
77.454529
75.865696
75.447479
75.435582
77.198681
75.757292
75.418141
75.427157
77.551534
75.919536
75.357199
75.603710
77.248495
75.990742
75.365834
75.372605
76.569131
76.664817
75.581802
75.632826
75.484112
77.752868
75.442342
75.201030
75.548291
76.729824
76.179264
75.579411
75.528852
75.900559
77.342519
75.539786
75.585553
75.676253
77.441041
75.519514
75.351693
75.429577
77.031739
76.142339
75.567670
75.185145
76.323691
76.306428
75.263691
75.251216
76.213258
76.482042
75.418697
75.241577
75.247756
77.359311
75.220408
75.070165
75.305632
75.814516
77.092010
75.942473
75.114857
75.235087
77.283969
75.565586
75.754991
75.762189
76.308849
76.851742
75.428698
76.493040
76.941088
75.405927
75.506393
75.799318
77.134410
75.349912
75.224416
75.215078
75.286000
75.369919
75.323585
74.972211
75.113414
75.284799
75.270386
76.255297
76.360397
74.973068
75.129209
75.795743
76.906385
75.496885
75.582587
75.312766
77.526788
75.371994
75.273776
75.369694
76.617426
76.329514
75.318760
75.117384
75.524295
77.039619
75.455018
77.534604
75.573265
75.551598
75.686776
75.796936
77.162251
75.297386
75.435700
75.544464
75.830555
78.667716
75.443239
75.600585
75.620093
76.483306
76.668429
75.322852
75.410474
75.477160
75.780173
77.300778
75.684017
75.566387
75.378733
77.780569
75.580009
75.720498
75.606237
76.424847
76.348202
75.422736
75.481734
75.437156
77.508513
75.243636
75.347730
75.225933
76.694221
76.121494
75.446873
75.386141
76.006853
76.836571
75.479764
75.272408
75.146272
77.486655
75.582393
75.434719
75.414125
76.642839
76.215881
75.361270
75.375838
77.103583
76.368952
75.497710
75.468129
76.014292
77.247063
75.515817
75.422403
75.222878
77.135538
75.349678
75.289569
75.534735
76.238456
77.151313
75.491565
75.608536
75.795188
77.287497
75.701781
75.622128
75.409523
77.538165
75.418256
75.345995
75.360428
77.634688
75.407654
75.430146
75.251598
77.293471
75.281795
75.326729
75.323347
77.579658
75.382807
76.716569
77.838456
75.766696
75.546980
75.378779
76.227880
76.686798
75.457564
75.363380
75.696813
76.856296
75.274271
75.362302
75.761344
77.774818
75.352912
75.399323
75.511360
77.288250
76.037101
75.508537
75.347792
76.721342
76.406757
75.439630
75.479704
75.682200
77.686952
75.727523
75.339130
75.174104
75.127883
75.112928
75.497992
75.635797
75.354499
77.278559
75.804896
75.370484
75.613997
77.239318
76.050202
75.507925
75.582599
76.661095
76.398331
75.350601
75.433120
75.498572
77.186666
75.240114
75.375553
75.589911
77.858694
75.551432
75.415880
75.372342
76.039806
76.734752
75.323050
75.257515
75.514071
77.849371
75.495324
75.523240
75.534189
77.467123
75.776634
75.750930
75.581301
75.186210
75.210904
75.741522
76.975711
75.286506
75.396561
75.587730
75.596288
75.491082
77.235827
75.175780
75.345864
75.269369
75.311779
75.513045
75.440187
75.400882
75.697847
75.371433
76.388667
76.534609
75.687013
75.443694
75.504327
76.140192
77.002977
75.454876
75.505500
75.606083
76.086321
76.586575
75.461211
75.496714
75.364599
76.052656
76.500257
75.477518
75.490251
77.580568
77.075047
75.392868
75.679915
75.108066
76.740245
76.150009
75.243664
75.227082
75.430038
77.107720
75.186121
75.374880
75.318087
75.383305
75.565890
75.547118
75.496501
75.524865
77.059067
76.281846
75.595869
75.577134
75.993388
77.126732
75.403643
75.838803
75.941217
77.032434
75.344628
75.319520
75.429318
77.505934
75.490066
75.282502
75.098939
76.662635
76.106770
75.468914
75.363350
75.303817
75.344668
75.439076
75.333336
75.270003
75.282749
76.097775
76.929801
75.274735
75.528039
74.445789
77.688582
78.968804
79.677210
79.619765
79.674245
79.638933
79.250975
79.179379
79.253043
81.276351
79.332939
79.390061
79.605976
81.203877
79.454363
79.385140
79.294866
80.254828
80.300285
79.145249
79.035683
79.195460
81.090966
78.961333
79.028931
79.068462
81.374394
79.375030
79.338380
79.247709
81.365856
79.488897
79.259411
79.362511
80.849371
80.237301
79.640138
83.635422
79.018564
81.195346
79.037900
79.212912
79.273632
80.865976
79.532903
79.226656
79.325721
81.846463
81.138061
79.390068
79.397461
79.664419
81.147973
79.481809
79.575165
79.659243
81.639233
79.465385
79.846311
79.593189
81.640912
79.532479
80.267704
81.142474
79.404910
79.371832
79.598684
81.430917
79.396283
79.248623
79.490168
81.190589
79.863508
79.495600
79.508896
80.064472
81.428963
79.729627
79.648043
80.024956
81.248793
79.460334
79.056180
79.773746
80.492364
79.074569
79.060976
80.376373
80.138580
79.259938
79.216322
81.016287
79.699266
79.311388
79.280009
80.617833
80.041178
79.233300
79.329701
80.230293
80.623315
79.429492
79.483135
80.575817
80.244562
79.262562
86.218619
90.293736
82.164615
79.365516
79.618883
81.078853
79.372335
79.389833
80.388063
80.739164
79.360332
79.500383
81.092349
79.789503
79.424187
79.447100
81.350615
79.250237
79.491498
79.479463
81.694571
79.813994
79.595827
79.712531
81.680883
79.376486
79.372453
79.289823
79.441454
81.071142
79.451947
79.965119
79.370851
81.453157
79.649790
79.526729
79.510139
80.328879
80.307123
79.505714
79.512137
79.336846
80.952125
83.553054
91.445720
90.898338
90.877893
91.645487
91.862738
90.874743
91.549416
91.515489
91.201233
90.661581
90.897578
80.518177
80.831935
78.948748
78.886533
78.893712
79.299644
80.859844
79.234294
79.043217
79.156783
80.560522
79.560475
79.220690
79.387625
80.088338
81.593907
79.540060
79.340771
79.492181
79.542387
81.406003
79.512763
79.406095
79.322440
79.543398
80.906455
79.395279
79.190929
79.257479
79.307964
81.325421
79.149477
79.242262
79.209271
81.474422
79.310418
78.976560
78.982896
80.517168
79.336602
79.269408
79.200806
79.662212
81.092436
79.507195
79.412938
79.417433
80.664729
79.965247
79.270749
79.405978
79.410749
80.979122
79.343630
79.284841
79.433187
81.315138
79.373245
79.272487
79.224440
79.376744
81.476948
79.586283
79.470077
80.433690
92.456884
91.774375
91.544222
91.613652
93.562072
91.985669
91.651005
91.715334
91.462387
91.970932
87.102774
78.792422
81.150309
79.115797
79.195148
79.021298
81.125486
79.477472
79.422036
79.607882
80.153472
81.163924
79.604913
79.419471
79.418198
80.885890
79.989419
79.462694
79.456840
79.430241
81.414815
79.463804
79.152215
79.515531
81.375718
79.561271
79.244443
79.205658
81.227027
78.958009
78.967861
79.214923
81.108676
79.579785
79.225159
79.134336
80.647798
80.258485
79.356886
79.269260
79.966239
80.614724
79.251685
79.267773
79.254772
81.398063
79.406957
79.198564
80.140412
81.223029
79.390829
79.399954
79.548915
80.490321
80.837350
79.493543
79.508003
79.450263
81.404207
79.569782
79.499659
79.336955
79.807852
81.105242
79.431932
79.259515
79.307047
81.205939
79.386973
79.234357
79.376001
79.680073
81.128343
79.412398
79.193336
79.277807
80.352051
80.092690
79.070246
79.292210
79.464492
81.367349
79.405077
79.460644
79.378139
79.691555
80.944315
79.205586
79.274084
79.679225
79.956845
80.989437
79.355451
79.331498
79.294953
79.267989
81.032295
79.226630
79.218160
80.258666
81.836821
79.289894
79.249470
79.142151
79.092050
88.999236
91.384738
88.882798
89.124563
82.205169
79.145251
79.149400
79.945841
80.661294
79.510353
78.912804
79.000563
80.012582
80.128879
79.119231
80.333259
91.167378
91.384664
92.086314
91.394736
93.259613
91.524260
91.499644
91.317496
87.503163
78.864086
79.268057
79.585285
80.928533
79.250177
79.262570
79.314057
80.872258
80.102012
79.477992
79.572070
79.605289
80.600397
79.984661
79.278828
79.260085
79.717373
81.342243
79.313676
79.377798
79.413481
79.982401
80.322882
79.066367
79.084058
79.164836
79.137990
80.467267
79.456065
79.216959
79.365976
79.249664
80.809262
79.815871
79.523646
79.658735
79.556534
80.522158
80.068963
79.327836
79.760866
92.039622
91.042662
91.475860
91.648990
84.689011
79.518154
80.441330
79.554272
79.552139
79.301841
79.368243
81.046885
79.603596
79.090021
79.106339
79.680788
81.853537
80.346736
79.399702
80.897704
79.901674
79.190511
79.356030
79.225628
79.939144
80.463492
79.280821
79.353395
79.268829
79.330376
80.461106
80.122268
79.097657
79.068337
79.087986
79.030348
80.337634
79.790819
79.392420
79.246273
79.450614
79.258486
80.079646
80.381510
79.191890
79.141344
78.814014
89.391199
91.315007
91.037242
91.786911
91.569136
92.079680
92.333394
91.625924
91.626679
92.026237
92.003467
91.720776
91.651654
91.843155
92.475712
92.453613
83.484499
78.560194
78.929939
79.516733
80.589230
78.989567
78.887656
79.119531
80.822933
78.943173
83.779144
91.802606
91.217890
85.161771
79.102790
78.921946
79.721863
81.281850
79.075195
79.077678
79.205363
81.390546
79.220479
79.306157
79.108852
80.497878
80.157999
79.368176
79.606058
80.144274
81.054211
79.552284
79.481825
79.556242
81.616381
91.478188
88.315748
78.768402
78.970366
79.501460
81.048433
79.578347
79.546149
79.530599
80.963795
79.639531
79.389677
79.251690
80.827098
80.090445
79.278804
79.208694
80.585771
80.169767
79.406051
79.369212
81.060347
79.727179
79.279238
79.446837
80.614307
80.320685
79.337891
79.319595
80.983609
79.720120
85.865204
90.009627
78.713925
80.607227
79.369374
80.324849
91.081644
90.505833
90.695024
92.100073
92.205359
91.565709
91.810365
91.404230
92.560370
91.492786
91.598906
92.184067
91.796134
91.018640
91.875705
91.892987
91.811932
84.204881
78.646699
78.787693
79.008625
79.784746
80.395853
79.425336
79.157340
79.480163
81.514212
79.550776
79.396181
79.579391
79.710006
81.241728
79.498155
79.338301
79.046703
81.293150
79.363800
79.520350
79.360686
81.286515
79.318456
79.053630
79.341706
81.104969
79.180955
79.116557
80.198593
80.282801
79.168030
79.101768
79.845882
80.560313
79.214640
79.207452
79.750841
80.765257
79.277663
79.365192
79.778025
82.293662
79.336399
81.068905
79.297636
79.062878
79.203356
79.515752
81.129278
79.241525
79.351765
79.344181
80.456305
80.686055
79.372631
79.264738
79.498002
81.305905
79.335223
79.404226
79.410764
81.128481
79.764418
79.483533
79.537919
80.797101
79.887141
79.261517
79.094710
80.790465
79.348044
78.994262
79.224749
80.610676
80.134153
79.448207
79.304528
80.377995
80.246730
79.339880
79.118311
79.374097
81.022871
79.072901
79.084882
79.042744
81.037466
79.554002
79.227731
79.261366
80.353339
80.567967
79.563002
79.442689
79.502140
81.072320
79.884656
79.464342
79.456473
79.845989
81.214383
79.196375
79.142840
79.233682
79.180263
81.205538
79.086716
79.331574
79.447939
80.259315
80.545052
79.345390
79.220751
79.220304
81.288845
79.400044
79.252653
79.418211
80.478739
80.571403
79.555127
80.018258
79.681495
80.902002
79.116147
79.323498
79.370579
81.190813
79.647314
79.331519
79.221549
80.008122
80.677029
79.299761
79.126189
79.517048
80.866552
78.941409
79.060576
79.206642
81.327677
79.490725
79.090202
79.644459
80.644812
79.190061
78.982354
78.981113
81.051597
79.162835
79.173910
79.237950
80.991279
79.457281
79.049748
79.941036
80.050149
81.703708
79.872678
79.103607
79.223168
80.218074
80.218433
79.250195
79.336635
79.184008
80.443160
80.037049
79.274109
79.226630
79.286029
81.280500
79.222867
79.206219
79.160176
79.565249
80.922204
79.270655
79.183752
79.227385
80.767254
79.108050
78.984463
79.027388
79.027227
81.105174
79.169806
79.235858
79.272702
79.679660
81.063541
79.360587
65.776078
70.574796
73.115029
74.797043
75.294722
75.437146
75.589510
75.522809
75.414864
75.488999
75.419801
75.367060
75.496985
75.479414
75.503511
75.485238
75.141129
75.555115
75.403299
75.307722
75.615275
77.008910
75.156260
75.061412
74.944286
74.982434
77.064090
75.145915
75.280904
75.345032
75.320282
77.004206
75.399833
75.228222
75.271384
75.403593
76.745146
76.169851
75.405178
75.384484
75.462230
76.571178
76.218856
75.192282
75.204028
75.347567
76.321123
76.522094
75.406869
75.223160
75.205949
75.219358
77.351782
75.492002
75.585186
75.404706
75.261344
75.559810
76.968453
75.450714
75.568884
75.330108
75.256822
76.736326
75.668580
75.419316
75.367525
75.270555
75.901412
76.643988
75.473387
75.470944
75.815062
77.095511
75.452326
75.714810
75.668893
75.223757
75.132602
75.280750
75.282243
75.446426
75.528823
77.219915
75.599248
75.553995
75.466746
75.410711
75.232559
75.253067
75.544558
75.471479
75.406220
75.350862
75.464503
75.433129
75.947127
77.301093
75.431806
75.205241
75.135298
75.105130
75.837620
76.517747
75.282668
75.538540
75.604258
75.877432
76.657484
75.037638
75.215130
75.176983
75.655639
77.264757
75.274896
75.287272
75.234934
75.353549
77.077560
75.728245
75.250263
74.964399
75.225845
76.283577
76.096076
75.248338
75.294573
75.208799
76.889113
75.734309
75.685950
75.500322
75.647920
77.021229
75.328249
75.425743
76.820961
76.338387
75.398838
75.453734
75.360499
77.172259
75.474325
75.153454
75.141453
75.099576
77.112221
75.298400
75.282100
75.113835
75.852114
77.078379
75.354822
75.131275
75.087107
75.436187
77.167961
75.203959
75.102306
75.174805
75.505319
76.702646
75.168088
75.267685
75.398638
76.504269
76.136931
75.312136
75.301175
75.422410
77.128494
75.240943
75.252894
75.755987
77.641103
76.156139
74.931784
75.128718
76.401254
76.178989
75.348928
75.167693
75.881636
76.794113
75.270215
75.428946
75.606382
77.434907
75.393695
75.275150
75.372147
75.539289
77.188087
75.301633
75.426401
75.528757
76.672793
76.461124
75.580452
75.432053
75.407691
75.477432
75.360243
75.996792
77.545292
75.342112
75.233762
75.511141
75.526106
76.436345
76.666927
75.493090
75.409414
75.565760
75.926082
76.950115
75.268775
75.399872
75.446090
75.230445
77.035880
75.494857
75.455819
75.385435
75.251737
75.584626
75.385580
75.198832
75.410767
75.636753
75.528206
75.340958
75.282820
75.314860
75.396531
75.448817
75.582906
75.517454
75.375925
77.207082
75.472316
75.311657
75.314471
75.436464
77.181638
76.292341
75.383983
75.362268
75.259558
76.404864
76.492733
75.537846
75.407626
75.276530
75.287379
77.269253
75.272103
75.131671
75.328511
75.269787
76.830179
75.560238
75.108848
75.126527
75.220651
76.792707
75.792799
75.232531
75.309930
75.175371
76.080422
76.407392
75.256312
75.144502
75.005171
75.007850
77.219378
75.286675
75.329555
75.176883
75.314368
76.091156
76.724719
75.550486
74.917050
75.171029
75.542459
77.351383
75.593278
75.586561
75.493076
75.216096
77.379880
75.294215
75.610809
75.266044
75.641755
77.120033
75.278107
75.190882
75.214073
75.082174
75.103875
75.189403
75.084892
75.184264
75.433601
75.564939
75.488770
76.512639
76.409126
75.431815
75.444124
75.257674
75.620993
77.015275
75.079152
74.918850
75.107792
75.326877
77.239893
75.546806
76.165747
75.383128
75.488434
77.447767
75.548933
75.451573
75.467166
75.610703
77.530568
75.453384
75.554265
75.564381
76.148252
76.859637
75.553885
75.510315
75.382767
76.284768
76.592657
75.385385
75.122809
75.174774
76.678761
75.893929
75.421355
75.295452
75.468571
77.607278
75.650730
75.749581
75.640279
76.715378
76.657838
75.341865
75.219948
75.176349
77.452390
75.345245
75.251651
75.357869
75.397457
77.128535
75.486722
75.408398
75.540124
76.274943
76.490835
75.427707
75.250787
75.284048
77.148241
75.647534
75.491595
75.687085
75.781953
76.379801
76.933181
75.220405
75.355829
75.451643
75.350489
77.613354
75.407806
75.302359
75.307193
75.400975
77.372543
75.359835
75.492853
75.290308
75.285706
77.417072
75.395870
75.175800
75.103271
75.435791
77.093370
75.348436
75.347222
75.390247
75.893495
77.132723
75.029149
74.817011
75.296340
77.104223
77.802853
75.324586
75.335741
75.334032
76.351873
76.509094
75.522731
75.308808
75.278584
76.046273
76.345181
75.347241
75.256925
75.147121
77.152460
75.314485
75.329071
75.243394
75.250908
77.318283
75.175878
75.044557
76.792690
76.377883
75.397576
75.501378
75.345674
77.146849
75.536757
75.169234
75.213081
74.929527
77.056345
75.251488
75.098420
74.978893
76.130716
76.604111
75.454428
75.453502
75.282686
76.749565
75.988833
75.328814
75.178822
75.138137
76.993791
75.859588
75.337877
75.207965
75.086444
77.226705
75.098770
75.202839
75.093440
75.269892
77.269782
75.252902
75.413992
75.263705
75.545900
77.211774
75.466092
75.155655
75.344792
75.194109
76.511247
76.044437
75.390506
75.247691
75.254006
75.110757
76.767155
75.412118
75.293255
75.126734
75.048523
75.282580
75.153240
75.497978
75.583792
75.418022
75.447469
75.863234
76.896967
75.486279
75.603457
75.459605
75.576553
77.069048
75.935422
75.197664
75.434978
75.600719
75.637751
75.543316
75.511480
75.316539
75.382266
75.465667
75.362256
75.472809
75.476427
75.310445
75.079501
75.093970
75.242286
77.019951
75.290918
76.348681
75.587278
75.278002
76.930010
75.451919
75.477973
75.517998
75.748509
75.483968
75.439345
75.158606
75.193793
76.904764
75.399933
75.211426
75.339544
75.285377
75.283382
77.008512
75.638333
75.172957
75.083448
75.339156
76.832397
75.687672
76.833022
76.615384
75.377013
75.753454
75.513785
75.362959
75.567486
75.363276
75.333688
77.305232
75.386924
75.554516
75.306742
75.333547
75.396547
75.373851
75.264039
75.221169
75.109357
77.119149
75.266233
75.466754
75.899888
75.689600
76.774422
76.229014
75.412550
75.276484
75.287231
76.752410
76.738468
75.584208
75.480250
75.640905
76.117149
77.096079
75.447504
75.652748
75.352638
76.109066
77.010349
75.636982
76.062607
75.677154
77.455103
75.602390
75.450763
75.376869
76.335350
76.963467
75.347754
75.188392
75.080293
76.999948
75.601216
75.749710
75.458964
75.457497
75.504338
75.418988
77.036349
75.369031
75.454812
75.349891
75.330049
75.276220
75.415424
75.163702
75.962623
76.300494
75.491616
75.555365
75.717107
75.375191
75.206629
75.742056
75.367515
76.800942
76.382807
75.677474
75.630616
75.425302
77.426478
75.634553
75.591327
75.424091
75.518127
76.827152
76.328502
75.460159
75.263780
75.139844
77.095121
75.762317
75.438917
75.744243
75.272477
77.372459
75.526437
75.910635
75.460449
75.710789
77.849787
76.220920
75.650276
76.115801
76.029916
77.884721
76.064836
76.003916
75.776187
75.526262
76.562303
76.258120
75.452261
75.488553
75.309899
75.370725
77.315990
75.447828
75.238403
76.063771
76.031311
75.646430
75.973137
75.821790
77.676149
75.887505
76.380056
76.027238
75.655634
75.573107
75.808319
76.689049
77.830834
75.614115
75.681105
75.652108
76.190615
77.235183
75.576721
75.696771
75.604715
77.182367
75.775645
75.346162
75.443159
75.956517
76.933724
75.520270
75.507545
75.862577
77.627488
75.554289
75.362313
75.371127
77.133676
75.413639
75.155024
75.374683
75.801669
76.909656
75.390370
75.399514
75.931377
77.260025
75.631358
75.494243
75.758553
76.549021
76.381837
75.642204
75.520221
75.590390
77.236993
75.446869
75.562467
75.258987
76.951007
75.776628
75.541196
75.378739
76.935029
76.254860
75.491904
75.316707
76.805158
76.050737
75.259912
75.161550
76.977159
76.026641
75.490078
75.195326
76.728511
76.054668
75.324882
75.229595
76.863362
76.102422
75.511325
75.759422
76.927309
76.314376
75.459338
75.378856
75.394879
77.281936
75.279966
75.158285
75.245811
76.764563
75.706633
75.095882
75.059416
75.681970
77.261256
75.487714
75.310820
75.189858
75.188393
77.230618
75.280492
75.488558
75.436507
76.446437
76.297328
75.434863
75.273141
75.209271
77.099508
75.457169
75.177141
75.187109
75.883258
77.064410
75.505538
75.240486
75.152078
76.156224
76.360445
75.199733
75.282312
78.079715
76.452840
75.339891
75.500705
75.339645
76.761812
75.646513
75.235706
75.361400
75.909204
77.077438
75.269172
75.425884
75.321869
76.906450
76.234922
75.411786
75.353794
74.756071
76.788734
74.733907
76.121851
66.870363
71.545528
73.590522
75.050708
75.623341
75.770632
75.768046
75.665660
75.844077
75.925814
75.772229
75.596801
75.700027
75.377207
75.301105
75.494425
75.491240
75.357334
75.359958
75.458265
75.247547
75.231633
75.278915
75.219062
75.562893
76.935346
76.256021
75.456295
75.438757
75.399475
75.604834
75.574639
75.405074
75.439320
75.561030
75.434563
75.436260
75.364567
75.340442
75.363445
75.411628
75.463462
75.427025
76.973179
75.804758
75.220193
75.379499
75.503185
75.286851
76.993017
75.234342
75.366109
75.410254
75.513898
75.355473
76.253334
76.124524
75.296663
75.359475
75.123036
75.140290
74.980912
77.041199
75.107871
74.994079
75.120938
75.137598
76.352587
76.567825
75.222551
75.210553
75.240703
75.340958
75.320167
75.389171
75.455413
77.164859
75.471331
75.612657
75.490137
75.423042
75.446604
75.523678
75.593330
75.563989
75.406509
75.493593
75.628045
77.399633
75.592089
75.548963
75.292816
75.387032
75.372789
75.450572
75.380501
75.434898
75.149464
76.953212
75.271634
75.439864
75.312023
75.319121
75.404034
75.547951
75.812360
75.479359
75.652184
75.638006
75.669855
77.458961
75.483675
75.400862
75.368839
75.480679
75.336944
75.787591
76.697025
75.703326
75.674439
75.559808
75.650122
75.385719
77.115488
75.814668
75.419872
75.176015
75.453346
75.379936
75.413417
77.242873
75.396452
75.387489
75.271230
75.316303
75.283466
76.550613
76.628454
75.451248
75.387179
75.314031
75.498978
77.008036
75.595218
75.266446
75.127985
75.261547
75.238187
76.095766
76.586957
75.575317
75.652796
75.599717
75.692947
76.156807
76.827020
75.429607
75.587582
75.648376
75.668553
77.442831
75.518041
75.254767
75.127752
75.181150
75.143915
76.516033
76.162989
75.350607
75.357355
75.471060
75.443026
75.573730
77.075820
75.368872
75.420176
75.499675
75.328986
75.284089
75.616244
76.884244
75.421507
75.487509
75.392923
75.583297
75.458104
75.717011
76.207212
76.407218
75.416501
75.506633
75.413096
75.415955
75.589990
76.150055
76.523836
75.352708
75.471325
75.510191
75.319193
75.485875
76.554895
76.754026
75.343640
75.229923
75.227703
75.397377
75.257832
76.334219
75.916317
75.297139
75.403039
75.364565
76.054265
77.981125
76.424079
74.901978
74.792335
74.947312
75.061046
75.273873
75.394428
75.665954
75.941281
76.916429
75.342114
75.309214
75.211396
75.147604
75.096511
75.371770
75.555030
77.268786
75.496751
75.473995
75.682693
75.780768
75.809741
77.257980
75.555646
75.366745
75.327530
75.127792
75.551341
76.740069
75.856189
75.420523
75.321607
75.382096
75.285954
77.262768
75.206483
75.164128
75.406486
75.315526
76.263523
76.433925
75.162683
75.302815
75.307245
75.256646
77.457423
75.457590
75.599055
75.564002
75.280728
76.096988
75.888039
75.019837
75.223288
75.593965
75.651366
75.615023
77.354933
75.501211
75.414558
75.515941
75.505836
75.701181
75.696922
75.819722
75.604695
75.397689
75.384500
77.194612
75.484318
75.377879
75.350024
75.359933
75.383519
76.845600
75.567280
75.240165
75.677871
75.541623
75.447511
77.229569
75.238674
75.496024
75.507920
75.487837
76.936746
75.658366
75.278883
75.204064
75.386440
75.460776
76.650821
76.350056
75.342064
75.354835
75.301414
75.472484
75.479614
77.172205
75.602596
75.442210
75.461348
75.390794
76.183150
76.140130
75.181238
75.355086
75.426290
75.362094
75.419849
77.356865
75.320691
75.228654
75.446767
75.481009
75.364763
76.040081
76.541752
75.480808
75.297087
75.211727
75.355283
76.918058
75.747223
75.299481
75.692153
75.646644
75.581109
77.230726
75.421498
75.240972
75.271690
75.473895
77.565103
75.624399
75.401385
75.317571
75.246717
75.124364
75.271481
75.454854
75.234603
75.613163
77.585126
76.756810
75.247202
75.195021
75.128534
75.283168
76.982937
75.168929
75.128953
75.168269
75.478214
76.681871
75.608048
75.229169
75.098404
75.212797
75.188194
76.500478
76.077311
75.458613
75.408535
75.546126
75.693674
77.069732
76.084695
75.639543
75.484330
75.602275
75.527595
75.529864
75.738278
75.500744
75.440018
77.229133
75.513209
75.451060
75.454920
75.561247
75.441272
75.438967
76.648629
76.282265
75.699255
75.716836
75.494316
75.436916
75.459993
76.509845
76.158039
75.224884
75.036668
75.387063
75.510171
76.055005
76.622367
75.349362
75.333570
75.263476
75.300145
75.313883
75.817777
76.637911
75.473818
75.396107
75.479738
75.416033
77.414869
75.255258
75.374153
75.384805
75.213929
75.177138
77.022343
74.921861
74.927619
75.074269
75.124162
75.124613
76.721192
75.333173
75.028246
74.973173
74.892090
75.543273
76.371350
74.988754
74.997371
74.884213
75.124987
77.102403
75.353767
75.388405
77.833071
76.352904
75.418700
75.459951
75.429802
76.122672
76.633901
75.738078
75.528313
75.636646
75.415694
77.185740
75.777478
75.395819
75.316710
75.582109
77.093276
75.472596
75.698740
75.665523
75.441978
76.099468
77.782908
75.828502
75.636747
75.731463
75.438263
75.406390
75.503629
75.469921
75.381324
75.710049
75.832421
77.447054
75.550458
75.813743
75.552361
74.966987
75.391759
76.674350
75.038118
75.408181
75.640465
75.417949
75.235779
76.063386
76.326792
75.179431
75.200492
75.369578
75.609385
75.404173
76.933776
75.939965
75.237711
75.218835
75.534710
75.130498
75.056899
76.272798
75.939662
75.143052
75.457120
75.389060
75.587235
75.510291
75.586158
76.429345
76.347567
75.380651
75.408576
75.384378
75.652574
75.389284
76.887857
75.670425
75.288249
75.284956
75.350332
75.554484
76.529313
76.729373
75.368614
75.418380
75.419940
75.428889
77.202617
75.615414
75.274679
75.420727
77.084521
76.247518
75.255129
75.285638
75.427857
76.181211
76.550904
75.256288
75.362971
75.430367
75.983955
77.322816
75.706568
75.642435
75.595383
75.655304
77.432792
75.352854
75.256156
75.267800
75.168194
77.348224
75.462576
75.413488
75.440323
75.541882
77.730777
75.654075
75.396343
75.231585
75.735917
76.871800
75.350662
75.392771
75.208482
75.922331
76.667451
75.237297
75.360821
75.580381
75.712600
77.504170
75.547882
75.666724
75.671999
75.556607
75.651266
77.308863
75.472370
75.304029
75.316308
75.229457
75.754149
76.086262
74.995114
75.079743
75.297016
75.268619
75.400801
75.407742
76.971125
75.478238
75.268550
75.288266
75.517187
75.547235
75.397510
76.020413
76.533632
75.253055
75.245551
75.402559
75.308844
76.037274
76.227026
75.081714
75.198633
75.087672
76.672889
77.410409
75.346521
77.609467
75.315693
75.488560
75.443415
75.462436
77.064684
75.881698
75.663220
75.482356
75.501383
75.991972
77.238729
75.435850
75.528863
75.391024
75.319278
76.055350
76.319572
75.299719
75.403486
75.597603
76.368006
76.617573
75.587962
75.402104
75.387702
77.377921
75.493079
75.674979
75.445376
75.654900
76.763774
76.369577
75.266121
75.580298
75.474917
75.305693
75.547255
75.600597
77.067945
75.395799
75.448735
75.432789
75.470297
75.117227
76.329774
75.901297
75.161352
75.197104
75.286135
75.291407
77.099629
75.632151
75.360785
75.717015
75.655574
76.049149
76.856908
75.489372
75.599277
75.382780
75.270865
75.378833
77.213304
75.696100
75.497925
75.408169
75.401369
75.530419
75.637087
77.458648
75.330723
75.326343
75.205924
75.428516
75.268497
77.175140
75.732986
75.576614
77.600494
76.614043
75.878581
75.631928
75.584303
75.492072
75.528182
75.814864
77.177138
75.542075
75.266259
75.436784
75.206760
76.265075
75.836052
75.297590
75.423012
75.258618
75.682852
76.887292
75.430407
75.610431
75.429766
75.946670
77.268387
75.398561
75.249117
75.258818
75.519487
75.406894
75.642172
75.878332
76.002030
77.446498
75.718760
75.666013
75.763070
75.887583
77.115859
75.574673
75.287310
75.410740
75.562892
77.613366
75.489761
75.165191
75.353517
75.283026
77.210226
75.847851
75.415295
75.275652
75.430889
75.676008
77.046040
75.477449
75.355446
75.343962
75.437728
77.207935
75.063641
75.123177
75.253243
75.335908
77.266831
75.451861
75.636469
75.589334
75.434927
77.519573
75.226513
75.076342
74.960881
75.094507
77.213258
75.456933
75.348444
75.490846
75.410527
76.783856
76.004313
75.423265
75.190481
75.030619
77.028921
75.209023
75.420491
75.386681
76.007708
76.537665
75.603098
75.551078
75.187801
76.036053
76.385277
75.361066
75.196862
75.250809
75.206722
75.194749
75.434946
77.390398
75.371059
75.361534
