100.000000
97.231181
109.761629
88.112995
111.556185
137.238255
98.830384
84.440195
126.961913
94.574271
86.044437
101.800460
75.433645
86.614534
117.743475
125.777364
100.493801
90.286118
107.021600
134.510784
132.942649
107.353995
106.508299
83.786355
92.788384
121.984310
99.353778
133.501812
93.979654
84.534703
110.072514
117.962611
91.127832
99.778148
83.810717
83.720934
85.461346
90.008584
89.497524
90.966419
106.429361
101.320411
85.663239
118.403639
93.841252
84.805109
85.052632
84.881211
84.522039
107.905418
109.940539
107.166616
85.789585
90.749965
109.497087
101.594154
116.072783
85.356745
85.167963
91.586339
94.249248
124.632722
125.224001
99.925752
106.605700
109.392572
136.259348
95.492593
114.180059
90.324733
84.266911
122.900693
103.290623
134.497482
84.392109
92.962288
102.504036
104.915274
119.754989
85.768907
86.889672
109.845721
90.646662
86.178734
84.252366
84.315433
87.385123
116.414366
97.091806
99.272995
105.241052
95.033381
97.881475
97.762012
124.831998
106.881507
83.118075
110.769701
87.615380
105.567366
82.558433
84.418928
94.444973
90.503066
87.024845
85.817086
99.236508
111.486638
83.218016
115.297223
147.385108
125.818252
95.066434
129.282259
125.946527
143.538116
90.740846
140.167031
121.571218
115.004241
103.019524
89.969953
87.860694
113.663182
87.290245
88.827381
86.719217
81.573761
85.475719
92.029102
107.422441
102.510275
84.665023
85.673870
84.286686
88.856460
86.874790
90.458259
84.096365
116.617362
120.868414
90.681300
82.318279
103.246054
98.257596
91.072005
114.850870
91.697150
113.978895
128.187650
113.546385
86.849934
87.662721
85.980143
122.982752
137.801018
115.144123
97.422351
86.170753
113.214188
87.077890
83.880928
88.889424
102.612437
83.594506
142.897009
101.151174
82.759516
110.259095
109.758005
100.322641
86.005590
92.797292
118.375673
101.597156
104.187148
86.659055
93.036885
97.224172
100.088519
89.002471
92.706776
94.657770
86.417184
87.275088
92.467476
87.668376
99.069734
102.839877
95.396401
95.858765
87.821818
87.382429
82.992840
87.051149
85.417393
90.042962
112.609970
127.380595
108.824861
124.117773
122.154100
111.441403
90.015047
84.454614
90.630703
127.054767
97.876682
87.685206
86.301851
95.009336
96.638482
114.691247
91.824029
89.769117
85.557043
85.807445
121.478804
83.284304
85.319488
103.932216
138.333650
94.777708
143.620728
123.477766
103.652985
145.204374
108.055473
109.528049
91.408491
85.173702
104.677177
90.504930
90.045664
90.611291
88.549289
87.802783
82.812400
87.200865
101.575230
81.809538
88.003282
113.855399
143.581624
126.500868
97.736396
131.731510
92.360904
105.810944
86.132818
104.791067
84.914681
115.210665
83.708206
115.311948
117.415507
88.777369
102.515133
116.931448
90.454637
88.306792
89.965925
84.242785
89.858222
84.286215
88.455544
101.636014
116.692661
84.411256
86.339136
130.072296
126.952212
92.032441
104.990919
152.306553
88.535453
84.415976
85.408425
111.074203
83.605385
112.031450
124.164582
98.298081
108.597454
91.986442
89.545827
88.495396
85.505543
86.642316
89.068872
94.178120
87.210835
111.937358
144.015498
140.053695
112.974093
91.035470
85.828790
82.795768
85.920206
87.076504
91.391866
101.516900
86.704928
88.096065
91.124817
84.282558
87.479751
84.806930
85.898640
83.924829
141.420278
96.215947
90.331967
102.282927
117.346395
87.158829
110.011102
88.672725
107.530225
100.840160
132.243434
88.390611
86.128814
85.527590
93.536051
117.187482
116.897339
114.071903
85.086328
119.861264
115.112498
86.131427
131.119279
125.511994
86.321688
141.331415
138.686965
90.528818
100.186094
117.736881
115.452517
90.543585
87.912409
96.003908
96.939654
82.428762
111.442467
111.813666
84.409133
91.455085
100.691992
106.678036
148.690173
101.311330
84.464326
84.213089
84.109266
97.469452
94.837138
85.757913
86.545972
123.822668
135.477357
140.073019
120.388907
113.837590
97.184875
92.888070
96.609135
114.329549
108.631614
88.217882
90.365943
98.829123
84.621386
87.844650
83.482518
87.687779
86.354568
86.918345
140.026011
109.228077
88.378225
85.093666
87.846372
84.065710
89.838319
116.591678
117.165746
120.224700
124.974744
126.789497
94.022986
115.097264
145.873138
131.836376
100.169622
97.251510
90.356747
89.683718
85.789397
94.354095
86.758066
112.492364
84.155083
89.116911
85.788250
86.181007
87.014740
98.167487
84.966135
85.920648
132.466969
125.880777
87.473326
87.004110
98.172610
143.206268
88.172833
88.365096
84.551045
94.467366
91.002322
100.289099
97.081556
92.974881
91.409852
88.488202
90.933980
94.166045
85.371954
92.364446
137.295235
86.024874
137.748197
141.558944
87.085226
86.404819
86.015801
84.408768
87.068522
111.421559
139.643718
146.795277
133.791980
91.277347
89.152317
89.997317
90.918375
89.089826
90.207625
89.869312
136.612202
85.370486
84.958914
85.749954
113.649937
116.573749
98.471147
136.134933
139.242875
106.757473
109.596230
129.425125
115.154935
97.689164
108.638199
92.856941
84.757279
83.474405
121.071705
105.592115
135.528028
150.182323
129.259819
106.981008
89.125095
86.549548
85.757589
88.392647
88.173050
82.066726
84.091647
85.992746
82.522521
91.139077
86.773153
86.581692
111.613329
89.914796
84.725820
88.184505
100.278086
85.864490
85.371832
117.484895
84.395601
106.959819
102.153580
95.892294
86.762199
98.877716
82.002856
83.779096
96.995526
151.557196
98.111842
96.700361
86.576691
113.077133
100.644198
105.679147
89.727395
84.983171
132.580057
144.397196
115.808109
83.164720
108.686042
86.186182
126.311566
122.911274
121.790945
115.872957
86.660600
132.986737
88.264448
83.225886
113.410694
93.423705
83.773964
106.607981
82.239105
83.902318
85.441079
115.750740
93.768600
94.801096
95.223136
93.963225
112.640579
105.959470
132.448994
129.952451
85.249212
87.046055
116.171720
101.496575
140.126627
86.113208
86.780884
85.122598
86.652656
111.776041
86.206274
86.106313
87.521944
114.573791
108.688103
110.020301
134.257103
120.306837
107.266387
96.484410
101.004269
93.274079
148.132618
87.555168
96.550634
87.320053
86.871518
89.430279
87.905272
89.312038
88.922909
84.892009
83.516542
84.706174
91.191179
89.219037
89.098472
88.089196
92.805622
130.894577
82.884335
108.816960
86.593069
84.636157
90.358775
92.167759
110.041160
104.012889
124.461575
132.857276
81.371164
104.258566
84.494877
87.627581
101.310636
106.856694
