50
27.317968
23.306766
23.299002
23.291344
23.247156
23.260795
23.231955
23.226203
23.278281
23.230214
23.285785
23.407762
23.550649
23.451488
23.328581
23.444897
23.470191
23.379881
23.455345
23.466100
23.544218
23.351056
23.335128
23.342672
23.485290
23.342704
23.393610
23.320142
23.337325
23.434338
23.398575
23.400137
23.402276
23.535164
23.522076
23.567245
23.516480
23.519970
23.510423
23.437558
23.425402
23.423177
23.467665
23.379290
23.386322
23.403436
23.399682
23.396092
23.389626
23.392643
23.382628
23.535358
23.415015
23.403061
23.412304
23.393028
23.446927
23.426080
23.377865
23.388770
23.397084
23.528233
23.456138
23.459133
23.439258
23.405094
23.397790
23.401914
23.409034
23.393172
23.408030
23.439367
23.412812
23.527015
23.399591
23.407574
23.386311
23.482865
23.510949
23.535887
23.485038
23.498840
23.537483
23.362471
23.416352
23.473575
23.383742
23.417228
23.329519
23.328438
23.329992
23.408281
23.327522
23.330353
23.340574
23.417303
23.466342
23.322057
23.329801
23.364468
23.428823
23.338666
23.335197
23.340411
23.408985
23.431447
23.465448
23.438349
23.455993
23.472290
23.444692
23.341643
23.342191
23.415216
23.322608
23.315811
23.335993
23.329857
23.404627
23.328985
23.328701
23.332006
23.419187
23.323721
23.326516
23.354282
23.370706
23.431376
23.456275
23.322556
23.327031
23.373303
23.339556
23.336961
23.322082
23.455704
23.381694
23.406043
23.332781
23.455935
23.354384
23.391035
23.338306
23.367152
23.338006
23.427364
23.331110
23.360332
23.446435
23.470542
23.326858
23.343452
23.329213
23.387434
23.325161
23.349575
23.324579
23.385778
23.377277
23.347711
23.328609
23.331297
23.372407
23.427401
23.344136
23.324878
23.343081
23.412882
23.329390
23.353915
23.326487
23.383759
23.335285
23.312747
23.328685
23.335765
23.416676
23.331392
23.411300
23.333294
23.392088
23.316482
23.381165
23.427058
23.341807
23.349369
23.336814
23.327080
23.347419
23.501239
23.337348
23.350010
23.348361
23.329729
23.420021
23.331646
23.318978
23.335817
23.428837
23.333711
23.413554
23.319648
23.367907
23.404971
23.334510
23.338352
23.313524
23.540353
23.378645
23.335012
23.335598
23.434563
23.496776
23.373259
23.315692
23.328712
23.450650
23.321431
23.334506
23.326298
23.332053
23.373047
23.869520
25.123142
25.212288
25.197938
25.166203
25.152527
25.154462
23.621867
23.338370
23.338917
23.329652
23.427712
23.508599
23.332040
23.341580
23.316248
23.468175
23.338478
23.330709
23.350870
23.437416
23.376182
23.345530
23.342156
23.348012
23.436100
23.384035
23.411180
23.400777
23.374916
23.456692
23.382170
23.438863
23.406784
23.401476
23.365003
23.371675
23.481075
23.465434
23.316115
23.326876
23.326641
23.418944
23.410091
23.367202
23.403749
23.343275
23.461536
23.329265
23.343405
23.353914
23.367084
23.423993
23.332107
23.317464
23.346575
23.379919
23.344183
23.312136
23.325248
23.658766
23.643432
23.429157
23.326689
23.330584
23.478699
23.340537
23.333284
23.381705
23.408207
23.371952
23.333543
23.333245
23.327347
23.437649
23.354650
23.335927
23.338776
23.373071
23.346381
23.339518
23.322800
23.338880
23.378112
23.334089
23.357802
23.328966
23.386162
23.441233
23.352847
23.337694
23.506703
23.864590
23.364124
23.345344
23.340466
23.483425
23.350577
23.341915
23.337793
23.337612
23.411198
23.332686
23.337064
23.335896
24.087083
25.157640
25.155275
25.172153
25.229486
25.167616
25.163327
25.150061
25.194760
25.194917
25.123421
25.353610
25.134172
25.234641
25.085824
25.135939
25.173895
25.254616
25.113020
25.129307
25.191383
25.427563
25.204438
25.115683
25.141004
25.250766
25.146982
25.160533
25.145498
25.171244
25.132857
25.165312
25.058964
25.162079
25.282778
25.128331
25.121803
25.155680
25.157044
25.196629
25.163129
25.135697
25.173398
25.129657
25.119805
25.191072
25.225398
25.130230
25.120580
25.141297
25.142200
25.193855
25.495622
25.098966
25.224489
25.101938
25.157327
25.277318
25.173293
25.122216
25.112492
25.122298
25.199334
25.120707
25.136123
25.141307
25.135375
25.180457
25.167191
25.176481
25.208879
25.233954
25.142055
25.168844
25.105334
25.210387
25.145966
25.097528
25.129366
25.188709
25.102921
25.120994
25.134478
25.250932
25.133536
25.137312
25.154296
25.776501
25.375615
25.159652
25.157935
25.179759
25.179844
25.160499
25.187243
25.177722
25.173078
25.211348
25.236185
25.197305
25.151089
25.205001
25.190036
25.212609
25.167873
25.560334
25.221278
25.188708
25.218043
25.169423
25.168095
25.195941
25.196169
25.220037
25.163169
25.217342
25.237945
25.216787
25.187082
25.135192
25.196371
25.195418
25.176918
25.191329
25.180534
25.223498
25.238207
25.217256
25.198477
25.200669
25.197580
25.233328
25.193475
25.189056
25.237427
25.247592
25.237925
25.233816
25.196709
25.230289
25.273489
25.258079
25.226657
25.225100
25.190193
25.220896
25.177620
25.240356
25.168113
25.208472
25.188046
25.204186
25.227649
25.216818
25.262388
25.223287
25.165789
25.143617
25.167391
25.204568
25.200464
25.238600
25.236631
25.238032
25.228927
25.171132
25.181402
25.230537
25.218662
25.217735
25.202996
25.197177
25.165367
25.234525
25.260880
25.214252
25.183706
25.175897
25.227292
25.169619
25.205113
25.200545
25.213260
25.208079
25.194772
25.208877
25.173905
25.222155
25.276300
25.190059
25.216516
25.203518
25.210971
25.204228
25.227561
25.266913
25.194743
25.236358
25.184778
25.272093
25.176236
25.239050
25.234199
25.189071
25.192285
25.175180
25.221103
25.237299
25.223435
25.199239
25.236847
25.207744
25.191524
25.252122
25.190995
25.176286
25.162881
25.169305
25.153718
25.226555
25.323184
25.201005
25.189666
25.206570
25.242241
25.188317
25.184921
25.151680
25.191100
25.241818
25.262033
23.822386
23.352083
23.348235
23.332808
23.332849
23.334281
23.321362
23.325562
23.319417
23.332121
23.345906
23.360401
23.319451
23.343292
23.327273
23.332788
23.339060
23.339585
23.337733
23.326509
23.353697
23.331179
23.348561
23.324318
23.330953
23.322101
23.331459
23.331580
23.367720
23.381535
23.337150
23.311903
23.339000
23.515511
23.366184
23.337798
23.335930
23.347787
23.351374
23.341843
23.333131
23.329336
23.344215
23.327405
23.328326
23.322839
23.321256
23.329779
23.337260
23.317572
23.326611
23.332759
23.343779
23.321829
23.340310
23.329135
23.327423
23.312397
23.320221
23.323927
23.327346
23.335755
23.327588
23.334117
23.415786
23.327607
23.331212
23.328997
23.337054
23.333037
23.336886
23.315383
23.344062
23.443712
23.362842
23.335460
23.336128
23.331785
23.371499
23.322410
23.320186
23.345575
23.331415
23.376887
23.340818
23.321799
23.353347
23.382660
23.340295
23.337587
23.328696
23.340383
23.330633
23.350655
23.328708
23.367881
23.335367
23.309051
23.338607
23.338164
23.374870
23.325594
23.307550
23.318294
23.352888
23.332333
23.351724
23.341545
23.341872
23.335294
23.311763
23.339946
23.373051
23.336574
23.325274
23.306404
23.379147
23.377856
23.350521
23.320511
23.377460
23.319435
23.318921
23.356706
23.345792
23.312759
23.321465
23.397167
23.358540
23.331297
23.321189
23.314847
23.318681
23.312881
23.317462
23.340378
23.324874
23.325324
23.316379
23.321312
23.311490
23.441175
23.317397
23.521088
23.319984
23.302676
23.302320
23.305684
23.305077
23.390391
23.351259
23.324936
23.360346
23.316179
23.320598
23.318096
23.330652
23.314870
23.312047
23.339578
23.339752
23.326247
23.342622
23.326358
23.308459
23.314714
23.309495
23.309344
23.317358
23.317848
23.317202
23.434072
23.388440
23.339455
23.334025
23.324041
23.318562
23.367316
23.373614
23.332270
23.339661
23.326401
23.320578
23.307746
23.321007
23.314149
23.302506
23.308709
23.316825
23.315532
23.402712
23.322870
23.321548
23.316131
23.302839
23.313050
23.317609
23.309341
23.323790
23.311290
23.311694
23.314416
23.305725
23.409231
23.320864
23.399388
23.327929
23.385692
23.332508
23.357780
23.365758
23.328393
23.326595
23.322734
23.338717
23.313008
23.329706
23.325037
23.303621
23.324051
23.371855
23.324557
23.315425
23.325694
23.317469
23.356113
23.315444
23.312546
23.327902
23.312664
23.317614
23.325851
23.322296
23.323378
23.360387
23.502439
23.427529
23.449743
23.315005
23.406597
23.462635
22.758748
22.841351
22.883767
22.708720
22.654890
22.656744
22.649688
22.652688
22.705781
22.650705
22.797915
22.693367
22.696558
22.649019
22.698922
22.728526
22.650587
22.657577
22.732349
22.775254
22.728855
22.692965
22.696894
22.644198
22.771403
22.781121
22.722075
22.768433
22.811049
22.691667
22.706165
22.664554
22.646000
22.785665
22.659985
22.654446
22.651872
22.652197
22.696936
22.652708
22.660028
22.648848
22.766984
22.742181
22.831691
22.777133
22.737184
22.770984
22.771511
22.773664
22.684585
22.729923
22.698478
22.738459
22.646690
22.644695
22.699109
22.638985
22.648886
22.683047
22.730192
22.813201
22.720761
22.721262
22.689451
22.692707
22.793415
22.797063
22.764343
22.721052
22.722753
22.775052
22.765337
22.649881
22.661461
22.663672
22.761165
22.794870
22.698911
22.691182
22.781433
22.687491
22.640882
22.643887
22.757491
22.683755
22.653028
22.714043
22.707196
22.685114
23.308569
22.945844
22.688343
22.739682
22.819090
22.738169
22.695836
22.761184
22.681972
22.699996
22.720156
22.769051
22.794559
22.690961
22.692053
22.731425
22.740818
22.775909
22.684643
22.784075
22.775777
22.767279
22.655207
22.654637
22.649460
22.652951
22.745379
22.691923
22.664005
22.697458
22.647947
22.652072
22.649570
22.655895
22.656195
22.742510
22.741695
22.652086
22.649821
22.690393
22.741820
22.753366
22.661878
22.683316
22.719568
22.648512
22.785473
22.768389
22.729482
22.768565
22.792737
22.690029
22.764005
22.869649
22.702779
22.645351
22.643898
22.640428
22.643595
22.657816
22.647856
22.639318
22.657144
22.656712
22.649989
22.648960
22.658030
22.638823
22.662344
22.651244
22.708167
22.665811
22.659234
22.655983
22.658549
22.703622
23.364732
23.017519
22.798502
22.712930
22.711055
22.664629
22.659306
22.655243
22.655661
22.697110
22.643679
22.660246
22.756672
22.646696
22.656982
22.688648
22.703311
22.699790
22.705978
22.687171
22.688261
22.645546
22.646931
22.652652
22.651445
22.635180
22.648897
22.697529
22.653891
22.655834
22.664843
22.644886
22.657927
22.657558
22.660445
22.658878
22.657136
22.656586
22.663531
22.660332
22.655171
22.656068
22.656792
22.653433
22.643136
22.646012
22.652209
22.648845
22.637295
22.655499
22.647282
22.654076
22.655816
22.710305
22.835592
22.645767
22.656773
22.646544
22.648226
22.641317
22.656392
22.654083
22.658006
22.658128
22.658627
22.694080
22.658208
22.658035
22.642226
22.637058
22.643653
22.648364
22.644771
22.664861
22.657050
22.639045
22.643161
22.648954
22.644334
22.647539
22.660357
22.640425
22.662578
22.656034
22.662450
22.660182
22.666778
22.648314
22.655273
22.656393
22.650334
22.694480
22.732322
22.679424
22.701079
22.661454
22.649352
22.832286
23.601839
23.167275
22.664850
22.672117
22.667919
22.666706
22.661015
22.660508
22.666589
22.665200
22.671390
22.676586
22.660668
22.664708
22.668838
22.647841
22.664443
22.697228
22.638951
22.662849
22.657578
22.659409
22.660983
22.662656
22.660730
22.668435
22.650137
22.658927
22.662462
22.657132
22.661582
22.667993
22.663905
22.660004
22.663821
22.655883
22.662818
22.661725
22.659543
22.664012
22.674625
22.662398
22.666580
22.669374
22.669629
22.746472
22.707490
22.656758
22.653352
22.663950
22.662656
22.662755
22.784367
22.726822
22.660884
22.669597
22.702539
22.653396
22.662114
22.664250
22.655477
22.654922
22.666389
22.645188
22.645660
22.653842
22.657135
22.659738
23.353845
23.078539
22.920250
22.949727
22.923031
22.820278
22.771360
22.657555
22.666230
22.665511
22.705484
22.692392
22.694677
22.811719
22.788825
22.701469
22.738271
22.775854
22.644694
22.746842
22.672480
22.691248
22.745182
22.821285
22.650731
22.733365
22.733841
22.760901
22.784147
22.774770
22.745150
22.744052
22.791856
22.829616
22.777659
22.742861
22.654987
23.275578
22.662676
22.651533
22.666890
22.652020
22.713668
22.649848
22.660637
22.648427
22.656542
22.676350
22.659371
22.651200
22.660766
22.740438
22.673540
22.657660
22.662388
22.735650
22.694169
22.733921
22.728602
22.782426
22.789695
22.646460
22.750430
22.734472
22.931073
22.725053
22.734713
22.742134
22.757114
22.767907
22.767107
22.694324
22.776787
22.785399
22.774431
22.746005
22.714468
22.689537
22.672977
22.700088
22.696995
22.770741
22.788001
22.779255
22.793726
22.713748
22.687230
22.735925
22.659680
22.827046
22.692983
22.744972
22.745867
22.702386
22.712564
22.674336
22.715071
22.760831
22.784575
22.777534
22.626762
22.668279
22.663778
22.696861
22.650598
22.667320
22.663789
22.720926
22.659562
22.654955
22.768673
22.822198
22.784948
22.776750
22.741881
22.763211
22.658965
22.718041
22.654403
23.169035
22.966413
22.693755
22.662546
22.654328
22.743922
22.776386
22.776551
22.782292
22.740893
22.783881
22.761523
22.722838
22.657350
22.660947
22.657472
22.701229
22.653025
22.644984
22.740088
22.676661
22.654715
22.660158
22.653591
22.710574
22.780606
22.739504
22.777935
22.747697
22.699327
22.750689
22.689795
22.712381
22.809092
22.704191
22.773742
22.767809
22.745143
22.749037
22.740526
22.666020
22.788937
22.743961
22.797097
22.839910
22.772913
22.800521
22.773541
22.767017
22.733261
22.740500
22.754503
22.741379
22.694538
22.667268
22.703749
22.826033
22.700474
22.739154
22.785349
22.823178
22.709620
22.706796
22.748141
22.789150
23.605352
22.753189
22.662275
22.674690
22.788417
22.662632
22.674622
22.672448
22.700835
22.864929
22.757985
22.660287
22.758051
22.831236
22.862823
22.803071
22.752907
22.796781
22.735083
22.785401
22.739994
22.784820
22.744434
22.810378
22.747139
22.669914
22.661305
22.749574
22.703586
22.664140
22.660843
22.700526
22.748591
22.704034
22.661057
22.642925
22.698548
22.744437
22.660290
22.654392
22.657713
22.863712
22.698742
22.706289
22.753031
22.798351
22.777403
22.650763
22.660439
22.696457
22.733431
22.785531
22.659453
22.651910
22.741147
22.833999
22.906929
22.719290
22.701209
22.831635
22.785355
22.688326
22.758779
22.708182
22.787947
22.735132
22.713816
22.747872
22.705279
22.784103
22.739946
22.649281
22.655734
22.790429
22.591164
22.655362
22.716287
22.653860
23.027981
22.798419
22.698587
22.663958
22.741547
22.668216
22.652998
22.709983
22.700083
22.782055
22.700344
22.689642
22.660748
22.651420
22.776293
22.656070
22.661446
22.662561
22.760264
22.709463
22.668708
22.650337
22.666587
22.821937
22.788436
22.654531
22.670724
22.659752
22.782159
22.664781
22.663284
22.662440
22.712566
22.663905
22.674133
22.654354
22.653257
22.944850
23.175908
22.668370
22.649501
22.728257
22.699694
22.664908
22.665103
22.665390
22.793896
22.707859
22.668159
22.694752
22.748035
22.795200
22.661877
22.767657
22.714614
22.702542
22.793149
22.814579
22.690967
22.730635
22.772086
22.774680
22.695106
22.709358
22.739857
22.739051
22.728109
22.775699
22.776621
22.831349
22.790664
22.745040
22.642111
22.661729
22.816414
22.691984
22.774895
22.907562
22.743514
22.659245
22.656050
22.655363
22.682744
22.850457
22.646514
22.653676
22.656747
22.689585
22.668147
22.656058
22.697184
22.772745
23.205170
22.768941
22.683848
22.659760
22.681842
22.731446
22.750813
22.642541
22.647738
22.770981
22.648634
22.637111
22.658160
22.688797
22.784235
22.695598
22.673068
22.696742
22.731651
22.650872
22.722974
22.737457
22.691149
22.766801
22.694377
22.771470
22.683252
22.702578
22.705808
22.734738
22.663605
22.694947
22.652993
22.648863
22.656536
22.682830
22.693460
22.663410
22.684747
22.661670
22.734207
22.722964
22.734389
22.772758
22.685176
22.645836
22.659748
22.651350
22.659563
22.692579
22.690954
22.826038
22.652167
22.650247
22.687513
22.780608
22.657167
22.652599
22.656901
22.661759
22.735949
22.655714
22.940369
22.733849
22.777664
22.739829
22.706340
22.665475
22.657959
22.728557
22.779415
22.780668
22.773274
22.773275
22.756871
22.659639
22.663500
22.688663
22.727917
22.685191
22.734801
22.787843
23.084018
23.200740
22.824004
22.654974
22.651091
22.703531
22.662501
22.652269
22.652085
22.666275
22.818094
22.659911
22.675770
22.642572
22.732568
22.744615
22.650986
22.656223
22.659867
22.824203
22.654695
22.659404
22.666446
22.662393
22.759292
22.651247
22.665561
22.668237
22.739670
23.491784
23.284971
23.257783
23.301184
23.349381
23.376473
23.359706
23.257716
23.267225
23.270468
23.318637
23.283484
23.302226
23.420822
23.283262
23.288045
23.303333
23.326470
23.379653
23.345195
23.362010
23.426392
23.407235
23.405649
23.332822
23.272772
23.384709
23.322868
23.278969
23.341739
23.416105
23.436622
23.511063
23.523817
23.394573
23.394652
23.388484
23.470618
23.474915
23.457840
24.391834
23.559019
23.397660
23.391782
23.446376
23.478029
23.396185
23.408991
23.426550
23.397914
23.428093
23.436210
23.388883
23.486194
23.393353
23.433061
23.504799
23.534617
23.520801
23.464317
23.443909
23.409354
23.432326
23.382419
23.487803
23.382387
23.402696
23.400728
23.523641
23.427749
23.434299
23.527184
23.538842
23.555470
23.458257
23.401050
23.396614
23.396213
23.389139
23.402437
23.767774
23.525629
23.473190
23.430143
23.539333
23.355735
23.353884
23.405014
23.344597
23.343135
23.523662
23.393414
23.342019
23.407496
23.382027
23.371497
23.345149
23.336742
23.341044
23.345963
23.351337
23.378789
23.498257
23.334962
23.341846
23.330956
23.339422
23.335329
23.338010
23.346799
23.442970
23.375580
23.366431
23.353449
23.340179
23.355019
23.355972
23.658231
23.392502
23.413605
23.361471
23.357386
23.392463
23.383877
23.408056
23.385394
23.391307
23.348503
23.392640
23.373087
23.360879
23.345691
23.337607
23.382367
23.331174
23.335991
23.352680
23.338708
23.352008
23.342610
23.362360
23.335240
23.385384
23.410314
23.363923
23.348277
23.343595
23.372570
23.342771
23.359669
23.387274
23.449835
23.357814
23.351269
23.347849
23.359983
23.964775
23.422582
23.453556
23.345409
23.479456
23.350600
23.373472
23.354139
23.369596
23.398363
23.359616
23.360566
23.364282
23.410051
23.360803
23.332762
23.346067
23.375822
23.334708
23.362432
23.334956
23.326901
23.372112
23.355588
23.326643
23.335918
23.337379
23.435816
23.344374
23.338897
23.353256
23.341523
23.337084
23.347965
23.328131
23.375989
23.393254
23.343440
23.323046
23.356144
23.431185
23.389087
23.345453
23.332706
23.314870
23.389703
23.342978
23.364313
25.024829
25.140022
25.127031
25.077012
25.063323
25.105246
25.103108
25.062313
25.031246
25.059516
25.056495
25.122723
25.162671
25.082845
25.072024
25.029143
25.037983
25.009360
25.037840
25.090301
25.128997
25.103522
25.097944
25.102686
25.106226
25.039555
25.063978
25.116051
25.061106
25.077162
25.168761
25.071161
25.115793
25.065656
25.098523
25.035211
25.140530
25.069658
25.123343
25.091873
25.118854
25.122914
25.116033
25.119598
25.093484
25.151283
25.116396
25.172722
25.124291
25.095796
25.152367
25.089892
25.060780
25.047880
25.063572
25.124945
25.067551
25.099247
25.066826
25.429664
25.088962
25.171185
25.136508
25.143665
25.183877
25.142264
25.182198
25.227016
25.143627
25.095126
25.155270
25.168532
25.112104
25.137649
25.119778
25.135520
25.112819
25.121843
25.095620
25.213674
25.188597
25.204321
25.139261
25.065793
25.098989
25.141904
25.121862
25.110805
25.138396
25.142701
25.122153
25.075536
25.545658
25.578334
25.104895
25.066480
25.092827
25.025028
25.097777
25.062365
25.111783
25.226397
25.149667
25.203266
25.065225
25.156027
25.027938
25.012601
25.087882
25.081036
25.094713
25.021915
25.084926
25.127117
25.062217
25.004572
25.064740
23.941110
23.411396
23.396686
23.347413
23.366115
23.408944
23.352079
23.358402
23.347747
23.351204
23.351971
23.443710
23.491149
23.531867
23.382478
23.393785
23.374728
23.451012
23.473675
23.350525
23.345002
23.386146
23.354990
23.345234
23.349910
23.359127
23.331126
23.386737
23.365086
23.347587
23.340269
23.350286
23.379351
23.348382
23.332027
23.327933
23.346684
23.346551
23.337014
23.342176
23.349985
23.387949
23.342302
23.335268
23.438861
24.294584
25.150554
25.074256
25.071410
25.102379
25.042995
25.052620
25.045395
25.140822
25.093539
25.015170
25.051208
25.026564
25.134902
25.084561
25.035692
25.007515
25.145418
25.031164
25.060218
25.183953
25.194792
25.131642
25.087995
25.133576
25.100273
25.029446
25.082718
25.220319
25.211909
25.138381
25.090311
25.093528
25.123541
25.089148
25.014204
25.086979
25.210678
25.166882
25.185688
25.061158
25.151313
25.181874
25.193997
25.126080
25.090067
25.124068
25.339456
25.064241
25.018188
24.994173
25.018568
25.025256
25.116371
25.096263
25.081782
25.146320
25.020042
25.202906
25.070420
25.193923
25.234327
25.229624
25.063274
25.156581
25.085724
25.084051
25.195350
25.164520
25.144419
25.089881
25.093941
25.128051
25.106617
25.139491
25.072225
25.083235
25.142096
25.070068
25.120702
25.118692
25.046325
25.081755
25.066528
25.138598
25.025189
25.042544
25.074250
25.298981
25.144035
25.070332
25.103535
25.127480
25.045902
25.084184
25.061725
25.101265
25.120048
25.097692
25.061795
25.122248
25.054223
25.122635
25.122706
25.050571
25.121439
25.050628
25.240022
25.093725
25.089924
25.024073
25.070356
25.079341
25.128634
25.094358
25.088542
25.093003
25.077209
25.093109
25.107242
25.078046
25.049501
25.069788
25.000067
25.082573
25.106520
25.065843
25.139835
25.018819
25.079075
25.106859
25.016782
24.975537
24.993997
24.976852
25.026228
24.966488
24.985865
24.997186
25.002971
25.034735
24.970334
25.011606
25.063364
25.079169
25.084744
25.169307
25.082027
25.018899
24.976336
25.024374
25.077485
25.048214
25.168845
25.172636
25.037787
25.180967
25.157116
25.135602
25.272912
25.086135
25.053174
25.116087
25.092898
25.133110
25.118480
25.115013
25.181472
25.120719
25.095055
25.045209
25.116947
25.138127
25.105679
25.074955
25.874870
25.088701
25.082792
25.163708
25.126831
25.124981
25.104431
25.072557
25.092700
25.102259
25.057948
25.114139
25.131936
25.094286
25.142603
25.168653
25.071763
25.085622
25.007730
25.161857
25.159455
25.103917
24.961300
24.994431
25.077935
25.111998
25.151863
25.051596
25.127965
25.076166
25.039140
25.088854
25.279517
25.027783
25.060807
25.043958
25.034722
25.097011
25.074282
25.015967
25.041731
25.111142
25.081776
25.080268
25.135277
25.052398
25.046517
25.029959
25.026889
25.163049
25.252981
25.107163
25.069097
25.040996
25.098073
25.073492
25.071407
25.041036
25.075226
25.060503
25.087188
25.150548
25.186935
25.129747
25.136367
23.713495
23.370503
23.441198
23.333213
23.346220
23.347281
23.386669
23.347831
23.364058
23.348779
23.350061
23.381442
23.327327
23.359927
23.331748
23.356598
23.351112
23.355280
23.335472
23.349238
23.353228
23.353367
23.347831
23.340921
23.398210
23.364593
23.342280
23.358316
23.419791
23.357624
23.343387
23.346749
23.362818
23.355470
23.354905
23.345841
23.350145
23.367241
23.353819
23.358837
23.372977
23.372084
23.368960
23.332391
23.340454
23.353899
23.354157
23.342183
23.352455
23.311639
23.382933
23.345243
23.356061
23.362222
23.366361
23.361068
23.356203
23.376286
23.399046
23.334765
23.348614
23.355675
23.352195
23.354311
23.374104
23.404992
23.337273
23.352153
23.323965
23.350707
23.337714
23.341665
23.338372
23.329741
23.331846
23.322156
23.339973
23.339995
23.322736
23.347766
23.340130
23.335299
23.866661
23.617312
23.362423
24.979090
25.071423
25.065159
25.034459
25.023719
25.055751
25.064612
25.358527
25.106378
25.101445
25.102217
25.061605
25.078833
25.034996
25.139601
25.102859
25.121766
25.044611
25.074588
25.089884
25.094363
25.096193
25.076076
25.051379
25.067050
25.105223
25.100576
25.160628
25.089836
25.029391
25.057620
25.193401
25.142753
25.067611
25.107088
25.196934
25.138044
25.030723
25.112828
25.106688
25.163799
25.093941
25.097561
25.016838
24.930398
24.974342
25.001331
25.044829
25.021639
25.016708
25.033560
25.035712
25.077687
25.083534
25.068932
25.049853
25.029078
25.023748
25.030020
25.038093
25.023993
25.067839
24.990438
25.059531
25.036451
25.064798
25.017471
25.402709
25.095819
25.064999
25.084279
25.032002
25.068460
25.098021
25.157914
25.121968
25.156367
25.166190
25.131663
25.054585
25.091381
25.038425
25.075336
25.084371
25.138522
25.055294
25.110948
25.090520
25.031087
25.119628
25.118379
25.044072
25.066596
25.026173
25.093588
25.080697
25.098151
25.169346
25.098699
24.994538
25.048316
25.076077
25.083979
25.049515
25.019073
25.055603
25.034206
23.263242
23.210729
22.742269
22.781919
22.782387
22.705279
22.773782
22.786604
22.682270
22.814914
22.788968
22.693540
22.765364
22.756837
22.643971
22.709973
22.753810
22.677863
22.736001
22.808386
22.727608
22.714244
22.767372
22.757667
22.755795
22.761705
22.748963
22.751833
22.727346
22.783098
22.683278
22.716385
22.703093
22.669465
22.673447
22.691680
22.639235
22.683154
22.769630
22.721789
22.638970
22.727703
22.678064
22.940578
22.722094
22.714158
22.793408
22.693945
22.718381
22.640605
22.759561
22.765514
22.789199
22.737161
22.780396
22.800001
22.699732
22.701652
22.761685
22.684880
22.645941
22.662257
22.718241
22.721842
22.685270
22.632356
22.874142
22.728813
22.630551
22.655672
22.697545
22.661609
22.632844
22.647037
22.640583
22.711106
22.637094
22.622162
22.626769
22.588690
22.578400
22.567683
22.573888
22.577646
22.590002
22.561363
22.564248
22.657200
22.702784
22.685497
22.710775
22.724039
22.700837
22.730655
22.624691
22.631906
22.753341
22.703708
22.775708
22.746362
22.701785
22.626013
22.668663
22.638431
22.641377
22.643532
22.678285
22.765451
22.757623
22.777497
22.916154
22.713512
22.651122
22.620386
22.631348
22.634485
22.703233
22.634588
22.672271
22.620467
22.679552
22.683329
22.626660
22.639612
22.644558
22.680399
22.639876
22.624654
22.677086
22.639848
22.662479
22.632202
22.681317
22.637919
22.629795
22.718416
22.640975
22.621819
22.629996
22.709675
22.633663
22.640822
23.303756
23.231700
22.949276
22.694628
22.645345
22.631800
22.654603
22.656217
22.633178
22.643232
22.650513
22.659546
22.631752
22.641131
22.634161
22.649113
22.667545
22.629506
22.636788
22.642823
22.663102
22.636780
22.635100
22.633539
22.649309
22.653469
22.634716
22.638135
22.693341
22.643145
22.669564
22.627177
22.644502
22.629928
22.659343
22.638856
22.640983
22.632924
22.637318
22.665697
22.635915
22.649109
22.638510
22.654333
22.677447
22.653722
22.647241
22.654532
22.666813
22.646733
22.654657
22.658626
22.636083
22.673458
22.648649
22.650219
22.662487
22.661682
22.637079
22.644414
22.651898
22.651855
22.672279
22.651867
22.645014
22.652218
22.670502
22.643346
22.638576
22.638236
22.633290
22.665077
22.651768
22.641140
22.637218
22.635935
22.650716
22.635310
22.636699
22.630270
22.663562
22.631451
22.641274
23.303940
23.209410
23.243788
23.207604
23.227208
23.206957
23.238485
23.026127
23.247509
22.872116
22.665849
22.674658
22.667341
22.672846
22.736301
22.662916
22.648084
22.662352
22.659561
22.639588
22.659427
22.647984
22.644554
22.663501
22.649076
22.679750
22.645870
22.653266
22.687714
22.651674
22.661078
22.672826
22.650912
22.668008
22.668708
22.696318
22.655437
22.693132
22.666191
22.642873
22.652394
22.657709
22.659583
22.676430
22.656894
22.649298
22.656780
22.655830
22.716749
22.675017
22.654388
22.657627
22.654921
22.657114
22.659158
22.666355
22.645670
22.654308
22.662106
22.642595
22.665543
22.691736
22.672448
22.664123
22.654660
22.659105
22.663576
22.675990
22.644474
22.664510
22.652489
22.663851
22.652014
22.654192
22.636203
22.673595
22.655014
22.649421
22.651046
22.646877
22.699447
22.659759
22.648851
22.640852
22.662796
22.668678
22.648319
22.649520
22.652802
22.658565
22.667877
22.656470
22.647468
22.647463
22.667095
22.653626
22.773066
22.664589
22.649993
22.659388
22.641731
22.716848
22.653347
22.671676
22.641539
22.653155
22.677869
22.640993
22.673069
22.657522
22.638293
22.651532
22.658632
22.649350
22.647624
22.652807
22.655484
22.746006
22.763973
22.769505
22.691936
22.798999
22.780722
22.776446
22.788392
22.758570
22.734862
22.715226
22.686848
22.636368
22.655482
22.720297
22.643532
22.653549
22.653986
22.690401
22.742211
22.754645
22.701309
22.669142
22.726346
22.731706
22.764706
22.732124
22.777416
22.718530
22.772792
22.647234
22.721044
22.780413
22.649241
22.646456
22.699630
22.644691
22.665959
22.707257
22.653729
22.647918
22.697803
22.685944
22.641258
22.651578
22.691217
22.676553
22.665757
22.659983
22.694712
22.703403
22.735775
22.774937
22.695692
22.762370
22.689515
22.772118
22.771325
22.650550
22.802072
22.780098
22.690207
22.768050
22.726673
22.729074
22.656139
22.654598
22.680747
22.789294
22.793861
22.768876
22.694571
22.663232
22.712933
22.771846
22.760482
22.777319
22.713232
22.751966
22.773800
22.760878
22.727668
22.784748
22.746223
22.821576
22.762243
22.765838
22.761538
22.799197
22.645376
22.637182
22.768493
22.710749
22.717954
22.653113
22.641630
22.648329
22.696056
22.651846
22.631300
22.650044
22.746971
22.700040
22.648756
22.643711
22.700301
22.749238
22.652542
22.681033
22.694156
22.773922
22.714216
22.685474
22.632255
22.603752
22.755370
22.770363
22.652970
22.640758
22.703882
22.788577
22.777838
22.771219
22.762812
22.733327
22.698823
22.725399
22.719864
22.731068
22.677534
22.653666
22.653109
22.658425
22.653803
22.707989
22.686964
22.686046
22.685817
22.664816
22.646341
22.702248
22.682188
22.683809
22.710496
22.694097
22.644598
22.652661
22.703858
22.646070
22.649511
22.652765
22.644607
22.699487
22.697895
22.773497
23.222779
23.230330
23.233114
23.221457
23.214037
23.224274
23.251509
22.812129
22.728662
22.767369
22.773143
22.718627
22.785555
22.804730
22.752546
22.731652
22.765339
22.737911
22.720262
22.786674
22.786515
22.770376
22.763063
22.732071
22.749042
22.742056
22.775175
22.773230
22.773058
22.737805
22.767422
22.729455
22.748564
22.781692
22.777006
22.779516
22.809872
22.639798
22.659362
22.811418
22.764470
22.780189
22.748452
22.658309
22.651829
22.690760
22.650557
22.680667
22.659326
22.649013
22.642751
22.660067
22.753401
22.810356
22.690143
22.725482
22.769506
22.763227
22.758530
22.727164
22.764297
22.787898
22.713989
22.648029
22.654793
22.653482
22.716361
22.686759
22.770508
22.772557
22.711903
22.693180
22.648514
22.742474
22.689035
22.722334
22.655525
22.639635
22.651084
22.690770
22.645775
22.650535
22.687377
22.711772
22.738622
22.724239
22.634156
22.684386
22.783569
22.733117
22.652070
22.655015
22.649107
22.687342
22.646096
22.683827
22.639483
22.673013
22.682205
22.638990
22.645726
22.642413
22.708041
22.682588
22.637754
22.643994
22.690303
22.673511
22.676943
22.768871
22.728980
22.749383
22.776098
22.781182
22.730972
22.767187
22.743721
22.687842
22.653527
22.679100
22.634775
22.714491
22.568670
22.567921
22.564857
22.635867
22.620551
22.574617
22.570106
22.574012
22.667646
22.639734
22.643112
22.638912
22.692452
22.688401
22.642446
22.655601
22.650298
22.749628
22.729938
22.852696
22.745165
22.644979
22.755028
22.636810
22.689062
22.651193
22.679208
22.653471
22.645907
22.645749
22.645745
22.704551
22.721903
22.697031
22.650098
22.641406
22.672701
22.638664
22.688465
22.729579
22.736533
22.715377
22.730475
22.724551
22.686293
22.657280
22.631310
22.644096
22.645271
22.643014
22.639769
22.686197
22.646917
22.727312
22.763204
22.773715
22.732990
22.639174
22.693771
22.693073
22.644340
22.646782
22.722882
22.699791
22.760498
22.647310
22.694347
22.630903
22.655206
22.699902
22.629760
22.665406
22.758522
22.717994
22.689829
22.738145
22.642017
22.735183
22.670304
22.646226
22.641111
22.634865
22.672777
22.632479
22.639593
22.646698
22.754979
22.729832
22.637208
22.630845
22.645940
22.675396
22.669824
22.609864
22.621968
22.672901
22.744609
22.643312
22.725032
22.719375
22.791350
22.630469
22.721724
22.768810
22.712603
22.782857
22.756789
22.712799
22.701551
22.667609
22.672944
22.649467
22.646760
22.641707
22.695008
22.691714
22.646822
22.645397
22.653085
22.627960
22.681535
22.637688
22.621756
22.659863
22.686503
22.645699
22.638111
22.676291
22.657001
22.637927
22.636962
22.623520
22.657218
22.639627
22.630284
22.675973
22.636497
22.652183
22.651176
22.727850
22.635131
22.700575
22.660311
22.645448
22.680458
22.645861
22.659375
22.643925
22.675291
22.643979
22.677697
22.660180
22.641795
22.686242
22.648622
22.688318
22.703809
22.754609
22.727845
22.768494
22.741841
22.716622
22.752334
22.747587
22.748081
22.765263
22.677108
22.679342
22.676850
22.661952
22.648223
22.643551
22.688687
22.637183
22.744181
22.684679
22.673142
22.688129
22.688449
23.186749
23.034545
22.731510
22.702414
22.703562
22.773361
22.899283
22.790007
22.610416
22.717691
22.754036
22.777216
22.652257
22.778519
22.803147
22.658295
22.644993
22.628866
22.702788
22.754222
22.617537
22.648995
22.650706
22.675299
22.620038
22.755010
22.765662
22.696024
22.742989
22.657799
22.701068
22.703288
22.720361
22.722641
22.777757
22.741047
22.806857
22.723078
22.789438
22.649141
22.608400
22.776988
22.745779
22.690483
22.610688
22.733092
22.721410
22.708852
22.648567
22.636237
22.611163
22.783913
22.662685
22.654920
22.700603
22.669868
22.737978
22.769832
22.729390
22.743599
22.713067
22.739243
22.704610
22.622091
22.665585
22.669935
22.615282
22.616020
22.741238
22.671788
22.710974
22.747064
22.799848
22.608558
22.804701
22.769485
22.689419
22.822642
22.674122
22.783503
22.731371
22.691667
22.730884
22.837156
22.748413
22.750806
22.745195
22.741102
22.707521
22.606849
22.654257
22.606874
22.664555
22.739131
22.747149
22.652031
22.623574
22.767117
22.702790
22.743936
22.611406
22.682586
22.666251
22.623983
22.618603
22.671868
22.686970
22.605147
22.630652
22.661623
22.617888
22.751061
22.774889
22.704740
22.724519
22.753318
22.733458
22.723891
22.701680
22.693517
22.777349
22.761768
22.777189
22.774516
22.762240
22.739915
22.686038
22.664370
22.738107
22.786642
22.631951
22.650721
22.649891
22.640040
22.694853
22.607869
22.699890
22.623929
22.743518
22.862422
22.779233
22.618214
22.618500
22.720135
22.609687
22.619523
22.610258
22.677152
22.671139
22.629734
22.599554
22.621275
22.726180
22.623123
22.662300
22.615246
22.633395
22.665982
22.633828
22.653147
22.656494
22.637854
22.620441
22.620053
22.624530
22.610512
22.643068
22.622087
22.614506
22.623857
22.636040
22.727143
22.627257
22.627445
22.709207
22.714217
22.628539
22.625979
22.614965
22.623335
22.671893
22.626042
22.792217
22.823868
22.720625
22.625217
22.616052
22.610183
22.601658
22.623006
22.625044
22.607279
22.642332
22.629339
22.659986
22.612179
22.623107
22.610840
22.677982
22.623351
22.607094
22.614328
22.615323
22.749605
22.630667
22.623841
22.612322
22.666299
22.673603
22.612484
22.616965
22.615540
22.722857
22.626352
22.623153
22.627293
22.681627
22.700738
23.433280
23.209252
23.218337
22.908363
22.649747
22.682294
22.619034
22.614927
22.751350
22.691437
22.660351
22.622874
22.710636
22.655022
22.728961
22.736705
22.733646
22.713499
22.696429
22.693978
22.693014
22.764821
22.634697
22.648455
22.641879
22.611175
22.667270
22.660569
22.607326
22.652229
22.741278
22.771074
22.663437
22.621018
22.617486
22.680651
22.628548
22.629778
22.616267
22.659365
22.762294
22.703187
22.719049
22.747360
22.664803
22.812499
22.635945
22.630449
22.706705
22.765177
22.658040
22.742015
22.653632
22.751854
22.756182
22.733043
22.703865
22.763734
22.756736
22.750059
22.704663
22.751866
22.749003
22.728796
22.750159
22.742312
22.683978
22.739055
22.756466
22.703200
22.700575
22.738845
22.718147
22.660296
22.669593
22.614711
22.676353
22.748620
22.657402
22.620827
22.709087
22.666285
22.706185
22.670312
22.612240
22.631904
22.754436
22.733457
23.077690
23.107667
22.720772
22.701068
22.730529
22.655757
22.608207
22.755534
22.625069
22.675206
22.749516
22.743607
22.776631
22.744683
22.701292
22.700668
22.746857
22.751414
22.733249
22.704726
22.745586
22.770904
22.664939
22.623497
22.688379
22.790847
22.701562
22.612969
22.699236
22.649864
22.726447
22.741513
22.689156
22.736880
22.698883
22.695747
22.748622
22.602220
22.624727
22.708192
22.656569
22.717148
22.753679
22.745173
22.747670
22.663864
22.624692
22.612444
22.696741
22.713899
22.637597
22.709307
22.819424
22.846990
22.676887
22.683295
22.590425
22.613210
22.767225
22.814470
22.778612
22.690848
22.722433
22.716614
22.685297
22.673050
22.627421
22.732814
22.646359
22.621520
22.630833
22.633682
22.655392
22.658822
22.630824
22.693164
22.782104
22.610186
22.661638
22.614798
22.665588
22.702761
22.663859
22.698444
22.741903
22.775526
22.686333
22.737419
22.735877
22.621506
22.733286
22.624488
22.624339
22.662055
22.678593
22.703999
22.693437
22.654176
22.671689
22.763268
22.619735
22.623248
22.663077
22.628476
22.721071
22.702936
22.615178
22.627213
22.719913
22.698694
22.644242
22.696206
22.658457
22.753936
22.610996
22.612465
22.660751
22.759865
22.736448
22.697946
22.737345
22.735226
22.717696
22.742481
22.730559
22.696111
22.747580
22.790501
22.683816
22.822152
22.675181
22.783128
22.659182
22.677735
22.723023
22.739236
22.754427
22.686545
22.655040
22.720580
22.759688
22.718332
22.738140
22.737657
22.676906
22.774408
22.747963
22.675452
22.742533
22.743018
22.702188
22.739596
22.738706
22.738182
22.776684
22.715585
22.747054
22.689496
22.737338
22.758874
22.687208
22.621369
22.661094
22.713944
22.748019
22.689682
22.662766
22.699701
22.810952
22.766015
22.718601
22.728764
22.684752
22.757130
22.748967
22.696403
23.110338
23.242407
22.893286
22.692688
22.650123
22.738698
22.743855
22.738624
22.741139
22.742717
22.719591
22.730704
22.738768
22.763777
22.700358
22.718754
22.696796
22.664421
22.732524
22.752437
22.662902
22.612910
22.657487
22.740415
22.766089
22.654845
22.737910
22.736564
22.718863
22.750041
22.733149
22.689871
22.762388
22.727652
22.688602
22.698712
22.668443
22.699514
22.741690
22.746158
22.698866
22.718979
22.764809
22.721394
22.681869
22.740748
22.739852
22.756664
22.790808
22.703176
22.610644
22.656551
22.755701
22.775189
22.751532
22.615041
22.639895
22.708977
22.623838
22.612608
22.618915
22.697731
22.660623
22.674832
22.703249
22.645191
22.717156
22.624427
22.616022
22.708220
22.727978
22.625778
22.622114
22.620605
22.618778
22.733270
22.636476
22.697127
22.685441
22.760492
22.698868
22.706617
22.660355
22.626824
22.799136
22.674042
22.630328
22.665413
22.709939
22.817108
22.699531
22.662777
22.703681
22.652233
22.722888
22.652660
22.693002
22.658756
22.735514
22.621620
22.734844
22.613062
22.681296
22.657775
22.629146
22.618094
22.658971
22.773818
22.738412
22.629706
22.622546
22.626476
22.823577
22.657112
22.735555
22.691863
22.762565
22.656016
22.744312
22.704483
22.737716
22.764668
22.732839
22.685682
22.734216
22.813105
22.686507
22.714218
22.704962
22.736852
22.735249
22.659271
22.734740
22.688889
22.673673
22.747240
22.730382
22.702623
22.742993
22.728865
22.692748
22.748688
22.617766
22.620831
22.760872
22.731020
22.721830
22.740065
22.732833
22.760281
22.650151
22.742431
22.742589
22.771976
22.730949
22.696450
22.708148
22.767255
22.685607
22.739846
22.739672
22.617541
22.718526
22.709356
22.613688
22.621081
22.618617
22.768461
22.735624
22.755665
22.698813
22.683099
22.700649
22.936979
23.275542
23.001001
22.713777
22.629739
22.636138
22.626993
22.652372
22.816999
22.624929
22.619812
22.625221
22.733592
22.789689
22.748435
22.741471
22.664547
22.809281
22.753276
22.741867
22.746742
22.732632
22.686924
22.631799
22.639422
22.672412
22.731579
22.681703
22.675143
22.713911
22.759798
22.798786
22.707336
22.745599
22.705309
22.680797
22.707240
22.754240
22.709344
22.757143
22.814204
22.702007
22.749068
22.737017
22.752551
22.711760
22.754533
22.720397
22.708105
22.775684
22.787415
22.677377
22.745006
22.767517
22.695307
22.740394
22.839184
22.709440
22.648482
22.644046
22.621838
22.619897
22.624352
22.772921
22.626703
22.699923
22.623762
22.727597
22.782494
22.660699
22.751510
22.705149
22.711110
22.622755
22.612728
22.654739
22.637835
22.716820
22.664217
22.667358
22.745748
22.721422
22.670840
22.626049
22.614038
22.701712
22.736985
22.672255
22.755078
22.659557
22.741949
22.920174
23.241467
23.208620
23.185557
22.959184
22.655692
22.665944
22.649326
22.685150
22.732379
22.705044
22.734379
22.746693
22.684407
22.750170
22.708107
22.621289
22.625419
22.778997
22.704488
22.747217
22.664490
22.691394
22.701515
22.714943
22.620111
22.616633
22.686254
22.606060
22.622473
22.628069
22.677355
22.735301
22.662597
22.907147
22.872155
23.225470
22.943378
22.661060
22.626755
22.628318
22.809247
22.668122
22.612639
22.663599
22.684040
22.697529
22.613011
22.614209
22.615799
22.694516
22.668868
