50
63.594427
65.284062
65.440250
66.030849
66.875622
67.072984
68.445486
68.871176
67.037234
68.817767
68.805423
67.117487
68.824094
68.978107
67.028486
68.834479
68.995760
67.235565
68.491339
68.391537
67.213388
74.236205
75.327309
74.143056
68.669417
68.143002
67.038580
68.892081
68.104747
67.480333
68.989176
67.792618
68.111345
68.993792
67.434454
68.447836
69.109056
67.524386
68.413509
68.896374
67.201954
68.857584
68.582022
67.198374
69.063095
68.182456
67.374774
69.056933
67.963242
68.055420
68.947114
69.090362
67.549057
68.327677
69.001609
67.130563
68.881249
68.296929
67.648251
69.135534
68.032090
67.856199
69.185774
67.492447
68.261583
68.957348
67.230746
68.525375
68.649085
67.254624
68.662832
68.182263
67.290867
69.006278
67.830146
67.190811
68.993688
67.940483
67.671603
69.102842
68.107424
67.838742
68.833333
67.960313
67.797115
68.961470
68.019848
67.679201
68.856111
67.529714
67.666184
68.906134
67.347305
67.874486
68.866881
67.268698
71.293645
75.870530
74.784059
76.803522
74.937497
75.900290
76.394637
74.828953
76.191594
75.696413
73.280890
68.798467
74.731150
74.306257
73.503367
68.772468
67.179186
67.746133
68.835201
66.986746
68.616692
68.348706
67.080903
68.698573
68.422522
70.746528
74.507952
74.911268
71.367669
70.804145
67.114056
68.877603
67.782576
67.376661
68.998873
67.870247
67.289077
68.973950
67.637956
67.810829
69.015644
67.198465
68.086962
68.551101
66.928911
68.293510
68.203552
67.058778
68.871751
67.815349
67.489212
68.997895
68.890475
68.956460
67.411753
68.155955
68.694467
67.118954
68.369819
68.884769
67.118671
68.506474
68.940901
67.059077
68.594045
68.811736
67.103367
68.777645
68.974617
67.214292
68.747661
68.941938
66.995949
68.768993
68.854431
67.129008
68.770175
68.874900
67.407614
68.624996
68.897230
67.120761
68.815135
68.797503
67.116787
68.709944
68.379390
67.386228
69.031924
68.161586
67.457101
68.938386
68.041375
67.572438
69.000494
67.822265
68.059632
68.864525
67.628907
67.926243
68.941652
67.158169
68.411407
68.874331
67.119110
68.388122
68.662042
67.172955
68.725373
68.381153
66.966561
68.737248
68.206692
67.263371
68.865569
67.529637
69.490474
76.040895
74.740365
77.429913
75.398627
75.343756
73.530241
67.394221
68.997687
67.575896
68.267649
68.996303
67.288395
68.241607
68.905750
67.447135
68.122571
68.936204
67.109114
68.319582
68.432789
67.114995
68.901347
67.984279
67.578298
69.069699
67.652890
68.012074
68.817574
67.220355
68.476055
68.792323
67.220356
68.683549
68.442618
67.225334
68.892458
68.077779
67.675877
69.139004
67.928119
72.203573
72.971785
67.142195
71.871480
71.612796
67.729781
68.939938
67.614474
67.991819
69.004650
71.027279
76.213297
75.846658
75.413842
77.698931
75.580987
74.980403
74.036959
74.903412
76.416604
76.444277
75.074538
77.524933
75.683962
75.666281
76.486551
76.024996
77.048166
70.497736
68.794576
68.934167
65.927129
66.504525
66.616900
68.395326
66.634834
67.006295
68.366329
67.246975
66.643477
66.685191
68.267255
66.660351
66.549860
66.683155
67.994483
67.125447
66.619821
68.419892
67.300642
67.609149
68.475511
66.537531
68.373740
67.532006
67.213244
68.436865
67.497333
66.395952
67.883490
66.551767
66.584333
67.932111
66.345470
68.221232
66.932946
66.362304
68.158504
66.453191
67.778823
66.785677
67.199282
67.608448
66.378185
66.384871
66.599150
67.772722
66.258047
68.105593
67.727724
66.533033
66.618061
66.534716
66.488025
67.759830
66.717812
67.133826
67.609655
67.987563
66.548070
66.546206
66.847325
67.875571
66.208969
66.184988
66.168373
66.637233
67.440221
66.469592
68.099041
66.859402
67.383479
66.965975
66.427444
66.356896
67.162300
67.183434
66.306628
66.358824
66.334616
66.389588
67.848085
66.309095
66.312320
66.354483
66.381091
67.522422
66.869252
66.399214
66.337979
66.669398
67.834983
66.442888
66.363790
66.911923
67.556809
66.282576
66.447557
66.396909
66.368658
67.335468
67.151447
66.329771
66.348140
66.318777
67.549022
66.936470
66.555466
67.019352
68.044149
66.684157
67.728856
67.153613
66.457816
66.793985
68.028919
67.559569
67.943146
66.666823
66.652264
66.658944
68.171083
66.820592
66.821177
66.773849
66.903460
68.337024
66.721059
66.681270
66.594142
67.371195
67.661204
66.781853
66.818387
67.348108
67.948259
66.612905
66.587594
68.056901
67.034129
66.857874
68.468801
66.641950
66.392859
68.228224
66.655318
66.485091
67.546624
67.224735
66.574922
67.934184
68.556718
66.703949
66.613383
66.607729
66.651521
68.020766
66.802203
66.704118
66.605321
66.649000
68.232847
66.558079
66.565793
67.344406
67.886250
66.521482
66.472019
66.456827
67.929242
66.671376
66.479925
66.596612
67.079220
67.926764
66.655281
66.628907
66.644961
67.280932
67.828994
66.645262
66.667054
66.643026
68.199746
66.717387
66.706137
66.694546
68.264401
66.853074
66.657991
66.850264
68.254815
66.685602
66.535461
66.892515
67.944176
66.453992
66.522297
67.859228
66.854827
66.451775
66.512979
68.305000
66.604652
66.668662
67.276997
68.116177
66.717372
66.661200
67.461470
67.670953
66.615377
66.512587
67.198885
67.614345
66.620450
66.671988
66.782445
68.059065
66.747380
66.471407
68.288945
66.770553
66.539325
66.797661
68.393050
66.859750
67.560226
67.573454
66.519113
66.529654
67.398356
67.562833
66.481056
66.557214
67.484744
67.467919
66.624738
66.678372
68.016913
66.720761
66.571219
66.689346
67.955295
67.040887
66.518810
66.764863
68.094383
66.422019
66.513716
67.884430
66.924766
66.625263
68.194736
68.464205
67.161351
66.408152
67.164555
67.510774
66.555118
66.477871
67.077495
67.664116
66.503307
66.460485
67.650568
68.238172
66.601927
66.570735
66.648716
67.730218
66.956977
66.452860
66.495560
67.246357
67.682018
66.526282
66.574134
66.698028
68.054679
66.817479
66.524565
66.484127
68.220207
66.501754
66.192224
66.918796
67.762201
66.264524
68.120646
66.703759
65.981882
67.200558
67.056808
66.427826
67.929473
66.269148
66.154836
66.513696
67.533940
66.230955
66.215295
66.173302
67.829562
66.366948
66.182850
67.039747
67.404659
66.420684
66.409953
66.313734
67.535173
66.738676
66.248865
66.254947
67.429774
66.633783
66.107183
66.166623
67.049034
67.209176
66.128548
66.192561
67.315513
66.981107
66.177894
66.959890
67.286768
66.205357
66.204788
67.142835
67.313492
66.299633
66.411682
66.524145
67.988938
66.401581
66.405816
66.274054
66.992724
67.547753
66.379440
66.518677
66.522485
67.791940
66.620327
66.247935
66.307240
67.317140
66.718027
66.216475
66.207112
67.478271
66.608680
66.299243
66.452405
67.803091
68.289311
66.497927
66.453765
66.423217
66.953637
67.520362
66.327099
66.533937
66.536571
67.777685
67.067169
66.533551
66.489819
68.109027
66.813886
66.669844
66.735277
68.189345
67.056074
67.882897
67.365324
66.335375
66.351949
67.535461
66.911832
66.335215
66.591957
68.046742
66.398373
66.903711
67.720007
66.466444
66.636726
67.939348
66.345639
66.341939
68.004821
66.428698
66.328522
66.464680
67.941767
66.203459
66.197328
67.121791
67.435815
66.316061
66.381763
66.797014
67.682711
66.261123
66.238976
66.524049
67.685696
66.188937
66.218568
66.555264
67.581332
66.294043
66.420307
66.238747
67.847647
66.166885
66.163413
66.202868
67.939545
66.357094
66.163760
66.167518
69.799208
66.535964
66.243392
66.255024
66.307154
66.189504
66.288057
66.275240
66.247090
66.235230
66.165229
66.923490
66.802672
66.254721
66.151979
66.204176
66.159916
66.190083
66.253679
66.217551
66.215263
66.197527
66.191667
66.167390
66.232351
66.277128
66.252928
66.272902
66.229357
66.225304
66.220806
66.222781
66.206246
66.231241
66.132606
67.869178
66.778295
66.350150
66.229827
66.100670
66.149841
66.225864
66.155717
66.288412
66.182302
66.203125
66.213621
67.538128
66.164473
66.241048
66.193904
66.663268
67.326252
66.178632
66.163943
67.162485
67.036411
66.239219
66.164627
67.426683
66.570509
66.224610
66.208267
67.452587
67.775811
66.533611
68.037453
66.795119
67.255284
68.182860
66.259833
68.171779
67.319188
66.975744
68.092717
66.259180
66.721531
63.677302
65.167693
67.088136
67.169556
67.526678
69.029372
67.534662
68.426456
69.041863
67.273406
68.935423
68.753664
67.130327
69.003769
68.426308
67.526114
69.047678
67.712539
67.972685
68.933841
67.386454
68.557064
68.986354
67.182889
73.301473
75.886212
75.922207
77.124375
75.378183
76.965746
76.109436
75.914779
76.716869
77.722943
76.233238
73.939465
75.165358
74.941051
69.824298
67.034557
68.702176
68.556650
67.028209
68.859129
68.753058
67.061213
68.548383
68.649645
67.142957
69.064493
68.824730
67.176071
68.701297
68.866889
67.096906
68.743987
68.596970
67.296273
69.092088
68.221115
68.060897
69.077642
67.473565
68.183290
68.950726
67.192025
68.683808
68.423507
67.178173
69.014487
68.232905
67.500487
69.047841
68.222854
67.462939
69.658514
69.146005
69.202748
69.282463
67.643875
68.056581
68.782552
67.115426
68.165680
68.785834
67.240267
68.846222
67.935497
67.534038
69.000292
67.449668
67.882033
69.078052
81.646213
69.129782
66.264917
66.265474
66.972485
68.078163
66.273407
67.421009
66.677149
66.624638
68.151974
66.870851
67.295023
68.025891
66.378283
68.194446
66.947291
67.245401
68.015854
66.411183
68.064851
67.046875
67.039287
67.934343
66.187480
67.417482
67.872145
66.315795
68.450273
66.831484
66.675183
67.646855
66.329671
66.201491
66.236437
66.339510
66.160830
67.838176
66.213641
66.243336
66.212235
66.226449
67.152618
66.982555
66.239841
66.254077
67.326148
66.900446
66.351855
66.248350
66.343912
66.892443
67.375077
66.278755
66.328115
66.225046
67.866127
66.135927
66.231593
66.198135
66.209509
66.413631
68.152704
66.738033
66.156803
66.227800
66.232774
66.286007
66.211507
66.261233
67.401599
66.669440
66.198421
66.286533
67.526764
67.112671
66.278201
66.270028
66.269500
67.713165
66.445499
66.247624
67.087419
67.855210
66.335746
68.040144
66.917595
67.331085
68.007846
66.283639
67.991904
67.166145
67.045238
68.089548
66.289244
67.882307
67.201691
66.347851
67.757333
66.304814
66.435849
67.719491
66.195578
66.321968
66.472687
68.055849
66.835918
67.365623
67.504863
66.241328
68.091742
67.216057
67.059995
68.079334
66.485697
67.746262
67.473320
66.803571
68.153601
66.717374
67.288789
66.900993
66.198040
66.243565
66.194637
67.838512
66.040820
66.085870
66.246755
66.262307
67.272917
67.687493
66.231526
66.155991
66.256048
66.291632
67.900997
66.283507
66.212698
67.874047
66.387041
66.239778
66.221649
67.926116
66.318206
66.269090
66.253606
66.661851
67.505383
66.306935
66.213256
66.304811
66.201395
67.793798
66.215716
66.158761
66.261342
67.071307
66.930345
66.257169
67.924465
66.207650
66.423343
67.728517
66.314446
66.258670
66.163049
66.315720
66.954619
67.139535
66.375628
66.519882
66.483499
66.387811
66.354164
67.807039
66.602946
66.393942
66.397275
66.428350
66.432257
67.821906
66.327012
66.369879
66.491040
66.559120
66.605316
68.215919
66.532455
66.472521
66.533690
67.116783
67.361932
66.552195
66.486206
66.566531
66.531526
66.561031
67.267274
67.201946
66.617760
66.561007
66.782736
68.106924
66.586417
66.531619
66.395518
66.435714
67.808030
66.331149
66.745115
67.591946
66.177295
66.229069
67.699603
66.615779
66.210667
66.261375
67.894265
66.500798
66.928064
68.125391
66.200435
68.400752
66.765571
66.506149
66.433418
66.349718
66.950117
67.392258
66.415568
66.418038
67.631575
66.900381
66.435036
67.480508
66.791545
66.185474
66.323726
66.287405
67.037512
66.913641
66.228468
66.245854
66.135437
66.294157
66.421202
67.627517
66.763853
66.415396
66.457293
66.347485
66.779186
67.518927
66.304339
66.388943
66.402793
66.785619
67.495058
66.387925
66.440161
66.433795
66.411371
66.305617
67.936211
66.361158
66.386293
66.723808
67.402862
66.204002
67.671055
66.631418
66.274595
66.231238
66.698267
67.373442
66.168430
66.217925
66.321809
66.299838
67.909321
66.341020
66.373452
66.457444
66.408113
67.431635
68.292219
66.432745
66.660941
66.393578
67.911640
66.360166
66.396318
66.338806
66.358525
67.619720
66.856765
66.370671
66.486685
68.234593
66.387688
66.340128
66.731780
67.971855
66.369571
67.630893
66.951397
66.401814
66.400044
67.693308
66.775047
66.328376
66.414065
67.783677
66.710990
67.805978
68.025574
66.453130
66.797177
67.507915
66.468395
66.351917
66.447048
66.387875
68.030455
66.335290
66.364609
68.026400
66.433519
66.461945
68.027542
66.663353
66.871771
68.048799
66.373119
67.501176
67.977923
66.964395
67.878444
66.397548
66.718597
68.023710
66.360995
66.381834
66.732693
67.610830
66.227629
66.222279
66.247759
66.352336
67.870240
66.218927
66.289585
66.298393
66.184421
66.237140
66.184366
66.249771
66.660517
66.295222
66.574644
68.160420
66.726967
66.301019
66.292416
66.220255
67.790602
66.177147
66.013686
66.352384
66.317708
67.589626
66.619439
66.282095
67.049164
68.193897
66.670448
66.350950
67.960809
66.227090
66.740437
68.110155
66.554856
67.364310
67.582409
66.368564
67.911717
66.208431
66.268211
66.278017
67.601448
66.659896
66.296230
67.016158
67.206545
66.376229
66.160231
66.292504
67.751097
66.164750
66.236947
66.241992
66.276627
66.243431
67.773895
66.787278
66.429717
66.456041
66.576802
67.992116
66.474444
66.452966
66.425326
67.206508
67.104108
66.354939
66.478105
66.443754
67.019891
68.191359
66.452752
66.361859
66.403502
67.190144
67.206482
66.482792
66.354489
66.465517
67.757079
66.802102
66.749395
68.205606
66.782437
66.351983
67.290271
67.326264
66.362090
66.443443
68.142501
66.370521
66.522783
67.495196
67.182862
66.365268
66.936095
67.642369
66.340454
66.473787
68.423812
67.863734
66.518376
66.473289
67.770088
66.950985
66.562444
66.563255
67.211148
67.393692
66.417225
66.442364
66.322636
68.128837
66.316685
66.374447
67.014192
67.604724
66.252797
66.200966
66.261700
67.764561
66.145816
66.186704
67.878851
66.411711
66.350054
68.161359
66.299003
66.320529
66.460606
66.382346
68.140718
66.623045
66.535817
66.644468
66.495530
66.792061
67.504151
66.430195
66.328479
66.471483
66.790163
67.674921
66.354917
66.402698
66.845818
66.592870
66.536925
66.601417
66.517661
66.567225
66.616668
66.583021
66.523703
66.560545
66.513464
66.526415
66.489673
66.565187
66.567306
66.552721
66.462642
66.404893
66.348364
66.292090
66.445513
66.418550
66.383566
66.416199
66.359254
66.486273
66.406926
66.408275
66.322847
67.830716
66.488769
66.417172
66.370860
66.928427
67.750455
66.433606
66.381497
66.438903
66.397944
67.482109
66.879489
66.549687
66.373884
66.337914
66.383176
67.617625
66.642296
66.425889
66.488465
66.316167
66.356922
67.617055
66.743326
66.417432
66.355130
66.345659
66.388795
66.626364
67.769983
66.348749
66.480842
66.450275
67.533056
67.055744
67.507580
67.852410
66.379003
67.301752
67.399401
66.428215
68.250423
66.464472
66.802530
67.879672
66.369321
66.369976
67.849878
67.141149
67.120779
67.883639
66.453469
66.568988
67.705452
66.984180
66.513850
66.646139
66.586247
66.739053
68.093461
66.522978
66.544418
66.438465
66.409400
67.865533
66.618806
66.599395
66.508713
66.364790
66.353128
67.490017
67.141352
66.408531
66.353756
66.433287
66.385159
67.353774
67.008573
66.319489
66.391159
66.435560
66.346742
66.433488
66.382302
67.591809
66.770575
66.424171
66.480178
66.410239
66.322430
66.394791
66.653582
67.763635
66.389052
66.365911
66.414220
66.391980
66.451055
66.394278
66.363200
66.367624
66.349993
67.775741
66.417909
66.451575
66.365724
66.412099
66.410736
66.371252
68.084796
66.475899
66.538060
66.480534
66.525131
67.350832
67.193268
66.477833
66.477788
66.542490
66.590968
66.788599
68.015319
66.582640
66.560422
66.527093
66.537903
68.100566
66.534331
66.464761
66.540819
66.708881
68.022582
66.607140
66.584997
67.641376
67.370078
66.544051
66.515258
66.581271
68.244061
66.571347
66.609996
66.510585
66.603997
68.163836
66.486114
66.540211
66.557236
66.620807
68.018375
66.478741
66.495858
66.589357
66.496948
66.530756
66.546499
68.156410
66.440421
66.483840
66.359082
66.451977
68.056516
66.411673
66.314264
66.381022
66.888064
67.614882
66.320026
66.332189
66.630104
67.786280
66.403065
66.439597
66.351444
66.955352
67.507644
66.413244
64.122157
66.787504
72.769868
74.462356
74.861966
75.419212
77.835082
75.632683
76.041240
76.222170
71.987195
68.878012
68.582983
67.115568
69.081618
70.463953
75.443216
75.771759
73.088890
68.745046
68.256520
67.255500
68.844370
67.860730
67.250233
68.962135
68.092773
67.543674
69.077697
67.566383
68.046253
69.115227
68.303975
68.961514
68.952163
69.045760
68.825339
67.457742
69.144069
67.913151
67.836579
69.111008
67.277525
68.330829
68.663303
67.264540
68.640890
68.678580
67.239573
68.638243
68.219864
67.493944
69.059141
67.856261
67.585408
69.012729
67.584589
67.965450
69.063696
67.230267
68.522835
68.439317
67.080570
69.032953
68.005187
67.146211
69.088218
68.078563
67.239841
69.112520
68.129725
67.729755
69.189409
69.509405
67.290074
68.212657
68.903726
67.162853
68.264599
68.963731
70.293764
76.369061
76.042094
74.994406
76.916439
74.762802
75.732972
75.877928
74.705316
76.769018
75.299368
75.513712
76.845853
74.945812
74.776279
68.963919
68.201475
67.619363
68.911658
68.222119
67.423479
69.125918
68.018132
67.778966
68.933715
67.171182
68.376541
68.627576
67.112922
68.997920
67.963893
67.698958
69.053695
67.379730
67.932600
69.039794
67.309038
68.469605
68.962587
68.997777
68.978197
67.270270
68.213374
69.010792
67.082458
68.577497
68.955455
67.241203
68.745035
68.929008
67.225954
68.964513
68.955070
67.755573
68.065784
68.948592
67.449163
68.249763
68.870123
67.392564
68.064734
68.916320
67.083540
68.301401
71.505725
74.822806
75.724837
76.033726
68.049439
68.779036
68.352596
66.945793
68.860403
68.258481
67.539489
68.950959
67.692088
67.940559
68.894046
67.314052
68.568234
68.322243
74.244236
73.977748
67.337527
68.236133
71.422098
75.213330
76.132253
75.719140
75.172991
76.932684
75.405113
76.559222
75.846938
68.416586
69.180655
68.716139
67.933640
67.790583
68.845034
68.478294
67.204791
68.901510
68.271392
67.195580
68.731371
68.406502
67.843245
68.913685
67.873187
67.886997
68.877404
67.913298
67.549081
74.998946
74.364493
71.800559
76.198444
74.905505
76.603902
69.690508
68.159173
68.848459
67.150484
68.420777
68.818588
67.312856
68.468406
68.912520
67.754694
68.009471
68.877542
68.609926
67.176447
68.851054
68.878333
68.861104
68.838896
68.573735
67.248741
68.834670
68.887527
67.240267
68.785692
68.813552
67.652774
68.084637
68.787471
67.464043
68.067769
68.872449
67.579849
68.102412
68.856678
67.020961
68.505299
68.690669
67.005823
68.792392
69.204381
67.060835
68.150295
68.792025
67.050355
68.719552
68.880777
68.056789
67.545419
68.788111
67.805293
67.532238
68.900142
66.145035
66.550101
66.537161
66.642538
66.684667
66.641234
66.609000
69.525748
66.728266
66.673281
66.762029
66.575938
66.678347
66.564372
66.545060
66.429560
66.436330
66.394048
66.339050
66.466471
66.394527
66.380440
66.408492
66.401208
66.480300
67.974151
66.536202
66.493810
66.477901
66.504968
67.492069
66.966237
66.468342
66.499934
66.566201
67.226309
67.536407
66.577001
66.515687
66.527338
68.144100
66.513476
67.988834
68.007385
66.578398
67.379586
67.479000
66.456945
66.570792
68.269241
66.460087
67.771838
67.404996
66.384565
66.395310
66.853939
67.527983
66.351412
66.416674
66.337984
66.566379
67.664017
66.371982
66.324832
66.391094
67.042480
67.368922
67.078617
68.214425
66.454430
68.230292
67.166509
66.424488
66.513170
67.830977
67.390983
66.451737
67.794096
67.004007
66.517621
66.549233
66.519850
66.587795
66.602744
66.701870
66.629809
66.629643
66.573170
68.108777
66.509340
66.481411
67.880549
66.493482
66.534924
66.542781
66.510788
66.508364
66.155200
66.133782
66.250411
66.146687
66.120280
67.572156
66.262660
66.146087
66.091314
66.470147
67.242747
66.100068
66.819359
67.153887
66.129273
67.015544
66.958096
66.082176
66.154754
66.605099
68.135102
66.316225
67.376705
67.033363
66.158595
66.142394
66.957346
67.222854
66.233036
66.179877
66.742916
67.302950
66.153441
66.167170
66.136927
66.659579
67.345269
66.142629
66.276104
67.854573
66.141957
66.140511
66.196214
67.283206
66.737132
66.185134
67.745920
66.513731
66.233095
66.171974
66.714711
67.147448
66.143406
66.155471
66.139542
67.786098
66.183710
66.257275
66.215882
67.819476
66.451739
66.168245
66.135713
67.958303
66.204725
67.940621
67.334473
66.328292
67.731743
66.843428
66.452791
66.447194
67.248087
67.251662
66.463783
66.580801
66.515146
68.171420
66.518302
66.540769
66.455000
66.371065
68.020401
66.346105
66.391362
66.298543
67.843514
66.278640
66.103666
66.329330
67.703466
66.184765
66.290230
67.092404
67.901918
66.157155
66.188710
66.664656
67.428598
66.143384
66.273357
68.032481
66.208112
66.198603
66.227178
68.069055
66.343012
66.176434
66.247770
67.432259
66.635106
66.249807
66.112428
67.329055
66.728382
66.221693
66.219138
67.447913
66.538721
66.111815
66.125867
67.651279
66.475241
66.173156
67.617167
66.411896
66.297162
66.560063
67.713250
66.447144
66.539595
66.468313
66.511442
68.070830
66.416895
66.537060
66.531249
66.492342
68.205366
66.534354
66.633951
66.576468
67.483311
66.928410
66.286026
66.305031
67.731494
67.315206
66.214031
66.931872
67.246921
67.099438
67.860789
66.364614
68.130461
66.862440
66.159157
67.378393
67.334699
66.359254
68.257622
66.369060
66.918139
67.221354
66.180243
66.120798
66.902554
67.082288
66.210569
66.200240
66.163590
67.105879
66.845507
66.240911
67.527948
67.315380
66.164387
67.680899
66.602683
66.288117
65.960223
66.605835
67.359622
66.166817
66.105284
67.848630
67.156273
67.941932
67.905454
66.232655
67.057783
66.924956
66.237890
66.263942
67.578471
66.611203
66.212309
66.183667
66.155937
67.019037
67.028296
66.203726
66.159813
66.656532
67.332485
66.186531
66.195593
66.195145
67.809476
66.225863
66.241878
66.717922
68.040743
67.091344
66.175394
66.138875
66.489435
67.560666
66.199307
66.179553
66.201947
67.359058
66.697302
66.195166
67.052905
67.243319
66.200266
66.569049
67.569194
66.358576
66.703600
67.880512
66.186426
66.258874
67.172230
67.082155
66.211864
66.204188
66.254222
67.507570
66.767350
66.271012
66.231625
66.884655
67.219731
66.045520
66.142804
66.831101
67.301746
66.154787
66.145680
67.212378
67.721395
66.153589
67.855848
67.473827
66.165422
66.199893
67.939309
66.324265
66.460318
68.060132
66.155641
66.201631
66.145614
67.234398
66.822459
66.126653
66.151457
66.152263
67.757168
66.184367
66.164622
66.260552
66.184819
66.430382
67.922990
66.442330
66.359294
66.353739
66.358122
66.298952
68.019793
66.336897
66.447879
66.501082
67.475244
67.112010
66.435740
66.171217
66.149977
66.210576
67.790047
66.176295
66.174658
66.201871
67.006910
67.258398
66.175730
66.152734
66.667290
67.374662
66.200450
66.201503
66.464272
67.572143
66.204689
66.155073
66.841918
67.677930
66.301937
68.028374
67.081838
66.164949
66.307483
66.796428
67.274823
66.170667
66.251633
66.376469
67.794778
66.128953
66.603836
67.637761
66.202570
66.231221
66.233133
67.976955
66.232391
66.258293
66.562533
67.597741
66.303651
66.132301
66.169777
66.278579
66.382585
67.907589
66.429401
66.247622
66.362268
67.152590
67.159144
66.388425
66.368152
67.254320
66.927981
66.253830
66.174382
67.163355
67.019904
66.151489
66.213392
68.070012
66.204884
66.191062
66.244420
67.906868
66.342980
68.073271
66.959556
66.157069
68.101791
67.444387
66.433759
67.873166
66.189414
66.289962
68.117495
66.135401
66.290394
67.285226
67.158676
66.428445
66.812365
68.073354
66.363092
66.344578
68.284217
66.409339
66.275389
66.429578
68.073090
66.320491
66.301432
66.747895
67.643237
66.357851
66.453106
67.194425
67.406115
66.370460
66.306075
66.831986
67.697750
66.386515
66.324674
67.134936
67.442489
66.429013
66.426966
68.217710
67.527821
67.095547
68.224451
66.447768
66.366712
67.521152
66.955651
66.401146
66.323919
67.449059
67.098472
66.326959
66.337193
66.451543
67.774471
66.618965
66.286292
67.522240
67.056645
66.362836
67.886000
68.267189
67.247011
66.286914
66.295019
67.956836
66.512254
67.384779
68.184861
66.689188
67.934578
69.293559
70.740480
67.924644
61.668521
61.532340
61.485005
61.399911
61.414753
61.645597
61.683752
61.489266
61.444829
61.501282
61.461630
62.536158
64.279084
64.824067
64.768429
66.026786
66.115809
64.808530
66.489106
65.807350
64.683182
66.382630
66.815419
64.658612
66.078629
66.355904
65.437890
66.643858
65.533497
65.329951
66.578997
65.228402
65.283666
66.541329
65.599054
64.976977
66.475089
64.915309
65.408948
66.485677
64.746787
65.643970
66.438635
64.628054
65.623335
66.460782
64.734196
65.621136
66.402377
64.719801
65.737713
66.318726
64.652414
66.073965
66.267927
64.680318
65.979838
66.233975
64.653221
64.924481
66.441931
64.918420
64.579898
66.244475
65.583101
64.658361
65.404926
66.179147
64.685030
64.733889
66.491907
64.734777
65.439571
66.302006
64.823485
65.473748
66.324121
64.992187
65.421217
66.568037
64.881247
65.260031
66.611866
65.304551
65.194352
66.576064
65.687252
65.529542
66.356051
64.659104
66.411491
66.503998
66.657861
66.450796
64.931008
65.438695
66.715560
65.111716
65.614471
66.638228
64.896650
65.833580
66.445324
66.171031
64.502349
66.178330
66.253100
65.119193
65.013103
66.131249
65.841937
64.552440
66.083780
65.788403
64.635528
66.184817
66.137020
66.222029
64.953903
64.703652
66.246882
65.007914
64.730655
66.194365
64.704351
64.625925
66.222488
64.508589
65.226389
66.122939
65.139164
64.815772
66.185471
64.950774
64.897178
66.145045
65.023265
65.797691
65.720541
64.667995
66.282719
65.786371
64.550921
66.284960
65.090637
64.519359
66.034645
65.132836
64.817261
66.326477
67.743802
64.552086
65.669172
66.329510
64.860711
65.601520
66.268986
64.608943
65.389360
66.202817
64.545483
65.719695
66.206696
65.056324
64.917195
66.202319
65.100509
65.205531
66.155083
65.485569
65.013308
66.695815
65.585068
64.502576
66.147384
65.492088
64.345500
65.980460
65.026169
64.389283
66.202451
65.565763
64.435963
66.093214
65.576448
64.705559
66.140354
65.166743
64.996605
66.188733
65.360464
64.716749
66.268071
65.472185
64.723796
66.296245
66.288949
66.299880
65.919699
64.630404
65.269994
66.284671
64.749772
65.483668
66.362357
65.589775
64.866844
66.284510
65.757968
64.885075
66.418602
65.590384
64.948472
66.564903
65.522682
65.097600
66.609409
66.074425
64.670325
66.378445
65.282462
64.672995
65.543679
66.137957
64.470068
65.911766
66.276641
64.668034
65.935223
66.513090
64.668135
66.128162
66.062721
64.691465
66.382923
65.876019
64.526354
65.734849
65.940744
64.534194
66.108175
65.691109
64.592470
66.188133
68.718443
64.567584
64.538137
66.369263
65.107220
64.588460
66.255650
65.189209
64.509714
66.127460
65.061449
64.508274
66.272619
65.240796
64.574571
66.347270
65.116169
65.053224
66.449016
65.449003
64.638083
66.325213
90.276125
62.665465
61.445196
62.947020
64.421899
64.599769
64.667666
64.663134
66.104206
65.497189
64.653959
66.018662
65.452215
64.635866
65.398583
65.776745
64.513898
65.425974
65.924535
64.508390
66.211529
66.307464
66.138948
64.506159
65.342943
65.926381
64.611103
65.237376
66.273456
64.540598
65.567229
66.372099
64.629734
65.712156
66.261102
64.664389
65.710325
65.940593
64.755559
65.168032
66.543112
64.586362
65.795236
65.635956
64.489085
65.812293
65.591966
64.657010
65.759918
66.136859
64.713364
65.594789
66.346443
64.782598
65.641108
66.451386
64.863445
65.888255
66.536162
65.721340
64.672358
65.372116
65.990149
64.725076
65.571902
66.512855
64.820306
65.481076
66.467995
64.809158
65.882030
66.149078
64.817360
65.913287
66.126003
64.683482
65.852758
65.974111
64.793144
65.488844
66.020898
64.530653
65.507280
65.939014
64.525863
65.658603
66.126000
64.492990
66.312120
65.405719
64.530329
65.703914
65.609960
64.616709
65.883906
65.757263
64.664678
66.127001
65.812223
64.434789
66.183273
65.241660
64.955421
66.131795
64.430133
65.083107
66.163075
64.368106
65.015883
66.093686
64.310680
65.082166
66.305942
64.699553
65.323699
66.337456
64.555359
65.338253
66.334868
65.142232
66.318035
65.785441
64.534423
66.086061
66.111096
64.492310
65.978576
66.181018
64.609026
65.779913
65.969539
64.515470
65.531576
65.956298
64.539813
65.553987
66.330507
65.375697
64.496632
66.324478
65.189902
64.810609
66.264900
64.901095
64.907439
66.256958
64.619552
64.656909
66.325757
64.903521
64.594126
66.311132
64.900972
64.579387
66.278925
64.889453
64.610673
66.615628
65.312064
64.700958
66.068213
65.413310
64.505792
65.459388
65.737627
64.733358
65.818992
65.262019
64.516913
65.356698
65.711097
64.554489
65.330945
65.976056
64.650460
64.543856
66.290375
64.759930
64.575952
66.075140
65.550975
64.639229
65.625925
65.801402
64.646774
65.320385
65.961103
64.663161
65.528746
65.702354
64.582203
65.736222
65.570204
65.104223
65.925346
65.448635
64.625855
65.261380
65.680104
64.505425
64.575464
65.989278
64.854318
64.387985
65.768692
65.393701
64.600101
66.268933
66.250054
64.551719
65.508283
65.898038
64.571475
65.101890
66.368330
65.559199
64.548133
65.757625
65.368905
64.506039
65.747022
65.726196
64.519886
65.735009
65.429320
64.568499
66.284550
65.066321
64.542247
65.686222
65.512753
64.562826
65.450054
65.811508
64.621595
65.507508
65.695048
64.598619
64.767755
66.252560
64.495310
64.573917
66.314686
64.789378
64.712872
66.299649
64.727646
64.664067
66.354538
65.412715
64.649192
64.846764
66.436083
64.683312
64.735434
66.302710
64.856929
64.698388
66.303595
65.604943
64.675676
66.092555
65.338579
64.601445
65.596065
65.767535
64.532417
65.285433
65.915157
64.486239
65.280939
65.865511
64.602845
64.937207
66.201202
64.618969
65.102751
66.334215
64.543641
64.764419
66.346217
64.600637
64.776140
66.064441
64.373829
64.367564
66.078418
64.988191
64.537700
65.589267
65.459399
64.510088
65.786240
65.356779
64.537245
65.621247
65.401663
64.852644
66.395876
64.756712
64.455898
65.877490
65.169328
64.587851
65.456428
65.627024
64.512637
65.279102
65.988820
64.521537
64.540779
66.013698
64.896342
64.555730
65.410495
65.729782
64.547139
64.877466
66.376548
64.528578
64.544415
65.914531
65.111720
64.589083
66.102758
65.721250
64.767834
66.143475
65.637219
64.679398
65.925335
65.636402
64.701467
65.561246
65.829503
64.503100
65.445167
65.585896
64.552126
64.766772
66.334780
64.487956
65.120912
66.048319
64.577864
64.532670
65.818529
65.130098
64.571488
65.300287
65.613248
64.568198
65.171979
65.860532
64.486607
65.040795
65.966424
64.527948
64.925357
66.310453
64.648109
64.933384
66.038286
64.467224
64.510563
66.147213
64.976231
64.474244
65.813923
65.282833
64.513386
65.713691
65.495291
64.548384
65.210994
66.043448
64.632972
64.892474
66.451515
64.738455
64.699463
65.643272
65.599810
64.530599
65.497270
65.887858
64.501160
65.839580
65.976110
64.518234
65.932565
65.855728
64.538617
65.858238
65.649643
64.480321
65.860654
65.559024
64.581000
66.065518
65.331013
65.633129
66.624453
65.344003
65.351275
66.502850
64.671377
64.804645
66.407665
65.124610
64.826289
66.576251
64.819609
64.674062
65.927634
65.531369
64.672131
64.963167
66.398498
64.594014
64.802375
66.324615
64.809931
64.774884
66.367276
65.193296
64.725164
65.770277
65.724623
64.875054
65.214322
66.372438
64.742190
64.927738
66.677696
65.202691
65.881558
66.141124
64.610655
65.136898
66.221729
64.647579
64.666925
66.349282
65.032913
65.452678
66.439661
64.717555
66.259816
65.526772
64.526367
65.169012
65.890407
64.534784
64.676275
66.409153
64.595365
64.565929
65.761054
65.359315
64.537737
65.959440
65.361486
64.742658
64.817238
66.522677
64.854131
64.684257
65.839850
65.281735
64.564167
65.039625
66.356649
64.637989
65.022653
66.269033
64.539709
65.091973
66.052375
64.511975
64.561034
65.874375
65.227517
64.534467
64.864230
66.175483
64.516421
64.452910
65.894108
65.179914
65.003292
66.471713
64.768615
64.696048
66.286904
65.077415
64.612247
65.949339
65.389347
64.959332
66.348350
64.938328
64.928518
66.237314
64.540467
64.572229
65.864154
65.071377
64.756020
64.975604
66.144307
64.657246
64.699745
66.048429
65.165739
64.667571
65.213422
66.064752
64.803183
64.626315
66.132449
65.019308
64.526506
65.358289
66.401135
64.514249
65.431911
65.636494
64.577418
65.120073
66.046993
64.559390
64.707131
66.353585
64.532061
64.511055
66.159388
65.211316
64.637892
65.449691
65.729632
64.528305
