50
57.505701
53.123056
43.754423
41.436135
43.713838
42.760862
46.491592
56.152981
54.168317
50.397872
46.359559
47.065302
45.351236
43.622935
48.863599
43.310175
43.498503
40.489826
47.434699
45.477497
44.536457
42.705040
42.489812
42.414738
42.437464
46.837724
48.619304
51.049350
50.933525
47.627313
51.046064
53.820988
47.012693
48.472706
51.338432
41.614652
50.116707
60.111883
62.160398
50.166003
44.203612
42.983026
47.641465
50.245229
57.036600
55.797542
46.869095
57.034650
54.469317
52.070457
41.731089
38.456793
47.971736
48.977166
55.487701
42.199538
42.379782
51.072442
56.705598
54.124467
54.908348
52.134633
50.543377
49.841567
56.946330
52.453931
43.197447
48.738585
50.713753
47.735457
55.453936
49.373692
56.615876
48.380529
51.791873
56.123203
47.985944
46.653201
44.338056
40.800813
45.301819
46.056109
46.143959
49.144867
56.209940
47.036844
53.423122
44.523786
43.739791
43.281860
48.136444
53.047982
49.544661
50.923382
54.386777
50.690171
46.018258
48.234374
50.701584
56.044937
51.395548
49.761460
57.039108
51.223600
49.535500
46.869387
42.842463
47.176658
51.048953
50.450051
42.834347
49.024343
43.997195
47.950466
47.606824
45.429730
46.271158
46.194844
49.456405
53.843719
52.832056
53.236538
56.876105
53.006588
52.802581
57.515069
47.463777
51.605030
45.080155
51.113498
55.177063
45.714936
45.938444
46.490105
49.589272
48.770304
47.411601
50.662936
52.060680
50.578676
48.735716
51.296514
40.038976
52.548289
46.233260
47.720013
46.437228
48.318217
55.173455
48.712959
48.555160
51.433710
51.481466
48.452174
51.408352
44.875523
48.293499
50.466641
44.461236
45.221100
44.969307
48.139362
51.847304
48.629909
48.341154
50.619154
45.549082
46.973287
42.554814
45.491512
50.997173
54.431442
47.190509
48.679028
57.515531
47.755444
51.449995
50.088402
53.590227
52.546097
49.963389
50.886357
53.982279
53.854332
52.273327
46.806380
53.824725
49.520296
48.624630
48.786901
51.252124
46.278077
50.536926
53.934150
50.303753
54.337386
47.454142
46.035818
54.668321
48.752503
50.696597
57.931137
51.600365
53.292512
47.330602
45.231751
49.350295
48.249663
52.970067
49.055845
53.863983
52.249074
56.308915
55.395594
52.641622
53.060939
59.645325
55.185411
53.681755
56.161947
49.247868
46.797203
45.583097
49.886569
50.839532
48.137560
51.564039
59.473775
47.270208
45.207303
52.271195
50.529821
48.941855
46.631566
47.246927
46.205452
52.990705
50.011206
49.058990
47.950028
47.003515
47.910990
54.979493
47.105304
51.894799
55.413582
51.003185
51.295472
51.204753
50.316185
48.083927
45.458631
48.709790
50.277057
42.245230
45.824575
48.068670
48.740912
54.074606
55.774737
48.061909
53.931774
50.691418
56.854800
55.518493
47.661472
48.427724
51.628552
52.525689
50.287045
51.883330
50.008178
51.756935
48.354012
44.544789
47.805605
51.135946
46.187008
48.655035
46.971814
53.855346
49.810570
48.169695
51.247294
51.024963
48.337094
51.858494
49.268381
46.173353
51.192750
46.379369
51.095644
41.855811
49.372746
43.967633
44.531866
47.796828
43.382641
44.412929
46.960215
46.953171
52.844181
43.149546
44.893684
48.100083
50.256597
52.284826
47.656697
61.550995
57.218490
49.085879
47.258719
48.707623
51.398273
50.199660
51.750381
46.117368
49.006505
50.174230
50.421436
51.391609
49.981683
54.666856
48.351001
51.531367
46.739994
47.522038
51.661340
49.503116
50.199431
49.739263
48.838937
48.707660
52.729565
54.530740
56.621150
50.774409
49.921236
44.962546
53.127666
49.269596
45.317335
52.394664
55.496655
49.875295
54.074504
48.956345
51.272916
50.362368
53.464011
49.746953
46.771405
45.034562
50.910769
49.817298
51.734335
51.001637
48.725542
45.666847
51.137645
49.964003
47.901036
49.010745
45.341400
46.952664
45.481505
48.872148
50.799190
58.101241
54.788970
49.861751
52.604127
47.477436
46.569939
50.770479
51.389848
51.067906
54.909896
52.870086
49.321444
49.826985
53.377304
49.877325
49.880569
44.316245
47.887309
48.657767
54.213462
59.290856
52.680709
52.275226
52.978368
43.109175
51.570856
54.161447
53.980633
55.085082
48.964461
48.923366
47.056742
47.356922
49.477249
51.282550
55.098880
44.528217
47.669203
49.841870
58.341243
49.242060
49.844781
48.895878
48.548546
46.795000
54.452982
48.038086
49.303865
52.025547
53.153503
50.388321
54.663696
51.883801
58.299378
48.431890
57.390966
49.685638
51.648233
52.591911
47.074032
46.056576
49.294723
51.290517
53.953481
45.319143
47.840553
56.953399
54.257241
48.623442
51.286701
50.962468
59.785226
46.572569
45.631073
46.606874
50.853370
52.564901
49.412333
47.161927
50.732392
51.974660
47.393305
40.931668
51.475594
48.548129
50.863165
55.835975
51.658307
48.831770
53.230004
52.332217
52.383092
51.113289
48.074285
50.792312
52.692601
49.828297
44.670668
46.565955
49.416335
49.962804
50.017669
47.397815
52.082977
45.316944
51.541121
48.082783
55.682061
47.621143
48.050259
44.143291
47.056853
47.792258
48.829833
43.560022
51.293139
43.677944
44.763854
48.175937
46.672309
51.369586
46.238814
48.450033
48.610824
50.160853
46.822612
46.733019
50.295923
54.136901
49.471931
48.309829
49.427094
48.106564
54.119283
47.027194
43.280532
46.481347
50.076401
51.649502
46.505472
48.354674
51.944087
49.342142
49.840001
46.120071
46.745588
47.351807
47.056646
46.899042
45.826459
49.809957
50.372307
50.800334
47.614180
50.268893
48.902734
47.508615
53.720124
51.349493
52.958401
51.951842
41.843830
42.343541
43.290909
43.153103
42.818537
46.999290
41.176226
41.064579
44.711587
46.577256
51.148263
46.596608
42.900220
51.955518
47.778179
63.839576
49.573980
47.957386
55.220496
54.310163
52.023651
51.955659
53.246333
57.192917
45.093958
51.469170
60.461733
59.236476
52.931387
46.794622
48.510945
41.791781
45.798766
50.885505
50.468393
50.555879
44.177182
46.822552
52.591856
56.541845
56.426500
56.028940
55.072584
59.774168
50.426116
52.296305
57.081865
53.512080
48.039325
52.153683
56.144958
51.226918
51.779242
48.172855
47.512974
50.319158
52.630987
48.032400
48.714870
47.309171
46.235638
46.622894
48.381226
55.201753
52.602334
51.326587
49.939919
46.933084
49.813958
48.436849
48.079996
45.796776
51.761494
50.126022
43.531618
46.046076
46.078141
42.320204
49.873145
54.996244
50.850424
50.998339
50.024045
46.342078
46.522568
55.182092
52.442434
50.341056
49.596620
48.315962
53.804688
51.208370
50.429734
49.639237
48.078809
47.379461
53.106070
51.188088
47.241536
46.688518
45.408457
53.761569
47.066557
55.659046
49.745791
47.719983
50.642534
43.504326
45.904000
46.700247
49.989346
48.312923
44.330740
51.244855
44.977873
48.232683
46.822410
47.103750
49.592849
46.498390
49.570953
48.504324
46.921080
46.966206
51.488516
57.149727
56.601477
55.636432
48.314038
47.603024
51.415489
54.951560
49.367925
44.986404
53.748924
48.900300
51.843425
43.313249
53.996104
41.899170
45.503820
44.180243
46.770951
47.415132
49.599101
49.056914
48.804435
50.371694
59.087183
56.443912
51.415462
44.313287
47.270675
47.979835
49.591955
54.724582
58.236435
53.159664
60.634566
57.020493
54.653575
49.888349
52.744480
51.098644
55.401856
44.412865
54.112584
50.778002
56.608873
43.224973
45.534060
44.605993
44.861628
44.150453
57.910088
45.845275
52.745260
57.710702
57.472663
54.647065
44.991428
45.028296
44.044754
49.855115
46.696560
43.933910
47.098960
44.456878
51.889432
47.102080
48.675301
50.949186
46.203832
46.311519
51.742086
45.702156
52.933041
57.385981
56.320317
48.739943
47.696948
53.159094
48.955424
47.342576
44.193470
46.323700
44.531820
46.600327
52.959297
52.313543
56.523838
52.557533
51.672583
55.588053
52.490376
48.173586
51.230529
48.730662
48.971078
55.650912
53.083969
46.602100
42.793161
47.890051
50.255207
41.630320
42.893195
52.701510
52.394892
48.811603
55.819844
50.092828
39.754788
51.353539
44.133739
55.857103
53.634390
50.230845
45.429917
47.353089
48.809658
49.087607
51.862095
36.385377
38.902289
47.652652
45.539312
41.909353
39.692037
38.856044
41.971158
42.701828
44.180777
49.990997
50.486917
47.922349
59.070133
53.454906
56.848469
58.398621
64.588884
75.540976
88.624279
210.412210
40.928435
39.584730
43.570567
41.238172
43.128300
44.824513
49.251226
42.755079
52.582980
47.063372
51.615495
46.283885
44.244341
51.794658
52.795427
47.917011
52.885235
55.876849
45.990975
46.562926
45.883252
55.366220
47.740208
49.210664
44.515331
43.490865
39.462960
43.085890
44.733542
40.372767
45.279658
45.009208
42.000091
51.533688
51.315831
44.402510
44.645396
48.409572
46.019768
48.101407
45.277079
48.964494
44.591393
49.104901
44.574701
40.744387
46.233857
55.841247
42.973892
53.938046
57.198359
50.769300
48.899200
52.224063
50.488873
46.942852
48.801109
45.920111
44.620812
41.302939
45.010103
46.942043
42.279482
44.153317
49.280017
52.639667
48.753361
44.700946
44.376594
38.059317
43.595894
58.263451
54.107268
44.703872
40.846817
40.904951
48.768830
46.054113
40.713738
39.238453
44.537257
45.579210
51.970929
55.169719
51.955985
43.805159
42.015514
46.182206
54.808187
54.614581
47.438222
42.553022
43.655466
48.109587
56.875640
55.947926
47.645494
49.110654
52.463630
43.283701
43.478730
40.332760
39.816092
39.926224
47.568442
58.005954
54.816227
54.333251
54.270717
45.490323
45.869978
54.356344
52.377470
54.591187
47.386509
48.291992
46.322874
51.669983
53.369997
46.676921
50.052971
54.680048
55.761767
47.946625
46.164892
51.655409
45.912178
41.746407
47.464765
52.634347
51.547751
54.618070
48.046443
51.588966
48.550581
44.669325
40.746575
42.759611
45.599187
42.051813
48.764528
47.713390
52.388680
53.124444
49.625292
53.182852
49.451620
53.762432
49.922769
50.525893
41.556205
44.620437
45.881427
45.488607
49.397161
43.988820
48.899866
52.052798
51.167794
53.921220
53.406801
52.450688
49.155673
51.203593
45.864216
43.387879
69.798417
44.306404
40.543013
48.849383
49.155961
54.068111
55.386347
48.652272
49.943597
48.035801
48.826569
55.511629
51.285189
50.936301
47.940161
44.291014
55.538846
54.478163
47.203578
45.675307
50.523007
49.992185
53.273771
54.475946
45.626242
46.220962
58.625647
55.065178
53.457244
49.670943
46.192970
44.744410
46.887154
46.055946
44.571523
50.878074
43.992137
45.055349
42.278101
49.464412
45.909201
52.731498
52.027688
49.481366
53.937981
52.812651
50.973400
48.701130
49.873827
49.607429
48.053276
44.873279
52.606542
45.844262
51.179805
44.448571
55.964196
50.025483
48.880378
48.769862
49.361154
51.091429
49.311135
45.163076
44.490568
46.625161
53.360304
53.360830
48.332512
52.186755
46.396757
50.792884
43.979762
47.284438
42.464694
47.349710
55.342292
52.045378
45.470498
48.021318
47.383873
46.666546
50.683224
53.108612
53.068158
52.411466
57.929566
53.637086
57.381417
48.580586
43.473886
52.162942
46.403646
47.625577
45.843558
47.961308
48.934148
48.471451
50.783097
57.577093
52.146664
47.462401
43.653419
49.572155
49.048297
48.086166
50.425709
52.046937
50.795247
52.211056
46.793018
44.517915
46.806173
46.113981
51.180109
45.412524
50.015184
43.357833
44.002199
48.478369
50.782939
44.438549
45.731146
50.404996
55.093428
54.401054
50.085067
50.934302
52.924580
54.739066
48.136057
50.814565
50.263288
51.730611
53.314713
49.253229
46.627125
48.584269
46.815250
48.845547
47.250163
50.839736
51.765372
46.487302
48.629395
53.788560
49.459604
41.370295
42.270617
51.474181
58.139864
47.534542
47.646193
42.843646
44.828488
52.599504
54.193513
42.443149
44.295668
45.226483
47.429608
46.653663
53.399005
50.498493
52.849630
49.393973
47.607467
51.433061
49.161075
49.094069
47.964437
46.154740
46.449032
49.368487
49.150246
48.360581
49.692683
47.719408
43.566435
46.630827
42.498386
49.310239
49.788189
50.382571
52.567942
46.191501
51.715844
51.576269
49.044106
50.883640
49.976787
52.988383
54.401876
44.008021
54.962473
55.624488
56.401572
56.289039
53.946228
52.725793
49.039798
53.785233
52.815647
50.176368
47.318740
43.825243
51.251480
49.543099
48.125810
52.754652
50.618643
47.404270
47.145450
44.807528
52.918906
53.809298
52.057459
47.772693
45.277138
49.486057
54.696879
47.433113
48.733497
52.043727
50.120152
47.206158
46.826670
49.605730
49.500869
47.473187
48.224239
52.582889
49.159494
45.668948
51.275403
48.641321
56.139715
52.931161
48.910986
50.904833
55.550134
49.155797
49.982860
47.002504
48.174165
44.318813
46.635700
48.538372
49.236299
46.404671
52.644205
47.711132
50.105481
57.810628
55.733692
50.769375
49.295145
51.129146
51.039501
51.034942
48.444020
45.516546
45.896441
52.869994
55.694230
54.879952
51.516986
51.297525
46.791387
45.092529
50.994734
43.631051
40.226931
51.447909
50.026469
56.029755
45.483625
46.036162
53.914647
48.667341
49.583336
53.651496
46.477373
48.575403
48.252714
43.075585
49.085676
52.077202
49.956398
54.051038
50.933803
47.872447
48.807945
56.086941
50.613745
54.952327
46.054992
48.040518
45.226632
47.450451
53.553157
49.642811
50.027275
44.702405
45.523596
50.217728
47.072918
43.350860
46.582069
51.556301
49.394954
50.228280
54.242342
50.470412
49.621638
49.562186
48.857793
45.644492
54.961869
50.803256
45.002923
48.240475
60.407237
57.248875
46.181135
45.404201
42.945842
52.610057
52.207957
52.397823
49.687823
48.273715
44.335029
42.681828
51.771643
47.237196
48.297564
51.935569
49.332302
51.907479
48.931871
48.653866
50.546661
44.915720
46.872406
43.281253
43.022436
51.877196
44.910489
46.052871
42.723160
43.608384
48.317906
48.601746
43.733401
47.516979
48.813928
55.527742
46.692953
49.978608
41.332419
47.325750
44.135350
49.706908
59.371136
53.769145
49.005219
51.336032
50.164919
46.333659
50.956038
56.015718
57.239555
53.670292
51.762487
40.831944
48.380971
49.968815
54.704347
55.348512
50.136247
52.985209
41.215468
46.603878
48.358856
53.914856
53.206659
52.724227
48.293453
46.389262
50.983666
56.447812
58.835832
51.296369
55.032340
50.190012
47.722620
50.651760
51.383889
47.401418
45.011640
48.163389
55.196267
52.961636
47.113178
46.477283
47.652351
47.468670
48.919105
47.289542
47.149016
52.958816
48.489114
48.539234
46.720563
49.377027
49.193330
43.307190
45.473031
45.883709
42.902825
50.252252
52.890635
49.682480
48.369200
47.887542
48.261833
42.309020
48.942065
44.148959
53.374255
57.298599
55.955973
55.797901
52.056099
53.443277
52.447236
52.576837
51.354881
49.871915
50.364402
51.088948
49.192276
49.246645
44.437225
49.112684
45.418544
51.435344
44.648436
47.410044
67.340803
44.118835
54.352584
54.132410
52.116286
52.981048
47.304308
49.812816
57.151783
48.757608
50.594094
48.447555
54.801762
55.006633
50.570039
47.447399
46.457670
53.952731
54.432591
50.871457
49.941509
48.492001
49.212126
51.289409
51.285273
49.002269
49.364177
51.455379
55.058329
49.719736
46.837726
46.227081
39.732983
46.059828
50.009056
56.172039
50.278766
49.612195
52.530842
54.299713
45.991812
54.462441
52.309658
52.548674
50.381609
42.163720
41.143086
43.228687
49.144846
49.334648
49.436355
48.833762
44.788943
48.793174
50.876287
53.718948
48.638137
52.341236
55.981236
49.558074
50.844258
48.923896
46.691687
46.646708
49.921220
42.290452
42.949642
43.750620
46.457369
46.090712
52.936159
47.011382
49.464093
53.093507
46.839116
48.729680
43.990786
44.820720
55.093623
50.457498
47.024451
50.943213
48.852365
47.525468
54.677531
55.651023
50.737233
51.295391
44.593690
47.698429
51.095625
49.126867
50.834816
47.199696
53.583892
49.471919
50.381503
55.641958
51.211125
50.607292
56.387083
45.127549
40.459534
51.736867
48.995990
51.923123
45.076907
43.175435
42.843385
48.265847
48.339989
45.593895
49.081240
44.606759
46.610131
49.173070
51.577658
46.199773
52.867726
50.665146
49.215487
52.231324
45.994709
39.893767
41.498205
44.733342
43.484584
48.359424
45.073577
46.849578
50.815859
48.304549
45.567387
46.329277
55.584323
62.045446
57.118066
58.633028
53.689234
43.803912
52.557194
48.181058
46.467277
46.974734
43.002702
48.854122
51.789797
49.177734
48.057445
47.598655
45.631254
41.401988
49.566774
52.763827
55.360156
58.095511
48.850815
55.847818
50.050982
53.281483
44.377266
37.987094
47.393342
51.423057
43.767265
47.472246
57.182687
59.807836
50.518871
48.272903
44.637570
48.021997
50.998519
48.218698
50.123740
49.691270
54.707783
56.597767
64.462216
64.561433
102.514046
269.732988
51.783334
55.499141
46.139647
47.829505
37.373291
47.919739
47.077852
44.956883
48.552108
50.475686
48.912144
54.334084
50.016584
52.868195
49.756630
39.589496
49.158818
54.339253
52.308683
51.608572
51.279057
39.675124
41.177604
45.519485
54.102328
48.829593
48.648972
42.352420
46.162154
37.476392
37.672047
48.109039
48.333586
46.952947
46.221873
48.418828
48.115148
49.333448
49.911019
43.895417
43.868538
51.262587
46.620931
50.073645
52.698134
54.888542
47.433439
43.158600
41.844722
44.495314
42.353681
45.046958
45.096497
40.808937
44.410245
44.217171
52.240479
45.588292
43.306507
43.659935
45.223373
52.904223
53.929682
57.106504
49.506536
47.910727
50.352078
50.372247
45.794623
44.073799
45.660880
50.955715
39.075694
41.773250
48.326655
49.012950
48.211061
50.666666
48.783531
48.478372
48.914719
48.850582
48.893379
54.047936
54.293154
56.273488
49.099062
44.109356
49.890151
50.609251
49.694222
51.926510
52.674606
50.683904
50.629196
49.391255
50.001274
51.983713
48.892550
48.796910
48.913016
50.275804
50.832980
52.033488
51.261975
45.272929
46.271016
48.585759
44.020721
43.258197
43.385990
43.320585
45.041009
46.488290
54.160017
50.109502
53.321589
48.258786
51.604608
44.145520
46.622979
49.545468
54.840433
56.253873
56.690152
53.892418
51.060138
55.196334
46.148547
49.521009
47.017774
49.833623
54.167956
50.300432
50.832804
48.256626
53.454682
48.483481
49.313998
47.719717
53.020601
46.395525
41.445749
43.574071
50.500441
46.763825
53.852318
49.803507
50.081097
55.785106
54.312050
46.107302
56.235872
48.335909
48.152639
47.128048
54.191753
47.147349
48.098452
45.547826
48.661217
48.542744
44.573783
43.666063
45.155709
47.599419
57.149578
45.979212
40.890542
46.889260
48.330115
44.626785
53.547831
52.238559
53.659192
50.885035
51.189190
56.259711
56.536220
48.614801
49.204059
51.673797
51.348022
49.207134
52.137857
50.285378
49.333531
51.795377
56.177060
51.906567
50.227536
45.544752
46.708222
45.942282
46.290215
47.599360
47.267772
48.107759
44.831756
47.040113
53.518403
47.427735
44.673085
45.176042
48.224721
52.013873
46.472243
53.438374
49.708764
42.428740
42.876523
52.019075
49.925467
53.240431
51.186354
50.285779
50.095833
54.078583
46.192203
50.709635
53.497577
49.257015
49.381591
48.801396
49.994923
48.828702
49.797811
47.692620
48.133849
49.521961
49.161129
46.827871
48.998484
49.120572
48.611639
51.880194
48.486951
52.315077
48.015933
52.665817
51.355106
43.726239
43.336304
44.088914
47.113293
46.153219
45.679839
44.902029
49.863302
51.143741
43.383519
49.279366
45.839922
43.573378
53.306322
52.852015
56.599205
45.959491
48.533664
50.561335
54.892741
54.593734
49.828507
47.035471
48.758833
49.931423
45.568106
46.364732
47.958026
51.037393
46.553417
47.379413
44.728394
58.395691
56.014740
56.321660
53.784752
51.710058
55.727011
48.369399
47.423799
50.316931
49.450909
49.522591
43.755615
45.517878
41.343130
39.824823
45.521601
47.733470
56.559288
56.567939
54.279480
51.546866
51.430647
49.081444
50.005579
52.073065
47.945582
47.341126
47.140380
46.406076
52.841298
47.939211
47.549558
44.364033
50.282422
52.168780
49.897049
46.877759
50.063158
52.673328
57.252365
53.859946
56.434372
54.171779
49.191077
45.413460
44.996146
47.934984
44.667475
49.229609
47.840716
49.609011
49.770256
50.255201
56.095042
52.645054
49.929600
46.727677
44.903470
46.306903
49.182800
49.518840
48.149451
49.197632
53.235426
51.923020
48.174399
44.849975
45.496449
46.857961
52.102796
49.087525
57.334530
53.891730
58.110004
46.168672
47.316284
49.842206
48.286212
46.408998
50.335055
49.185694
50.830585
47.639835
45.953276
40.037333
44.643906
46.736749
46.254458
51.515812
48.019829
48.734265
44.726395
48.760283
42.969280
53.866931
53.725932
55.406092
52.782153
46.424124
46.827439
49.341123
54.782307
56.407994
55.883398
44.084416
46.427294
40.928827
49.375297
51.192681
49.536374
52.442605
54.733206
50.801282
50.547986
47.280462
44.786906
43.929003
46.343265
56.594392
55.706805
52.108996
50.659489
45.953484
49.990180
43.936641
42.922406
47.417092
41.016242
42.177887
47.352000
51.391275
54.749948
38.995045
46.124877
52.481664
50.831862
47.546931
54.067928
55.173415
49.572861
42.928505
49.897312
53.854886
57.819893
52.203303
46.092465
51.283059
56.066758
48.647742
50.296924
49.065139
48.047889
48.695490
50.929746
59.029470
46.888108
52.431081
45.526691
44.288217
50.657955
51.258424
47.144345
55.980231
44.428984
41.613032
47.639681
52.718742
52.236319
43.741045
42.002071
44.777930
48.767047
44.751434
45.794835
47.197731
48.483166
52.605415
44.741314
48.858207
52.061198
51.724872
49.041587
46.094243
50.440536
55.948663
53.228337
48.320189
53.313542
51.739840
48.083286
48.387750
46.916852
50.886811
43.466680
42.847146
42.422309
43.628412
55.517657
51.660567
47.247182
50.118680
57.412758
45.950513
47.233143
42.835678
44.383155
51.587491
49.565455
57.608208
47.235882
44.726142
43.893880
47.563874
54.590306
42.438364
46.544775
57.401721
50.451944
50.635733
42.640535
34.670720
45.021475
46.705111
52.888472
53.009428
50.124773
46.683631
43.283072
43.215999
46.138973
45.184053
46.594547
57.374680
56.752875
55.674525
56.776565
56.249703
56.043924
54.656343
50.218763
51.923368
52.964512
41.769813
50.115372
50.660241
45.102953
53.293306
56.772722
54.980582
49.975261
51.625725
52.234205
56.525169
54.266569
47.439265
48.523521
52.853509
48.712926
45.108334
48.841383
48.761698
40.945481
49.950988
43.501338
45.350177
41.261803
50.315530
47.273220
48.697995
49.802402
53.872376
52.151275
53.125663
45.582495
47.924015
45.225154
48.034959
52.964436
45.226563
54.674679
52.391479
50.510007
51.998688
49.615590
40.995876
51.312598
51.204303
52.757009
56.840898
55.966553
51.089723
50.192273
45.176038
45.766515
47.161657
45.434801
47.350987
57.874866
56.525191
53.333137
52.717531
41.653746
54.877064
49.701398
54.842899
48.400115
48.615198
43.043731
44.398287
46.671300
48.272382
47.995934
48.441509
57.732381
54.457410
55.271457
51.943309
56.119662
48.549979
53.636374
47.190511
41.522575
45.971416
53.822289
48.219907
51.970678
48.711770
45.493826
49.489120
47.963782
39.475363
47.690252
50.705799
48.880531
52.238001
47.170965
52.432053
49.420054
48.283538
46.720604
45.788642
43.986939
48.095089
51.033678
51.206118
48.986351
49.691039
50.195430
53.380165
50.380073
47.192921
53.891918
45.628187
41.559810
42.591155
53.925652
50.332057
41.325993
49.070803
45.451588
47.900485
48.935349
51.834889
46.441951
53.416508
58.512005
54.829266
55.646905
46.875747
56.929038
54.913916
46.392170
44.182939
49.043786
48.107578
51.180508
47.829230
50.944305
51.120948
53.537751
48.417924
47.555958
45.615327
52.895556
51.236874
56.135586
51.819446
54.262566
56.380092
49.218515
49.287836
56.669810
51.931721
51.896802
45.863085
43.123087
45.592425
44.928509
46.551391
46.032686
48.006808
50.680735
50.623885
45.652088
49.415682
44.861438
41.813658
54.217089
49.904562
50.328726
51.230449
52.080346
48.887636
49.132595
46.493660
54.282694
51.593118
49.362241
51.325722
51.190622
50.302690
47.340149
51.217937
43.157672
47.017228
46.851454
45.788544
51.336748
48.841501
57.357993
54.639139
51.754140
42.176047
43.081498
45.269909
50.296095
47.932874
56.135317
56.506080
50.553922
51.134070
52.981640
50.664765
42.061494
49.207660
53.544399
45.008947
47.071553
55.597888
50.029808
55.666518
53.423594
50.384627
49.421591
47.641534
43.635668
50.003463
51.820617
55.879642
49.978565
47.386659
48.800994
49.745218
47.033278
49.103917
53.012673
50.872431
56.551573
49.423226
43.440440
45.600399
52.527584
48.334717
53.985934
46.939526
55.570432
57.522873
46.830287
52.568173
48.217677
46.047325
46.888114
43.016146
47.864977
51.953821
52.394214
46.803326
45.342734
49.697806
59.404503
52.831917
50.086985
49.552542
53.660768
49.961162
45.442610
42.582920
41.852943
44.054795
53.791572
53.566654
49.154062
53.765836
44.603577
47.742724
45.310349
53.987577
54.667577
47.944938
53.588779
60.468677
59.375124
53.720083
55.473913
61.873944
52.807465
65.135624
65.523724
63.365583
81.772330
89.186904
150.834949
703.633398
46.724159
51.096685
51.864572
40.165365
46.182984
43.671147
56.712476
53.622116
49.188556
50.055387
43.692093
49.547029
47.151352
44.792390
53.408274
51.590087
46.949993
43.320371
53.758928
39.843462
55.861727
49.017941
44.620618
54.829139
34.292395
47.615411
53.496418
43.729540
49.860747
44.493672
43.440467
53.346881
47.783217
41.390102
47.347982
37.254276
46.509075
58.170083
39.989997
36.658864
37.760502
39.991267
44.005187
51.829270
45.544301
43.289947
45.391320
44.373703
45.515412
49.972850
50.100773
38.970154
40.395082
41.216622
47.112967
44.217390
41.396346
40.214891
42.021981
48.382638
44.523536
42.428942
44.160546
40.141757
44.168074
44.091866
53.646524
53.222930
43.655794
44.354498
41.857675
41.792754
41.999722
49.437768
44.092589
52.523969
48.323620
37.554389
51.445770
49.681582
42.881300
43.391306
49.158827
44.951183
52.469654
48.022011
42.667266
40.565032
48.326098
48.270107
52.979357
49.510437
45.327233
52.341298
51.438940
41.454577
38.192025
45.907146
43.105189
43.608835
56.528853
44.677971
44.075500
45.993076
45.320568
40.694075
44.329404
47.549550
41.449950
43.415938
42.409848
44.579468
40.541761
42.797310
49.410779
45.473732
49.626110
44.398286
46.541723
46.038323
51.930261
47.025286
45.870631
50.602842
43.607007
46.849819
44.777871
43.474300
44.385460
41.115950
46.483388
45.396530
40.760751
39.022833
41.846971
42.016162
47.623395
44.130988
49.372446
45.782690
46.529635
50.799427
49.544790
48.856416
50.534010
49.122771
44.414378
49.795137
46.781556
46.333292
53.501444
51.784245
46.994735
50.747411
48.365945
52.603055
49.999518
54.219475
46.006824
44.500645
45.550457
46.151012
46.729877
42.764757
45.502870
43.720591
52.341883
52.389573
49.632278
48.291972
52.373288
62.111827
60.980837
50.707138
52.331504
57.082968
55.297930
51.963884
52.143962
53.611149
53.004512
53.832769
48.880891
46.309001
45.451725
47.261135
49.802745
41.878859
47.354826
50.800995
56.120437
49.642831
46.835535
43.801478
47.733627
50.142572
47.311850
53.673949
58.959146
52.486774
51.746282
53.407023
53.269078
52.552042
52.101431
54.041449
53.964281
48.381169
47.151108
48.229126
51.353184
46.467642
42.941936
45.482638
49.518844
48.270548
50.343801
51.403772
45.016635
52.999901
54.011374
46.029368
46.623916
43.015176
44.005238
43.775876
44.112827
45.069255
48.938995
50.262422
50.622257
51.076279
52.336469
52.365551
53.057743
51.817858
44.958417
46.568102
45.008613
45.581610
53.350045
49.903616
51.756784
50.695125
49.838598
48.696883
52.983553
55.074707
58.363090
55.851124
51.939261
51.025477
51.241340
47.952214
47.552449
50.166219
45.914445
47.240522
44.071168
46.653694
45.294057
53.383596
56.874602
53.380249
47.678044
53.261755
52.371500
51.035042
51.882261
47.371984
46.808308
47.834474
49.961382
53.903798
51.592359
48.169637
50.287072
47.756673
49.340042
47.574317
49.699731
46.015452
47.190533
46.111419
52.554528
53.264432
54.772912
52.701655
51.848250
49.527004
48.733610
52.222596
57.760745
51.256202
46.460997
47.481106
48.448007
48.647069
50.983005
48.902027
48.058891
51.524117
53.813252
48.832288
48.566714
48.195676
50.922678
40.196825
48.599843
50.476741
53.786179
52.260126
54.468419
55.493954
46.845583
44.808085
42.950089
46.296530
48.511273
48.538887
50.799827
47.372316
49.012438
47.488314
44.490969
43.273811
48.356943
43.361700
44.237512
43.734021
47.926935
49.896355
52.238550
45.501100
48.438105
52.642184
48.175471
53.319791
54.835711
54.228153
51.315082
48.731421
55.213820
50.864648
49.772515
46.689758
50.651130
47.070260
50.450096
55.487531
54.367381
49.612778
52.960953
50.131642
51.690143
44.755801
52.206663
50.865281
55.470754
58.976139
46.317135
52.969524
51.272684
49.569420
51.346569
47.597305
49.622369
47.770066
50.370989
54.443850
47.618510
46.749736
45.500358
48.237952
52.478131
49.298282
47.657822
49.670636
48.207792
53.083767
46.718402
52.990125
50.899846
50.392141
48.609705
49.874842
46.192729
40.490139
52.868942
53.828405
49.011220
47.139404
49.236134
52.922917
53.779927
45.855917
50.961146
59.477099
51.340984
52.388732
55.654664
46.714892
48.012691
43.424231
40.625292
44.986173
45.344980
47.631025
56.951046
50.622220
53.361503
50.960535
51.991648
48.299286
47.183086
51.210709
48.529888
54.440460
52.308297
49.056663
51.044375
52.739114
49.243232
52.762559
49.210667
49.669873
45.384911
50.257699
47.913417
46.935854
46.031172
50.481919
48.707556
48.870846
47.439268
50.185444
48.303091
51.265361
50.680086
61.433794
51.668442
52.423353
46.077280
51.440166
43.072884
41.706317
43.274230
51.024954
49.115609
51.895204
51.708234
45.098485
43.466618
48.345622
49.547964
47.800309
51.033758
50.485312
45.979242
52.101000
53.506901
46.044323
46.327253
47.202719
52.605266
48.268614
44.314990
42.967156
59.562819
53.897680
58.084686
48.579938
51.755888
47.377293
47.651467
44.054928
51.194142
56.607177
51.769039
39.809495
38.283005
48.985841
51.011256
52.465377
46.595962
46.975672
52.481695
48.679257
53.129111
53.315725
53.292372
47.472650
54.347172
46.640456
50.118172
54.646207
47.504936
51.795225
52.642371
51.010660
59.466339
51.203624
46.620618
51.865164
48.948417
52.005646
44.021935
48.854091
45.628008
49.790181
44.947117
45.618068
48.877012
49.095523
46.566123
51.387692
55.629481
52.010064
46.227105
49.932805
49.954936
44.063053
45.829471
45.131835
46.951268
48.474191
50.581589
46.803461
49.860679
52.978132
41.537283
45.844785
49.223791
49.232231
48.791373
47.764401
52.486383
54.345102
47.077994
47.003462
51.003210
46.622401
53.060947
44.061923
44.910178
46.502600
49.717836
47.388973
46.098441
47.573727
52.069890
47.932807
48.434702
51.635885
51.513610
46.407739
51.184822
56.973255
48.472730
48.727279
43.698751
46.386573
50.241771
49.599417
48.041735
46.504956
48.463500
51.303705
46.672460
49.304438
54.198557
44.435457
48.009740
43.709370
41.615578
48.323977
47.337512
43.025095
50.868457
46.466777
47.797990
53.190213
52.242414
46.046387
48.266355
48.140207
55.360734
59.746709
47.831703
44.474003
48.014151
49.517952
47.682183
50.560871
53.326254
51.436208
40.950320
52.651463
47.939861
46.436570
46.416880
52.536931
47.459594
50.094030
47.372775
51.590108
49.827181
56.597880
55.475665
56.869190
53.559827
46.499045
46.043360
41.721081
43.687367
52.342359
45.322737
49.725360
57.660468
50.873236
42.015273
41.114031
47.443019
53.095920
59.270165
51.636295
53.549198
51.945980
45.058214
47.222199
52.105753
42.450655
48.111168
59.064170
52.201546
54.246289
46.333830
49.452992
56.282001
51.331541
45.679311
44.013267
45.438712
50.985459
50.446482
52.204379
45.919996
48.316897
46.993697
44.726328
55.468165
53.689767
53.295658
49.863642
52.436394
49.963712
52.845687
47.355491
57.035464
55.221360
45.401882
42.891531
43.489815
41.863286
45.726149
50.001399
50.041551
47.649056
42.864585
56.885340
47.176313
51.293053
48.617087
46.737294
47.289408
48.435602
46.871119
46.033051
49.302254
47.341416
48.892568
47.465263
51.219033
42.284019
53.293973
43.992399
46.650337
48.063619
49.432975
45.443637
49.086392
54.371435
48.263186
47.809723
45.377298
50.222375
47.911852
46.494745
52.615407
54.952112
49.659984
51.872695
48.729643
54.956821
53.833757
47.870114
45.371853
52.293206
47.717988
47.605103
47.941776
47.872422
45.716899
44.728156
47.688725
47.477071
48.069729
49.183886
48.848221
48.833744
48.396355
48.213957
45.523942
44.033854
48.593924
45.397545
48.782067
44.022692
44.838471
51.332932
47.084381
52.836408
47.937128
50.927601
52.548436
54.196547
52.438829
55.231826
50.631026
47.107361
47.635255
46.220032
53.935188
54.042245
56.073946
48.078256
51.886068
46.976516
41.941415
47.765476
45.858514
43.729279
53.249580
51.694690
48.543521
52.097380
46.470733
52.656535
52.909654
52.075677
51.089429
50.885845
45.537025
50.741814
52.568133
54.618565
50.399407
53.970429
46.156513
47.707527
52.355183
47.926480
44.952844
47.499281
47.087213
50.478277
41.730328
48.250808
47.230651
50.524988
54.259057
56.689724
49.744633
52.196469
43.034224
45.072125
48.868993
48.821057
49.965251
56.215005
52.050527
45.630663
57.713187
52.622863
55.705907
66.915174
71.117457
72.351865
80.474018
81.787588
100.883596
