50
128.523832
134.553746
136.792989
136.832354
136.878776
165.912122
136.276960
136.405001
136.431797
136.507066
136.593086
138.775461
136.819287
138.118319
137.092820
137.016685
136.410083
136.341217
136.355386
137.767668
139.731256
136.475356
137.655789
137.854191
137.232513
137.340737
137.944203
138.428013
137.035282
148.494144
141.665727
134.080794
137.082824
136.690407
136.610354
136.585818
136.570150
136.550576
136.559465
136.640368
136.448774
136.827062
138.861581
137.080750
138.197641
137.152004
136.694656
138.651805
137.280375
137.421726
136.251307
141.217055
136.266971
136.719391
140.900026
137.059108
137.394166
136.992028
137.072578
137.211472
137.305165
138.989411
137.031114
137.095288
139.258758
137.152314
137.034625
136.742499
138.607571
139.082518
136.860631
137.280933
138.858839
136.680338
138.857235
136.984318
136.962888
141.069918
136.742786
138.624536
136.812257
136.758164
138.807268
136.972692
136.617031
138.892694
136.741326
136.964215
139.027927
137.223575
137.038250
139.128940
136.534074
136.676551
136.851391
136.677349
136.409541
138.505329
136.819634
136.753181
138.765699
136.785912
136.779439
138.887615
136.643029
137.200348
138.011353
136.507528
138.022758
136.468954
136.191350
138.319398
136.599882
141.871720
137.052354
139.836431
136.652579
139.825241
136.582163
138.261224
136.965025
136.777958
138.221687
137.417510
136.697283
137.673785
137.942503
136.693533
137.367628
138.287623
136.530285
136.679442
138.769253
136.858335
136.465095
138.103779
136.564917
136.550858
136.264784
137.394971
137.315291
136.413432
136.367508
138.346695
136.344627
139.213263
140.360844
148.369099
136.273173
136.281671
136.311227
136.386154
136.220348
136.295502
138.977239
139.442852
136.235406
137.449487
137.613140
137.093043
139.145129
141.788234
137.451390
137.383594
136.892558
138.724781
136.860830
136.655677
138.328945
137.214820
143.843094
136.519369
136.145803
136.165224
136.564288
137.686987
136.516799
137.844336
136.443365
136.148011
137.952833
136.131082
138.779796
136.343452
136.283342
138.067296
136.019135
136.420513
137.658148
136.023805
136.268240
138.065688
136.205824
136.275562
138.673839
136.151401
136.995746
137.150915
136.040491
138.085804
136.083784
136.865880
137.313666
136.109459
138.114498
136.114698
137.116525
137.287123
136.127650
138.921579
137.215553
137.727745
136.237329
136.157267
138.075920
140.541068
137.256338
137.203850
137.286309
137.399558
138.827996
136.355992
136.156160
171.124049
152.635682
142.549000
142.551839
142.709326
142.663387
144.170811
143.514392
142.095827
144.483477
142.346029
143.010211
143.600271
142.376255
144.470027
142.147073
145.467629
142.232705
142.438126
144.486852
142.357922
143.495688
143.200055
142.499053
144.541230
142.595559
142.361144
144.299952
142.306943
142.790200
148.258125
152.925048
141.303744
141.858968
144.127718
142.206900
142.308144
143.944752
142.186619
142.464667
143.659415
142.416020
144.279497
142.205318
143.530563
143.246016
142.162447
143.693736
143.141975
142.732025
143.844988
143.405603
142.478110
144.479854
142.753828
142.777183
143.476474
143.945673
142.687370
142.941663
142.840183
144.323240
142.950928
142.461107
144.256876
142.379580
142.275546
144.405630
142.266670
210.521951
140.749134
142.084406
142.195003
142.133621
142.155482
144.022390
144.161235
142.683967
143.624815
142.253150
143.330384
143.241990
142.376092
142.892164
143.964344
142.526540
142.647343
144.100504
142.106635
142.065403
142.449814
144.498423
142.371391
142.047818
144.050036
142.150260
142.340993
144.222193
142.612424
142.908707
144.665006
142.748689
143.722114
143.327389
144.489561
142.293037
144.128991
142.924111
142.182140
144.384709
142.343592
142.328909
144.297720
142.085685
142.599258
143.771781
142.357010
143.546990
143.384020
142.671826
143.597986
143.314497
142.467326
144.061388
142.959718
142.540540
144.434437
142.552325
142.556663
144.479701
142.519124
144.758419
142.301507
142.330597
144.160018
142.220747
142.271096
144.539016
142.458269
142.171600
143.877790
142.220465
143.542843
143.272004
142.457823
144.194249
142.708026
144.624114
143.836482
142.369602
148.252551
148.900980
141.548231
143.784050
141.937298
142.064665
148.275817
155.124591
154.414838
142.659098
143.282506
142.110303
143.482330
142.897117
142.298946
144.157520
141.981124
142.269211
144.257326
142.463398
147.953712
145.270141
142.164925
141.863968
143.859728
142.658569
142.114445
144.313284
142.437303
154.615119
145.850038
143.493875
141.768911
142.241901
145.309582
142.283501
143.951510
143.534962
142.804021
143.893184
143.172347
142.327831
144.474052
142.490256
142.509608
144.514085
142.606285
142.169665
144.098250
142.326744
147.684613
142.303468
144.192536
142.168225
143.536739
143.128942
142.315606
142.920426
144.540467
156.026671
143.506124
143.273643
142.771987
142.045064
142.106825
144.229930
142.327546
142.939601
144.007737
142.594178
144.647028
142.437545
143.479156
144.331112
142.692629
144.691495
142.314763
143.917968
143.031028
142.651370
144.487547
142.524974
143.124931
143.564271
142.506189
144.275308
142.448778
142.210612
144.055081
142.336032
144.259988
142.389284
142.363623
144.472706
142.309127
142.811666
144.032516
142.432207
144.115863
142.863594
142.587232
143.910941
142.508226
142.040732
144.183266
142.446330
142.423826
145.167454
144.965094
142.849656
142.083508
144.173085
142.232940
142.371459
143.952652
142.095399
143.735604
142.842146
142.366416
144.560036
142.124865
143.473069
142.900476
142.234970
144.382907
142.268387
142.442014
144.089261
142.144367
142.533916
143.991366
141.978561
141.921904
146.666776
142.333523
142.455471
142.330842
142.261934
144.215713
142.740415
142.634748
142.747139
143.968933
142.609719
142.867625
144.260277
142.604878
143.449256
143.685987
143.069841
144.985535
145.925219
142.536536
144.441438
142.411407
142.529925
144.332471
142.338574
144.657528
142.680762
143.904527
142.646027
142.247428
144.101787
145.763205
142.290322
142.441673
143.700214
143.098323
142.241813
148.465260
153.348721
142.023972
143.850261
142.005248
144.129548
142.296642
144.854765
152.169666
142.883107
143.733187
142.036076
142.901023
143.007057
142.189041
144.166504
142.381603
142.277787
144.368462
142.276900
167.232810
136.005520
136.143077
140.891919
136.509412
136.512668
138.061165
136.879952
138.236721
137.290546
136.986548
138.755194
141.644283
137.117761
136.992949
136.893133
136.912763
138.827075
136.679792
138.111578
137.421696
136.854061
141.323956
136.406639
136.428539
136.204770
138.392247
138.544080
136.648629
136.795882
138.581229
136.434063
140.505213
136.616557
136.604391
138.009091
137.528076
136.893699
138.105288
137.684383
136.842057
138.017076
137.546417
136.909391
138.495205
137.424649
136.756612
140.481267
136.550150
136.653230
138.362828
136.551585
136.676110
140.991169
137.499300
137.274549
138.617360
136.994006
136.726695
138.364910
137.390917
137.427138
136.274809
138.204923
136.427218
136.180655
138.347483
136.451774
136.393857
138.257135
137.122595
137.365360
137.135148
137.754539
138.382792
137.077480
137.336048
138.194366
136.687541
136.627440
139.002738
137.273047
137.279317
136.990290
137.157940
139.524905
137.322828
137.152067
137.550716
137.333361
139.232204
137.549662
137.182574
138.015216
137.755060
136.596057
137.349358
138.208479
137.115940
137.777684
138.109644
137.068133
136.993882
138.383968
139.698297
136.688714
136.905808
138.665107
136.679832
136.683770
138.809217
136.691816
136.689016
138.656627
136.738404
136.611428
136.610935
138.381676
136.489029
136.549257
138.995463
137.617935
137.029721
138.587261
136.852778
136.922502
136.831851
138.866177
137.255779
137.440341
137.847880
139.536457
137.581117
137.229571
136.833870
138.740833
136.615604
136.579219
138.476516
136.414843
136.524838
137.093866
138.433552
137.361994
136.695382
138.937099
138.050361
137.505220
137.321003
137.183332
138.758974
136.702597
136.872329
138.975196
136.881616
136.630540
138.332843
136.537873
136.516634
138.531118
136.829442
139.185659
138.892546
136.789523
137.519780
138.074947
137.020556
137.889898
139.467413
136.617654
136.329404
138.246022
136.289924
136.620747
138.689353
136.876061
136.739069
139.230054
136.814918
136.817775
138.840761
136.862733
137.111255
138.658077
137.012708
137.956911
138.405173
136.916450
138.264813
137.447618
139.032978
136.813001
136.909755
138.937948
137.277068
139.228306
136.974733
136.815243
136.317836
136.118380
136.003492
136.339836
136.115517
136.422250
139.445964
136.183728
136.133182
138.049469
136.538157
136.319421
138.526999
136.273522
136.366716
138.461623
136.494563
136.445442
138.593077
137.023091
136.601084
138.570001
136.716623
147.495206
136.748754
136.694844
133.799466
136.714410
136.762506
136.913355
136.746423
136.582740
138.366104
136.541767
137.585877
137.498626
136.582225
137.495256
137.070427
136.095714
136.101210
138.275844
136.204434
136.202995
137.051480
137.515303
136.135051
140.290419
136.634579
137.389512
137.341245
137.345325
136.890905
138.716553
136.873031
136.610901
138.411554
136.402160
136.508079
137.585991
137.604241
137.472723
138.674741
136.356397
136.464574
138.395083
136.438525
136.611826
138.487458
136.591239
136.639832
138.661908
136.903704
136.763870
137.647189
137.857781
136.779424
137.305298
137.239083
137.304952
137.280233
136.954617
137.051927
138.422414
136.204502
136.304609
136.456949
136.736334
138.069339
137.746503
136.753034
136.115719
138.103980
136.448701
136.738777
138.637122
136.769038
136.684077
137.800606
137.333184
136.870357
138.859179
136.791589
136.551368
136.614737
138.213394
136.478761
136.112077
138.267886
136.396461
139.924790
136.357870
136.249912
138.118663
136.133204
136.174728
138.151422
136.186494
136.788984
137.913827
137.504409
138.450161
136.448612
136.533946
138.726736
136.751038
136.801012
138.655087
138.907688
136.726059
137.099215
138.206273
137.014623
137.270236
138.839258
136.778118
137.085165
137.930192
136.454602
138.185818
136.923199
136.545493
139.128080
136.535174
136.437140
138.106620
136.520129
140.823725
138.320459
136.852418
137.524426
137.757742
136.788285
136.998371
138.835719
136.644176
137.596596
137.950655
136.637681
139.469470
136.499212
138.441225
136.450883
136.882290
136.971232
136.504451
137.338409
135.584099
137.882056
135.966884
136.198892
138.117380
136.534110
136.480682
138.344153
136.876000
136.492182
136.482650
136.465657
136.418793
136.557597
138.796351
136.379587
138.240025
136.633480
136.368545
138.954257
136.774428
137.550840
137.581642
139.188052
137.144370
137.366078
137.460044
139.305647
137.341881
137.455418
137.340976
137.367522
139.699230
137.555091
136.893286
138.322235
137.385829
136.913382
136.717362
138.503653
136.601141
136.547743
138.652146
136.637192
136.827777
138.957779
137.131564
136.979393
137.084605
138.953606
137.147437
137.334449
137.071310
137.237807
137.107459
139.181287
137.090415
137.020956
138.708518
136.673594
136.673470
137.421319
138.700423
137.295049
137.280745
137.033735
137.120640
138.823424
136.987117
136.801868
138.530529
136.589053
137.111854
139.605584
137.298747
137.848159
136.966194
138.776453
136.615320
137.574770
137.293034
136.647434
138.522120
141.071934
136.909395
136.736565
136.577436
137.938994
138.969135
138.087134
136.916503
137.340066
137.689662
136.782833
140.047790
136.223410
136.234787
138.640980
139.768816
136.802359
137.029476
136.867771
138.934514
139.757692
136.986547
136.934526
137.187328
138.375456
136.433713
136.596039
138.899194
136.328311
136.214894
138.066043
136.623927
136.741709
137.988957
137.226046
139.169813
136.877250
137.633759
137.187615
139.280999
137.287740
136.795345
136.872561
138.407579
136.743547
136.576813
138.656667
136.891810
136.925468
138.611341
136.626599
138.524576
137.313324
136.792988
137.232191
142.745596
136.529748
136.571682
136.406246
136.254400
136.142332
136.692989
138.236922
137.422444
137.339081
137.806136
137.511084
139.014680
138.195110
139.936673
136.646371
137.544441
136.971848
138.926825
136.534303
136.623227
138.588903
136.586802
136.646824
138.430853
137.129033
136.970812
138.374432
137.584851
136.598980
138.728218
136.802643
136.611201
155.382754
133.779534
135.996016
136.173399
136.115155
139.246435
136.614954
136.520560
136.257319
136.253193
138.339977
136.648807
137.212807
137.029707
139.045371
136.908296
136.994701
137.777498
138.515063
137.600686
137.128470
138.240459
139.501981
139.809423
139.572052
136.626793
136.646640
136.737306
136.446004
140.609340
138.906079
135.997535
136.078203
139.082497
136.344093
137.959521
136.887467
137.276944
137.370748
138.019284
136.728938
136.588761
138.651567
136.478462
141.187082
136.252865
136.209117
136.242333
136.092403
136.055299
138.126033
136.005406
136.060940
138.093327
136.422780
137.186985
138.496274
136.271521
136.155691
138.102447
136.256467
136.188704
136.513916
138.011933
136.843934
137.109794
137.460485
137.534966
137.413067
137.111526
137.512283
140.934158
136.984231
137.774089
138.121233
136.961342
137.022150
138.855239
136.993777
137.543009
138.948061
137.004321
136.707486
138.459077
136.527757
137.498390
136.878252
137.443425
137.032999
136.101366
136.029943
137.942693
136.129106
136.246026
136.521420
138.358773
136.490135
136.525463
138.377721
136.527712
136.343821
136.554111
138.770388
137.117365
136.707427
138.992281
142.463854
137.018716
136.599252
136.828094
138.859653
136.775137
136.965361
138.476265
137.178627
136.105104
137.760741
136.347376
136.082588
135.980852
136.020979
139.485902
136.057888
135.953987
136.124390
136.136933
136.308152
136.574037
136.378020
136.414002
136.351938
138.953673
136.297345
136.396913
136.715982
136.137535
138.259167
136.270626
137.558952
136.456971
137.255691
137.427295
136.467608
136.219244
137.349846
137.745419
136.676974
136.778686
138.563894
136.572686
136.113015
137.922014
136.116879
136.097794
137.233278
136.967270
136.188135
136.326706
138.316730
136.687056
136.105866
138.084447
136.103929
136.087573
138.129108
136.083591
136.188633
138.105997
137.383711
136.208454
136.193059
138.112668
136.172537
136.302425
137.520991
137.310499
138.255573
138.128203
136.591923
136.605296
138.185111
136.132498
136.207927
137.615953
136.609908
136.179313
136.155851
138.022386
136.149818
136.260458
138.203089
136.106552
136.186737
137.993281
136.146703
136.094693
137.564798
136.644768
139.807889
136.336369
136.307252
136.284210
138.270230
137.215884
136.397873
138.277500
136.400107
137.816345
137.193416
136.681411
137.895170
137.247981
141.149513
139.028412
136.661686
136.552900
136.784481
137.483872
137.556039
137.616030
138.457075
137.776659
137.267628
137.574787
137.412410
137.124369
138.677872
136.596195
136.604192
138.436892
136.623752
136.123887
138.034176
138.483665
138.235185
137.367504
137.048337
137.889021
137.707608
137.295816
139.478565
138.387594
141.613535
137.346841
137.174306
137.534270
137.453060
140.524273
137.419572
137.500874
137.300642
137.179603
137.395793
137.817789
137.918470
137.492831
137.349892
137.650745
138.037782
136.134896
137.045803
137.026995
136.139382
137.469720
137.485918
136.551229
136.526796
138.949093
137.498698
138.649612
137.306312
137.314849
137.529396
137.596767
137.534488
138.622240
137.991929
137.338295
139.742706
136.866308
136.880244
136.986011
138.851839
136.253339
136.171923
138.093714
136.273566
136.253602
137.561650
137.125081
136.315445
138.483035
136.243777
136.373382
138.068574
136.208571
136.063130
137.057083
137.159995
137.416314
138.052518
136.286299
136.975658
137.434980
136.269173
138.997669
136.456575
136.370315
136.846177
138.161562
136.544487
136.646122
138.476084
136.662263
136.746851
138.785706
137.125383
136.830784
138.697651
136.491015
136.331929
136.002177
137.942173
135.988932
136.236003
138.628684
136.919513
136.960747
139.252989
136.998949
136.617380
136.780120
139.090856
137.173383
136.566497
137.316286
138.257832
136.645840
136.478994
138.480414
136.599230
143.840293
137.849643
136.633925
136.535469
138.444439
136.468097
136.359451
136.485992
138.008329
136.171570
136.205703
138.284375
136.637694
136.910328
136.869827
139.253804
136.984419
136.221259
138.284271
136.103489
136.475656
137.577163
136.112389
137.431976
137.372119
139.147243
137.019473
136.937131
138.958862
138.322171
138.270904
137.507087
136.985219
139.228462
136.503045
136.659062
138.544793
136.614477
136.428451
138.515107
136.540623
136.926082
136.820421
138.742110
136.993371
136.685771
136.961434
138.715725
136.775999
136.897059
138.018043
137.583290
136.849683
136.627896
138.553336
136.698921
136.481416
136.497372
138.386238
136.854658
136.841577
139.572731
139.268742
136.931677
136.826182
137.022025
138.997152
136.703103
139.602527
137.569850
137.346974
137.169829
137.750548
137.647985
137.634758
137.525508
137.831156
136.163555
136.883068
137.312718
136.135919
136.219984
137.909537
136.116065
136.212169
138.194280
136.238250
136.116542
145.227632
136.256525
138.179789
137.203919
136.313122
137.912773
136.712154
136.421898
138.316252
136.534948
136.444548
137.639722
138.605542
137.424427
137.216533
137.288870
139.126100
137.065899
136.928730
137.754451
137.818839
137.089421
137.693603
138.324640
136.600694
136.532235
138.414049
136.624192
136.658145
138.477903
136.381146
137.779769
137.492433
136.658376
137.103705
138.583216
137.185232
137.076098
138.659283
136.913827
136.735469
138.790360
136.969425
136.793939
139.037564
137.891474
139.041330
138.924895
139.430810
137.133788
137.160216
139.133681
137.285934
137.138257
138.505892
137.570642
136.904065
137.883450
137.825596
136.797028
136.744239
138.412634
135.036885
137.192461
137.419963
137.110956
137.007040
139.098579
137.073285
140.139163
137.287139
142.402938
135.370793
137.088767
137.208933
136.467611
136.191887
136.650025
136.447293
136.859809
138.280931
138.182888
137.071622
136.944379
138.814143
136.790332
136.974991
137.039333
138.435951
136.969410
136.908223
138.821160
136.775754
140.860555
136.481745
136.768741
137.637160
138.173322
138.765360
136.618933
136.683716
136.532881
138.707073
136.668327
136.586531
138.657455
136.796960
136.707444
136.569145
138.833519
140.258632
130.850693
134.791778
137.080815
136.991522
136.669126
136.659345
136.906159
137.121207
138.531246
136.708393
136.960655
138.938217
136.939725
136.700060
138.687210
136.779278
137.065144
138.597028
137.634033
137.222882
137.189354
137.315593
136.794675
138.314128
137.845980
136.360584
136.576417
136.582526
136.815931
137.893702
137.474243
138.509672
136.447221
138.523043
136.524142
136.457376
138.667411
136.814494
136.940268
138.581108
136.387313
136.252600
137.985910
136.098466
136.975263
137.636391
136.281750
136.705398
145.197590
136.415436
136.189080
136.362221
136.398193
136.216464
137.944812
136.403129
136.101442
137.866790
136.239355
136.234779
138.207379
136.098441
136.189582
138.196701
136.236697
136.234741
138.109040
136.096752
138.843680
136.762283
136.227887
138.461661
136.342176
136.795722
139.044371
136.451809
138.136660
136.680203
136.357720
138.365349
136.317094
136.363390
138.221738
136.379213
136.321859
136.431538
138.360715
136.450644
137.773437
137.229675
136.391131
138.429134
136.450016
136.436403
138.298674
136.685874
138.033092
138.595596
138.934577
136.428457
136.304219
136.842787
137.910208
136.510001
137.348928
137.845933
136.505722
136.769214
138.424309
136.452055
136.621556
139.822248
140.104652
136.627496
136.700346
136.584332
138.530817
139.489446
136.382585
136.307407
136.075904
136.173729
136.055100
136.187789
136.098480
136.051445
137.034066
138.152771
136.190452
136.022310
137.439169
136.668015
139.660251
138.883336
136.195597
136.165733
136.154209
135.992109
137.895200
137.573823
137.198892
136.101291
137.268185
137.066012
136.166768
136.512463
137.569485
136.229586
135.995921
138.085931
136.063735
135.837988
137.906065
137.087482
132.967024
133.595846
136.182526
136.284983
136.411665
136.262405
136.370950
136.663184
137.127982
137.207010
140.273699
136.371941
136.331618
136.246169
136.392598
138.305697
136.278091
136.298790
136.528126
138.319995
136.376310
136.252119
136.846973
138.505135
136.291660
136.285243
138.254053
136.365927
136.271255
136.399085
138.301049
136.519387
136.305382
137.428670
137.071651
136.427122
136.275686
138.267182
136.335723
136.274007
136.545686
138.181252
136.481629
136.527174
138.540326
136.626622
136.597911
138.476310
136.625977
136.252593
138.489765
136.567827
138.762007
138.136561
137.392488
138.942291
137.145818
137.056805
138.876524
136.746717
136.698214
138.980021
137.060522
137.035596
139.031283
137.177253
137.302413
139.148208
136.923850
138.203678
137.728934
136.043373
136.097815
136.336591
137.205792
137.153349
136.315412
136.205726
136.116107
138.112878
136.199177
136.018866
138.285852
136.270033
136.353442
136.225744
138.002540
136.177481
138.234454
136.575471
136.033942
138.019867
136.169953
136.344806
137.854051
136.470625
136.075111
138.161083
136.159393
136.242712
138.142107
136.146388
205.162945
157.090529
135.194702
136.170326
136.585086
136.377572
136.036245
136.077685
138.811995
136.162572
136.269432
138.032103
136.655757
136.362662
138.231433
136.492410
136.266427
137.294140
137.115826
136.445888
136.370646
138.165302
136.379388
136.590593
136.731411
138.723624
136.913361
136.893426
140.200067
136.892966
136.806070
137.904789
137.367347
136.684578
136.642857
138.373666
136.633846
136.596240
138.087439
137.247175
136.491113
136.700210
139.157773
138.701024
136.833221
136.438375
136.259445
138.001451
136.636064
136.348034
136.367073
139.257362
139.503282
136.812132
136.803765
136.767837
136.952055
137.062710
139.463342
136.598647
136.501664
138.636447
136.733630
136.753774
136.766274
136.632233
138.485937
136.687804
136.513873
137.278756
137.551809
136.533750
137.795860
137.239200
140.311959
136.204089
136.444623
136.857909
136.473080
138.451515
141.767441
136.829758
136.741150
139.294675
136.935237
136.684675
140.362120
136.163039
136.362750
136.094288
138.104803
136.069389
136.214730
138.163011
136.241059
137.885482
136.506658
136.196673
138.275724
139.229860
136.243624
136.284289
138.411414
140.513158
132.297194
136.096072
136.208517
136.344209
136.343163
136.016421
136.172453
137.968843
136.107387
136.166903
138.182227
136.263712
138.833678
136.387810
136.446126
137.698114
136.895122
136.365121
136.400092
138.346368
136.383579
137.426457
137.683753
136.347235
136.404140
138.065903
136.307542
136.479255
136.955137
137.552578
136.267735
136.145283
138.320192
136.402194
136.340920
138.776605
136.091768
135.904067
137.988118
136.120307
135.965565
138.120774
136.146926
137.006506
137.452724
136.024647
138.060805
136.057535
135.957902
138.174048
136.214897
136.183441
137.151153
136.985391
136.270539
136.157185
137.931180
135.734351
135.769857
143.063566
136.307633
136.261850
136.127954
138.067534
136.155998
136.998436
137.359698
136.098802
138.103884
136.087989
136.240726
138.319132
136.201690
136.739336
137.766389
138.752409
136.094010
136.221572
137.878908
137.101243
137.546570
136.151673
137.964377
136.409734
136.252975
137.033809
137.121955
136.106462
138.065533
136.215340
136.066741
138.118920
136.186943
136.172744
136.105153
136.124674
137.982604
138.524358
132.340179
134.993229
136.196109
136.078422
135.993413
136.175157
136.070388
137.398498
136.951062
137.023199
138.113277
136.269218
136.091276
136.062459
136.207161
136.278809
138.082463
136.124483
136.124010
138.389505
136.191675
136.127331
136.160521
136.289023
136.188817
137.906120
136.193171
136.517209
137.576698
136.271955
136.136685
138.100300
136.107188
136.144764
138.143269
136.250944
136.267091
138.037322
141.868159
136.885025
136.141723
136.201376
136.272950
136.737113
137.411156
136.208052
136.163948
138.184314
136.354282
136.722293
139.142690
136.184600
136.378361
136.573936
136.706000
138.290590
136.876490
136.554004
136.696852
138.510527
136.683678
136.622611
137.242718
137.877440
136.640794
136.511796
136.300817
138.160588
136.211505
136.284184
136.234134
136.549909
136.462168
137.478228
136.336267
136.471532
136.287688
136.328779
136.546149
136.341299
136.397760
137.077581
138.670917
136.411633
136.413133
136.223615
138.166891
136.238567
138.693160
136.277975
138.552386
136.369503
136.321334
138.158197
136.278218
136.273328
137.919534
136.668902
136.336032
136.737468
137.782025
136.443848
136.418854
138.200017
136.212936
136.370931
138.287443
136.339049
136.408597
138.287513
136.224388
136.383334
136.322003
138.132997
136.258830
137.106413
136.071361
138.640716
136.283026
136.863694
137.249627
136.357125
136.248435
136.928967
137.246660
136.147697
136.045727
139.066193
136.112727
136.189301
136.894295
138.768303
136.306667
136.522339
136.437915
136.459261
138.329041
136.594674
136.415667
137.577256
139.310044
137.761642
137.574720
136.893122
136.724736
138.544197
136.387104
136.521772
139.279898
136.475916
136.478309
138.406915
136.340635
136.278234
137.917247
136.757787
138.373428
136.389796
140.350814
136.422486
136.307848
136.323887
136.284327
138.662650
136.515174
136.710913
138.497120
137.113177
136.826397
137.873782
137.445905
136.825927
136.721511
138.944422
141.086368
136.515728
136.385019
136.678361
136.671352
138.599747
136.761585
136.324983
138.522085
137.312354
136.762231
138.522037
136.633366
136.458790
138.634828
136.355698
136.172767
138.232056
136.406574
136.380871
138.476829
140.090963
136.677201
136.666247
136.717170
138.660053
138.199650
137.772381
137.885476
137.793050
137.095010
136.876795
137.055604
138.731465
136.870862
138.430436
137.338877
136.580602
136.822382
136.761855
136.751427
137.734042
139.446444
136.692222
136.701997
137.692693
137.797196
136.752361
136.768387
138.641917
137.386205
136.935425
138.896712
136.849223
136.797059
136.608329
138.628053
136.400349
136.684253
138.418696
136.359787
136.446581
138.458483
136.435947
136.460406
138.722790
136.499525
136.603001
138.428228
136.524708
136.379342
138.497092
136.603995
139.224931
136.557306
137.034147
136.441204
138.874746
136.655017
136.624180
138.421773
136.682785
136.603465
138.530047
136.538926
136.412527
138.607628
140.221031
136.628516
136.735863
137.732009
143.659968
137.123018
136.887947
136.843222
139.052889
137.005174
136.874452
138.413741
136.775977
136.665232
136.607496
136.796865
138.522425
136.996378
139.722785
137.098244
136.839123
136.630779
136.752205
138.854069
137.906785
137.782657
137.426554
137.460718
137.322339
137.394684
138.705961
137.448272
136.984684
138.478316
137.486615
136.816579
133.874687
136.981593
137.182882
136.822084
136.792260
136.679738
182.826762
136.296907
136.727116
136.765636
136.780584
136.766383
136.808091
136.664930
139.219812
136.440027
136.088144
137.945710
136.041057
135.951712
136.878473
138.652372
136.949239
137.080373
138.382112
136.969969
138.335673
136.708275
136.722839
138.593731
136.599243
136.709881
136.500868
138.436309
136.540733
136.581064
136.518803
138.567150
136.617373
136.655028
137.757755
137.824008
136.883741
137.077881
138.978171
137.342333
136.759691
137.658001
137.755736
136.844704
136.747953
137.256791
137.820634
136.822180
136.792133
136.853459
136.730435
136.736782
136.733513
137.164136
138.249673
136.810691
142.236709
136.793450
136.553140
136.820184
137.717616
137.779953
136.710237
138.542165
137.252376
137.699792
132.972056
135.289513
136.674463
136.772597
136.945956
136.651147
136.779547
136.623672
136.682048
136.672598
138.597320
136.737497
136.913620
138.853759
136.590538
139.485831
136.660183
136.848200
138.636112
136.593060
136.683547
137.449118
138.142347
136.899978
136.780288
138.627099
136.218429
136.158506
138.282766
136.903980
136.262109
138.378902
136.187907
136.188338
138.124800
136.282099
136.129113
138.303752
136.400236
136.560878
138.302402
136.540789
136.578322
138.362684
137.153949
136.604515
137.929483
137.307848
140.368365
137.086075
136.993610
138.854319
136.851542
136.672035
138.567573
136.717791
136.718587
138.742256
136.651435
136.445201
141.535448
137.122272
137.731558
136.116765
138.604610
136.315477
138.178869
136.176529
136.371369
138.419879
136.200740
136.195630
138.011167
135.998229
136.098603
138.122900
136.018116
135.995114
138.080075
139.664959
138.013431
135.991169
135.920447
136.001847
137.865384
136.196614
136.025121
138.177393
137.391177
137.746809
137.802386
139.028155
136.746174
138.516451
136.917232
137.030647
139.424980
137.084547
136.935154
138.738928
136.649690
137.796072
137.162796
138.089194
135.971325
138.031668
136.071143
136.151769
137.930683
135.994901
137.358739
142.267086
137.186089
136.973909
136.121835
135.981793
136.706676
137.349072
136.793084
136.403944
136.305302
138.080863
136.178361
136.195570
136.045657
136.139477
137.253632
136.801823
136.104536
136.112843
135.903414
136.076015
137.991379
136.065138
136.161946
137.922704
136.014605
136.135408
138.206908
136.456483
136.827874
137.709802
136.196447
138.143178
136.465754
136.221914
138.252637
136.186238
136.367524
138.435871
136.241247
136.239146
138.007830
136.192535
136.988385
138.188764
136.572396
136.275062
140.312141
136.427396
136.277212
139.249401
136.323672
136.294587
138.195667
136.321976
136.168188
138.301309
136.291052
136.373599
139.796158
136.301142
136.468770
138.173799
135.940315
136.189290
136.027137
138.833003
136.056226
136.079972
136.450031
137.759363
136.259898
136.173736
138.091917
136.180999
136.106503
136.049025
138.140831
136.264338
136.405791
138.268483
136.287399
136.461419
138.858892
136.347394
136.369484
138.087367
136.551712
136.248283
138.321012
136.342484
136.274658
138.298743
136.426423
136.314924
138.194320
136.041870
141.843750
136.062029
135.966857
138.069663
136.198404
135.982650
137.103831
136.962794
136.110218
136.121655
138.271049
136.504862
136.373425
136.428390
137.749043
137.036243
136.038011
136.030994
136.127309
136.007052
136.008846
136.012596
136.049310
136.034662
138.083914
136.134952
136.180715
138.136085
142.810000
137.845363
136.450033
136.348000
136.143790
136.063378
136.168518
136.104173
139.684447
136.453279
136.391257
138.511406
136.434552
137.857787
136.084429
136.138824
138.005175
136.136868
136.248296
138.093711
136.017398
136.032322
142.770621
137.201074
137.234796
139.628673
136.242409
138.312852
136.203348
136.778434
137.518581
136.086367
138.064115
135.961713
136.205085
138.172674
136.092460
136.158748
138.135552
135.958395
135.993852
138.090717
136.045520
136.097172
138.408355
136.443694
136.308032
137.146832
137.039628
136.597672
138.019748
136.368006
136.097935
138.337176
136.247264
136.198060
138.256887
136.205391
138.151703
137.743279
136.169232
136.061427
136.091663
136.215615
136.127688
135.961779
136.066725
136.009230
136.560648
136.866578
137.106982
136.194077
136.075481
136.167380
135.997830
137.449563
136.875287
135.984368
138.038674
136.135351
136.348832
138.162081
135.893180
140.193342
136.146407
136.273136
137.923303
137.615972
136.274915
136.299709
138.133198
136.081098
136.109353
137.928370
136.847872
137.631954
136.089072
138.013852
136.120508
135.897909
137.875890
139.959671
136.655068
136.184749
135.950176
136.262385
138.757874
136.023370
135.991175
136.194465
136.041107
136.203109
138.542665
136.811558
136.539347
136.408728
136.785710
138.447227
136.315941
136.458045
138.189027
136.148783
136.043259
138.037077
135.982465
139.693049
137.313274
137.120490
137.254350
137.086837
137.376751
136.144562
136.193664
138.078859
136.172460
136.055177
136.057976
136.163446
136.213081
140.000270
136.517000
136.293583
136.381243
138.075007
140.876854
136.221220
135.690460
135.669306
135.822233
136.270501
139.652541
136.753173
137.596371
137.051614
138.503230
136.246148
136.122966
138.152177
136.153082
136.231365
137.987987
136.008449
136.050525
138.098616
135.997467
136.185828
137.937101
136.103280
136.025968
138.015314
135.873358
136.463742
137.516350
136.100427
138.069554
136.011224
135.969295
137.990103
136.188337
136.842114
137.211612
136.111676
137.941888
136.484089
136.135272
138.081707
135.980149
136.037436
138.260707
136.082272
136.201466
138.090438
136.083369
136.251051
144.585522
135.957804
137.985938
135.992560
136.104312
137.605021
136.289555
136.137623
140.225054
137.249153
136.351862
138.446976
136.507758
136.355519
138.030986
136.241532
137.141083
139.345592
137.471077
137.113092
140.744125
136.763047
136.855972
139.022360
136.753611
136.811287
138.772705
136.722605
137.231180
137.540237
136.737581
140.687903
137.988131
137.457376
137.269791
139.289033
137.396914
137.435717
136.886959
138.746844
136.829485
137.968309
136.730127
140.418716
137.099090
136.773020
136.650774
136.677184
136.719636
136.690483
136.581568
136.589889
136.509933
137.849097
136.969478
136.473258
137.450089
137.571377
139.534915
136.679580
136.707804
137.940111
137.323265
136.683260
136.574941
138.618452
136.884303
136.535371
138.867658
136.490307
138.569780
136.278449
137.664771
136.155182
138.124432
136.158984
136.237848
138.428950
136.433602
136.307552
138.289211
136.203094
136.403370
138.449348
136.395011
136.514435
140.362167
136.547259
136.584511
136.564594
138.170247
137.176147
138.038662
136.205294
137.186635
137.325415
136.223510
138.033925
136.449078
136.080562
136.636633
137.798519
136.214351
136.413822
138.000611
139.755767
136.237069
136.155134
136.329411
136.265994
138.267121
136.162031
136.107458
138.151529
136.325669
136.223460
140.845856
136.258371
136.148412
136.178102
138.195662
136.210875
136.050850
138.233471
135.974946
135.973748
135.993497
137.874160
136.296365
136.650172
139.732354
136.771748
136.972046
136.942216
136.884519
139.170824
136.764468
136.534562
136.618831
136.799174
140.428583
136.941469
136.820868
137.162759
136.841448
136.909862
136.881974
136.622993
137.135797
137.050158
136.864706
136.971329
138.760902
136.728758
136.450524
136.697431
138.305171
136.396987
136.401833
137.296437
136.899121
136.063173
136.089589
138.064224
136.132357
136.069208
138.124874
136.271636
136.228669
137.143398
137.725301
136.406263
136.862691
137.700820
136.408519
136.312871
138.364213
136.223598
136.317197
138.207619
136.539417
136.308485
136.694819
137.986624
136.331035
139.424285
136.088878
136.195027
137.028502
137.032070
136.238625
136.783382
137.270894
136.318200
136.140199
137.755210
136.588134
136.160673
136.273208
137.967435
136.119489
136.207767
136.158043
138.061306
136.190372
136.216417
136.253245
137.973312
136.069295
135.991317
136.118912
137.894587
139.194139
136.383918
137.712437
136.850336
136.994683
136.917043
137.061532
137.069402
138.958540
136.878081
136.783461
139.117084
136.960509
136.226617
138.233951
136.101432
136.142055
138.065873
136.011658
135.937939
177.236642
135.578373
136.811388
137.096859
136.112010
136.122704
136.111343
137.618790
136.668406
136.103214
138.114409
135.755118
135.734201
135.639312
138.118859
136.007289
136.032035
136.809052
138.610653
136.537752
136.677373
139.043706
137.618866
136.779964
137.845329
136.532542
137.285846
136.704087
136.695544
138.127323
136.927431
136.567719
136.602709
136.512978
136.728569
136.709950
136.869429
138.410974
136.568527
136.376744
137.283665
137.648683
136.429539
136.013890
138.236213
136.515748
138.037764
136.238712
137.421895
137.275569
136.413734
137.517806
137.529639
136.541957
137.586981
137.809286
136.587112
137.619146
137.594464
136.601285
136.601074
138.249317
136.465325
136.868759
138.008504
136.565659
136.931980
138.035998
136.476141
136.367759
138.118637
