50
39.429740
30.557037
30.713901
31.923856
30.957888
30.550517
32.948870
30.143471
30.723986
30.515138
32.261404
27.674572
23.858644
24.051527
23.853265
28.103171
39.440175
31.885351
30.356754
30.043096
30.425613
31.027770
30.683842
29.773759
30.263230
23.722983
25.845398
32.306897
30.198738
29.967747
30.849098
30.955626
30.465520
30.981191
31.223218
30.236531
30.980180
31.281774
30.271779
27.919475
24.738812
31.428389
27.221384
25.451138
30.226349
32.413007
31.836301
32.463356
32.171511
32.946818
32.989093
31.229498
34.923298
34.559102
33.185043
32.066300
34.945867
32.476944
31.437098
34.757300
43.160770
42.090280
34.913867
43.683889
33.479307
34.225744
41.832336
32.094562
32.741780
33.496675
33.718968
34.894236
33.624336
33.536362
33.724807
33.178367
32.480081
32.357953
28.863649
25.499352
28.771378
27.694527
26.587758
33.193931
32.626191
32.020578
33.138377
33.319224
34.638953
33.068594
35.438998
33.264257
33.040205
31.815341
29.094890
24.451972
33.641974
40.492450
32.381707
27.748009
39.808896
37.063974
33.290674
32.520036
31.694938
33.161491
42.356829
36.434027
34.769235
33.128711
33.819436
33.198154
40.417878
42.078285
38.787142
42.788910
40.005459
32.087498
32.426894
33.906731
32.313311
33.014475
31.353920
40.170308
43.905008
34.009447
35.542858
34.828081
34.866122
34.886762
34.172610
35.364784
35.152300
32.901310
34.254305
34.719728
35.008174
33.329177
32.141231
34.170367
39.313072
35.384997
41.164891
40.812068
39.372514
36.886146
32.182250
33.477036
32.627378
30.226584
26.669295
33.401106
25.760351
30.031655
32.444779
26.978716
29.800935
30.918187
30.652577
34.568592
34.508054
33.656295
32.304619
33.251784
32.659897
39.416785
34.356572
29.064900
27.115330
31.462909
33.012385
40.582849
40.634600
33.237244
32.228704
32.014877
31.635293
37.621284
41.720941
28.874360
27.228339
31.466601
36.894107
42.055890
38.000846
32.097206
41.210227
36.990707
38.945412
43.015261
42.646805
36.232847
32.535231
31.620258
30.054676
25.180507
26.496302
31.367248
31.985923
32.387081
32.283460
32.606572
33.188168
33.122643
40.750430
42.400990
37.916936
33.511612
35.024182
38.540202
42.186009
37.074017
33.222979
33.801271
33.676656
32.938400
32.350552
35.971419
28.588585
30.991939
28.504120
28.801386
30.960731
26.559370
32.094596
32.567240
31.369135
31.528051
33.866574
32.037181
33.418200
33.183440
32.010091
31.954815
33.239121
32.534008
33.175903
31.385506
31.556190
33.696415
34.002161
32.282521
33.084760
42.502040
37.119607
33.950136
35.311665
41.613137
43.258611
35.473194
38.224515
50.328391
33.682104
34.164937
35.192979
35.037673
31.370956
31.556692
32.531178
32.260247
39.077852
42.067796
39.142749
34.870286
42.377974
36.853528
31.295555
33.172474
33.138487
32.627284
33.826119
34.607447
42.717395
42.772195
42.246482
42.521325
29.464845
31.282026
30.700522
26.969811
26.514040
32.102475
32.624410
31.307441
37.288629
37.041123
31.376567
33.685579
33.000712
34.454303
32.734832
34.440576
39.149379
33.719092
37.423537
39.826721
31.482615
32.394804
32.541143
32.831094
27.239303
27.199180
34.301496
33.288684
32.899738
32.623284
32.680227
32.007155
32.796261
32.498773
32.761989
33.030280
31.722940
33.066966
33.298564
34.940352
34.305710
31.761853
31.161982
33.882341
35.241832
33.782147
27.385490
31.783563
31.564920
31.283263
27.110086
26.308968
25.952395
28.935196
34.111601
34.492099
33.289233
34.812349
33.593339
34.534656
37.212894
38.733126
31.128519
31.131148
31.877198
32.258134
33.522365
36.797843
37.717346
33.365529
32.045180
26.443955
27.574563
32.643076
31.915094
32.820817
34.145012
32.397475
36.568242
40.996929
33.115553
32.920203
36.829331
42.049185
40.173496
33.874749
32.275851
26.517820
32.417240
34.719430
32.524379
39.019929
33.109156
31.930860
32.690317
33.877673
32.616310
32.277439
33.900175
27.771465
25.848368
31.337704
32.694725
32.200016
31.505005
32.535939
32.539047
33.451782
30.550855
26.901118
32.697661
33.845864
35.234900
33.895697
31.803493
30.582100
31.328539
33.780540
33.321510
32.512485
27.685788
33.699373
33.089479
34.502097
33.582866
32.596100
31.262223
32.080796
27.861516
27.211991
28.897255
27.248979
30.906281
32.370349
41.297140
33.034028
32.383248
44.954827
38.910137
30.287287
27.415220
28.641696
34.729546
32.748238
32.525372
33.625809
32.416093
33.115271
45.416505
42.318098
33.850084
33.243531
32.693315
32.045553
33.384196
32.370577
31.823092
32.262009
34.160694
33.680400
33.593009
33.054056
32.494773
33.038296
32.673442
37.263483
41.221117
40.301732
27.960405
32.965742
32.178260
32.907193
32.517441
32.519417
32.699606
32.104233
31.055421
31.031872
32.349363
33.196969
33.374091
32.797063
34.036520
43.006640
41.240242
38.476686
42.217153
42.506659
34.851957
34.563238
34.486847
32.671733
28.133192
31.960564
33.350001
31.979363
36.276259
37.479985
35.133086
34.012485
33.131082
33.730535
33.833212
39.641062
31.417262
36.263712
34.935668
32.013857
28.414518
25.658806
27.787551
27.235175
31.855929
32.782478
32.946411
27.336427
26.976649
33.133584
32.867852
32.077033
32.598393
30.402973
28.902934
35.404035
34.109234
34.958016
51.429431
35.600621
38.454734
31.865934
32.839816
34.606132
31.021437
32.781378
34.589670
33.631357
32.372492
32.117284
36.124183
42.402058
42.269013
34.252537
26.458329
25.685736
26.593443
25.941499
31.057483
25.643292
25.710389
29.013632
41.292035
31.876425
32.758608
25.261442
24.277782
29.239345
31.825753
32.786928
32.746956
33.968452
29.797281
25.960171
28.872471
34.431869
32.491143
43.583222
44.340271
33.895304
34.781769
34.579858
33.862464
34.583335
35.153528
34.571273
31.590638
35.095387
34.225158
32.253425
32.933668
32.688483
32.258586
32.736142
33.945162
39.718330
33.933832
34.572913
34.999722
33.310098
32.593897
32.576635
32.609370
33.391871
31.964561
35.204324
32.614340
33.863369
30.975619
32.534849
32.042230
36.006397
41.316821
33.164612
27.656727
27.592918
32.464697
32.216236
31.928315
32.926939
37.836290
33.355930
27.159595
32.177170
34.979976
37.864249
30.575306
34.380367
31.583452
32.770449
32.477176
32.957988
32.483261
31.586434
32.631560
42.002292
37.308260
33.347590
36.489904
42.940439
35.377449
32.663338
33.636766
32.018979
32.414007
32.249962
33.302557
32.756646
33.897306
32.031926
32.280388
31.486216
32.912246
32.824203
31.969830
31.657377
30.381599
32.990940
32.456496
34.073200
33.761064
30.787011
27.153056
29.250951
32.677827
32.914403
26.220667
26.554233
31.651837
33.414681
33.684629
32.976264
27.212635
28.118247
26.981790
26.791502
28.019828
33.467377
30.587786
31.331531
31.816882
35.127037
38.142034
33.582827
35.970320
44.251432
32.104694
26.912300
27.523492
31.675026
32.959227
31.450572
41.773025
41.015797
33.891426
34.757855
27.883944
29.921624
40.122168
40.893482
35.165002
32.458127
32.892664
32.883598
31.628346
31.833850
33.598503
28.981656
25.167179
31.770483
31.150666
31.659187
33.671793
27.690419
26.019821
28.435986
30.433752
33.156168
31.455639
32.300811
33.763522
34.698922
32.007290
30.099091
35.346379
34.378213
35.875105
34.213628
33.186746
32.669596
29.982749
30.228216
32.812922
32.957885
33.698830
34.476130
32.716828
32.757046
40.353326
35.802940
32.960033
32.187608
32.018340
31.916649
33.196036
32.019788
28.066526
26.225634
25.963322
28.816526
33.193082
33.792101
31.408489
31.672191
30.172285
26.394282
31.881810
32.566140
33.380679
32.748834
35.077831
32.962478
32.029585
28.033016
24.259269
27.295383
26.040999
26.554175
28.771007
27.174160
32.165443
33.927014
32.660190
34.022873
32.716728
27.884613
27.670679
34.781682
39.318789
34.308997
34.327184
30.398127
32.270945
32.427878
32.698764
34.371264
33.233081
32.253458
28.386567
30.571107
33.189247
34.040536
27.258394
27.016589
31.741792
32.644754
43.539187
41.891368
43.195345
43.463347
34.720298
32.560422
32.658928
33.367223
32.176974
32.013392
32.501478
32.273628
31.385435
32.481920
31.615029
29.468387
26.628483
31.971752
43.169437
43.269074
37.925405
36.981706
41.993547
36.443522
33.743476
34.119019
33.989911
33.750023
33.601817
33.734478
36.635831
47.071707
69.262724
39.402611
31.028837
29.929322
31.011406
32.382888
34.884714
38.378046
31.409072
30.977352
30.987819
31.017926
30.863986
34.876155
30.195147
32.621732
37.647319
30.675776
32.388121
29.657281
30.669986
38.045071
35.109125
31.642408
30.229888
29.384879
31.103982
32.055652
30.932240
31.699220
30.868628
30.231607
30.991370
27.037414
24.794420
25.120273
26.020578
26.878736
27.305092
40.040498
30.680908
32.460203
30.696202
33.908359
42.917144
29.228739
24.825820
30.251908
32.020678
32.149774
29.911106
30.748775
32.213934
33.920856
31.275447
36.308611
40.088395
30.810943
30.856589
30.839031
30.397773
29.311549
24.579081
28.353843
30.399758
24.981670
31.498794
38.278583
34.209562
33.650969
33.290588
31.203065
41.484859
34.771755
41.749012
34.220131
33.600447
33.209072
35.367876
34.774292
33.836173
33.012206
34.326873
36.142742
34.056171
34.117048
34.796967
37.238407
33.782254
33.573156
33.831306
30.106909
31.447405
31.725150
33.303383
31.554170
28.543339
33.996586
35.755327
42.259618
32.576227
32.211121
30.407453
33.764447
33.182023
32.450647
34.433284
36.813158
41.958689
34.818793
35.376326
39.738890
32.383996
34.202209
33.344077
34.726410
32.669666
31.833438
34.266777
32.645547
33.171450
32.559135
30.867301
32.052128
32.973808
33.244899
33.666777
31.714341
31.921876
32.675240
32.913509
43.309670
37.387335
32.403525
32.859502
32.893272
28.654978
27.001207
32.001906
33.738554
33.934095
33.080342
31.429245
33.313918
27.910129
27.139425
32.350426
33.085948
31.879377
32.543104
33.081819
33.352238
33.682888
32.295522
31.712876
32.307931
32.261144
26.987426
28.294933
33.907749
35.525288
33.085647
41.362790
35.938204
31.594892
32.357335
33.492894
33.968361
32.644502
34.775463
27.911562
27.342700
29.677320
26.733067
28.814458
32.282325
32.247809
35.085270
34.116261
33.260594
34.858650
33.163601
34.438119
32.357838
32.895237
38.370645
43.253493
42.104961
38.775517
31.574816
32.418737
31.131488
26.730221
30.738038
32.424661
31.462361
36.034720
37.737448
34.392166
33.099394
32.352687
31.553160
26.640447
25.718010
25.760748
36.042159
33.460380
33.128806
33.465216
31.862905
31.357123
29.729332
26.601252
31.762525
26.409207
29.457707
32.561131
35.281704
33.531189
42.631130
39.819353
33.258925
34.436353
34.793350
33.828896
33.736256
34.067320
33.699441
34.681296
34.306810
32.437472
32.230175
34.712145
31.258248
33.046604
32.694158
29.649070
25.761569
30.441822
26.507081
25.894485
30.377329
28.266051
32.214351
32.808655
32.213863
34.967340
33.568233
34.629034
42.281939
33.047205
33.041031
32.588275
31.598755
26.235369
28.787194
34.701485
35.344929
33.383094
33.832707
35.798326
39.426525
33.067423
32.716945
39.550917
35.775113
32.429566
41.980193
33.113720
32.333088
32.747869
32.059703
32.373277
32.101026
30.903588
33.253155
32.702877
33.434144
33.615423
34.285801
34.680432
32.492836
32.554709
32.413740
31.363195
33.023063
27.613694
30.364585
34.503318
40.217481
39.499127
41.910194
33.108060
33.441544
32.942154
38.828253
36.816503
33.576647
29.048516
28.681192
33.673794
33.485857
29.083698
25.937003
26.678975
31.595018
33.724594
33.544605
33.629092
29.571396
27.583869
28.243619
27.623804
25.720626
25.429789
27.375509
30.000227
27.526870
28.743584
27.370261
33.427677
34.210580
27.454792
28.664363
32.625275
31.240684
32.214165
34.659560
33.383632
32.668808
33.643682
33.865108
32.733692
32.862363
29.300659
25.215333
27.528439
33.395537
32.960334
32.940611
32.705443
31.078670
26.094458
26.032911
34.779384
39.237380
33.120215
32.643781
33.668038
32.772121
32.256726
32.553649
32.658749
33.141353
32.222461
32.480248
33.222139
31.654758
27.692396
25.488792
30.449888
32.711694
32.972043
31.416907
40.790762
36.092737
37.849210
37.606124
38.859091
34.173717
33.314623
27.015121
29.398798
32.329351
31.741297
28.457440
27.287865
27.611662
27.982271
26.834872
27.411980
29.064110
27.511449
25.379184
25.374750
26.420010
25.839932
34.174387
33.534899
31.843017
34.268107
33.548321
32.370672
30.532143
32.316927
32.531037
33.398831
31.125299
33.618165
33.343876
32.597993
33.073075
31.354327
30.509659
31.957734
32.834089
32.986889
34.654027
34.457168
32.360328
32.641381
32.730304
32.881152
33.259111
27.948456
27.155144
30.336703
37.454082
38.324097
40.977488
35.012988
36.245587
38.048242
33.275159
28.920786
28.011999
30.079256
33.452212
33.828151
33.406091
34.521373
32.313596
31.415681
32.092912
34.465600
34.845090
33.267427
34.131950
34.291136
26.982504
30.038781
31.710462
31.718789
33.643692
34.906894
33.346102
33.378873
33.322424
32.959082
33.499196
32.914083
31.840639
31.941979
26.538807
26.807883
33.667935
32.015073
35.140417
33.788464
30.536124
31.987695
31.438890
33.159999
40.029364
34.382143
39.346687
34.927192
32.428026
33.311467
33.802653
31.805769
28.611212
26.670411
32.103911
33.290151
34.727556
34.840209
33.630968
34.321943
33.895278
32.858821
42.240194
37.601244
33.904603
33.109714
33.662905
41.933123
41.746493
41.677898
31.752513
28.935486
27.390949
28.141016
26.330152
28.283357
33.112898
38.243764
42.715028
40.566626
29.108195
27.194911
30.751727
29.028419
33.410089
28.157650
27.506311
29.810410
26.271365
26.421202
27.053381
28.267701
29.954489
32.803257
35.720887
33.143234
33.345110
32.789834
32.007850
31.063679
33.766125
33.539519
31.543309
32.543697
32.442452
38.681067
40.161845
31.514078
32.732821
31.690846
32.832804
33.088542
33.470619
32.210512
32.774622
33.946828
31.322262
32.760843
33.277477
33.960540
33.533192
32.257062
33.127421
34.863539
33.893375
40.752238
35.941835
41.568798
34.489421
35.676891
34.599945
33.712783
29.426856
26.438838
28.011256
34.819557
42.357036
35.763824
34.275001
33.548638
33.976327
31.468959
31.459823
30.693803
33.636084
33.072169
33.276120
33.153477
37.347733
38.018648
31.823819
31.293769
33.723360
41.574310
31.133504
32.367817
43.279404
41.344349
33.431102
32.502067
38.615783
37.209070
31.074164
27.635851
33.374708
35.079551
36.205211
26.599553
27.678122
30.387489
33.104394
33.852529
31.507594
32.186955
33.503678
34.385160
32.917264
33.031152
32.951196
30.835005
32.334197
32.382928
32.258417
41.146917
39.473256
32.174008
32.023107
29.982772
31.355092
33.205562
31.816982
29.541771
27.779585
27.197029
30.321764
32.142034
31.788173
30.718500
33.732521
34.837376
34.113768
34.954581
33.899289
32.810291
33.904776
33.610525
30.958484
26.417644
26.553873
25.464596
31.961823
33.425406
31.873376
32.648056
33.774940
30.685618
31.537378
32.692866
34.458310
32.862977
33.352697
32.646679
32.705392
33.657564
26.636515
25.208884
25.497877
33.346829
38.381105
33.784810
32.043446
32.896559
32.180968
33.481815
32.146435
25.768897
26.850130
31.768073
32.922332
28.535892
26.050838
26.699221
27.101900
32.469745
31.897822
42.739501
45.118917
43.264246
33.066110
34.156533
41.903991
44.188518
34.991283
34.109446
34.065967
33.604326
45.293516
38.065946
32.390327
31.411533
32.343769
32.027350
32.509397
29.205804
25.614425
28.195481
32.322923
32.732580
32.764611
28.556430
24.976241
28.508597
32.218437
31.696699
31.580805
45.473468
40.302869
36.202326
33.596606
31.576611
30.208607
29.362264
30.297263
30.609277
33.194011
26.286128
29.362732
31.859085
32.346696
33.682716
32.032306
34.073565
33.540032
32.515774
27.013569
26.191487
25.617029
32.315328
35.028370
33.272129
33.480213
33.612396
31.051674
27.344337
32.397994
43.302412
34.611149
31.900149
27.278064
32.809591
32.419192
34.298599
33.972915
32.746626
26.247722
27.337282
32.974523
32.496720
33.344563
46.177840
38.599304
33.189723
33.746744
34.938504
31.691971
31.525491
33.165320
34.713866
31.295600
31.163259
30.299403
35.342337
49.725262
33.381704
33.342247
30.425933
34.301235
28.632831
30.061348
34.195488
26.904788
25.931735
30.349275
31.118743
33.029729
32.743742
34.130794
32.345666
32.346370
43.683074
43.045981
39.237422
32.249003
33.143847
34.022829
33.577043
34.467324
33.323248
33.292849
34.206861
33.502546
32.705478
31.506511
34.032149
32.708254
33.597109
32.887022
32.456201
30.295846
26.318686
31.196526
31.527084
31.234382
32.853425
31.740173
32.625475
31.725585
32.634629
33.073119
32.369161
29.131764
27.491337
27.465141
32.627058
55.683473
87.111948
37.234242
24.856231
27.423669
30.539647
40.840615
33.161370
40.578257
36.122608
36.057875
39.957937
31.934188
32.621506
30.935019
32.908461
32.379915
24.836832
25.886846
31.489193
30.310351
30.100214
30.638878
30.609750
31.240500
31.140107
31.307343
26.004812
25.220972
30.714087
31.505329
31.102173
31.694007
31.283530
31.929757
32.099972
31.083400
30.425068
23.822994
24.010320
30.469581
26.159312
25.418695
27.725745
30.027014
31.927770
29.312440
24.824761
26.622189
28.946639
23.814864
24.319920
23.476698
27.379110
41.568878
37.009692
32.128233
35.120878
39.010644
33.344877
32.388277
34.586778
32.896670
32.907563
33.837622
42.920337
35.178944
32.660837
34.456697
32.656116
33.224889
39.941520
42.376586
40.856884
32.196560
31.688014
30.534960
33.479849
33.282513
32.539166
33.137783
33.929842
34.173776
31.899067
32.165111
33.370278
30.522899
31.531432
31.031055
33.263189
41.660169
35.806516
31.064021
26.249808
27.382504
33.689279
31.217026
31.022543
33.449569
31.356973
40.868898
35.358113
33.680057
32.651564
32.314184
31.480374
32.404115
31.620634
29.206418
26.498173
30.211110
32.737534
30.083564
25.672322
33.226285
34.002236
31.985590
31.376931
25.420859
29.299318
32.078653
40.376919
34.846424
33.921701
32.950641
33.309376
31.353118
33.970208
32.061669
31.430901
33.140308
32.387947
33.412960
32.234932
33.484954
33.569589
34.338306
33.138756
33.159482
33.547047
29.910826
30.523540
30.523425
32.522001
35.751186
34.609948
33.517191
34.050755
35.175654
34.395188
33.302173
34.285697
30.154725
31.293023
33.337442
31.503078
29.853430
28.180966
29.874768
31.813112
31.738513
32.851765
28.718263
26.896211
32.713501
38.003501
42.009439
36.682432
32.764659
33.307947
32.348336
33.445978
32.695249
32.226684
33.578744
32.539055
32.682498
33.058360
35.257975
31.767691
32.924838
33.963848
32.159062
32.988867
33.301329
33.182038
33.745263
33.057919
37.457169
37.182671
40.299818
32.262591
42.757410
33.909161
33.972245
32.614136
34.599835
32.184903
33.491920
31.034691
31.508087
32.545795
32.925321
34.043318
41.628226
32.436676
31.908629
32.842083
27.042289
35.094978
40.225336
32.999833
26.669999
27.097515
26.897865
26.426546
29.413074
29.291045
25.543069
25.333847
25.332834
31.334589
32.350645
32.730509
32.398325
32.100111
32.212352
33.645949
37.824028
38.589037
31.857318
31.997686
37.574419
36.974225
42.666727
35.287554
31.328087
36.468939
39.478922
31.863124
32.783273
32.701284
32.607726
34.038325
33.117734
32.911353
26.699532
31.116224
32.901222
31.972337
31.708506
32.531429
31.360941
30.508845
29.386874
24.964558
25.715972
29.351417
26.281186
25.543073
32.546494
31.545461
31.972279
32.773397
29.514659
32.680751
35.725145
33.141234
31.803668
54.752975
35.199967
34.156082
35.642138
35.228940
34.997546
33.695280
38.948917
34.610735
31.327290
30.382781
34.504931
32.789584
33.838928
32.625604
34.182940
32.314227
32.621027
32.747403
31.836738
31.521747
34.335146
42.191310
42.794273
36.464596
34.068857
33.419499
33.147275
29.755660
31.663761
32.301672
31.835938
31.467979
33.997533
32.269674
33.076378
37.413664
42.851886
37.708106
36.640957
33.110960
33.377932
33.531827
35.283593
35.321061
34.744299
33.771315
34.809244
33.584766
38.213307
33.612425
40.142585
42.312515
31.657689
31.980022
31.934014
32.493333
26.785721
27.004032
32.363934
33.759029
32.642202
32.644666
33.328143
33.691077
28.590648
30.073113
33.136297
32.258349
34.737939
27.441213
27.346548
26.882641
30.680757
33.733000
33.805789
30.834137
25.712253
27.240121
33.085357
33.114662
33.848183
36.597309
35.498949
28.123655
38.889560
36.398044
31.351519
33.210097
34.984901
38.658517
31.595068
27.508969
27.153316
32.334139
32.816588
31.167876
26.309138
32.685464
32.873288
34.407661
33.081365
32.393901
32.312629
33.934770
32.247269
40.897995
32.935532
34.282511
39.560586
46.282711
34.303930
45.491581
46.115766
34.062798
32.827728
33.602224
32.416344
32.904160
39.251326
32.787009
32.928176
32.538857
33.469676
30.599803
32.710767
32.889100
35.213174
37.929400
32.949609
32.753655
31.247124
31.198875
30.073959
25.474310
31.045568
31.801649
26.873329
28.060096
27.984307
32.725087
32.567471
35.461599
31.296681
31.768878
32.458345
32.673291
37.395581
44.703099
33.438200
27.441661
29.002979
26.976402
28.404778
38.068988
35.177321
38.545992
38.075448
37.863224
31.537563
34.812985
33.797193
31.992841
32.168154
47.796875
38.956294
44.642128
35.222949
34.536274
36.051889
34.905832
33.912589
31.546478
31.999381
35.260914
31.428546
27.393421
28.298152
32.035562
34.445746
51.555828
41.373905
32.029200
34.555000
34.159497
33.930126
32.788861
31.746309
33.888681
33.297421
32.071239
31.397431
32.690221
33.136663
34.720779
35.209035
33.183550
34.531159
33.080763
32.114979
31.554695
28.665756
34.644142
33.035126
35.164170
32.669738
32.385372
34.223621
39.327255
34.207004
26.471542
25.615740
32.560011
33.834483
33.614412
32.501310
32.176232
33.537366
31.287530
32.177218
29.048980
29.368849
32.931567
33.519082
32.632011
33.517580
31.516788
31.061930
31.781062
32.468967
34.382980
33.477609
33.628013
31.927011
33.873197
33.631185
33.037030
32.139088
46.104711
38.759790
41.000747
43.651056
31.944944
32.552247
31.958417
31.434918
32.992977
33.784949
33.480342
37.377895
37.949509
33.262707
31.362457
32.082477
31.815709
25.536009
25.962150
27.557626
27.575317
42.596149
36.808578
32.783884
31.827744
31.248809
37.741673
42.402998
33.410819
32.815559
33.835383
34.708398
33.001658
32.662173
32.791483
32.421961
33.274668
33.714212
30.533540
28.371564
32.689611
41.960302
46.439351
32.359152
33.590862
31.986460
35.918179
38.165806
33.575966
33.290080
30.781336
30.231000
33.155592
38.619119
40.397060
40.041940
42.016791
33.657314
30.993665
32.963535
26.456716
30.658916
32.611892
33.186131
33.162346
33.125460
32.106710
32.208716
29.800243
24.121700
30.617944
32.187739
39.575388
40.353930
31.821331
32.234126
31.746764
31.636854
31.384580
34.475568
29.696563
26.106225
30.890089
32.530682
33.149160
27.303704
30.207859
30.829009
32.747928
32.916104
35.677368
52.713914
51.855656
46.661908
33.610373
33.199203
42.519980
42.774408
35.014742
34.446445
42.194907
36.783008
32.431679
31.773198
32.995073
33.160592
42.812093
30.020881
29.950928
33.302406
30.268646
25.588518
26.142514
26.851979
28.288151
33.259660
32.832557
28.161133
25.662408
31.063013
32.695902
31.919813
31.819814
26.689608
26.795766
26.472391
28.108625
33.870641
33.097080
34.036725
31.027930
42.170231
43.100585
38.630458
33.745101
28.715923
27.140936
26.996910
26.957380
29.163898
28.018236
27.577995
33.752324
32.665535
33.521691
32.854755
32.765655
33.702109
32.643347
31.700343
36.601382
39.805571
37.337959
32.759052
31.740128
33.025776
32.308319
32.830723
32.023178
32.349021
32.414116
31.539658
33.269152
32.844311
32.523239
33.072422
33.296780
31.181891
25.477071
26.065991
34.812029
33.777010
35.173976
32.648165
35.061554
34.134009
34.504063
33.347511
34.912383
33.559041
34.705907
34.946989
34.274126
33.923183
32.887879
30.264370
29.464907
29.073214
31.425674
34.427422
34.319544
30.804798
30.441587
32.556191
28.720093
29.369803
34.404609
33.681631
33.247954
33.342787
32.947357
32.196519
32.539174
33.268219
32.982254
28.293595
29.754020
38.987918
31.289317
27.392124
26.743585
34.339753
32.858451
41.339955
36.959560
31.847954
32.965963
32.318573
32.707927
33.383779
33.019408
39.484141
35.057627
30.379151
31.966144
26.051741
24.862619
30.737782
26.667569
27.098019
30.600285
32.593610
29.513997
26.265999
31.211603
31.551789
32.631959
32.382854
32.795694
41.376745
37.419432
31.865815
32.678919
32.166452
31.967375
32.512054
33.462094
32.557927
33.502115
33.322839
33.270262
33.653864
31.684468
31.588196
33.417089
33.353054
32.704229
32.220204
32.343348
39.435879
42.539861
37.740988
34.617232
32.449990
31.756855
32.662682
32.325012
30.037449
26.965778
27.195421
31.265512
38.885734
37.485806
33.544169
35.322308
33.653483
26.970151
28.378157
42.797651
43.009553
35.336835
44.156261
33.812650
33.689582
33.293819
38.685662
39.685401
32.700152
42.264776
36.190262
31.416106
30.236455
30.280355
31.369885
33.923134
41.452478
31.287828
23.733705
25.209495
24.610982
23.457769
26.139105
24.655347
26.193415
32.164700
23.886159
23.502382
31.311685
31.231819
30.252223
41.128609
36.680093
32.393763
30.929753
30.931294
30.942168
29.793408
30.064694
38.970038
27.743423
24.747177
27.296545
30.056763
30.325865
30.375854
31.146846
30.431552
30.662994
31.019710
30.103485
31.100454
30.388807
35.055817
31.840630
32.320672
30.588363
31.398795
30.883938
30.211506
32.744303
30.899631
32.565749
30.797042
30.317427
31.523882
31.520229
32.679886
32.253061
34.052231
32.412460
35.624646
33.629686
31.889271
27.029018
33.036462
32.256405
32.898776
31.927779
32.452594
32.046476
33.134363
32.423016
34.687351
33.893576
33.202888
30.244667
25.112764
30.239542
33.299068
33.809815
35.838924
33.251064
34.753620
42.737411
34.803736
33.299346
34.292508
39.137447
33.118793
32.849752
32.976384
33.529296
33.557052
32.445188
31.981732
40.339277
31.072468
33.721359
40.241542
37.948490
33.214468
34.198771
41.622869
43.108950
32.696624
31.838703
33.148070
34.268714
33.619715
33.581286
32.633073
32.495275
27.135988
30.883892
32.520787
30.712066
32.482924
34.248103
32.686017
31.597717
34.456021
33.506001
32.585729
35.047121
32.855614
29.104009
25.812223
26.293980
29.914608
34.120927
28.130164
27.764234
28.136582
31.759595
27.579768
27.778817
32.845101
35.063405
44.281997
41.984137
30.530932
30.800523
27.657642
28.576271
27.568707
31.372473
32.355593
34.745745
42.918160
37.251470
35.462797
36.491626
38.101221
32.195905
33.279768
42.612976
41.266248
32.604151
31.977241
33.720152
32.207563
28.007574
27.094839
25.911406
25.402954
41.144210
37.852053
36.265751
37.161043
32.938184
32.272435
31.980836
40.830639
37.940326
31.665526
33.273314
32.322055
31.849936
27.789335
32.273040
34.079940
32.943032
29.189926
26.050588
27.836205
25.708403
29.417649
32.520964
41.335930
37.422972
32.133265
32.850907
28.754084
26.167677
24.974682
25.560925
35.590934
40.592972
41.031669
33.170596
32.351891
33.855810
31.354420
33.820813
41.579791
33.030055
34.404712
31.262421
33.363874
34.682319
34.117321
34.644699
31.718419
31.146134
34.065095
33.671673
33.478292
31.914420
33.895904
32.476149
32.160389
31.585281
32.683254
33.627945
33.884966
31.355104
32.378040
33.664958
33.115912
34.238116
34.962591
36.009559
31.910929
31.510689
31.424621
32.112281
35.456520
34.570157
28.465600
31.161814
32.274793
33.351810
30.342390
31.784658
32.823789
34.236636
33.011254
30.707450
27.719332
27.456060
27.931339
26.703845
33.003678
32.252655
32.727021
28.978637
29.133432
32.653217
33.593177
32.842361
28.940790
26.310483
31.903196
31.950973
38.589295
33.548711
32.594038
32.274616
32.150555
27.584878
30.493759
32.311129
25.509237
25.365981
39.904150
34.446681
33.775863
34.686844
32.795629
37.598296
40.364535
35.037389
32.094386
32.210146
33.415642
32.968057
31.745897
27.668803
30.615428
31.319391
32.910930
32.431784
33.843977
33.060592
32.702881
33.661349
33.392174
38.921390
40.002510
41.976123
39.196463
39.208698
29.561203
26.750354
38.191097
38.834093
33.823709
33.752508
33.659287
34.866587
35.057305
34.245388
32.403325
33.993973
39.622444
39.182522
39.329804
41.962214
36.506545
41.511552
33.852404
32.612203
33.199311
32.514985
32.203357
32.979548
29.544788
25.105822
29.319927
32.158369
32.818949
32.534675
32.897499
35.978318
37.755243
40.836990
33.770235
32.909962
33.559030
32.772738
41.435803
42.789237
29.422694
26.302900
28.035574
34.784695
32.722106
33.642254
32.677225
26.687614
26.643793
29.433674
26.876582
32.768164
30.884980
41.205277
40.701184
34.070072
38.135627
37.759893
29.668131
26.071952
27.071816
26.305421
30.315650
34.022650
31.008773
32.098482
32.902485
33.286587
33.230510
27.648884
27.175719
31.778839
33.936372
32.193578
31.586281
35.314658
32.787990
32.543500
32.491051
31.922826
34.631857
32.919325
32.982225
32.398709
32.309937
33.033689
34.801758
42.450374
43.140053
42.010731
42.855533
42.468403
33.003122
27.308056
29.976125
32.033806
32.404240
31.109880
32.229836
32.819842
32.252423
33.283580
32.275994
33.046737
33.353566
31.786686
31.609061
32.006876
36.402289
38.855369
32.387343
32.628857
32.938742
33.347893
32.054468
31.239777
24.651978
27.130817
26.755839
28.529452
34.030533
29.424728
36.886105
26.712834
33.279919
32.730972
32.252751
31.622490
25.610710
26.434081
28.154410
29.342888
33.155740
33.576829
41.437694
32.545777
27.844265
27.055464
29.273259
32.021789
31.738002
35.860635
32.447407
33.905999
37.746772
38.124718
36.835261
39.389824
36.778439
32.194911
32.244711
32.155800
32.300439
32.348025
31.877032
31.978589
32.267442
26.187037
25.999127
33.368306
32.076526
32.585973
34.081138
32.257806
32.188712
32.468851
37.513636
29.943987
29.305938
33.347675
31.979091
32.880788
33.509589
33.125381
35.235331
43.529650
34.344230
31.165519
27.587932
30.941687
25.978967
24.492916
25.555255
25.055148
28.668098
32.035852
33.298382
32.628057
32.955666
33.791698
31.809530
31.753896
32.657031
32.756009
27.193828
28.644878
33.670103
33.993947
35.562242
34.548752
33.373599
40.845919
50.956355
39.349628
32.473642
34.246744
33.568336
33.436148
33.998986
32.487879
32.861780
29.166102
31.790764
32.683283
33.670510
42.100028
35.301431
32.121892
32.979221
42.190117
32.880181
27.785692
31.246363
27.632204
25.136567
26.681270
27.306814
26.368618
32.051105
33.170915
28.313755
27.633312
33.866490
32.339692
33.697772
33.552999
34.764295
31.241828
32.458323
32.289325
34.760175
35.211474
32.278304
43.674910
33.898695
33.147569
30.917985
32.376661
31.876855
32.519814
32.612582
34.835895
33.505178
34.320756
34.647652
31.814582
32.513644
39.014672
38.787531
35.080297
33.429948
34.035461
33.947990
38.343477
37.373454
45.205152
45.562848
34.774354
33.235838
32.862064
34.047218
49.957349
32.086921
33.306765
31.502609
33.194044
32.954212
33.996004
33.208463
32.300019
32.949138
38.625072
35.354592
32.358602
32.392011
34.009247
34.414087
34.481722
38.980088
41.687813
38.252087
33.624255
33.019122
36.885061
40.245836
32.516420
36.268804
42.565966
41.079917
31.719063
31.290096
32.706333
32.915285
33.390936
33.719908
32.561271
33.428751
32.579759
32.080899
31.681421
32.886758
33.073782
33.047625
33.399875
33.738721
33.559613
35.055057
32.483715
32.118771
31.187825
33.450614
32.690019
31.737310
32.838213
33.700368
32.837947
31.791243
31.100066
32.912044
33.575988
33.190258
33.889572
33.479263
42.866360
37.652684
31.800505
39.894083
38.693856
42.639078
35.103582
33.269922
34.427811
32.841332
32.577033
31.705866
34.968983
32.511121
32.589653
32.816414
26.722930
32.525762
29.254786
25.146190
25.098196
26.051065
33.463289
33.740918
33.026300
32.893526
35.034071
32.569127
36.282156
41.084350
34.748651
30.048526
30.858703
35.551680
33.932937
34.532499
34.242780
34.037511
31.607262
35.222945
34.346396
34.995648
33.944692
33.865685
43.925177
36.159035
52.021813
48.604570
32.704896
32.993890
34.069018
33.947179
32.970534
33.273607
34.613863
29.709335
26.844444
32.398923
33.551953
32.974364
37.914480
38.300622
33.452174
31.369042
26.556828
38.056853
31.930442
32.528485
33.408349
32.852755
33.440955
32.521327
35.558355
34.455198
32.881563
32.749684
30.421568
33.455334
33.798379
32.318006
32.913351
32.631491
32.961230
32.659176
31.889266
31.311156
31.755449
32.886697
31.493157
33.731752
33.389142
32.415687
33.360088
33.929274
33.185796
31.557956
31.391661
32.393610
32.860447
33.171868
33.932828
32.861355
32.311346
33.219818
32.795322
31.641302
31.523398
34.620482
30.413610
27.156000
29.281440
34.092813
33.432549
32.783320
32.593916
32.740651
33.657074
33.326554
32.526775
35.460448
33.407186
37.442132
37.935307
38.541591
31.982684
32.723523
31.823692
25.483620
29.475901
31.816211
32.314884
32.632928
32.470925
32.217085
31.569520
34.009865
33.426563
32.988392
34.801058
38.499161
34.679279
33.375619
26.350199
26.988248
32.328313
33.040593
34.069317
34.065938
32.617652
34.650606
31.279355
31.817644
33.123374
33.112347
33.255627
34.250580
38.673508
41.324232
38.256694
41.611112
71.029983
