50
17.788303
18.562526
20.337477
20.801440
20.427061
19.538523
18.982161
19.116388
18.411945
18.629940
19.270869
20.498725
18.898115
19.328620
20.302495
20.950966
20.621401
19.104106
17.796741
17.758154
19.257973
19.466431
21.478480
21.434795
19.778519
18.276735
21.043790
21.162844
20.269450
21.221773
21.343214
19.767753
21.012564
21.262907
21.016566
19.093750
20.372738
18.667292
19.122779
20.671008
20.439773
18.742096
19.847896
21.247864
20.674801
19.804758
21.425232
19.633774
21.792994
18.226122
19.826354
19.704211
20.775880
21.166784
19.427112
19.607096
21.300609
21.755851
21.517449
21.039354
19.378972
19.374480
18.785528
18.548200
18.487593
18.895335
20.457396
21.169987
19.560724
20.540358
19.078583
19.255539
19.229085
20.599595
20.702040
20.859460
20.686811
20.958634
20.931185
19.368005
20.405626
19.499385
21.025635
21.052583
19.713241
19.021498
18.725602
18.554362
19.448923
19.530703
20.299550
19.902701
19.779532
19.589338
20.108985
20.742938
20.395320
20.581285
20.746306
20.833188
19.155153
20.392214
19.351531
17.600136
18.215731
18.726541
18.740129
18.817459
18.838827
18.633697
19.019970
18.677363
18.685608
18.741250
18.780644
19.520155
19.341794
20.371579
18.691491
18.739582
19.096027
18.977930
19.988231
19.728860
19.226388
21.198422
20.117879
20.060766
20.578136
19.580330
19.927810
19.734328
19.627815
19.533786
20.140952
19.374200
20.790654
21.049771
20.818792
19.309457
18.759203
19.341557
19.475279
20.593544
20.583025
20.434086
20.454270
19.609938
18.578613
19.404969
19.722899
18.818853
18.363424
20.024908
20.345384
18.989066
17.775486
19.242481
18.600504
19.163189
17.764051
19.365700
20.875465
19.935766
19.295571
21.559345
21.630223
20.685162
19.579975
19.797837
20.883860
21.076372
18.256820
19.685822
18.181362
20.003273
20.861356
20.386529
19.603163
20.403645
20.894046
20.231692
18.012810
19.058101
20.809840
18.934958
18.527400
20.185828
19.066613
19.345092
19.920467
20.328115
20.817387
20.414070
20.881507
20.372985
21.409404
20.997805
20.746754
19.767180
20.282795
20.313319
20.462982
20.546484
21.239979
20.944343
19.995395
19.021729
21.609928
21.074386
21.547428
19.265863
20.698357
18.961722
21.322550
20.309247
20.783352
20.472200
20.432499
17.990860
19.759273
20.688715
20.770173
20.511583
20.780998
20.602081
19.460530
17.959289
18.033370
19.088081
19.471108
19.190370
19.553970
20.724662
19.608756
18.716255
19.348047
20.256122
19.740057
19.927288
18.513226
18.335639
20.492277
20.710184
18.503279
18.585366
20.116761
20.018248
19.188126
18.443223
18.491408
18.444141
19.355576
19.430765
20.451639
19.658060
21.053517
21.705574
20.897121
21.013532
20.971213
20.620419
18.846096
18.838269
19.907175
19.604412
19.628222
18.944309
19.564209
18.586804
17.671072
18.584126
20.800153
20.100011
19.944939
19.263357
18.614445
18.118371
17.905676
18.612576
20.420739
20.854045
20.076916
19.458748
20.563778
20.057497
17.777893
18.395521
18.911873
19.882566
20.606781
20.747795
19.916872
19.724347
19.547634
18.315514
18.538865
18.905149
18.743282
19.091474
20.351077
20.687592
19.774398
21.097582
19.612126
21.133496
18.933392
18.061709
19.431067
18.311507
19.586537
19.032154
18.473026
18.995155
20.598979
20.151760
19.605794
19.664552
19.753513
19.869004
18.083025
18.266846
18.314712
20.143816
21.204230
19.705688
18.640405
20.685052
20.171508
18.926270
20.699031
20.662834
19.998521
18.668872
18.792201
19.024376
21.084925
20.866943
19.205739
18.497783
18.568818
20.010714
20.353111
19.975309
19.891175
20.306798
19.653245
18.632324
20.612062
19.877799
20.033044
20.619428
19.351258
19.551996
18.772329
20.299746
20.464853
20.394099
18.635728
18.728580
18.773485
18.548166
18.975192
19.146126
20.457186
18.770238
20.234058
22.044618
21.478659
21.099955
20.706277
22.603018
21.725474
21.376598
20.293079
20.614598
19.431704
18.474155
18.436942
18.624691
18.524250
18.894598
18.494383
18.675710
21.266267
20.976395
20.130129
21.677515
21.833496
20.111830
19.627522
20.428680
21.398726
21.387688
21.446276
20.624685
20.285710
20.767779
20.991274
20.517888
20.245696
21.642985
21.601821
21.616293
21.129885
20.921546
20.064558
19.824394
18.898699
19.192156
20.585476
19.347688
21.620850
21.640136
21.864555
21.136165
19.156563
19.447355
19.810428
19.685000
20.578517
21.439420
20.974824
20.092437
18.040995
19.756913
21.099254
21.245474
18.784688
20.227437
21.003044
19.063297
19.432470
19.489063
18.783444
19.304480
20.051298
18.575645
18.595538
18.622488
18.893896
19.233068
18.725138
18.827107
18.772369
19.932215
20.050825
18.761886
18.537665
18.914067
18.405691
19.667782
21.422274
20.130344
18.386243
20.646245
21.066401
20.698407
20.624067
18.951044
20.466298
21.348561
21.451123
21.667300
21.914185
21.368145
21.155305
21.685755
21.423269
21.668486
21.175397
21.218706
22.104762
20.451235
19.027094
21.224373
21.080438
19.206315
19.783940
21.426784
20.845538
20.104066
18.463337
21.131473
21.134152
21.048584
21.898932
19.291495
20.088512
21.444086
20.991080
20.730096
21.298629
20.387451
19.234004
20.111830
19.725854
20.194122
20.949649
20.416281
20.321905
19.858414
20.410637
20.581997
19.114222
19.651264
19.302589
19.755070
19.436255
20.429938
20.579047
21.241429
19.940472
20.491507
18.213289
19.468560
21.011933
18.725777
20.831451
20.909420
18.768015
20.105307
20.569101
19.908190
19.420984
17.102010
18.837108
20.189649
19.089600
19.133578
19.768413
20.272680
19.819552
20.212605
17.789481
19.809159
19.708565
20.355643
18.966636
17.753981
19.810726
20.982775
20.335397
20.129406
19.879901
18.710000
19.726046
18.532554
19.825016
19.322456
20.551078
20.738899
21.053923
18.021649
20.745477
19.837787
20.735430
21.071969
20.875481
20.861711
18.347177
20.564763
20.083366
18.046410
20.595432
19.261695
17.249172
17.816310
20.202521
21.063404
20.743810
17.953132
18.360206
19.291014
19.071438
19.078729
18.493869
19.988162
20.919853
21.270283
18.162515
18.076101
18.289498
19.858945
20.429960
20.418165
19.472368
20.924071
19.428646
20.165411
19.311880
18.474659
19.360661
19.904092
20.652397
19.205363
18.107199
19.272529
21.038436
20.613578
18.767640
18.103898
19.112954
18.455921
18.383118
18.356543
20.958934
21.230932
20.612750
19.863929
17.988642
19.647928
19.777831
19.329139
18.085937
19.098581
18.670847
19.468564
20.762251
20.784262
18.647181
19.758466
19.931130
18.825381
20.368969
18.687601
20.354069
21.059306
19.763440
19.632249
19.786195
20.168217
19.146262
20.122519
19.328118
19.101857
18.118872
18.501332
20.219382
20.159306
21.361351
19.779796
19.232706
19.498958
19.226838
19.626295
21.150122
21.088728
20.780900
21.489044
21.091380
21.110543
21.363579
22.343284
21.945806
20.976334
18.630437
20.833085
18.808323
19.839846
20.753146
21.372516
20.823290
20.684798
20.926719
20.105454
21.359338
19.546269
19.858941
18.004614
19.823670
21.251227
21.006454
21.398097
20.007402
18.036681
20.055118
21.317262
21.861150
21.755759
22.283716
21.101652
21.244458
21.436435
19.155977
19.089995
18.895357
19.355817
19.751171
17.843055
18.174584
19.792412
20.834043
21.879806
21.000684
20.422050
21.086310
20.062306
18.312975
18.620874
17.440780
18.334232
21.177378
19.887758
19.718842
19.737813
19.208732
18.744074
20.279079
18.627293
20.902032
20.463643
17.679711
20.509292
19.337601
21.115946
20.867309
20.420872
20.051754
21.384658
21.539073
21.459308
19.696725
18.878187
19.446215
19.806731
19.419581
18.553896
20.988662
20.879069
21.410709
19.312133
20.525361
20.987537
19.670252
19.768998
20.381889
19.843579
18.514778
20.943245
20.375362
19.292116
19.432350
21.016318
19.485147
18.781505
19.394159
21.202210
20.833106
21.115426
18.864592
18.972382
21.041955
20.530535
19.611170
19.331452
20.804469
20.261542
17.870633
20.848229
21.574982
21.428762
21.544107
18.987579
20.684930
18.552683
21.261723
21.366776
20.785822
20.016447
21.327948
19.853425
17.692963
17.831017
18.198264
19.091238
19.474232
20.569604
19.223965
19.913432
19.907597
18.065320
18.959298
19.772020
19.346418
20.688032
19.416022
21.231233
24.838563
37.016854
18.348461
18.917244
19.380282
17.499335
17.933417
18.790536
18.236295
18.658355
21.366092
20.783461
20.148585
19.709719
20.513465
20.991991
21.726931
19.993288
19.930285
20.120820
18.888950
20.450208
20.959987
21.045110
19.844758
19.090132
18.990835
20.382551
19.810804
21.072129
21.227302
20.047397
19.681793
20.613651
20.748648
20.455451
19.838160
18.375948
19.431154
18.698669
20.975328
20.372981
18.453175
20.784223
21.129165
20.818713
20.841248
21.191663
20.782761
18.031491
17.772065
17.527322
20.272916
20.910611
19.649922
18.637207
18.627218
18.990722
20.773307
19.695913
19.520089
19.533091
20.553412
20.632244
20.920424
19.066898
18.391658
19.765357
20.909080
20.622762
20.326487
18.049458
20.469078
20.240145
19.851899
19.632148
20.429083
20.523893
20.730426
17.949528
19.384710
20.540868
21.063503
20.801088
19.284617
19.642290
19.271134
18.138544
18.134619
19.480462
18.197306
18.517217
18.612542
17.863334
17.729106
17.930028
19.251630
19.292583
19.525270
20.101885
19.123328
20.064466
21.121166
20.770957
18.851079
19.914656
21.521070
21.829551
21.237803
20.213188
18.932773
19.152317
21.422054
20.004930
19.690362
21.066652
22.234152
19.699325
18.264085
19.190650
20.024740
21.306671
20.008387
21.829036
21.732105
21.799518
21.965844
19.851762
20.396138
18.747141
18.848335
20.121930
20.978752
19.981180
20.024999
21.808571
22.137819
22.330924
21.612287
19.738865
21.067301
20.961669
21.820621
22.107520
19.706005
19.588993
20.277989
19.874762
20.114443
18.324256
20.329897
20.836785
21.562779
19.159100
18.585544
18.697032
17.757759
18.824241
19.278581
17.699265
18.520275
20.685312
19.189668
19.994724
20.694627
20.723369
18.730478
20.441484
21.247928
20.272344
20.629305
20.150200
19.165861
19.936777
18.334727
19.029910
20.689957
16.921828
18.329438
19.247263
19.876953
20.949960
20.447780
20.474817
21.393011
20.724626
20.308839
19.533513
20.270357
19.904261
20.532603
19.884306
20.217890
20.671465
19.697334
19.768397
20.873569
19.399317
16.976056
17.042015
17.498335
17.384198
17.332449
18.052829
20.386536
20.544403
21.363800
20.882042
19.968964
19.749530
18.041870
19.117656
19.483978
19.515183
19.609387
19.358153
20.022077
20.268013
18.703502
19.641200
20.102124
20.891377
20.389328
20.998709
18.451145
18.935385
19.144204
18.211415
18.406189
20.127637
19.116184
19.778218
19.910375
18.304326
17.714604
17.825820
18.010321
17.464839
18.884597
19.081805
19.858147
19.128384
18.006582
19.703412
19.400261
21.345816
21.831611
18.868886
21.056262
20.293270
20.596381
19.177667
19.877955
20.578528
20.723340
20.908213
21.450202
18.918231
20.508480
21.320233
19.566658
21.248216
20.030109
20.250606
19.346728
19.000669
19.677686
19.181217
18.318889
17.763477
17.988010
20.673400
18.291561
19.901885
21.303534
20.478036
17.367262
17.521432
19.207891
20.155828
19.411960
20.445849
19.506866
19.050658
19.929276
18.347315
20.353169
17.435248
19.231496
18.174625
18.351637
18.534313
17.994889
18.195675
18.956652
19.306964
20.272252
21.332054
19.102712
20.088062
19.030614
19.505632
19.400353
21.600293
19.357828
17.967505
19.776074
20.412111
20.900341
21.004850
21.500850
21.160142
21.769049
19.338207
20.903386
21.285891
20.439883
19.685866
21.138772
19.048521
20.846689
20.359655
19.688074
21.264269
20.469527
22.011004
20.759162
22.105163
21.186974
20.466578
20.016381
19.995916
19.363430
20.291639
21.470605
21.047612
20.344089
18.761290
19.731392
19.627615
20.796888
20.418410
18.373602
18.592596
21.214055
21.539824
21.467359
21.602117
21.110664
20.175840
19.237156
20.493765
21.317599
21.139815
21.474143
21.845524
20.692814
19.083455
21.757552
17.957298
19.555386
21.080212
18.216992
18.015458
19.953983
21.218595
21.169853
19.715766
19.933990
21.281903
21.236234
20.769616
20.441656
20.488873
21.766826
21.830119
20.908879
19.175706
21.268448
18.242274
20.418668
20.401091
19.545055
18.650421
18.381112
19.027353
18.897716
20.452751
19.323535
19.688802
20.604212
19.323124
18.807896
18.583501
19.008325
18.549547
19.324458
21.217370
20.596307
21.065387
20.402202
20.844282
20.605485
21.242280
20.171308
20.320834
20.923842
19.263749
18.146982
18.766868
20.212887
18.126188
17.793784
19.081450
19.272884
19.298754
17.781608
17.547907
20.647672
21.027890
18.903212
19.382946
19.310026
19.124128
21.179418
20.928596
21.480795
19.320152
18.786855
17.981916
17.587178
17.387376
18.228221
18.998303
20.106528
20.285289
18.607883
20.193256
20.278470
20.246769
19.211469
18.855762
18.342717
17.381940
18.626142
20.171359
19.111309
21.023788
20.166807
19.063978
18.472458
16.911174
18.890726
19.156772
18.383097
19.151293
20.250795
20.586134
20.185025
19.973205
19.688399
18.926958
19.695436
19.269088
18.164560
18.338747
20.994445
20.856839
20.402220
19.668271
19.505885
18.728899
18.009368
18.521195
18.524440
20.006631
20.733061
19.279969
17.451135
19.749115
20.374499
20.876459
21.171722
19.964457
20.653812
20.548336
20.039190
19.079234
19.722957
20.806255
21.261342
20.878215
19.926356
17.767648
18.205382
19.943435
20.284411
18.801145
18.838572
18.493660
19.305773
19.712957
18.185292
18.865405
19.931772
20.595964
18.738779
17.550483
17.451212
19.687908
20.218431
20.433460
18.743142
19.139032
20.284266
20.443118
18.900549
20.337556
18.932418
18.358378
19.965362
18.267898
20.115050
18.890364
17.932757
18.650638
19.495147
18.941451
17.429717
19.847384
20.651810
20.985886
18.461997
19.526786
19.439971
19.978161
18.323507
19.504641
18.786099
16.922775
20.211746
19.423593
20.579622
18.213473
20.562766
19.892423
17.713832
18.399611
17.905816
17.815979
19.687612
20.488315
20.525696
19.313502
20.587988
17.446500
18.377908
17.281432
18.155770
18.346330
21.005322
19.220958
19.470136
18.280776
18.161642
18.612959
19.533389
18.477784
18.442950
18.982019
19.714375
19.453398
19.591471
21.033217
21.008095
21.681564
21.203908
19.952869
20.216735
19.707720
18.600361
19.801521
19.736496
17.119634
17.265054
17.440555
19.831619
19.530818
20.416045
19.893452
18.285403
18.562267
19.537231
20.768246
19.585298
19.308939
20.221635
20.241347
21.008898
18.459884
18.323977
17.683442
18.709200
20.547139
19.633862
19.592744
17.405828
18.688234
20.999183
21.469438
18.747029
20.650935
17.891350
20.185332
20.351555
18.103840
19.883886
21.075660
21.457272
21.332731
20.118983
19.507662
18.845472
20.583620
20.045253
20.976875
19.456682
18.796623
18.258672
18.995353
19.456732
19.970813
18.139201
18.441333
19.488538
18.310422
17.458676
20.465899
20.720979
18.854344
18.445790
20.026982
19.714125
20.939589
18.128203
18.540556
18.554032
20.060711
19.187979
17.736415
18.149585
19.213202
19.988786
17.386379
17.921440
18.886748
17.789296
18.386377
21.727743
20.524280
18.650937
18.413819
18.598930
20.293152
19.914475
20.544934
19.359947
18.771602
17.448942
20.158868
19.219517
18.285560
20.526694
19.216080
20.772519
20.587880
19.227427
18.088356
19.336698
19.446073
17.919925
18.001575
19.779809
20.421164
19.842205
18.184586
20.294898
20.502402
21.371747
21.740626
19.275674
20.197459
17.572098
18.604021
20.584296
21.838492
21.088927
19.207173
21.096507
21.096878
19.289327
19.228319
18.950063
17.545950
18.450885
20.067513
20.120561
22.531596
21.885202
21.730213
21.958141
22.618163
21.654313
20.588940
18.560806
20.263918
19.025704
20.276435
18.872253
20.925081
21.769746
21.770214
22.086951
20.700820
18.553745
18.416812
18.250425
19.193935
19.699733
20.297280
20.482206
20.711835
17.582605
19.556810
21.723207
21.348010
19.922599
21.143768
19.664828
20.719750
20.024326
19.888930
20.286532
18.504741
19.036529
20.389113
21.071123
20.966567
21.024962
18.751887
20.305649
20.737813
20.740112
18.462474
17.510626
17.639826
17.723219
17.548088
18.456721
20.586012
20.955138
18.310515
18.871859
19.365179
18.831433
18.463458
20.150663
19.793870
17.888133
18.957595
20.109270
20.346995
20.406020
19.929807
20.639570
20.380755
19.403210
19.800904
20.068881
20.895467
20.326770
17.371649
16.662419
17.186246
18.637294
18.503066
19.207576
17.964171
18.043502
18.631522
19.264904
17.957307
18.064645
18.085180
19.308745
21.283337
19.946577
21.525497
21.160678
19.573744
20.590981
20.329928
19.000014
20.579641
20.175034
18.144286
18.727478
18.885350
20.090748
21.963067
19.327327
18.789571
21.370252
21.372824
21.566114
21.391097
21.608998
21.330257
19.657358
20.186709
21.748459
21.201933
20.271322
20.175405
21.622181
22.089914
21.674624
21.511773
21.480679
19.552473
20.779419
21.106236
21.532699
21.409655
21.461386
22.054848
20.398746
19.104415
21.768276
21.052841
18.631119
19.506024
19.668446
19.457234
20.251588
18.381040
18.210067
19.259827
19.864202
20.748814
20.748586
20.728492
19.736531
20.419176
20.219884
19.890321
19.610027
20.046705
18.618516
19.410341
20.193661
19.434600
19.895511
18.783807
18.942167
19.522605
20.210103
20.229937
18.997068
20.726319
19.339039
18.871722
19.484591
20.749274
19.346364
17.855073
19.705717
20.856147
20.454478
18.037542
20.586713
19.188542
19.719944
18.011597
19.553746
20.942993
20.751839
19.575444
20.765569
20.187918
21.218187
21.125480
20.201577
19.009404
19.090946
19.487381
17.833267
18.551686
18.467011
17.727202
17.711005
17.844860
20.908432
20.648149
21.141981
19.560604
21.121341
20.908560
20.214014
19.208975
21.023406
20.831092
20.941878
19.850073
18.408489
18.722476
19.058647
18.657298
20.229134
20.253956
20.304678
18.514732
19.936097
20.781900
20.809901
18.006605
20.443165
19.424353
18.677198
17.923262
18.451254
20.301753
19.922610
19.780861
19.636545
19.879657
18.204122
17.895501
18.802061
20.374884
19.054430
17.969500
19.278508
20.159498
19.732530
17.716853
18.678909
16.590039
16.636665
19.275512
20.435765
19.803926
20.202233
21.458512
21.112402
18.953514
16.919515
16.517276
17.409981
17.794458
17.722848
18.256340
19.316547
20.059939
19.900668
19.552176
20.374075
20.012144
20.651792
20.584638
20.386295
20.118515
18.578176
17.312531
17.415447
19.086763
17.633363
18.039849
18.885023
21.229147
20.775247
21.146453
21.027972
21.285341
21.488413
19.723036
19.318208
20.903651
18.844672
18.379900
17.420855
18.624882
20.052377
19.529403
18.611485
19.273766
19.390073
20.214710
19.595302
20.709182
19.483006
19.302648
19.219467
18.492919
18.778244
20.144765
19.607104
18.384459
19.957417
19.516966
20.019317
18.199103
18.772921
18.538614
18.362464
19.342407
20.144421
19.570406
19.936428
18.446490
18.394563
18.744976
19.023237
18.089262
17.496614
19.380144
19.606000
19.906466
19.329381
19.382432
17.831567
18.451117
19.039200
19.584418
18.247286
17.577824
18.008357
18.782892
18.800512
20.662625
20.916287
19.659149
20.254928
20.530564
19.204334
20.874753
19.649984
19.262092
21.017890
18.651556
19.907978
19.221050
20.573840
20.495730
18.746688
20.134619
20.466260
20.309439
17.504105
17.971451
18.841949
19.317499
21.015359
19.358389
17.309381
19.692730
20.614881
19.091065
19.401822
17.814425
18.281154
18.125663
17.349187
17.978367
20.725469
21.192723
21.002918
20.160591
20.013740
20.144946
21.547971
21.466485
21.367428
20.223457
18.410621
18.673069
20.035303
21.267346
21.320021
21.134349
19.395629
18.541262
19.622763
20.421434
20.249184
20.926640
19.657761
18.818446
18.526687
19.551444
19.695967
20.027115
20.411045
21.053273
20.999367
20.768755
19.275257
19.181367
19.647158
20.565254
17.882870
20.057465
20.706580
20.218070
18.569088
19.633161
19.605694
19.924195
21.534142
17.886732
19.367969
20.893435
21.625488
19.851152
19.473596
19.915546
18.724149
19.079775
18.521499
19.100697
19.869071
18.714309
19.209766
17.521268
17.834199
18.775307
17.824218
18.730298
21.327776
21.166704
20.155655
20.945530
20.295078
21.631224
19.938547
21.062333
21.522561
19.960782
19.286026
17.463700
18.954657
19.471714
19.639837
20.923603
21.710885
20.277379
20.655242
20.192169
19.259427
19.208725
18.310062
17.635754
20.253979
22.986066
23.316472
22.516224
19.483270
20.042615
19.060967
20.709437
18.695586
18.628538
18.020035
18.180058
19.437509
20.553979
20.899696
20.866817
19.260735
19.297400
19.460504
18.861414
18.668058
18.193695
18.681121
18.770102
18.419657
18.501064
17.694629
17.087550
17.453553
20.719223
21.627274
22.226486
21.971138
22.538545
20.629654
21.037233
21.200490
20.168110
18.153060
19.342464
20.125518
19.563004
20.051516
18.308780
18.470374
19.909220
20.370281
18.779799
17.848096
17.501534
17.455824
19.455756
19.157386
20.127096
20.896775
19.863893
17.708358
18.988720
21.416665
19.254695
19.627743
19.873155
20.653018
19.810972
20.691694
19.151636
20.644210
20.553142
19.127244
19.564128
19.627617
19.786125
19.025428
18.368870
18.908974
20.621853
20.903023
20.610397
19.628166
19.807133
20.468428
20.494538
20.775042
19.826046
20.275040
20.585896
21.398453
20.432768
19.745598
19.140380
20.248397
20.351124
21.272091
20.928117
19.681420
20.938871
18.749447
20.569211
20.686040
19.865624
20.365012
19.837307
19.930615
19.442589
20.027136
20.620176
20.642125
18.520430
20.514679
20.914557
19.707500
19.083699
18.731330
19.847000
17.803958
18.834985
20.126433
20.734213
20.959467
18.804053
17.924681
17.504498
20.254678
20.328948
19.409045
18.333826
18.413202
20.671875
20.854258
21.029104
19.980988
19.403596
19.591168
18.349794
19.841476
20.328573
20.557433
21.032067
20.724240
19.158076
19.459572
20.940964
20.856157
20.836217
19.602490
20.932492
21.348530
19.063535
18.932819
17.737820
18.365296
18.799782
19.318418
19.607081
19.162332
17.560912
18.023973
18.359351
17.724987
18.463651
19.746143
20.570353
20.995227
19.607694
19.948461
20.634939
20.936804
19.708237
19.068442
18.894976
19.018846
17.411549
18.158970
20.200611
20.219654
20.171012
20.514413
20.764230
21.316573
21.076940
19.554864
17.053044
16.569780
16.621887
17.761643
18.557803
17.649081
17.471539
18.436691
20.142421
20.423401
18.404283
19.629754
19.392054
18.436725
17.692499
19.663148
20.017306
18.725006
18.315906
17.608616
17.260204
17.943172
18.149730
19.969433
20.432966
19.820453
19.529569
21.140949
20.272545
19.424829
19.747952
19.382772
19.070918
20.786820
20.906897
18.985912
17.639233
19.548680
19.450807
20.309457
19.530922
18.890820
18.506848
18.349799
18.333177
20.611903
20.334230
19.890240
20.406357
20.072685
19.423685
18.555964
18.918618
19.008699
18.871627
19.287159
18.162157
20.698220
20.534054
20.074345
20.638052
20.989667
20.559828
19.892293
21.422211
20.006979
18.574621
17.407762
20.024755
21.190280
20.332161
20.090226
20.345663
21.149835
18.124699
19.120353
20.416040
19.785104
19.980128
17.790559
17.594904
19.776159
19.208267
19.521205
20.635554
20.741341
20.898833
19.093714
19.864859
20.219257
19.754930
20.579968
19.684663
18.274612
19.910622
21.046721
18.516636
18.019965
19.510584
17.747078
20.206946
20.653838
17.858047
17.682281
18.040213
20.229264
19.991787
21.081141
21.072502
21.226711
21.559745
21.093651
20.210406
19.575855
20.570158
21.108369
20.668822
21.853771
19.607618
21.146406
18.955144
19.995890
22.141100
21.680541
21.912418
20.718749
20.235804
20.760188
19.077798
20.867272
19.305285
19.949697
22.347734
19.691008
19.356322
20.278303
21.671881
20.766869
20.498092
21.741739
21.363992
20.181739
21.131351
18.989655
17.665608
18.927538
18.532563
20.380643
19.737756
19.041645
20.769840
21.215347
20.546594
21.094777
19.792274
19.791176
20.036512
18.464349
19.871452
21.239053
21.076147
21.482591
21.340642
20.985091
21.383920
19.388761
18.349309
19.502020
21.656868
21.210908
18.373258
19.751158
19.536632
18.201962
20.877596
20.031751
20.229940
19.770102
21.261202
20.306554
19.232928
20.284738
21.315336
24.011454
28.921198
20.265149
21.966494
20.609114
18.929082
18.638280
21.012291
20.647547
18.419837
20.748860
21.548261
20.938236
21.194805
21.152791
19.329144
21.207442
21.443582
21.364477
21.471258
21.795552
19.105714
18.176295
20.190328
19.569022
20.189496
20.700176
19.643131
19.611095
20.351094
21.789676
20.787562
19.935943
21.722359
19.763166
19.934259
20.315601
21.237298
21.083641
21.358297
21.046169
19.612537
19.897543
19.068141
20.976715
20.832010
20.740956
18.375928
20.805248
19.358693
20.281497
18.727628
19.502504
21.696234
21.370818
21.608495
19.152442
20.705422
21.149089
20.569098
18.316251
18.574345
19.301406
21.000917
19.681389
18.709827
19.963270
19.861214
20.280652
18.960816
21.005231
17.613464
17.916379
17.896037
20.684486
19.912183
19.787130
19.647657
20.527580
19.227819
19.224412
19.811561
20.438491
20.253621
20.199535
19.731792
18.290125
19.418031
18.785972
17.914584
18.210297
19.260925
21.060814
19.593861
17.379877
17.505075
18.350080
19.057626
18.038098
18.289467
20.001262
18.313817
17.977022
18.543391
18.578643
18.708150
19.940208
18.446780
20.223239
19.795124
19.289921
19.277538
18.922501
20.367452
18.495669
17.789986
20.298153
19.094432
19.500038
20.535035
18.675233
19.473451
20.746416
18.634199
17.051867
20.178060
20.721958
19.783208
17.316094
18.014173
20.623214
20.201843
18.623277
18.888496
17.364795
19.089104
21.589986
17.591464
17.290918
20.052637
20.229662
20.500980
19.266079
20.021955
18.656623
19.429637
18.463077
18.300777
19.764044
20.166634
19.794189
21.978977
21.222226
22.511453
22.069966
20.828639
20.360010
19.207303
19.865089
19.230625
19.407336
20.001730
18.705008
18.205814
17.552109
19.407742
18.411664
18.886869
19.959669
17.558858
18.867039
20.753170
20.639629
19.227083
21.342400
19.510847
17.562547
17.289314
18.840821
19.253800
18.424025
18.866694
20.431700
19.870983
18.481536
19.516680
18.778352
17.174354
18.900667
17.358572
18.477943
17.344988
18.027961
17.781469
18.788442
19.652340
18.059691
18.484669
19.843327
18.114158
17.845507
18.790642
18.672132
17.847369
18.052795
18.672351
19.795338
19.047073
17.448445
18.626891
19.270748
22.730776
23.943132
22.025856
19.523815
19.703460
22.151991
23.035217
22.326712
21.180741
19.540153
18.308561
17.397218
18.455133
16.968007
17.503192
18.258652
18.123731
18.628177
19.964384
20.508570
19.366584
19.272632
17.788268
17.988617
18.284483
18.087842
18.936935
18.738484
19.582730
18.572261
17.495271
18.063031
18.813520
18.634477
19.042628
19.405790
20.882011
18.317282
20.246705
19.640885
20.111115
19.585373
20.659470
20.070685
20.067127
19.574007
17.996063
17.690119
18.794432
18.713210
18.899013
18.864621
20.673187
19.891214
21.295066
18.863937
20.044211
21.228031
22.694518
21.239776
20.794317
21.619028
20.448445
18.714082
19.736552
18.967619
20.875423
21.006371
18.773911
18.840571
17.790643
17.303002
18.641576
19.846900
19.093268
21.084070
20.646099
18.321811
20.682489
19.217819
19.886072
19.149196
18.610502
17.412541
17.459404
18.490983
20.151713
18.719022
20.033066
18.307668
19.002327
18.580260
18.936771
19.369299
19.934052
18.021141
17.603281
17.895493
19.176675
18.774022
18.032263
19.293311
19.465527
18.705024
18.408324
18.308125
18.520774
19.394576
17.325537
17.296545
18.074939
19.309664
18.768979
18.683304
20.800181
20.916099
23.258299
21.834947
20.933347
20.171648
20.670050
20.107799
19.300584
19.069455
19.636605
17.797130
19.215683
19.654147
18.254375
19.280564
18.215707
18.380530
19.142169
20.077376
18.872628
18.711886
19.006258
19.283570
19.021199
18.274388
18.092541
19.399182
18.598032
18.554496
19.315626
20.066810
19.628060
17.395190
18.062150
18.522968
17.989247
18.284854
18.598007
17.630503
18.340179
18.356694
18.337302
19.277373
18.255566
20.063485
20.396925
20.706398
20.458316
21.205560
20.108245
19.596720
19.094688
18.559245
19.025601
17.328665
17.655460
18.101653
17.406790
17.804933
17.666645
19.127153
20.656705
21.115821
19.348844
20.996872
18.798025
19.322988
20.618899
21.357369
20.616780
19.645655
19.065174
18.133231
19.214104
19.125318
19.244039
19.106101
18.703456
20.032669
19.346637
17.402263
19.421534
19.202226
19.577483
17.420928
18.114333
20.039506
20.196575
20.253897
16.798437
19.415784
20.268352
17.458005
17.877705
19.398513
20.672147
18.440364
19.463298
20.917355
20.591873
18.919431
18.919791
17.345389
17.909550
19.635074
18.166331
20.032853
18.691592
18.927861
18.915503
18.961798
18.045879
18.067954
19.591424
18.308561
19.055606
20.371137
20.125930
19.086473
17.512483
18.889525
20.046489
19.471309
18.104737
20.621434
19.665889
19.352983
18.334574
19.391749
20.075774
18.398971
17.428102
18.282890
21.003960
19.865364
18.166797
18.290248
18.998751
19.481440
18.218699
17.414560
18.780154
18.729108
18.573574
19.261612
20.680825
18.797285
17.665003
18.751022
18.863883
18.702639
18.110490
19.155499
18.614401
19.119786
19.052490
18.673239
20.302878
19.922164
21.053031
19.550765
18.727123
18.263571
17.400868
18.310441
18.975850
18.958832
17.852851
18.615102
18.346192
18.750064
17.999036
18.131464
18.055766
18.104786
19.554775
19.014714
18.637829
19.404864
18.411722
19.294443
18.307095
18.223090
17.159070
20.179926
20.900769
19.371433
17.596505
19.251969
18.449780
19.950157
18.631325
17.634679
20.517062
19.657532
18.317800
17.145039
18.576022
18.674152
21.162092
21.188048
21.006211
20.058590
19.547114
20.945136
22.593745
20.021160
20.337775
19.912268
21.473370
20.554146
19.987846
20.238712
20.528932
21.291873
20.912614
20.787259
19.235752
19.974015
20.795660
20.494539
20.908221
20.244162
21.284164
20.862167
21.023274
21.333578
20.426842
18.926992
19.186467
19.625275
21.725819
22.121690
21.645596
20.679977
20.556718
21.324759
19.366605
20.016834
19.237907
19.849039
20.470167
20.692443
20.659319
20.257146
20.200552
20.412251
21.370795
20.761147
20.322124
20.544719
21.365635
19.978125
18.812925
19.319487
21.245618
19.051296
21.228318
21.089194
20.111594
20.324678
20.783930
20.159434
19.608417
20.776829
21.003928
19.350057
18.068645
18.998202
20.539410
19.816119
19.183029
21.664662
20.979620
19.150442
19.491164
20.880692
21.016011
19.126582
19.069736
20.262728
19.527576
20.136837
21.472487
20.088990
17.795646
18.051941
18.118310
18.562073
18.550404
18.468359
19.417317
19.859830
21.120295
20.872630
19.492679
21.238836
19.487461
20.089924
20.563505
19.893268
20.677697
20.538462
19.327353
20.281190
20.889333
21.472754
20.724691
18.030314
18.142229
18.272185
19.901639
21.280387
21.527529
21.239551
21.576849
20.223911
18.564084
20.327349
20.430807
19.989378
21.071342
19.642540
21.066630
21.665826
20.864945
21.664049
19.257701
18.704266
21.038337
21.166618
17.674027
18.221989
19.643203
19.633488
19.838802
20.365331
19.457686
20.521673
21.250709
21.121749
21.044260
20.549884
20.283393
20.577369
18.529381
19.407044
19.696331
19.358325
19.864821
21.185302
21.629421
19.852819
20.991914
20.742300
20.447491
20.534982
20.045903
18.302901
17.778787
20.770583
21.026597
20.188523
20.824483
17.575294
17.571714
18.905067
18.948289
20.398686
19.688258
19.315279
21.154433
21.171344
19.631618
21.802560
21.631539
20.898710
19.785591
19.790929
18.615736
20.506428
20.862994
20.534572
19.172550
21.119882
21.081445
20.595038
19.606127
19.781127
20.387570
19.271125
20.328547
19.688078
19.874858
19.108388
19.137012
18.442885
18.415080
20.001147
20.440789
19.443052
19.845071
20.459476
20.700909
19.440210
17.999659
18.437033
19.000318
17.814337
19.318052
21.176319
20.738243
18.190718
17.851709
17.965476
17.937104
17.733655
19.137881
18.434270
18.688985
20.270112
18.273971
19.255163
18.126211
19.294902
20.568417
18.580373
18.207638
19.474677
18.944870
19.880773
20.601523
20.852523
20.544802
20.627630
18.310116
18.248633
19.676153
19.905057
19.632125
19.350840
18.626158
20.487421
20.751708
21.211518
21.297757
19.649022
19.028074
20.904543
20.785534
20.130664
17.777159
19.312691
21.007062
21.573822
19.990607
18.381920
19.631806
20.811547
17.951034
18.858146
18.998315
19.003388
19.500751
20.909109
20.979445
20.271362
20.647977
21.432450
19.994108
18.372080
19.047584
19.231642
20.442153
19.166641
19.390321
19.419875
17.717075
21.000339
20.687937
20.456922
18.078888
17.047315
18.507352
19.671436
21.537172
21.240786
19.010483
18.034337
20.269303
19.054709
20.524448
20.755827
20.189084
20.093429
19.717372
20.476374
20.836033
19.983167
18.776703
19.952654
17.883702
19.731694
19.132034
19.808349
17.264271
18.147169
19.683720
18.045069
19.162179
18.976884
17.616347
18.049868
20.492649
20.330697
20.628000
21.280136
21.725729
21.220937
18.591836
19.397083
19.510299
20.159128
19.220963
17.358124
18.448438
19.944728
19.888036
18.044831
17.596890
19.076081
18.856293
19.136050
18.871737
19.662606
18.614283
19.477277
20.206144
20.502546
19.163559
20.844586
26.531431
19.564548
20.318381
20.657081
19.350180
19.280004
19.661947
18.113208
17.736545
18.900279
20.523187
20.359927
19.242343
17.798802
18.369032
19.015414
21.026999
21.262182
19.411271
18.857681
20.810633
19.692905
21.541239
19.177532
18.815055
21.056724
21.553551
20.686545
20.831124
18.042013
19.556202
19.007839
18.867129
19.894605
20.673083
20.273098
20.773374
18.168241
18.410557
18.283003
18.405627
18.227983
19.972548
19.997937
19.756541
19.255651
18.611107
18.488476
19.254761
20.161363
20.279853
19.472453
21.407549
18.901067
20.899116
19.998836
21.366744
20.706435
20.596016
20.666031
20.935374
21.324130
20.235547
17.909755
18.748204
20.716756
21.846179
21.695006
19.061316
19.321187
20.780330
19.101396
19.520755
21.056798
19.195919
19.528238
21.525393
22.018593
21.248808
20.030289
18.756302
18.974330
18.416175
20.359470
19.825370
20.807670
19.715291
21.320483
21.708208
21.808093
21.100118
20.274074
17.354451
17.388691
18.550827
18.914454
17.718216
20.205266
19.823144
18.156435
20.986559
20.028979
19.643264
19.892980
20.812300
21.661297
21.482660
21.494229
21.863394
21.261031
20.866202
19.015806
17.887738
18.908773
19.836022
18.987357
20.716843
20.673131
18.922820
20.242233
21.527750
18.865339
19.179740
18.161395
17.992138
20.690332
22.211339
21.474052
20.448855
19.650667
17.547158
17.444981
19.105264
18.699963
20.317182
21.162049
20.729065
19.769303
17.458224
18.338040
19.641773
20.771418
19.930240
17.571454
20.396426
20.011791
17.676034
17.492039
18.240874
20.298430
18.797724
18.585800
19.477462
21.128646
19.465795
19.389498
18.983633
17.843290
17.998417
17.863081
17.663053
19.216703
19.747953
19.084082
20.930674
19.170685
19.487930
20.142057
19.264005
20.773716
19.786259
18.623126
18.251925
18.868323
20.315124
20.628372
20.342618
17.528716
17.770185
19.093139
20.773670
19.945631
19.245879
18.664687
20.917756
21.144138
18.813912
18.707606
21.265879
19.922162
18.273181
18.740639
19.379163
19.965525
20.170053
20.318383
21.054261
20.557857
18.489213
19.260522
20.219639
20.773963
19.202798
20.132478
19.151738
17.535289
19.716397
18.312850
17.289116
18.654205
18.397499
19.428206
20.771771
21.030986
19.933575
20.770134
19.968268
19.075402
19.380032
19.508451
17.463069
18.069274
18.164626
17.140228
18.153113
19.928509
18.874046
18.185901
20.195926
20.857761
20.939467
21.282739
19.867615
18.827312
19.640361
21.263111
21.042206
20.487435
19.162296
20.218497
21.379829
20.633401
19.452765
21.320105
20.988951
19.821295
19.345002
20.292379
20.254056
20.480243
18.455727
19.081817
19.870055
19.896437
18.756195
19.287524
20.031959
18.369645
19.148722
17.822294
19.931207
20.042306
18.842175
19.792882
19.275439
18.748841
18.643919
18.744819
20.670286
18.604226
18.360196
19.212010
18.989149
19.139396
21.055935
18.711864
19.987595
19.785399
19.966116
20.406116
19.478431
18.631014
18.304113
18.120967
18.903312
19.387516
17.892853
17.250405
18.845475
19.507061
19.199672
19.434867
18.901657
19.186337
18.998283
18.723012
21.199669
20.345902
19.442456
20.323261
18.462891
18.849275
17.528089
17.708008
19.710351
18.278279
23.008119
21.433916
21.284290
21.370222
21.359639
22.196278
21.886399
21.355300
22.091158
23.946836
23.677264
24.020274
23.704028
23.805606
23.139943
23.821882
24.467440
24.402118
23.864281
24.756626
23.492851
23.485919
22.246555
21.358851
21.859024
22.571992
22.607111
19.729720
18.620381
19.416347
17.911669
19.471166
20.437439
20.109533
18.742430
20.432673
21.414947
19.986290
19.104119
19.558551
20.757782
18.514469
20.729214
20.648484
20.685954
19.950087
19.040533
19.049475
18.304204
19.455351
21.108781
18.734412
20.474814
20.581482
20.321776
20.049473
21.029934
20.643585
20.630200
19.933636
19.995744
20.301362
19.918898
19.511375
19.952755
19.430670
17.960006
18.999982
18.088034
19.933372
19.543451
18.240594
18.776803
19.377999
20.557124
20.474057
20.928426
20.498511
20.389191
20.726744
19.597719
18.941400
20.294223
21.032200
20.736720
19.766917
20.764988
20.765585
19.696004
20.379314
20.911455
18.401594
17.376548
19.608268
19.254523
18.840909
18.722668
18.309335
18.916379
20.533941
19.545170
19.689026
19.315645
20.451767
20.822659
18.985969
19.241082
19.849791
19.170125
20.714919
19.941462
20.499609
18.804323
18.803216
18.160706
17.884516
19.645554
19.754937
20.932871
20.835854
18.430917
19.592180
20.156503
19.995337
19.282564
20.449741
20.604390
19.408876
19.232477
20.608239
19.127927
17.549317
17.723639
17.350750
17.892228
18.403123
21.694723
20.829165
20.058077
17.614596
18.858380
22.049716
21.036152
20.183804
18.276774
19.573331
19.908714
17.343603
18.877723
19.791599
21.128445
20.562131
19.620932
19.057949
20.661710
20.194346
20.764526
21.053089
19.463304
18.408524
19.320466
18.313706
17.766651
17.541076
18.548237
17.515934
18.363890
20.897927
21.279124
19.280054
17.827662
19.611469
21.295864
18.999060
18.369858
19.301009
21.005463
21.448078
21.159701
21.595933
21.831110
20.451513
21.543988
21.340421
19.904646
20.685202
18.807422
20.650315
21.288793
18.759177
18.361740
20.975382
20.312155
19.253973
21.690102
20.950037
20.254756
19.469152
18.725976
19.330897
19.224559
17.650937
19.346583
20.496005
19.949608
22.217570
21.234346
21.055565
20.711133
17.974907
19.100244
20.620366
20.783441
21.817022
20.711382
21.357152
20.878808
20.011563
19.900193
20.087922
18.478834
20.062542
19.329036
20.754728
20.883698
20.216266
17.609672
16.523460
17.050154
18.694110
20.676504
20.875179
19.063892
19.697924
18.786698
18.964281
19.815160
20.734655
21.262200
20.861753
21.229001
20.772321
20.764363
21.234523
21.092283
21.217331
20.492424
19.295656
20.526197
21.285682
20.101887
20.320539
20.121107
18.847348
19.133258
19.911819
19.737713
17.994266
18.893935
18.615421
20.446843
21.670509
20.488127
19.713737
21.018187
19.640120
20.626794
21.333567
19.998840
18.137150
19.048842
20.833546
20.023539
20.636632
20.527633
19.829880
19.417351
19.696702
21.299995
20.702334
19.414265
19.403241
19.311871
20.437134
20.886935
18.281416
18.966396
20.011747
20.993064
21.454671
21.434665
21.655149
21.550994
21.326098
21.772682
21.076534
19.103055
18.558762
20.286400
19.943770
18.466301
18.359756
20.725574
20.729813
21.085815
19.867320
19.276814
20.051591
18.601179
18.566956
19.526014
20.990830
21.726237
20.437846
19.191494
18.648530
20.648605
19.599781
19.020126
21.171692
21.209852
20.152781
19.074499
18.982752
20.728842
20.006219
18.456063
17.652156
17.773774
19.439860
18.591126
19.412061
18.993780
18.682638
17.875671
17.541357
19.661281
19.090633
19.192049
18.356133
18.034046
18.295096
19.838993
20.151518
19.084441
18.734685
19.752598
19.942004
20.651561
20.223059
20.860298
20.788214
20.695528
19.410837
18.524122
17.771320
18.482506
20.674117
20.530596
20.814122
20.270101
21.298846
19.347143
20.303250
18.757738
20.790230
20.409927
20.807222
19.615663
20.709206
20.733592
20.797225
20.024958
20.493099
20.615484
20.611912
20.445179
19.599828
20.656521
20.416945
20.172804
20.261739
19.600679
20.502450
18.412310
21.392179
18.341628
20.055468
21.109665
20.680208
20.796904
20.423270
20.684689
19.513239
19.899717
21.139047
20.664602
19.965150
18.881022
20.000527
20.033535
20.301968
18.766888
20.830715
18.357301
17.366504
19.724862
19.134311
19.620651
20.377160
19.018456
18.712392
20.331265
19.700741
20.073615
19.780779
19.908861
18.047752
18.081334
17.809126
19.104229
20.529379
19.739180
20.109994
19.966261
21.253428
20.953352
20.950228
20.511800
19.738430
20.808185
21.488372
20.067395
20.672975
20.406043
20.047251
20.511183
19.807250
20.430662
21.619467
20.338417
18.977953
19.769043
19.235364
17.814548
17.504997
19.908920
19.221573
18.889532
21.105173
20.400456
20.076847
21.052981
19.771015
17.785006
20.578997
19.469727
19.878935
19.017200
17.712854
20.935680
21.364367
17.954814
17.492785
17.464412
17.304696
18.072875
18.543736
19.257012
20.054234
18.342694
19.123161
20.538110
18.921738
18.228391
18.317792
17.779936
20.924936
20.968213
19.236081
21.024581
20.833663
20.807376
19.496327
19.960310
19.790233
18.991246
18.923918
20.176418
19.914211
19.742118
