50
30.165675
26.557368
28.893784
27.784274
29.020278
33.186224
33.798066
30.723721
30.498052
27.788519
27.356440
27.823073
27.653933
28.346432
29.748022
30.210871
29.798080
29.490831
29.697176
28.773905
30.767931
28.859173
33.489710
31.011212
29.564490
30.958166
30.888153
30.495742
31.116925
32.192343
35.388677
29.296085
27.960235
27.236778
27.592193
29.954346
29.098642
28.827722
30.750269
32.036559
32.456000
33.261247
31.142262
32.297753
28.901388
28.058560
29.435035
33.698443
33.505167
28.021658
28.729237
27.470745
26.680459
25.339721
26.179816
27.206688
27.432220
30.476677
28.379760
26.765108
26.600363
28.347127
31.104445
27.920739
28.304505
27.844340
30.030748
32.258775
32.401851
29.231233
32.069876
29.883473
30.326945
33.536532
29.351104
26.518684
27.054510
29.842834
29.153756
32.163706
30.075675
29.559509
30.297507
31.889089
30.413952
31.862098
32.091476
35.752365
30.794004
28.451765
31.023527
29.315169
31.926767
30.905953
26.340053
25.546939
28.284820
25.711023
27.532046
29.033059
31.518196
26.951049
30.051215
34.329348
36.540677
36.944575
35.008237
34.305147
36.943747
33.971159
41.655237
42.146407
41.448388
41.767298
40.611711
35.790926
30.845024
31.543127
32.375062
36.339587
38.054900
35.446625
36.476918
38.682548
36.333101
36.744759
30.031526
32.337380
31.440035
30.939280
32.388503
30.435695
32.824754
28.966303
32.724733
30.922071
31.155882
30.052474
29.447860
29.560662
29.916188
31.263183
31.131424
32.016047
34.994019
34.112876
35.220612
34.806188
30.570034
31.056386
32.419776
36.134310
35.679833
35.831107
34.981357
31.867053
30.497273
28.510512
30.766239
30.746134
29.554656
30.518837
30.948838
30.593871
32.541276
33.621547
33.911880
34.793111
34.046513
33.515726
34.179525
34.258773
34.869961
36.036668
33.021607
32.736557
30.947155
25.657968
30.503912
30.453673
35.189479
35.309148
31.222964
31.707427
34.503969
34.417562
31.602934
34.291212
29.570108
27.072532
28.249381
28.065473
30.978514
27.783371
29.411730
26.580777
25.797948
29.633855
29.152054
28.578543
27.956290
27.112253
31.991429
31.933860
31.110497
37.385464
30.769873
27.128242
29.175032
25.595197
26.566246
26.486531
27.373104
29.881747
30.440913
28.340344
28.560336
30.158262
30.545419
27.050640
27.237960
27.799037
27.261179
27.445067
25.754213
26.648273
26.459646
26.453246
29.371744
34.464474
33.606564
30.097440
33.037073
33.501639
33.560581
34.980017
29.300926
30.868232
31.612102
30.575414
30.988250
28.829203
31.155047
31.985124
32.258312
31.033051
30.914577
33.221215
30.926753
30.074472
31.040768
31.204631
30.526370
28.528977
32.119115
31.000463
31.689688
31.185903
31.711460
27.055555
26.550531
28.471797
29.155869
32.532574
31.960613
31.413628
29.545622
27.230397
32.214191
34.392360
34.090699
34.633502
31.093817
30.253466
30.698219
30.919424
31.047805
35.422602
32.665443
30.519130
31.960319
30.713130
31.932841
32.678880
33.110621
30.433743
26.833230
28.314405
26.713028
26.089743
27.294073
29.792942
30.062904
28.420520
30.723591
29.926607
28.626780
30.680437
29.398707
30.400941
29.874006
29.225309
30.101890
29.876664
32.209751
30.013614
31.862712
30.104399
33.033306
32.513867
35.337677
35.206952
33.172808
35.427466
35.302448
32.611582
32.770136
31.480254
34.364503
35.413910
33.946711
34.271778
34.062423
32.692633
30.823280
31.350959
31.319258
31.059790
31.297796
31.036967
30.870701
33.746952
32.694515
30.321654
31.810199
27.461955
26.761304
28.999067
27.644574
26.112255
28.270210
26.879894
28.944827
26.551720
28.722011
30.567172
27.546794
27.470795
28.808483
30.696006
30.302301
29.815699
30.653237
32.402773
29.811649
31.089385
28.933804
28.254169
26.817964
26.573533
27.893846
29.135321
27.364947
28.266005
31.516975
31.094016
30.450261
29.515740
31.580319
31.565818
32.784542
30.095536
28.702451
28.476432
27.393873
29.554806
34.064909
32.383308
30.789009
31.154496
32.810502
28.846914
27.163155
26.762519
26.068141
29.435028
30.496136
37.232010
30.824507
27.795089
28.376784
28.260044
29.916180
29.064615
32.073028
31.630972
30.831740
29.680281
31.055136
29.894002
31.292363
32.289905
32.564639
35.818066
36.853223
35.088133
31.435402
31.673924
36.157351
36.574120
33.208593
29.046364
31.371247
34.336212
29.829727
30.733748
31.840457
30.792893
33.955162
35.128247
34.745530
29.851492
26.478695
28.768639
29.391864
28.080862
29.882089
30.032386
30.829954
31.115062
32.107182
30.750193
31.289765
31.945385
30.066784
30.170815
32.242671
29.078071
28.456338
28.958489
30.425600
29.540081
27.480484
26.067729
26.717983
26.154852
28.828144
27.185404
28.167616
26.488204
26.388345
28.495476
28.186569
28.227354
28.452361
29.759474
28.670994
31.113598
34.231452
31.347231
27.471823
26.765014
26.830400
28.190950
25.888627
26.601067
29.270633
35.126663
31.375558
29.424750
28.593805
29.899284
27.480347
33.555817
30.881212
27.433690
27.462105
26.221891
27.951925
30.339625
31.195774
29.894124
29.783672
28.850212
29.703662
28.610027
31.458281
30.909829
31.369367
29.757495
29.071557
31.029374
41.092403
41.472925
40.318094
35.475790
32.847619
38.434769
39.668151
42.391287
37.392605
32.427170
31.971033
30.855371
28.248864
29.508737
29.751892
32.314165
28.853122
31.360253
31.823722
33.647704
32.899945
34.752868
32.502372
32.374155
33.872756
30.979985
30.907462
30.142818
31.458383
32.119524
35.497653
33.791961
32.233200
29.729017
31.753693
30.590425
30.730982
30.217546
33.065792
33.548305
30.348234
28.648052
29.482301
30.458990
32.442179
34.191519
31.562362
29.105239
29.017556
32.444730
31.029112
28.998172
27.413504
28.966126
28.164064
29.157075
31.536668
35.239188
35.374159
36.807442
33.377179
33.573981
37.038553
29.335088
28.677586
27.320212
26.247921
30.508959
33.847377
32.283787
31.297444
32.824568
29.944244
32.536492
30.648113
32.327108
33.672283
25.988118
27.049770
29.188531
33.941753
35.618541
37.273065
36.358959
31.739104
35.552735
31.589937
35.385660
33.708902
29.580734
27.929224
27.810893
32.462126
29.053461
30.045149
27.007409
29.011314
30.728875
32.766244
30.445498
35.686459
31.474270
30.095343
31.500595
30.325985
30.555538
31.871726
31.512368
31.535806
32.726282
31.174629
29.931794
26.849796
29.318896
30.136995
31.657684
32.490440
35.290604
35.161288
36.522470
32.640252
32.103991
31.376757
31.247611
29.561920
28.081479
27.546616
30.138647
29.012437
33.365541
29.089567
26.966186
27.985086
26.426161
29.512009
30.305512
31.529303
33.328216
30.290178
33.603764
36.853406
34.714484
29.979958
28.307995
29.999197
27.455647
26.921784
32.579416
30.727673
30.882711
30.603164
32.498594
30.176135
32.713971
30.938471
30.743411
33.330123
32.656475
32.968613
28.705832
31.504229
27.946912
31.422878
29.294751
33.099465
30.194084
29.830755
29.400437
26.248084
28.235745
26.777296
27.213439
28.428281
30.609301
29.697831
28.252951
32.190369
33.769029
32.411080
35.263383
35.993754
32.210885
30.019421
27.700636
26.899071
27.421615
30.135670
32.661498
30.541449
34.734528
36.109742
35.349513
31.345361
31.696527
29.645664
33.497904
35.690622
36.946770
37.585424
34.076660
35.778950
34.063912
34.154900
33.203572
31.079825
32.349259
30.631791
30.597378
32.379978
30.467409
33.222781
33.332220
30.818652
32.333789
30.195963
28.571342
26.494983
28.550340
28.206354
34.274480
31.659075
30.893554
35.351747
32.018346
33.268116
35.155022
35.240857
33.946140
36.225798
33.548373
34.036985
35.955570
30.654516
27.714556
27.985710
27.453326
27.980653
29.942733
27.562032
27.396481
31.006798
30.691462
28.353042
34.954871
32.529440
36.117708
32.991025
33.178552
31.084119
32.600024
36.026113
32.942798
32.714905
31.700919
31.191476
31.017180
29.827585
31.877570
32.458104
32.330580
32.889804
39.163678
41.335588
32.985503
39.114977
38.375764
34.685025
33.717743
33.670805
34.411032
33.375178
33.948511
35.356296
33.336648
33.903718
33.903926
30.973085
33.562363
31.338732
34.072764
29.675592
30.538566
31.035560
29.519610
28.885528
30.103970
29.190908
29.284715
30.962894
32.065684
34.162849
34.857669
32.027150
36.202316
35.735278
34.885382
33.200850
33.464071
33.624489
35.086511
34.562980
39.604838
38.233997
35.735571
34.276163
34.549677
31.687154
40.899749
43.325784
32.971195
28.656388
29.263263
27.853540
26.997161
31.129744
32.562425
33.946822
31.889384
31.029491
33.500178
30.566379
30.761684
27.426647
29.324794
33.462430
34.995581
32.736202
34.111274
33.715560
32.657777
32.282077
31.109668
27.904453
32.622826
33.910627
31.999927
26.808569
25.934900
29.548165
25.797363
26.046848
29.571087
28.206831
31.916068
30.154302
29.147208
29.903788
32.507213
29.613270
28.139103
30.183182
26.949921
32.338283
33.687684
34.423453
32.099844
34.461019
33.586549
27.634036
30.069130
30.960851
29.132190
30.083526
30.717699
30.329892
31.528490
29.807227
30.205120
27.848751
27.641088
29.374224
30.604598
30.543930
27.703402
30.788056
29.572743
27.189376
29.378202
27.611371
28.703094
29.837021
32.283993
28.003090
28.535237
28.602163
29.880088
30.222997
30.852750
29.985001
24.992353
27.750405
30.619541
32.819147
35.825574
33.946025
34.041773
35.052499
36.276622
36.123450
33.995255
34.759954
37.224180
32.680355
29.940186
32.360241
34.047130
34.776429
35.099644
33.477491
31.131208
29.571539
30.811070
32.097789
31.515206
32.587460
34.115649
29.439620
29.980076
30.463195
29.247486
28.222705
26.806283
31.248816
34.139178
32.497398
30.904948
32.577469
31.753578
30.467614
32.221962
33.381763
32.321846
31.779311
30.668701
30.534023
34.292548
36.423403
33.478226
31.436651
31.526387
30.184927
29.259415
31.778571
31.323950
32.369783
30.934025
33.259222
32.606785
29.612619
27.488441
27.737292
30.186937
29.318467
28.681790
30.004471
28.514184
31.626832
33.453349
33.675807
34.597484
36.693686
28.931732
32.110026
30.854719
29.688948
28.344008
27.652900
30.015545
31.422209
27.166659
28.687954
26.311279
24.682594
30.889792
32.281324
30.742674
31.050661
31.182355
35.572948
32.105730
30.688645
31.531448
28.997763
32.783146
34.280652
35.515024
30.446244
29.784393
32.864298
32.718510
35.639398
33.157340
31.905107
32.935806
29.791114
32.575355
30.842689
32.742937
29.520400
31.369143
30.834880
32.772156
27.183693
27.982466
30.555274
31.070620
35.609269
26.701963
26.861103
28.458144
30.788735
30.440765
30.675580
33.346605
34.676101
34.155238
32.669211
29.518341
30.515525
28.557920
27.343404
35.153458
29.490891
28.384375
29.292439
31.144971
29.865317
28.310158
30.730388
31.072641
27.747806
25.765379
27.729717
26.151441
30.317137
31.179984
29.108579
35.859458
34.384088
34.913251
35.875302
34.936400
31.340508
29.781764
31.954461
30.365346
31.470431
29.963582
30.614162
26.750856
26.244090
26.205209
29.061637
30.764306
31.458899
33.854344
27.901479
31.135272
29.833232
28.051419
30.741334
31.948808
32.941391
34.148366
30.165442
25.602619
32.049332
35.623451
34.878438
33.982416
33.752098
28.642493
35.343147
31.452512
32.296487
32.667594
33.268135
33.872897
31.702225
34.504991
33.251209
33.455986
33.754898
33.724621
31.779472
29.484318
31.083613
30.692341
31.675490
32.183426
31.087712
30.289147
30.467769
28.173133
26.217731
29.379224
29.859142
27.972223
27.579279
30.068733
32.400864
25.624826
25.950451
28.281644
29.724953
31.665867
31.179042
29.518741
31.367118
31.071183
30.853649
29.247042
24.904168
27.416538
27.139873
26.761167
31.893393
31.004960
32.067511
32.692875
33.042358
31.364584
31.825025
32.903564
27.791514
30.777903
32.578347
32.290130
33.853226
32.620165
33.134745
31.817237
29.174110
33.383470
35.646819
33.970254
33.298606
36.711605
35.745030
36.102630
34.658767
33.140531
31.359791
29.789275
31.592449
33.307440
31.557053
27.775918
28.673567
33.045040
38.068744
32.671209
32.286469
32.648986
29.799526
28.183537
27.467813
25.667815
28.244307
30.868114
31.219431
25.846374
29.305865
28.101461
29.635071
26.893744
27.300575
28.993731
27.670860
28.584313
27.244099
29.529714
29.371735
28.908055
31.396610
31.502660
29.385327
27.415983
26.341009
27.885354
26.117193
26.795409
27.270749
27.623331
29.106545
30.502530
29.109913
27.154392
28.210220
29.487128
28.097038
31.357972
29.450610
32.047467
30.334692
31.624606
32.658127
32.212391
30.756512
29.228130
29.700749
27.797353
29.468808
30.997599
29.713839
30.621726
32.203932
30.464661
30.644900
29.349619
31.309587
33.695547
30.736866
31.061467
30.920603
29.453202
31.135496
31.881959
31.221269
32.202671
30.606818
31.956625
31.289368
28.856486
33.421921
31.061228
28.136470
31.426323
33.582073
31.426598
30.038901
34.375899
33.684309
33.159954
32.539923
32.835365
29.719411
34.688947
31.988986
34.624126
34.826029
35.912142
33.549862
33.045576
29.797707
29.935151
30.446000
31.671707
32.185215
29.584474
27.831291
28.680241
29.550867
31.424075
32.242065
28.616125
27.086449
29.764916
27.183648
28.557858
27.171744
28.123057
29.712410
28.902734
28.882046
27.323941
29.370869
31.152304
32.232521
31.264586
28.376784
26.766764
27.712039
28.006326
26.821133
31.180477
30.869552
30.181280
31.187697
31.896140
27.129111
28.864014
26.284986
29.729375
26.164869
30.282385
32.515139
30.862974
30.758076
28.897456
29.671654
31.301079
34.046154
29.842949
31.678557
35.654623
32.823716
26.675864
27.647474
27.235361
28.317811
31.257455
32.260640
30.262967
31.750180
31.353668
32.157879
35.140917
34.542761
34.538371
37.313737
35.612912
31.386318
32.342151
30.854923
30.211525
35.284544
41.477368
38.410122
33.488269
38.695635
40.068516
38.182805
31.898035
31.871085
30.990504
32.184878
29.755462
29.741639
31.249681
30.702206
31.143437
29.277286
28.382085
32.484299
31.394989
32.025998
31.155323
31.677402
31.072169
30.912650
31.007291
32.983288
29.778992
30.176550
31.528319
35.760176
35.271208
35.454778
37.779651
36.894961
28.115927
29.851096
29.983596
29.054614
28.547499
31.418352
32.047295
32.519564
30.312325
28.454931
28.154378
30.687791
31.573406
26.442569
31.026669
28.543403
31.934896
29.152964
30.776220
28.982014
32.507893
33.640937
31.065632
29.977637
29.054455
31.031585
38.864844
34.121933
29.926580
35.746635
35.064160
33.109901
31.094347
32.521734
31.504012
31.889500
28.343789
26.566679
30.153532
31.040696
31.765674
33.854867
28.971260
30.381262
31.102939
33.848428
32.486906
34.420574
33.214250
30.224513
30.058019
31.246658
30.275342
33.554591
30.660480
29.830065
30.963848
31.780684
31.007930
31.216823
30.245112
31.164478
30.673951
32.117524
26.626767
28.568446
26.459698
28.353820
27.293740
29.377615
28.236856
28.276718
30.999596
31.379433
30.314488
29.075673
31.534217
32.480190
27.794776
28.002139
26.690476
32.322074
30.042392
30.610552
30.802189
31.298045
27.692816
27.971983
28.233377
25.671312
29.761258
27.960263
34.326687
35.908235
34.654987
37.056070
37.194573
34.054599
37.829089
35.698097
34.592373
35.402674
39.820265
41.153398
40.751875
38.570236
43.479977
33.420241
31.587383
32.334248
31.064219
32.650316
32.614459
32.030614
30.643838
32.178942
32.210895
30.985224
32.235459
31.666056
29.145236
30.438979
30.772916
31.874678
30.625022
30.203211
30.313587
31.035953
31.477542
31.201936
31.085302
31.639153
29.685563
30.745906
30.044205
31.031771
29.267036
33.317910
32.186049
31.470574
33.323882
36.639326
37.803402
33.554953
31.446111
32.722760
30.889147
31.607403
29.839233
33.511905
33.609032
31.229640
29.645821
31.560444
30.188175
29.865991
31.021969
30.528246
34.278122
29.330864
33.258737
31.756237
31.246878
29.833582
32.049237
31.359795
31.076826
28.429181
29.861728
30.401497
26.507679
24.425598
30.404686
29.148721
25.227522
27.434437
30.995848
31.876332
31.597936
31.621452
30.753282
30.567505
32.988729
35.974614
31.438876
33.377028
36.006649
30.385854
26.423624
27.043244
32.528571
32.825914
31.190412
32.292222
34.743709
31.728867
30.537527
31.371789
31.419377
30.844987
27.357569
31.084609
34.075601
36.154651
35.209573
33.294007
33.559503
34.753198
35.941190
38.144354
34.701243
34.079616
32.124480
34.972173
40.550990
40.459169
40.401848
34.684680
32.263633
31.540547
34.642784
31.829584
31.398172
31.585766
32.708171
35.109037
34.295060
34.612959
33.882231
32.706627
32.252270
33.273093
33.641293
34.539285
33.595890
32.614485
32.602541
32.533392
30.544320
33.559468
32.443558
33.459142
39.092604
35.805414
35.681642
35.789911
32.880456
33.019031
32.043903
35.155830
34.410890
31.616897
37.976465
42.247237
77.987366
47.998559
33.518314
29.911331
31.516391
33.746066
32.536097
31.382880
31.616145
27.667854
29.532311
30.574554
29.071656
29.810231
32.947744
30.044416
30.328223
32.622468
32.646103
31.791765
31.743535
32.375157
31.964180
30.889283
30.499388
29.681934
32.113935
30.198212
30.915911
31.217520
32.266311
29.840604
31.976036
32.476699
32.621060
32.363727
33.036671
32.589586
32.084254
31.642890
30.653269
30.847294
30.881819
31.242918
31.154428
28.884786
34.477154
32.339399
31.942743
32.904196
31.640443
30.650433
31.529497
31.560407
34.520586
29.866715
30.708588
33.008698
29.600399
30.336700
30.796762
29.669315
33.077958
30.628220
27.789502
29.164493
30.507762
30.346034
32.456220
33.133592
33.110489
31.246296
30.721719
26.282723
27.329057
27.830943
26.628451
26.968460
28.382777
25.457037
25.648328
26.440274
32.155038
27.946273
26.668321
25.826911
26.348690
25.463753
26.195742
28.915638
25.540544
25.435786
26.735092
25.986451
25.868201
30.336644
31.021751
32.188151
32.441415
31.683341
31.768518
31.899725
31.718990
28.194456
32.126050
29.364102
26.868277
26.568733
29.431968
33.571840
36.290646
36.547820
34.893297
31.419191
32.142734
35.332001
33.291480
31.646946
30.984502
29.443912
33.778090
37.084285
32.414163
31.136314
31.454438
34.661574
30.378919
30.977254
31.499502
31.514272
27.728608
27.757919
24.669642
27.358083
30.310703
30.294236
27.887041
28.820437
26.878638
29.383917
29.827470
32.646541
34.840905
34.373902
34.064613
28.368906
27.170585
30.982620
25.673543
25.677222
26.631441
25.181169
27.610772
25.708948
26.866565
26.092603
30.338088
30.201080
31.275314
31.803303
29.881531
30.168229
29.920870
28.304364
27.127062
33.127342
33.799164
34.509337
32.383040
33.204806
30.160144
28.078603
28.491476
27.157234
28.251985
28.772832
28.145647
27.559601
27.306071
27.698696
27.704343
29.044376
30.335962
31.738193
31.693320
30.486605
30.624261
31.539529
30.357224
31.009792
31.111949
26.465976
33.914808
32.982091
30.507919
32.160729
30.312529
29.086846
31.923729
30.129558
28.935255
30.870370
31.392062
32.330731
31.175053
29.619297
30.066577
30.046266
33.200895
29.252890
31.641465
29.535058
28.368247
31.045722
31.824498
26.027995
28.290986
29.016140
26.826416
32.712836
29.659249
32.027812
28.434550
26.877445
28.413891
26.212429
29.101214
27.589311
31.068677
33.613790
34.097947
30.561884
32.706695
33.808567
32.247807
28.283224
26.715638
31.266907
27.119806
27.026199
26.344331
27.801566
27.841372
30.037498
27.758312
31.490239
29.983322
32.243870
29.048727
29.220257
26.134947
27.110068
26.450550
27.199144
27.161366
36.156109
38.177312
32.712937
30.524914
27.064653
26.977494
26.452220
29.095602
27.927036
27.172188
27.245972
25.999886
26.010997
28.610172
26.942170
28.522539
29.565903
34.485393
35.579105
34.303833
33.926869
29.229985
32.525159
30.066656
33.406403
30.995494
27.649108
26.610837
28.140580
30.791885
29.579223
37.483095
32.982055
30.738245
33.100470
29.132621
27.783593
27.938170
27.717252
28.592315
28.150168
27.534743
25.150715
32.483968
29.556438
29.728245
30.619988
31.714183
34.161483
32.301544
30.247615
29.382956
31.029247
32.173160
30.465785
32.123354
33.321492
33.616276
35.235185
31.752421
32.241102
32.915129
30.605668
26.361318
28.300037
27.021511
28.724208
28.757521
30.215369
30.757601
27.771771
32.687903
35.225660
38.551374
35.026652
28.483549
31.292844
31.234227
31.219831
29.554304
30.341566
31.454048
34.404142
34.773182
34.341458
36.116871
35.967262
34.501313
36.204132
37.785412
32.372863
35.888420
33.962922
34.520581
34.689515
35.082271
35.426917
34.365465
33.419205
34.893547
33.086370
34.233559
27.814526
28.510391
29.251278
27.882938
28.082460
29.497416
29.232209
30.631748
27.806865
34.334017
31.829271
30.383977
28.946489
28.730913
29.253218
29.088017
26.862100
28.143319
31.938686
31.988766
32.152035
29.757669
32.942510
32.389904
29.190973
30.627183
30.726816
30.130499
31.187631
29.898721
32.788495
30.674598
30.804668
30.233966
32.671371
30.957049
31.885433
27.499105
31.341808
27.427629
29.851622
31.934287
33.213409
30.514298
32.394518
31.637669
31.955015
30.254142
31.789163
31.480212
31.816532
33.058246
28.649170
29.770100
30.570364
31.651424
30.897201
30.572142
29.587217
29.052781
26.065292
30.625159
26.842983
26.050306
28.406345
28.744727
29.686191
27.948770
27.231630
29.308943
29.119704
29.416917
31.452329
27.332748
28.393870
25.367134
26.038088
27.571458
26.579281
25.163850
27.659373
29.180786
29.419326
29.889317
28.948551
31.710782
33.893660
36.578909
34.244519
32.926273
32.644060
31.497363
29.812646
27.102521
30.290489
29.743639
30.961410
29.321240
30.983578
30.998223
29.127029
29.697663
28.998781
29.644518
33.976727
31.104833
31.866584
33.254321
31.138115
31.792113
29.822634
27.430382
26.945704
30.353018
32.256913
30.062971
28.122346
29.550489
28.660944
30.181305
32.371404
28.849587
25.638546
26.232526
28.204674
29.072954
31.353050
31.165615
31.480243
31.776560
30.928427
30.994204
30.897675
29.763824
31.323650
30.310867
30.369772
29.347884
30.375736
28.281272
27.848530
28.911760
27.749956
27.291589
28.806753
32.628729
30.936473
31.640463
35.978347
33.786493
32.002843
28.307467
28.606312
30.586017
27.508185
28.438877
26.695443
30.452840
32.099609
36.021551
35.723102
30.853523
36.768327
36.216205
34.855797
34.474077
35.604698
33.664003
32.682814
35.040590
33.994472
32.212024
30.355217
29.401352
28.780863
29.302106
29.080110
30.398158
30.986429
32.950531
30.031590
32.731382
31.802583
28.449643
28.312413
29.516587
31.446765
29.682045
27.417780
27.553910
29.283356
29.636472
29.362593
27.626593
33.228606
32.874883
32.743244
33.184703
29.889083
35.558150
34.285236
35.700516
31.002522
29.959201
30.456081
28.818163
34.937875
34.706991
30.986575
36.005096
31.841500
26.863728
30.577377
30.913515
29.645372
29.030020
28.856401
28.783265
27.793974
27.257534
27.812722
28.390401
27.809869
28.446156
27.016014
24.893892
27.923957
25.963443
27.048850
27.355965
29.035563
28.033483
27.223150
29.329619
26.598581
28.610241
28.574583
27.184555
28.590201
26.427004
31.596235
39.510048
40.172689
39.199964
37.445083
32.151437
30.699978
29.992281
33.014062
32.317768
31.719774
30.613320
32.202570
33.356992
30.518498
29.973737
28.116758
28.999451
28.476528
28.469201
29.921347
30.255780
32.898302
29.334994
26.471835
28.312567
27.068729
26.700078
27.196736
29.572484
26.233743
28.843757
28.037782
29.255691
28.157316
32.283018
30.912341
31.803737
32.008976
27.520758
26.360918
26.037881
27.175689
28.059451
29.454559
28.466171
27.820051
30.384507
28.911023
26.142660
27.757175
26.897722
29.473635
29.130581
31.653629
31.422439
29.660597
28.338052
27.746850
26.308804
28.969020
30.059638
28.507623
29.935926
31.573346
29.433615
31.597613
33.267625
33.881491
31.937844
34.956237
34.992294
35.003149
33.005690
33.200162
35.877945
34.041324
35.968839
31.683644
25.526792
28.081074
32.498196
32.017792
32.304704
32.269068
30.734556
33.719289
31.223331
31.495182
26.286984
33.809073
28.494268
29.856700
32.879349
27.600938
26.531416
29.177460
24.983911
26.892090
27.514815
28.656199
26.504225
28.033005
28.089048
28.075959
31.575801
32.267621
29.012741
33.828108
32.228944
31.575287
32.437090
28.419770
30.251846
30.175071
27.880603
29.857840
30.206271
29.647118
28.218019
28.745256
30.516443
27.607584
28.411160
28.139457
30.346150
31.796724
28.068518
28.902816
30.865665
39.102505
27.200821
27.526072
34.918480
35.896522
30.040843
35.725485
30.256190
33.177651
30.514443
30.165046
30.005241
31.924623
29.872236
29.232504
26.353649
28.383768
25.457678
25.492669
27.293997
25.482010
27.567889
29.764034
30.598720
29.813650
29.483762
28.537374
34.196392
30.733420
31.171349
29.627401
29.166154
26.047853
28.288430
31.391854
28.471697
29.857593
30.388633
29.524801
30.691179
29.830040
27.829795
27.858734
27.570466
27.184346
30.504810
29.389537
26.794779
29.387417
28.665370
27.244978
27.334247
33.271530
36.609385
32.731040
33.691080
31.624220
29.123164
30.718707
32.657118
38.524248
35.705929
35.196936
37.243952
34.026989
32.804114
29.886195
30.385158
35.887537
32.366344
34.811296
34.735649
35.894988
35.951086
33.668316
32.018635
31.961069
34.346710
32.493061
33.701917
33.327929
33.600235
33.867833
35.607013
34.239826
31.019261
32.667904
34.462792
37.405045
33.848350
38.660681
32.190849
32.228911
30.606531
31.118218
31.849612
31.061653
33.883381
33.348067
31.833511
33.339396
31.817140
31.195694
29.374725
32.026752
26.993639
28.372500
29.500025
30.201017
27.550153
27.822022
29.986117
30.113790
32.331331
30.421972
32.082391
32.969476
32.596287
31.099186
29.574008
31.395488
33.199925
30.267611
32.538961
33.849872
30.182987
30.934249
30.127465
31.058329
30.014895
31.039318
32.304610
29.487158
29.164201
28.411364
30.082174
29.909897
33.673152
33.795726
31.137827
29.481316
26.346980
28.765956
31.133237
26.818258
28.345992
28.370730
32.553675
31.568576
28.837204
30.909254
31.147342
26.140838
33.150935
32.839900
30.912258
29.992837
31.401443
29.761464
30.967433
31.726859
30.988166
29.569930
30.700564
30.962664
32.152257
30.210917
31.619569
28.835668
29.805602
30.258663
31.068923
29.237824
33.022418
32.328797
31.090237
30.385290
31.315427
36.035670
32.521483
33.883931
32.285317
32.972529
36.694882
33.758892
30.292065
31.530456
31.122406
29.056391
30.539546
30.503203
28.440437
32.413104
37.367941
36.779567
30.837283
30.283027
31.066881
31.225583
28.840157
33.765765
32.398266
32.251678
32.176986
33.258785
31.176361
29.190213
29.209423
32.183874
31.691112
31.562914
29.992637
32.443558
31.722991
28.514694
31.285649
26.689767
28.099017
28.796425
29.380357
27.979577
26.740646
27.942877
27.014495
29.186145
30.581323
35.552857
30.936476
31.670357
30.957773
29.167871
28.818459
30.200566
29.670929
26.510035
26.496262
32.548819
29.865104
31.911437
30.469651
29.743548
30.033382
28.163503
28.059289
29.478915
32.188720
29.587397
31.077696
31.796094
30.763626
29.608680
31.661608
32.782243
33.668891
31.095387
33.525045
28.612236
26.076851
25.579510
27.244588
30.467878
34.611070
35.266657
32.916589
40.656856
34.017633
30.456998
30.125639
29.887974
31.126315
34.080820
35.897777
32.573176
30.495035
30.928943
30.946251
29.965884
28.469478
27.697525
30.654041
32.435705
28.019069
25.729301
25.903276
26.175255
27.089038
27.003698
30.290112
31.094958
28.264830
31.182394
31.718545
32.769344
31.214135
29.989587
28.807927
32.516092
30.753473
31.837987
28.204435
29.894994
32.303686
30.923977
29.943559
30.339382
29.575607
30.308398
29.129910
36.166946
32.080653
30.448700
29.033917
27.812658
28.136008
26.328054
25.827001
31.378891
35.661946
35.854600
34.713082
32.520897
29.888370
35.900132
32.446726
32.158052
26.643373
27.469183
28.540678
27.777905
25.347807
25.866814
31.519755
32.021336
30.660549
24.535654
30.445971
28.992200
31.323489
26.172742
27.906665
26.238971
28.480275
27.321106
26.473683
27.159739
28.751147
28.275053
26.400117
30.159063
31.012743
32.250661
31.091654
31.882351
32.716358
31.216076
26.353259
27.467770
31.580013
30.502973
31.773260
31.020569
30.955473
29.356677
28.277190
28.346105
28.901313
37.784885
40.736762
40.837490
40.690107
35.537084
31.757735
32.002339
30.468370
29.728603
32.034287
31.633955
32.268036
29.686768
30.909795
31.155165
30.062326
30.124872
28.779357
33.612736
34.767563
34.250722
37.083430
31.482183
30.834706
30.599975
32.640428
30.467699
27.216613
28.935347
30.008705
32.243954
34.861239
33.196898
28.495697
29.326990
32.179591
31.486211
29.111676
28.551065
26.936627
29.221687
28.640931
26.136492
25.851486
28.253706
28.560911
24.545478
29.039672
32.590166
31.406615
31.037846
28.801663
31.050265
29.471482
29.540000
31.787166
30.007250
28.828630
31.019064
28.890771
30.616402
32.306700
30.169120
30.838578
33.336697
31.920595
27.032839
25.826452
27.024224
32.780082
31.276097
33.199074
30.652147
29.167280
30.722488
32.573318
30.606567
33.489641
31.898073
30.743565
34.149394
31.189580
30.099555
31.500303
31.172140
30.278632
31.655156
31.434898
30.755538
31.834210
31.598922
32.371869
31.649529
31.885195
29.644927
30.152798
30.692502
29.831875
31.413546
31.505202
32.260390
31.366995
33.545242
32.863955
31.278257
31.198666
30.384713
32.467007
31.605256
30.680862
30.328964
31.772436
31.852835
32.074452
30.908001
29.349288
30.003834
30.132505
32.161794
31.311593
31.399717
33.761011
34.254136
35.498415
29.729016
30.412216
32.282193
31.112938
36.355345
32.917181
35.077607
35.889316
37.579530
35.426237
33.029620
30.419659
33.055504
28.069171
27.569891
26.187390
25.383734
28.081345
27.073447
27.973837
34.509509
30.789068
32.300466
35.453859
34.783377
35.878274
30.962846
29.053761
27.702460
29.424838
33.448684
32.402760
31.132075
31.396135
32.877926
31.899308
31.005210
30.570645
29.851918
32.734772
29.992973
34.082514
31.655941
31.710183
33.024271
30.301499
36.314720
33.687190
28.079617
27.703471
27.178226
25.722829
25.954735
27.540785
27.575837
29.141515
30.000203
30.019578
30.141729
29.445171
30.638398
35.323189
37.205819
31.297253
32.058487
29.152077
29.299182
27.251503
29.479811
26.525977
26.686280
29.429046
28.613582
29.772352
28.432204
26.443139
32.139410
31.558543
27.062386
26.967939
32.212153
30.546473
32.818338
33.565787
35.299524
34.916295
31.706180
30.541022
33.147396
31.031973
33.884266
30.823705
30.559917
32.948165
32.776482
31.628139
30.030390
30.908528
31.895387
33.492732
31.290469
30.221497
31.052262
29.476803
26.255859
28.141346
26.510155
30.453783
29.574883
27.606366
25.667197
26.541824
31.104016
31.020462
31.435080
32.676752
30.539931
29.984215
30.657057
31.691459
30.053265
28.847584
29.287058
39.354164
36.840810
33.381238
31.082782
31.747838
38.909303
40.228807
31.061985
30.584152
33.480573
28.496495
29.119075
27.182116
27.217928
32.170011
33.251465
32.308087
30.828054
28.586524
25.500869
27.039679
27.587590
26.691222
29.053115
28.902243
32.110332
34.139185
32.166064
28.296889
29.323593
30.137157
28.598922
31.521789
29.892826
31.102782
30.558681
30.449799
30.759305
28.967679
29.604932
32.858582
33.397865
30.305677
32.436366
33.025826
30.742868
31.969542
30.337924
32.448841
27.356568
26.772396
26.041812
26.898308
26.501600
32.025701
30.601938
33.395603
30.360947
30.340625
33.890146
27.855372
30.218321
32.670825
34.399001
33.151976
28.561153
35.381493
33.757506
34.309411
33.685505
30.847045
32.752950
39.432719
39.432194
38.679740
42.616673
42.052219
42.039927
35.987397
31.025870
34.066323
41.662141
38.536901
38.019467
32.768666
30.583361
30.536333
30.315400
28.950231
28.580629
28.468089
29.345588
27.609980
29.437287
28.754897
29.427735
30.678357
29.291834
35.195973
31.456176
32.472595
31.894233
32.657190
28.485857
30.624695
28.558651
28.390233
27.067994
29.386943
31.672889
30.218761
32.063984
34.806158
29.708218
30.603011
32.013413
30.428497
30.840613
30.439714
32.163133
29.573700
29.349230
30.863252
30.590300
32.509458
30.845573
33.718948
30.963917
31.680816
30.384340
29.614589
32.069040
30.827016
30.233938
31.615964
36.366882
31.982987
27.428001
30.462995
29.190086
27.432162
24.191717
30.394491
31.123194
34.811998
33.289615
30.981129
32.336621
30.956183
31.113032
31.052530
29.901502
30.441815
30.185071
28.407867
33.809431
32.844245
32.131429
32.667536
32.038392
33.071797
30.823369
31.576680
31.442242
32.410932
30.511518
31.308992
29.733349
28.838223
29.079084
29.327487
31.139049
27.630938
26.994167
28.174430
27.520371
26.459971
26.473952
26.738361
26.010927
28.178058
27.207247
25.956033
28.976890
27.762181
27.737561
31.364711
27.145602
28.601753
31.551297
34.410638
32.917222
32.318342
30.466865
29.159708
32.520658
33.293852
39.608168
36.804323
31.653448
29.783784
32.092443
33.262847
31.006990
31.939710
30.868654
32.262756
29.990158
31.054963
33.994880
31.485432
31.124571
31.010097
29.503168
31.347893
31.503121
28.851336
26.974299
29.874397
27.924997
27.751004
28.734809
29.163130
30.676361
31.239326
30.154591
32.547854
32.056882
34.493327
34.393034
35.170646
35.922521
34.011780
32.521338
35.555367
37.734206
38.750041
35.776110
32.968294
38.946660
35.021421
33.209908
33.472868
29.996391
28.518617
27.222795
34.540097
31.006707
32.402410
30.529390
29.686071
27.592270
31.028726
28.883421
31.366735
33.032952
32.449506
34.977258
34.051695
32.693792
33.391060
31.776990
33.185255
36.309045
35.709259
35.931698
35.298653
33.678142
34.164355
31.916012
32.177169
32.608534
31.486316
30.172722
33.107390
34.721206
34.496434
34.304113
33.381859
36.887489
45.767592
90.543300
