50
35.733397
27.583780
26.790628
26.940402
25.387118
26.001247
24.540602
23.840632
23.378220
23.310578
23.351395
24.345913
23.432177
23.346329
23.321525
23.317898
23.315556
23.284364
23.339425
23.297925
23.291568
23.282475
23.283073
23.516309
23.301910
24.052789
23.708521
23.376637
23.306734
23.297612
23.288985
23.304120
23.358751
23.307549
23.290946
23.284919
23.331030
23.323201
23.295832
23.291341
23.291141
23.328402
23.303530
23.952481
23.272615
23.355282
23.291638
23.268807
23.292794
23.299408
23.328605
23.288969
23.297423
23.269276
23.318616
23.299585
23.285492
23.284661
23.274840
23.309400
23.224122
23.227669
23.278388
23.302251
23.298508
23.298213
23.296224
23.307402
23.336627
23.306994
23.289309
23.281210
23.294314
23.420083
23.305968
23.290700
23.279192
23.600874
23.291639
23.312280
23.286879
23.327999
23.281092
23.287637
23.274071
23.297937
23.346093
23.296830
23.301166
23.788838
24.232812
24.897294
24.017405
23.287983
23.313334
23.309470
23.292530
23.296588
23.291397
23.359815
23.292946
23.923719
23.491782
23.303042
24.049925
23.249606
23.292727
23.268314
23.338576
23.325063
23.310617
23.302512
23.329820
23.284553
23.278685
24.037217
23.267580
23.314196
24.086182
23.283241
23.276584
23.304552
23.309655
24.533576
24.373543
23.297609
23.552063
24.423590
23.514103
24.391102
23.725775
23.282998
23.287478
23.299885
23.301810
23.286931
23.287516
23.284266
23.274113
23.307185
23.223121
23.222341
23.233681
23.248173
23.308786
23.293591
23.300405
23.290957
23.307502
23.278520
23.294902
23.279330
23.381092
23.312349
23.304582
23.289871
23.296699
23.374736
23.289314
23.295016
23.791452
23.360301
23.314410
23.282544
23.296463
23.439956
23.329237
23.302400
23.292348
23.293550
23.323636
23.301528
23.304287
23.305246
23.295301
23.348706
23.299169
23.307181
23.304271
23.329573
23.310496
23.292155
23.304067
23.292991
23.337895
23.303031
23.288421
23.306555
23.309374
23.298145
23.299022
23.306179
23.289785
23.343672
23.308976
23.327077
23.297603
23.319393
23.311916
23.292817
23.292087
23.299916
23.572621
23.287565
23.284350
23.289044
23.323109
23.304743
23.282454
23.303311
23.273240
23.304838
23.283884
23.290508
23.287403
23.305117
23.291665
23.288780
23.296446
23.307218
23.314642
23.877355
24.015970
23.667910
24.407295
23.300355
23.341282
23.335591
23.378938
23.302171
23.289777
23.291342
23.367256
23.801428
23.279273
23.287511
23.294052
23.305521
23.303800
23.333338
23.341387
23.294075
23.314212
23.279390
23.293399
23.295733
23.303157
23.287159
23.297677
23.276943
23.286989
23.316003
23.467800
23.608369
23.415590
23.379431
23.637858
24.491411
23.297454
23.377520
24.087177
24.712116
24.436836
23.934146
23.310451
23.300159
23.306918
23.277507
23.296116
23.289221
23.297746
23.294328
23.300759
23.304479
23.634195
23.289933
23.438155
23.415161
23.334623
23.289472
23.313030
23.599834
23.298167
23.295689
23.294269
23.289686
23.304594
23.283058
23.260745
23.286107
23.276688
23.299824
23.272935
23.284831
23.286294
23.286674
23.303958
23.314463
23.266509
23.383096
23.306365
23.295303
23.275279
23.282390
23.289909
23.321643
23.297511
23.275921
23.269382
23.312378
23.325908
23.278371
23.319521
23.302420
23.275167
23.301927
23.288375
23.280608
23.364838
23.298613
23.308766
23.283833
23.290675
23.310341
23.282060
23.286915
23.272742
23.278118
23.284901
23.421101
23.272011
23.300016
23.284319
23.269278
23.278954
23.303932
23.324117
23.290911
23.299387
23.300116
23.300135
23.277209
23.284075
23.292008
23.279012
23.296855
23.289246
23.286595
23.300219
23.311892
23.285507
23.303469
23.283430
23.270280
23.287378
23.266242
23.267693
23.274704
23.300418
23.286450
23.265551
23.262298
23.285212
23.295044
23.294310
23.281831
23.305782
23.273919
23.269049
23.273388
23.271324
23.270554
23.304886
23.277904
23.269502
23.295559
23.298683
23.314782
23.301522
23.287421
23.296335
23.288441
23.284370
23.264358
23.282256
23.321073
23.298301
23.290061
23.274652
23.262519
23.316547
23.298918
23.299226
23.292158
23.298115
23.277324
23.295438
23.304126
23.307076
23.291872
23.273936
23.277392
23.271096
23.306489
23.294406
23.277173
23.274623
23.297367
23.304734
23.285774
23.308641
23.295643
23.310132
23.318547
23.294468
23.280883
23.283857
23.299147
23.274463
23.299974
23.275999
23.325443
23.288195
23.273736
23.291849
23.288756
23.308617
23.284298
23.298074
23.273616
23.302691
23.304294
23.283127
23.279837
23.708389
23.323545
23.281446
23.279714
23.283796
23.304329
23.293034
23.300253
23.301633
23.297632
23.306133
23.265778
23.271333
23.269298
23.287228
23.263983
23.263191
23.288646
23.283249
23.302775
23.297892
23.263333
23.266199
23.255893
23.263186
23.285066
23.280868
23.336505
23.289119
23.274400
23.282404
23.277223
23.347623
23.272864
23.268680
23.305135
23.299517
23.297528
23.301370
23.275803
23.274868
23.302791
23.268791
23.269861
23.264341
23.282078
23.267432
23.278663
23.275457
23.264678
23.305779
23.263716
23.267080
23.284227
23.298492
23.264174
23.290575
23.272752
23.315828
23.285846
23.283551
23.325517
23.264412
23.291049
23.303036
23.254387
23.298326
23.287455
23.294057
23.293707
23.299156
23.283109
23.294180
23.287447
23.267374
23.289789
23.286475
23.298262
23.285892
23.274692
23.285469
23.296781
23.265081
23.269715
23.298247
23.253886
23.301947
23.281239
23.289458
23.291782
23.325140
23.271735
23.282610
23.282637
23.289354
23.304294
23.273519
23.265140
23.280138
23.290014
23.281896
23.275726
23.245514
23.289998
23.277576
23.283674
23.292048
23.263233
23.280835
23.289344
23.270798
23.278786
23.271932
23.283761
23.550862
24.376712
23.825078
23.332816
23.300747
23.282218
23.254491
23.288014
23.296331
23.290074
23.299565
23.269433
23.319695
23.247719
23.196428
23.212002
23.220783
23.266721
23.258415
23.340351
23.292521
23.284879
23.331261
23.296186
23.252016
23.282223
23.280196
23.271507
23.275780
23.280209
23.891818
23.292521
23.286986
23.270317
23.301131
23.274803
23.270512
23.266202
23.273746
23.297904
23.264682
23.285225
23.268672
23.292555
23.283569
23.303591
23.291197
23.257675
23.285072
23.271540
23.277213
23.274204
23.294816
23.292816
23.288973
23.262052
23.266285
23.326579
23.275878
23.279307
23.305123
23.277204
23.272841
23.260047
23.287266
23.290053
23.301581
23.270361
23.264435
23.263611
23.301238
23.292153
23.276400
23.266482
23.273735
23.284582
23.291887
23.260046
23.266486
23.281771
23.278737
23.263267
23.265566
23.306976
23.282999
23.270779
23.276338
23.287186
23.289263
23.292107
23.270886
23.309423
23.302947
23.301081
23.281148
23.307005
23.268497
23.292802
23.283162
23.267176
23.271935
23.270813
23.269143
23.268230
23.257657
23.258250
23.304936
23.276838
23.267292
23.401879
23.527053
23.480965
23.418116
23.409310
23.377880
23.359427
23.400777
23.384667
23.334505
23.699342
23.300072
23.276125
23.281540
23.419521
23.912180
23.375205
23.311969
23.307914
23.304138
23.295926
23.287509
23.275398
23.290218
23.318455
23.290149
23.289688
23.291697
23.297294
23.298073
23.296011
23.264318
23.265672
23.312813
23.290576
23.270566
23.285423
23.288174
23.300663
23.298613
23.304725
23.287758
23.318755
23.304277
23.316022
23.288840
23.298668
23.286651
23.267925
23.303642
23.283968
23.329147
23.300851
23.279848
23.285418
23.303688
23.291643
23.289429
23.435208
23.276961
23.306030
23.291309
23.283465
23.415067
23.325342
23.315172
23.285985
23.293440
23.282558
23.326136
23.280904
23.276490
23.287361
23.305225
23.907667
23.299293
23.273775
23.298970
23.298724
23.292648
23.285180
23.285867
23.293735
23.291306
23.290611
23.287181
23.294036
23.286804
23.286302
23.286916
23.584077
23.313200
23.299655
23.289722
23.289096
23.291888
23.320879
23.313209
23.472764
23.360370
23.323139
23.290511
23.282284
23.282785
23.294971
23.309462
23.281878
23.993089
24.320520
23.323381
24.048171
23.408668
23.409149
23.809186
24.415687
24.191025
23.282300
23.288314
23.398420
23.266994
23.259922
23.260083
23.287076
23.276438
23.524147
24.563617
24.594158
23.595859
23.293983
23.279464
23.298009
23.295663
23.272545
24.658196
23.799922
24.950903
24.021419
23.381773
23.298447
23.271610
23.294119
23.621639
58.118309
47.176494
35.206648
26.163831
25.806604
26.980203
25.673363
26.547279
26.172384
25.029929
25.213116
25.234475
26.451865
26.134036
25.286803
24.520872
24.492201
24.472988
24.452636
24.490951
24.491340
24.450013
24.454829
24.463841
24.433517
24.460232
24.472106
24.469959
24.492638
24.482799
24.497118
24.489998
24.499060
24.484741
24.515237
24.514476
24.484626
24.518763
24.495063
24.489735
24.503444
24.469074
24.487928
24.490448
24.495533
24.536690
24.485934
24.505667
24.508611
24.490829
24.495024
24.508599
24.477066
24.499047
24.459754
24.487122
24.497434
24.486696
24.498100
24.506670
24.513223
24.495237
24.521238
24.493496
24.487270
24.509081
24.534520
24.534776
24.500111
24.497345
24.503764
24.528977
24.538492
24.500034
24.513662
24.504712
24.512518
24.490615
24.497686
24.505236
24.522351
24.520323
24.471163
24.459644
24.439754
24.528983
24.436849
24.458598
24.435054
24.474473
24.444730
24.430005
24.458785
24.467425
24.460958
24.463996
24.509212
24.460061
24.460305
24.455909
24.455082
24.470967
24.473325
24.470477
24.497645
24.473195
24.452684
24.458463
24.484387
24.479233
24.465581
24.456011
24.479855
24.478575
24.487692
24.476304
24.462298
24.479080
24.453086
24.483667
24.471172
24.479013
24.461763
24.481747
24.361982
24.350542
24.426539
24.552199
24.455701
24.482284
24.490413
24.549040
24.489378
24.391661
24.397839
24.450503
26.891194
25.658895
24.489346
24.526977
24.563710
24.457079
24.479946
24.384114
24.426974
24.478948
24.673232
24.501911
24.410354
24.368793
24.376528
24.394337
24.375060
24.308365
24.324451
24.298939
24.376818
24.421397
24.388200
24.481879
24.410762
24.329684
24.506431
24.280315
24.482920
24.377136
24.369956
24.343360
24.401667
24.324915
24.484835
24.285179
24.402032
24.331789
24.425426
24.641051
24.346400
24.426236
24.427778
24.438435
24.456385
24.339188
24.376123
24.386312
24.389514
24.474142
24.401482
24.462311
24.248850
24.376124
24.424821
24.636469
24.361741
24.364801
24.332515
24.350948
24.376075
25.714521
27.086991
27.206020
27.102010
27.210871
27.122507
27.121483
27.116846
27.211416
27.199558
27.054066
27.195453
27.238797
27.253848
27.091786
27.056583
27.136801
27.072929
25.900806
24.366365
24.914559
27.081193
27.253517
27.139369
27.211324
27.049180
27.101507
27.139098
26.181487
24.349105
24.366243
24.476309
24.408174
27.040740
27.146412
27.069595
27.117009
27.152497
27.063639
27.052262
27.131930
27.171152
27.153408
27.085952
27.022849
27.165744
27.132121
27.138598
27.075899
27.395484
27.158744
27.139675
27.179360
27.033929
27.110109
27.271368
26.572469
24.478871
24.454305
24.378143
24.369650
24.468116
24.435716
24.389442
24.368927
24.929813
27.109553
27.200021
27.035289
27.184560
27.148774
27.167134
27.050861
27.246455
27.163314
27.152553
27.065187
27.115118
27.101984
27.131790
27.285370
27.232110
27.116066
27.097775
25.820727
24.376405
24.366828
24.378955
24.384833
24.350801
24.371773
24.402306
24.380548
24.366663
24.364831
24.398017
24.374206
24.355627
24.345479
24.354988
24.378022
24.384238
24.783561
24.436657
24.465358
24.498316
24.474624
24.460306
24.500268
24.493108
24.870963
24.434558
24.438882
24.461753
24.447413
24.436992
24.448323
24.477358
24.428836
24.474231
24.459781
24.482790
24.453934
24.463668
24.463683
24.456870
24.456087
24.502265
24.540602
24.581369
24.545358
24.571596
24.495599
24.581082
24.617664
24.539553
24.666336
24.676796
24.577429
24.566558
24.583502
24.554067
24.543767
24.562976
24.561875
24.555325
24.550480
24.524046
24.530099
24.542723
24.318925
24.420006
24.417687
24.333548
24.602921
24.668787
24.350947
24.532324
24.504285
24.492699
24.559305
24.544656
24.535334
24.543916
24.528501
24.549486
24.539273
24.548545
24.529568
24.544845
24.491313
24.450140
24.480060
24.476524
24.430685
24.488407
24.500720
24.477911
24.455977
24.471241
24.463586
24.452025
24.458817
24.486575
24.452292
24.470030
24.484458
24.475305
24.470556
24.454887
24.458477
24.458100
24.484142
24.477440
24.476170
24.465338
24.468208
24.471553
24.561728
24.535205
24.569510
24.547558
24.544215
24.548165
24.522460
24.512797
24.558280
24.592126
24.554253
24.562128
24.551831
24.532045
24.530188
24.531782
24.527613
24.547374
24.537409
24.458389
24.397735
26.814270
27.175037
27.214292
27.189049
27.233334
27.069823
27.139273
27.148431
27.231856
27.103871
27.211274
27.103603
27.173240
27.097038
27.123559
27.227858
27.142922
27.118055
27.111650
27.032371
27.147126
27.187611
27.191531
27.165234
27.163618
27.023869
27.189097
27.114539
27.160930
27.158783
27.160773
27.245428
27.163587
27.062445
27.085649
27.044729
27.074497
27.133509
27.158692
27.155101
27.148224
27.168579
27.174337
27.537502
27.154394
27.204425
27.227501
27.085605
27.117649
27.149519
27.211420
27.043375
27.169144
27.117367
27.124905
27.213553
27.148857
27.137061
27.106875
27.132712
27.236984
27.098735
27.041270
27.141437
27.188261
27.188868
27.168229
27.152458
27.011148
27.110881
27.186502
27.187116
27.075211
27.062886
26.639713
24.509091
24.539716
24.565889
24.558387
24.520960
24.605722
24.556175
24.548782
24.535851
24.551345
24.545869
24.540792
24.565443
24.566235
24.547497
24.536797
24.535361
24.534167
24.555954
24.527633
24.519891
24.519931
24.537512
24.489782
24.544035
24.574635
24.538696
24.529629
24.550916
24.539859
24.523650
24.554624
24.508359
24.546679
24.540192
24.547053
24.531412
24.540179
24.562518
24.568125
24.570054
24.522422
24.542793
24.931458
24.684801
24.670201
24.683396
25.180494
25.485731
24.527020
24.539093
24.610192
24.582537
24.543621
24.581098
24.571567
24.550982
24.554354
24.564895
24.556121
24.616239
24.597115
24.593397
24.612083
24.617435
24.608483
24.592244
24.593969
24.599072
24.625351
24.527602
24.604309
24.657123
24.677428
24.644719
24.577754
24.611375
24.620399
24.608940
24.614120
24.689626
24.636610
24.628220
24.691714
24.657173
24.550755
24.581970
24.630063
24.631826
24.555396
24.551232
24.594365
24.564324
24.546451
24.582004
24.554193
24.574796
24.569907
24.541111
24.567909
24.569135
24.542161
24.551641
24.588999
24.548743
24.618659
24.584121
24.577379
24.548976
24.569442
24.562900
24.544749
24.576000
24.579199
24.577385
24.551847
24.559478
24.611553
24.548673
24.561114
24.564913
24.604688
24.564844
24.562760
24.534907
24.585250
24.571260
24.554053
24.584470
24.534468
24.557235
24.553266
24.572068
24.561872
24.603631
24.554821
24.564291
24.567927
24.554551
24.562169
24.565576
24.567690
24.565440
24.562715
24.561330
24.560026
24.574995
24.576423
24.592810
24.591540
24.557828
24.598730
27.075515
24.630511
24.759436
24.614470
24.615283
24.655193
24.805869
24.688273
24.717664
24.691913
24.803358
24.682388
24.691338
24.700319
24.711840
24.705844
24.647832
24.637070
24.640105
24.651481
24.643509
24.656089
24.644162
24.636801
24.638600
24.644495
24.609801
24.543512
24.566869
24.591072
24.548328
24.597739
24.546503
24.556855
24.580658
24.549050
24.572576
24.546312
24.571428
24.545866
24.545443
24.565975
24.555997
24.555790
24.569213
24.589338
24.556075
24.553089
24.561667
24.524052
24.580684
24.552134
24.592674
24.561383
24.605010
24.549458
24.557003
24.579779
24.570963
24.577065
24.547914
24.537532
24.555822
24.567962
24.561940
24.562847
24.551280
24.544644
24.550090
24.560926
24.548147
24.564243
24.531441
24.535418
24.544509
24.566597
24.543411
24.493446
24.466811
24.478926
24.517310
24.624419
24.645968
24.713137
24.667885
24.729654
24.717846
24.664856
24.678950
24.701179
24.731580
24.624956
24.613271
24.596968
24.633891
24.697522
24.699982
24.706019
24.697759
24.710989
24.682634
24.677261
24.731047
24.698092
24.711868
24.695100
24.675063
24.703193
24.680748
24.689951
24.685800
24.697616
24.701587
24.707749
24.690291
24.720763
24.685304
24.713166
24.705560
24.709702
24.766804
24.912835
24.787658
25.497656
25.215485
24.983986
29.306721
28.776505
37.146805
38.307833
25.364465
24.884786
24.314152
24.122312
23.888560
23.925022
23.491245
23.493154
23.475133
23.481542
23.478470
23.485274
23.495468
23.486713
23.481368
23.500686
23.469140
23.480269
23.490289
23.474534
23.474634
23.478313
23.495812
23.475679
23.465073
23.488471
23.491046
23.482360
23.455008
23.468601
23.468818
23.465250
23.451311
23.463938
23.468876
23.479622
23.462912
23.471392
23.671837
23.554134
23.458232
23.460282
23.460383
23.458764
23.455878
23.454753
23.450019
23.455276
23.456562
23.460707
23.460704
23.471414
23.400145
23.320991
23.307458
23.312461
23.313372
23.318263
23.300423
23.300318
23.289880
23.297916
23.313422
23.311166
23.315034
23.297374
23.322622
23.310304
23.309427
23.309946
23.319805
23.292125
23.301745
23.313893
23.338361
23.294555
23.316985
23.294929
23.314711
23.322379
23.311212
23.317982
23.301325
23.305547
23.321137
23.320548
23.298439
23.318791
23.312646
23.295629
23.296337
23.394705
23.438961
23.447099
23.445117
23.446698
23.432307
23.454398
23.438022
23.432636
23.515589
23.349728
23.352415
23.363327
23.354949
23.361527
23.347339
23.341360
23.344416
23.349852
23.323707
23.320950
23.297498
23.307781
23.309016
23.301349
23.308015
23.282305
23.300697
23.293729
23.298549
23.315431
23.306908
23.307923
23.317319
23.308117
23.301874
23.312766
23.317888
23.303501
23.312431
23.283494
23.293877
23.297696
23.511019
23.428854
23.315063
23.298839
23.277678
23.276983
23.301070
23.307516
23.300072
23.569323
23.433463
23.432250
23.433075
23.443420
23.434269
23.433632
23.435873
23.415363
23.436138
23.352765
23.322218
23.297746
23.289306
23.282431
23.291041
23.300571
23.306319
23.295634
23.285755
23.286252
23.297583
23.287304
23.331507
23.303951
23.329057
23.294005
23.307097
23.310887
23.287658
23.311737
23.295518
23.297200
23.298429
23.301373
23.299511
23.317500
23.299699
23.318537
23.288183
23.306692
23.304066
23.290709
23.385262
23.283556
23.282911
23.267234
23.354789
23.294938
23.265805
23.283984
23.265741
23.287922
23.273752
23.283463
23.295709
23.296891
23.318063
23.288386
23.271704
23.259811
23.314878
23.290650
23.265169
23.279392
23.269802
23.291367
23.290510
23.292112
23.288372
23.273498
23.263299
23.270172
23.273442
23.270708
23.253766
23.258222
23.252399
23.304975
23.318154
23.291420
23.300965
23.278773
23.359844
23.259758
23.306259
23.264602
23.254971
23.254199
23.273424
23.252537
23.250951
23.557334
23.284694
23.281471
23.276517
23.292280
23.285944
23.328650
23.303957
23.309237
23.318296
23.331119
23.318162
23.315808
23.294538
23.301817
23.293758
23.312639
23.309082
23.568737
23.308180
23.303392
23.295345
23.301204
23.308636
23.293740
23.307726
23.305342
23.343818
23.324442
23.309964
23.313314
23.294577
23.319965
23.312523
23.304773
23.424044
23.320378
23.335867
23.300375
23.314928
23.331778
23.332566
23.319592
23.331527
24.458228
23.438008
24.051703
23.447722
23.439748
23.628490
24.806025
24.614099
23.761828
24.544515
23.467228
24.105444
23.464598
23.488925
23.470522
23.474596
23.466432
23.464384
23.466308
23.475751
23.480631
23.498617
23.482636
23.473112
23.467901
23.589148
23.466390
23.481336
23.492841
23.472930
23.488218
24.162329
23.727864
23.527938
23.461567
23.456459
23.490934
23.478949
23.467762
23.469771
23.475987
23.479427
23.425913
23.455778
23.454308
23.517122
23.464660
23.482489
24.400313
23.269612
23.283013
23.273253
23.285282
23.271925
23.286903
23.282650
23.279305
23.278495
23.280244
23.285417
23.310814
23.361130
23.297937
23.289762
23.296352
23.296615
23.304017
23.284753
23.284004
23.281335
23.287239
23.275883
23.272833
23.281899
23.272608
23.279465
23.276704
23.265907
23.418000
23.360126
23.357534
23.388984
23.369433
23.381616
23.383129
23.369517
23.365728
23.377261
23.377724
23.371331
23.353672
23.371220
23.349406
23.751891
24.929160
23.545118
23.497703
23.509859
23.485022
23.463997
23.434999
23.474481
23.480125
23.445635
23.456741
23.479507
23.479651
23.539504
23.668859
23.500657
23.473028
23.476580
23.492607
23.480797
23.564779
23.476060
23.482186
23.469265
23.476657
23.469885
23.472603
23.495414
23.478370
23.498945
23.479920
23.488193
23.465398
23.443241
23.436606
23.442801
23.460118
23.461621
23.478877
23.434416
23.476758
23.476961
23.479924
23.442214
23.437338
23.452149
23.454596
23.421246
23.453620
23.443856
23.458712
23.481616
23.421622
23.481324
23.470188
23.458041
23.466799
23.470249
23.483306
23.482449
23.478992
23.493118
23.467202
23.462053
23.472577
23.650521
23.529004
23.485897
23.473882
23.482102
23.481121
23.478706
23.471959
23.466052
23.474577
23.467516
23.448728
23.445352
23.447210
23.458643
23.487530
23.467282
23.459279
23.484898
23.491263
23.423651
23.467892
23.452495
23.475596
23.474043
23.490620
23.500564
23.463990
23.453849
23.443396
23.437813
23.489831
23.475203
23.481629
23.475422
23.466717
23.463046
24.198625
24.420057
24.299482
23.635114
23.621199
23.624318
23.593264
23.464071
23.465326
23.453332
23.416455
23.447601
23.432911
23.433677
23.454028
23.324708
23.324821
24.599770
24.624404
24.267838
23.316379
23.323509
23.306296
23.294489
23.294581
23.309923
23.313478
23.324316
23.322164
23.296784
23.316629
23.310234
23.310504
23.313267
23.303337
23.315075
23.308577
23.319776
23.320276
23.303043
23.297259
23.306904
23.304032
23.309861
23.303927
23.315936
23.308359
23.314599
23.311655
23.307849
23.312212
23.294403
23.293940
23.319751
23.311743
23.311723
23.296733
23.303897
23.314766
23.322584
23.328183
23.296917
23.459248
23.420620
23.400458
23.437162
23.431889
23.420798
23.434278
23.431835
23.422599
23.409795
23.418586
23.427071
23.427111
23.431101
23.418929
23.406551
23.410826
23.426559
23.377651
23.304931
23.299230
23.292171
23.289393
23.302685
23.288287
23.321145
23.304348
23.297491
23.305959
23.315831
23.317219
23.306552
23.314731
23.304772
23.304817
23.302485
23.530575
23.398671
23.302891
23.322205
23.311988
23.319700
23.505210
23.415760
23.433614
23.407378
23.483153
23.433907
23.433756
23.434275
23.440750
23.430958
23.434151
23.441157
23.449437
23.434538
23.434555
23.426186
23.429637
23.439091
23.420501
23.456977
23.444993
23.406686
23.301857
23.297298
23.296573
23.278861
23.302618
23.285608
23.290384
23.295426
23.295821
23.287675
23.312265
23.295631
23.389064
23.434997
23.299271
23.289656
23.306729
23.308835
23.291431
23.312501
23.281982
23.312450
23.312448
23.309426
23.302217
23.309131
23.287931
23.293818
23.293220
23.303618
23.294595
23.305836
23.287317
23.320628
23.295756
23.306264
24.115833
23.605255
23.781178
24.422146
24.463854
24.394041
24.419470
24.451336
23.969814
24.111831
23.285888
23.350557
23.891941
23.876641
23.280854
23.281195
23.282249
23.293308
23.281657
23.342756
23.412831
23.440093
23.504541
23.473914
23.441159
23.425355
23.297782
23.287327
23.265222
23.323284
23.307200
23.303267
23.380975
24.482253
23.818125
23.304376
23.304549
23.310737
23.305120
23.313553
23.302496
23.304785
23.295675
23.301892
23.305964
23.318993
23.306556
23.291186
23.308846
23.310099
23.317369
23.305036
23.303374
23.299412
23.283083
23.315959
23.313207
23.309202
23.312232
23.311126
23.302067
23.305141
23.312536
23.350745
23.303706
23.289159
23.297879
24.002506
24.591926
23.380606
23.279953
23.369153
23.595456
23.345309
23.573265
23.366813
23.289563
23.291549
23.275262
23.700071
23.339699
23.457551
23.466588
23.984787
24.378772
23.375629
23.363550
23.336838
23.352685
23.352504
23.354499
23.345982
23.344805
23.346158
23.370150
23.361549
23.370918
23.333581
23.292045
23.304333
23.299046
23.300496
23.305472
23.295024
23.310977
23.318178
23.307642
23.290904
23.294491
23.302396
23.482269
23.299696
23.300438
23.314553
23.212281
23.240392
23.239616
23.238583
23.222446
23.223338
23.232390
23.224506
23.239981
23.228889
23.230743
23.226019
23.230442
23.221096
23.236341
23.234674
23.227237
23.249589
23.221172
23.239340
23.232296
23.221855
23.234749
23.231936
23.233718
23.227748
23.220737
23.232525
23.233418
23.232353
23.254167
23.332841
23.273291
23.299515
23.308089
23.298185
23.316638
23.297074
23.309289
23.329505
23.309058
23.294312
23.295029
23.302856
23.296690
23.888165
37.219687
25.225472
24.366832
24.366350
24.362501
24.375273
24.338360
24.386656
24.377449
24.353306
24.349578
24.371842
24.358899
24.359667
24.344849
24.389710
24.367370
24.380422
24.360486
24.368401
24.364796
24.322424
24.343757
24.357803
24.371806
24.362767
24.374926
24.926989
26.910233
27.118667
27.020734
26.926284
27.172161
27.094605
26.987780
27.105197
27.036267
26.984974
26.976641
27.206893
27.324469
27.083215
26.972737
27.056581
27.070354
26.895532
27.002292
26.961986
27.004442
27.209355
27.086928
27.087484
27.192294
27.275716
27.219217
27.338118
27.283270
27.137553
27.022223
26.990761
27.006175
27.053069
24.668928
24.491794
24.978537
25.116589
25.096900
24.440305
24.402402
24.415332
24.411592
24.422847
24.406521
24.426968
24.419698
26.830365
27.048036
27.028615
26.968623
27.054516
27.274523
27.211117
27.182796
26.983621
27.102230
27.226964
27.055025
26.965038
26.919219
26.978395
27.126035
27.030988
26.963185
26.913929
26.940254
26.923642
26.943985
26.925294
26.968821
27.142063
27.225601
27.164100
27.128607
27.199723
27.077969
27.157343
26.981635
26.922061
26.890780
26.988357
26.960857
26.887796
27.079533
27.093744
27.025068
27.161955
27.201724
26.947451
27.010246
27.009751
26.925313
26.938851
26.988524
26.994108
27.091736
26.973417
27.022283
27.194467
27.073857
26.971471
26.949844
26.931329
26.961049
26.966422
26.996708
27.023113
26.960303
26.902652
26.990786
27.117243
27.046101
26.963169
26.966688
26.990293
26.988829
27.136668
26.909967
26.954938
26.943576
26.931115
26.923313
26.863104
27.178034
27.170985
27.198110
27.122062
27.204005
27.137231
27.161031
27.051342
26.957972
27.013525
26.970523
27.202298
27.226141
27.087436
27.140203
27.062372
27.030219
27.067848
26.973937
27.093349
27.096160
27.209339
27.042798
26.999938
26.952064
27.005358
26.988251
27.100921
26.965032
27.185524
27.272507
27.222370
27.241724
26.998045
26.898166
26.913115
27.024921
26.938540
26.925438
27.002592
26.969303
27.101319
26.961963
27.100373
27.031073
27.040662
26.942779
27.000714
27.192740
26.955241
27.004292
26.996223
27.111478
27.049478
27.054629
26.947859
27.046644
27.052047
27.094996
27.099226
27.016671
27.146940
27.176594
27.195635
27.092850
27.081570
26.944249
27.051412
27.248077
27.197579
26.925145
26.940562
26.935868
26.892622
27.056769
27.121496
27.179229
27.239545
27.084703
27.128601
27.116215
27.166354
27.139253
27.122290
27.026732
27.080584
27.032765
27.029535
27.154280
27.080920
27.045888
27.012574
26.989461
27.105261
27.054654
26.995307
25.816932
24.335001
24.459987
24.343956
24.178034
24.361080
24.432833
24.146242
24.294043
24.352739
24.447369
24.339461
24.073096
24.021089
24.155918
24.351776
24.368841
24.347591
24.334456
24.627842
24.395298
25.187279
24.479528
24.366293
24.370626
24.362750
24.346832
24.373056
24.349251
24.347360
24.364715
24.366816
24.349640
24.372990
24.379860
24.327370
24.353589
24.363965
24.483742
24.347316
24.373180
24.353219
24.360969
24.361398
24.418468
24.364522
24.388655
24.587424
24.309566
24.353464
24.350804
24.339887
24.359571
24.360522
24.369835
24.337953
24.343276
24.380811
24.401309
24.425288
24.446463
24.432551
24.438964
24.424232
24.424454
24.454679
24.448874
24.430849
24.477947
24.439957
24.454133
24.453991
24.441815
24.440056
24.928891
24.661154
25.073061
24.592867
24.607705
24.588816
24.600459
24.621163
24.599073
24.633551
24.634554
24.606043
24.622346
24.643793
24.620449
24.629998
24.620307
24.635819
24.598585
24.630355
24.585550
24.634307
24.628842
24.625595
24.608850
24.630847
24.625535
24.578058
24.607764
24.590000
24.624539
24.619786
24.618763
24.630133
24.574952
24.608256
24.608950
24.594206
24.535968
24.535043
24.539526
24.542745
24.564196
24.934518
24.643292
24.627849
24.623512
24.614102
24.621500
24.625110
24.705480
24.883120
24.552620
24.625355
24.606633
24.594916
24.594404
24.597714
24.603438
24.632729
24.620453
24.591843
24.589548
24.616508
24.584790
24.605078
24.584592
24.599762
24.581483
24.614258
24.593243
24.571368
24.531739
24.514680
24.531010
24.515523
24.496021
24.542119
24.539950
24.509392
24.549117
25.091623
24.606385
24.606792
24.600546
24.592727
24.629375
24.594979
24.616468
24.597060
24.577283
24.618310
24.604682
24.574893
24.627863
24.253685
24.221559
24.216373
24.108372
24.069047
24.108917
24.331532
24.378249
25.168819
24.639177
24.569159
24.519606
24.569336
24.531667
24.541769
24.548041
24.573740
24.550527
24.529297
24.527391
24.542168
24.578108
24.555555
24.570642
24.542696
24.528037
24.541281
24.541707
24.537116
24.555215
24.561784
24.532708
24.529779
24.548001
24.532694
24.550519
24.547581
24.542025
24.586243
24.510473
24.535677
24.511672
24.562130
24.543663
24.560633
24.530583
24.547396
24.527163
24.558460
24.532078
24.561249
24.524911
24.560935
24.513034
24.561064
24.534386
24.525481
24.523228
24.556433
24.570059
24.522198
24.554747
24.542271
24.545722
24.525555
24.544606
24.519440
24.527577
24.528595
24.539058
24.529438
24.520768
24.519546
24.543887
24.530799
24.504163
24.524062
24.500756
24.524242
24.530550
24.534176
24.556677
24.540912
24.536169
24.522202
24.544694
24.551885
24.588025
24.613048
24.623099
24.626102
24.602387
24.648384
24.615342
24.649396
24.606547
24.631992
24.618760
24.613479
24.646028
24.543661
24.548708
24.556299
24.609383
24.632954
24.910021
24.611076
24.630496
24.620199
24.594529
24.629251
24.637660
24.612546
24.638359
24.603244
24.639858
24.625799
24.622003
24.687535
24.435666
24.189903
24.211372
24.231486
24.143472
24.223271
24.170517
24.258509
24.307566
24.277066
24.263251
24.269908
24.324438
24.241258
24.364982
24.263496
24.315877
24.274116
24.206551
24.227203
24.396296
24.272157
24.195357
24.186908
24.291318
24.264503
24.208689
24.242589
24.140401
24.509028
24.736382
24.661388
24.695220
24.683004
24.614923
24.649054
24.697535
24.691024
24.692602
26.005009
26.155241
24.470558
24.669126
24.626187
24.626107
24.605650
24.615157
24.799560
24.606770
24.592953
24.604492
24.581667
24.636551
24.643826
24.590956
24.609946
24.623401
24.609445
24.609183
24.598952
24.663803
24.611273
24.606305
24.616395
24.633536
24.636784
24.606628
24.607996
24.618696
24.633727
24.609829
24.615936
24.634279
24.612369
24.628640
24.613346
24.631412
24.630588
24.641554
24.266381
24.274521
24.309291
24.299643
24.279942
24.295930
24.179486
24.686939
24.787493
24.689469
24.704789
24.707095
24.676851
24.685318
24.669799
24.704920
24.686201
24.685320
24.695454
24.702833
24.664441
24.818952
25.042624
24.872761
24.729266
24.765154
24.807818
24.727930
24.811869
24.758830
24.795183
24.743994
24.730511
24.684534
24.774837
24.775251
24.727614
24.750736
24.720405
24.834271
24.938936
24.747912
24.832525
24.824301
24.844020
24.736217
24.747502
24.765193
24.705951
24.697711
24.697366
24.730602
24.631519
24.680150
24.638132
24.633066
24.615835
24.609139
24.629018
24.627817
24.608937
24.595375
24.599005
24.619260
24.633638
24.616640
24.603822
24.635718
24.635574
24.615537
24.603849
24.630837
24.628627
24.595996
24.604687
24.595621
24.609283
24.617620
24.615166
24.625577
24.619201
24.629523
24.632741
24.683920
24.646202
24.633633
24.651678
24.616686
24.636849
24.621042
24.638708
24.628098
24.614207
24.607047
24.603206
24.623621
24.644518
24.606597
24.584365
24.611764
24.621943
24.617238
24.599469
24.610646
24.608177
24.620969
24.630886
24.610715
24.577065
24.636920
24.606049
24.592549
24.605164
24.620579
24.641996
24.604538
24.620455
24.631348
25.231823
27.087036
28.001183
27.621882
27.433155
27.120518
27.054691
27.118175
27.154598
27.123165
27.302083
27.196435
27.214681
27.181254
27.095675
27.176298
26.861551
24.486282
24.531244
24.546171
24.562423
24.513962
24.523340
24.532743
24.550341
24.548003
24.549595
26.823280
27.574804
26.706624
29.218464
35.440655
60.293025
36.958088
26.160021
27.732940
25.813383
26.567126
25.406222
27.696054
25.636033
26.404810
23.775215
24.094205
24.228913
26.541622
24.514950
23.533082
23.510430
23.471504
23.471449
23.483161
23.448916
23.463419
23.475101
23.471205
23.450414
23.441760
23.489836
23.463736
23.445231
23.466459
23.450146
23.430698
23.440994
23.470740
23.467406
23.452376
23.415285
23.431345
23.402240
23.447634
23.405319
23.425875
23.419662
23.429923
23.442160
23.413311
23.423844
23.424883
23.425627
23.417785
23.411543
23.415365
23.425710
23.441819
23.430042
23.437855
23.427950
23.443600
23.414104
23.413783
23.409959
23.435404
23.412108
23.484044
23.442027
23.426262
23.403529
23.439635
23.430881
23.460912
23.441563
23.637451
23.488620
23.419761
23.431382
23.442470
23.444200
23.425566
23.443974
23.430679
23.478529
23.442431
23.451146
23.448007
23.473717
23.458376
23.475485
23.438993
23.462810
23.448795
23.468275
23.465961
23.477585
23.504088
23.505621
23.465661
23.479196
23.448807
23.481670
23.471109
23.473897
23.469050
23.575193
24.723117
24.306333
23.989538
23.483201
23.517311
23.505221
23.529769
24.186845
24.328790
23.474877
23.472462
23.456581
23.455306
23.416852
23.424455
23.425932
23.424169
23.421805
23.435198
23.443957
23.443195
23.447544
23.459138
23.419774
23.456364
23.407829
23.445119
23.464031
23.444987
23.419505
23.441993
23.444551
23.460708
23.441876
23.438463
23.420310
23.450334
23.423843
23.414786
23.435544
23.471429
23.444337
23.462569
23.474209
23.485326
23.473933
23.476573
23.480170
23.467343
23.444488
23.468661
23.469996
23.472284
23.454348
23.466461
23.471217
23.486417
23.485372
23.446971
23.457418
23.457175
23.485755
23.452261
23.516202
23.466929
23.454444
23.464448
23.831033
23.450386
23.467737
23.488722
23.458248
23.418109
23.490654
23.474458
23.444932
23.442303
23.381842
23.684594
23.422012
23.427793
23.427349
23.409529
23.417139
23.427557
23.433128
23.399663
23.430172
23.317941
23.288901
23.304784
23.299570
23.286804
23.325340
23.327802
23.313829
23.300826
23.290968
23.318851
23.296884
23.295171
23.689067
23.456540
23.428571
23.498295
23.407437
23.479691
23.465453
23.396886
23.478082
23.409949
23.404816
23.397021
23.392071
23.397704
23.394355
23.383831
23.395237
23.415681
23.405789
23.380413
23.401222
23.385039
23.390226
23.384052
23.459552
23.397840
23.394493
23.391515
23.378681
23.395486
23.378861
23.389915
23.392099
24.148793
23.389224
23.386161
23.262160
24.062802
23.291840
25.087290
24.517054
23.399745
23.389208
23.392713
23.384768
23.391687
23.410138
23.303252
23.242842
23.261697
23.267657
23.246442
23.257498
23.255507
23.250108
23.259958
23.262954
23.284168
23.247527
23.271987
23.276275
23.256918
23.258008
23.254236
23.270059
23.275856
23.260899
23.250419
23.283471
23.317756
23.276664
23.288888
23.263332
23.278879
23.252020
23.250595
23.266201
23.288733
23.283606
23.269498
23.237952
23.257289
23.249626
23.264954
23.247474
23.265701
23.255595
23.254942
23.255915
23.271462
23.273723
23.259024
23.250865
23.260912
23.256009
23.253616
23.252769
23.244316
23.265344
23.260866
23.312146
23.264282
23.254632
23.275466
23.255507
23.247299
23.265389
23.251313
23.284432
23.267735
23.277791
23.297148
23.278928
23.257670
23.275360
23.276610
23.283768
23.274305
23.260281
23.275968
23.254610
23.258874
23.264487
23.338556
23.273108
23.275623
23.292922
23.282618
23.288307
23.263864
23.282623
23.282189
23.277249
23.255076
23.261317
23.251768
23.267546
23.268888
23.270243
23.272940
23.286600
23.279987
23.266457
23.260583
23.258688
23.261219
23.262338
23.256411
23.255769
23.263185
23.286100
23.253659
23.264162
23.280986
23.286821
23.285270
23.261064
23.269587
23.274974
23.257418
23.287843
23.260984
23.253830
23.286281
23.284107
23.294892
23.263313
23.254968
23.254264
23.301022
23.293890
23.270689
23.259535
23.237803
23.259301
23.252849
23.272411
23.255813
23.255349
23.250526
23.260372
23.270428
23.300222
23.256361
23.255490
23.242799
23.243438
23.261696
23.248627
23.269057
23.263368
23.277927
23.274378
23.257316
23.289802
23.260653
23.288021
23.305366
23.304581
23.254101
23.252721
23.256530
23.251200
23.258154
23.250942
23.261706
23.272186
23.286420
23.258809
23.279622
23.278499
23.250519
23.280961
23.252157
23.243230
23.258512
23.263982
23.245040
23.283787
23.260621
23.273693
23.251502
23.243515
23.253585
23.262185
23.265123
23.258568
23.264703
23.272279
23.273966
23.275746
23.270417
23.286561
23.263336
23.267861
23.262271
23.264187
23.255664
23.260619
23.273993
23.242504
23.296306
23.269676
23.275542
23.253218
23.237143
23.246856
23.258904
23.241890
23.265837
23.286147
23.270476
23.268537
23.316169
23.263773
23.261142
23.278493
23.275380
23.263672
23.286874
23.254400
23.262805
23.290278
23.294117
23.259262
23.260351
23.293999
23.260840
23.274523
23.262574
23.262621
23.250744
23.261864
23.267588
23.286777
23.265576
23.256157
23.253309
23.258974
23.293078
23.266670
23.255696
23.245691
23.256026
23.269357
23.263122
23.290836
23.256228
23.258240
23.256648
23.279134
23.291165
23.270319
23.284314
23.269444
23.288741
23.282403
23.289080
23.283712
23.257402
23.292538
23.295476
23.270947
23.269676
23.261148
23.256035
23.256292
23.260075
23.279904
23.271723
23.242281
23.279447
23.255793
23.270862
23.265143
23.258128
23.217476
23.217242
23.203774
23.192996
23.207927
23.194357
23.206774
23.195650
23.205695
23.205216
23.226499
23.228745
23.253092
23.282892
23.243325
23.266106
23.261360
23.271073
23.261728
23.243920
23.250152
23.253069
23.275038
23.256371
23.288730
23.256253
23.262843
23.273053
23.271960
23.260375
23.256310
23.246617
23.274615
23.266719
23.275688
23.250033
23.256764
23.268387
23.266314
23.261021
23.261081
23.285374
23.256118
23.266215
23.248928
23.260844
23.254047
23.259506
23.262226
23.258253
23.240723
23.259290
23.245551
23.265228
23.251887
23.256153
23.245031
23.260194
24.133821
24.365251
24.286335
24.040106
23.277275
23.253919
23.272857
23.262916
23.268462
23.266280
23.267628
23.265014
23.245006
23.273331
23.263292
23.255508
23.242396
23.254147
23.271954
23.283277
23.283638
23.255697
23.255772
23.286887
23.262008
23.280738
23.277696
23.277848
23.250020
23.263602
23.263269
23.259269
23.259359
23.255512
23.263461
23.255378
23.273081
23.273838
23.261131
23.254859
23.274850
23.242831
23.256606
23.238835
23.245996
23.267593
23.260178
23.248405
23.269206
23.253761
23.271908
23.263551
23.257551
23.253306
23.263662
23.267582
23.247005
23.244277
23.267229
23.258137
23.256194
23.257289
23.278278
23.287529
23.256574
23.251758
23.274786
23.259804
23.249485
23.254041
23.267578
23.303769
23.270136
23.292800
23.277453
23.282614
23.270163
23.265698
23.260742
23.270733
23.254869
23.266080
23.262383
23.243752
23.233761
23.280900
23.273270
23.264773
23.271361
23.258180
23.264866
23.247897
23.244021
23.242889
23.258118
23.289671
23.250560
23.254848
23.258268
23.252239
23.246881
23.262756
23.264508
23.248548
23.248476
23.247798
23.275333
23.272595
23.279497
23.288687
23.272461
23.269659
23.263553
23.246303
23.281845
23.251877
23.273421
23.263291
23.248874
23.237842
23.263957
23.254259
23.267287
23.261584
23.272090
23.258969
23.250353
23.257959
23.247817
23.249820
23.248756
23.247447
23.243798
23.246771
23.266650
23.259371
23.267093
23.263849
23.261592
23.247839
23.237374
23.272179
23.272084
23.285563
23.269161
23.274958
23.260546
23.447060
23.425806
23.274707
23.267912
23.269245
23.263394
23.275832
23.261753
23.268374
23.260743
23.255082
23.265971
23.271472
23.264619
23.267734
23.253221
23.254886
23.259575
23.249357
23.271428
23.257635
23.256572
23.254906
23.260363
23.257485
23.248665
23.257067
23.261455
23.259460
23.275530
23.316176
23.261169
23.271325
23.271716
23.274817
23.272600
23.255433
23.272906
23.265223
23.263648
23.273766
23.278781
23.269424
23.260589
23.247236
23.249494
23.267264
23.262917
23.259515
23.265879
23.265788
23.269630
23.261082
23.281660
23.854657
23.849538
23.379159
23.270513
23.267563
23.283326
23.262654
23.254249
23.267065
23.285026
23.278533
23.281351
23.256732
23.268822
23.275937
23.262913
23.264914
23.270954
23.258741
23.275092
