50
38.807635
38.860950
38.903264
38.959985
38.988521
38.966761
38.859000
38.879326
38.879927
38.811098
38.046801
36.765546
36.742576
36.714539
36.801121
36.830089
36.820676
36.865985
36.788993
36.745657
36.747920
36.843440
36.822176
36.847596
37.816410
38.985162
37.496461
36.955315
36.948139
36.990891
36.901062
36.934162
37.000998
36.958706
37.020204
36.974424
36.985625
37.334248
36.908959
37.973417
36.902576
36.948005
36.976830
36.980769
36.976573
36.824404
36.893216
36.973578
36.933052
36.975117
37.027653
36.934097
36.991135
37.057006
37.037162
36.974128
37.056786
36.995735
37.009841
36.964370
36.931173
36.959143
36.899758
36.913646
36.978736
36.903155
36.884699
36.932184
36.978357
36.993680
37.015673
37.076173
37.005557
37.004611
36.996410
37.011348
37.013732
37.009571
37.013676
36.971739
36.975594
36.970922
37.004528
36.937176
36.786960
36.834039
36.848780
36.822713
36.871133
36.879564
37.365389
36.842245
36.778309
36.880808
37.689545
38.897350
38.854815
38.847044
38.513413
36.991141
36.682760
36.689657
36.681869
36.678025
36.717961
36.702764
36.733170
36.832620
36.843115
36.841485
36.862638
36.824644
36.834504
36.820293
36.800498
36.830977
36.848479
36.790085
36.893236
36.831987
36.790880
36.797983
36.864473
36.879071
36.876748
37.359869
37.132486
36.817524
36.787840
36.800411
36.872367
36.873130
36.841518
36.831113
36.760601
36.857121
36.802240
36.831779
36.855571
36.863043
36.838328
36.853555
36.821529
36.820362
36.804359
36.805132
36.867998
37.156441
36.837890
36.810673
37.084967
36.837418
36.816956
36.827176
36.836000
36.817275
36.804387
38.534840
37.660790
36.879338
36.825336
36.837581
36.726481
35.803645
35.591861
35.733833
35.558925
35.689193
35.704064
35.856884
35.446785
35.460319
35.408890
35.439281
35.413053
35.518589
35.413853
35.466152
35.472262
35.430816
35.507868
35.513272
35.318544
35.238577
35.240995
35.055432
35.423264
35.342145
35.330501
35.041024
35.065515
35.336444
35.043807
35.355626
35.491440
35.472713
35.549910
35.607015
35.431980
35.451552
35.392546
35.526289
35.677300
35.572972
35.597835
35.614454
35.483515
35.628013
35.568241
35.481424
35.602997
35.472860
35.368404
35.508894
35.669515
35.656803
35.604021
35.678333
35.610624
35.660866
35.919481
38.823228
39.319680
39.373593
39.465008
39.417589
39.396344
39.080370
39.539994
39.342483
39.657783
39.548072
39.482374
39.438927
39.549434
39.811782
40.063101
39.664264
39.699704
39.679102
39.544181
39.530742
39.691104
39.486260
39.068282
88.147167
67.683984
55.836765
49.772639
46.215793
43.630901
42.165003
41.046185
40.191038
40.217103
39.156297
39.058435
39.059009
39.068283
39.052355
39.050129
39.055863
39.057219
39.067776
39.039707
39.046256
39.022225
39.080176
39.015373
39.023712
39.076139
38.468753
38.330402
39.083142
39.046210
39.069248
38.044205
38.630182
39.074200
39.053653
39.038140
39.061889
38.056991
37.997757
38.880799
39.052551
39.088603
39.069686
39.054499
39.079737
39.068209
38.626542
38.213425
39.057326
39.075834
39.067817
39.053464
39.090111
39.055733
39.076564
38.328984
38.004279
39.273105
39.127622
39.028476
39.045428
38.783949
38.938697
39.046954
39.071354
39.047949
39.034484
38.866911
37.971355
37.947897
39.088737
39.435838
39.192268
39.189243
39.196273
39.195298
38.982722
38.115372
39.158109
39.085453
39.114242
39.064639
39.045436
39.051383
38.909881
37.955663
38.916119
39.077351
39.165592
39.134823
39.104854
39.183511
38.725296
38.385223
39.223230
39.200999
39.191157
39.173852
39.196130
38.687720
38.066711
39.047000
39.155259
39.093782
39.036880
39.051460
39.056871
38.141978
38.676039
39.065720
39.032308
39.066166
39.039416
39.046269
38.286027
38.405615
39.053631
39.049986
39.060765
39.062877
39.074524
39.007089
37.980598
38.819705
39.043661
39.066782
39.045422
38.446424
37.954416
38.517548
39.031174
39.034866
39.058758
39.047646
39.092704
38.179730
38.488106
39.054028
39.178176
39.181140
39.236882
39.067169
38.039894
38.642980
39.039597
39.031302
39.081320
39.042071
38.916880
37.940122
38.858612
39.069727
39.106476
39.190811
39.234216
38.359561
38.366290
39.064308
39.156773
39.210327
39.185745
39.369158
38.229095
38.732806
39.105068
39.078766
39.049224
39.039653
38.412602
38.398246
39.387563
39.346003
39.153382
38.113291
38.105573
38.549349
39.203828
39.036335
38.140812
38.126850
38.742348
39.292419
39.220343
39.041118
38.267532
37.977934
38.922141
39.099956
39.202207
39.232799
39.338401
38.688640
38.290609
39.173994
39.254453
39.190040
39.201947
39.221669
39.215561
39.223888
39.162938
38.405508
38.635691
39.201550
39.215673
39.171751
38.125189
38.931087
39.073859
39.043386
37.983725
37.960551
38.677596
39.047958
39.055642
39.045652
39.069017
39.032950
39.065619
39.075586
39.048817
38.177860
38.713075
39.198053
39.096404
38.092475
38.094298
38.859372
39.039124
39.076952
39.042920
39.048646
39.077506
38.917446
38.126857
38.940033
39.005873
39.211752
39.216210
38.150832
38.033841
38.692763
39.213737
38.874120
38.144125
39.144572
39.133128
39.021973
39.067294
38.601785
38.093472
39.045952
39.023932
39.061611
38.107258
37.953178
38.114385
39.065550
39.049369
38.146099
37.941641
39.012664
39.052258
39.025443
39.065101
39.051303
38.455851
38.256289
39.044014
39.061792
39.054971
39.021910
38.252577
38.860580
39.046779
39.110614
39.059141
39.056658
39.056087
38.853404
37.993794
38.615684
39.031219
39.078611
39.064977
39.050369
38.476050
38.296946
39.123789
39.022373
39.054174
39.073938
38.131704
38.523965
39.057740
39.036469
39.028646
39.080225
38.648374
38.013449
39.059853
39.066893
39.061458
39.038881
38.723783
37.975532
38.944738
38.959282
38.893570
38.887254
38.854207
37.807953
38.576537
38.905970
38.861891
38.951632
39.063384
39.037040
38.007335
38.529287
39.047513
39.063415
37.993551
38.703200
39.020484
39.080020
39.049766
39.152969
38.466982
38.575276
39.316812
39.295512
39.206250
39.300085
39.101045
38.121526
38.473756
39.217037
39.222640
39.232754
39.098960
38.129507
39.008177
39.202887
39.204736
39.182313
39.036273
38.309642
38.362689
39.139674
39.213512
39.197944
39.209249
39.241549
39.210665
38.101030
38.735643
39.077286
39.055373
39.154077
39.228794
38.974493
38.121392
38.353006
39.220775
39.170485
38.126808
38.799817
39.231604
39.181029
39.064209
39.066411
38.962564
37.981194
38.924056
39.041331
39.159685
39.178508
39.056050
39.062313
39.080262
38.827789
38.078076
38.995158
39.216035
39.214846
39.222339
39.184537
39.178660
38.117376
38.943117
39.217439
39.217115
39.128591
39.171293
38.785190
38.120481
38.111542
38.910410
39.158301
39.151806
39.184586
39.223480
38.910267
37.980552
39.073024
39.176505
39.052232
39.031995
39.065953
38.046356
38.650566
39.073075
39.100258
39.041893
39.044131
38.531015
38.181593
39.211710
39.219299
39.243515
39.251125
38.880778
38.137499
39.179850
39.222971
38.928849
38.113855
38.512841
39.223188
39.190786
39.119004
38.875082
37.994448
38.849657
39.134966
39.073594
38.886293
37.960765
38.803560
39.047231
39.042990
39.056921
38.084089
37.981594
38.525377
39.034761
39.040423
39.028894
38.256102
38.363309
39.032402
39.042088
39.013857
39.004858
37.956472
38.847941
39.046134
39.061605
38.533041
38.240942
38.336228
39.214263
39.112829
38.937803
37.938075
38.796899
39.032990
39.065944
39.034972
39.045719
38.504339
38.282176
39.237492
39.377833
39.396224
39.361632
39.246108
38.091618
39.033960
39.212907
39.280841
39.293219
39.218123
38.740145
38.256298
39.202630
39.246096
39.233411
39.279795
39.184581
38.497774
38.235030
39.208090
39.209602
39.231988
39.045460
39.034362
39.057346
39.104750
38.323744
38.606379
38.932565
38.918532
39.050405
39.031025
37.990529
38.058197
39.055057
39.032184
39.041388
39.056561
38.419062
38.164745
39.057683
39.028840
39.031981
39.056153
38.534837
38.042616
39.025314
39.040426
39.074039
39.044649
39.048734
39.054500
38.167012
38.379023
39.026543
39.052675
39.060452
39.060174
37.954860
38.669536
39.035357
39.039901
39.055864
39.030321
38.023866
38.597126
39.017835
39.057222
39.030587
39.041569
38.347036
35.197922
35.194724
35.098077
35.062619
35.059633
35.214717
35.152420
35.087879
35.160945
35.153485
35.214667
35.215817
35.099252
35.079218
35.158817
35.195069
35.214351
35.141660
35.209536
35.332048
35.280990
35.329370
35.213561
35.211932
35.182043
35.184547
35.103585
35.073655
35.138369
35.242146
35.154970
35.066074
35.150266
35.287524
35.309338
35.082517
35.051439
35.086756
34.900679
34.881673
34.873186
34.887691
35.025139
35.047527
35.066605
35.040363
35.050392
35.046361
35.039428
35.048135
35.064918
35.033483
35.052363
35.072221
35.055764
35.040978
35.378414
35.804832
35.096196
35.064519
35.086499
35.122120
35.174982
35.191738
35.180122
35.205945
35.071080
35.073965
35.295936
35.327176
35.150224
35.083291
35.122538
35.150261
35.196216
35.076300
35.225301
35.064131
35.066426
35.142567
35.343526
35.338176
35.279569
36.295027
35.240791
35.209717
35.225663
35.175474
35.078699
35.197961
35.283824
35.284470
35.379535
35.387903
35.350833
35.369279
35.257462
35.259959
35.242458
35.210020
35.144563
35.223390
35.240289
35.346436
35.372849
35.347033
35.323885
35.132371
35.335251
35.339926
35.254153
35.264386
35.217284
35.087188
35.095793
35.258671
35.143553
35.065795
35.163188
35.245382
35.341510
35.683830
35.381540
35.299789
35.314447
35.200381
35.385105
35.278673
35.378994
35.345482
35.378140
35.243091
35.155445
35.247497
35.232667
35.177307
35.235760
35.292160
35.352956
35.331597
35.388073
35.374204
35.106177
35.287230
35.244316
36.174331
36.548862
36.022604
36.296181
36.830721
35.795148
35.273687
36.064423
35.169785
35.195817
36.269869
36.939280
35.209338
35.254177
35.215874
35.317090
35.339304
35.370751
35.205472
35.542888
35.368312
35.306558
35.088226
35.216647
35.150590
35.427317
35.207902
35.197403
35.190359
35.316754
35.160884
35.258860
35.159637
35.076360
35.100058
35.099917
35.295063
35.257211
35.054290
35.071788
35.213093
35.333570
35.075076
35.113033
35.192827
35.157112
35.103383
35.065824
35.062826
35.083379
35.303346
35.651547
35.218746
35.498427
35.237481
35.345313
35.142934
35.526595
35.106106
35.520235
35.295617
35.196437
35.329608
35.094480
35.361680
35.074987
35.064530
35.047041
35.059648
35.064069
35.057824
35.063308
35.065085
35.059708
35.053788
35.191542
35.066724
35.246565
35.070081
35.219673
35.793595
35.326226
35.871939
35.570564
35.408526
35.110586
35.215096
35.054601
35.063407
35.599489
35.711159
36.579003
36.008873
35.073600
35.053908
35.061052
35.074771
35.200211
35.065023
35.055082
35.515612
35.822436
35.066033
35.093140
35.067642
36.307394
36.502480
36.028379
35.164059
35.053177
35.065051
35.463199
35.983281
36.171462
36.479257
36.957397
37.618153
37.973862
38.004397
37.972302
38.065067
38.881669
38.860653
38.395013
37.974617
38.047509
37.963775
37.971831
37.993901
38.012761
39.183413
38.365666
37.967468
37.982545
37.971055
37.990426
38.949751
39.252342
38.955405
37.986259
37.998361
38.001392
37.968462
37.967000
38.146936
39.041720
38.178040
37.976045
37.962840
37.962467
37.974822
38.023463
37.808592
37.791040
37.783464
38.034291
39.033339
38.814092
37.975139
37.974981
37.976085
37.978698
37.990222
38.074621
37.965854
38.125953
38.129579
38.226031
38.225574
38.135377
38.016198
38.109902
38.064410
37.999403
38.000383
38.008100
37.968435
38.065563
38.147898
38.129963
38.153726
38.138218
38.045087
38.132294
38.191060
38.196360
38.101578
37.970124
38.091961
38.139601
38.326428
38.080573
37.991127
38.738809
38.739675
38.246347
38.287911
38.222866
38.124341
38.198402
38.126536
38.226359
38.208274
38.047892
38.002568
37.972418
38.004210
38.130562
38.153208
38.076630
37.966882
37.972053
38.001451
38.608816
39.092574
38.053386
37.993110
38.008423
38.085989
37.990501
38.019461
38.210450
38.016910
38.291246
38.190654
38.291577
38.306775
38.283922
38.214872
38.309475
38.251666
38.147178
38.243520
38.149466
38.156367
38.162356
38.237992
38.226709
38.364242
38.144774
38.324722
38.271403
38.196692
38.024486
38.122746
38.145567
38.045014
38.070988
38.272673
38.166503
38.176047
38.140637
38.147600
37.999193
38.003667
38.291833
38.262738
37.975490
38.001185
37.970191
37.990393
37.993130
37.999628
37.967220
37.996344
37.974887
37.978032
37.996388
37.979141
37.994941
37.989418
37.973671
38.008541
37.994348
38.033737
37.960388
38.025139
38.124275
38.137297
38.153156
38.021651
37.985397
37.980762
38.005898
37.980971
37.989345
37.984082
37.971247
37.972009
37.979674
37.965052
38.004988
38.107126
38.231628
38.279578
38.241491
38.364046
38.223737
38.241388
38.276785
38.247004
38.149527
38.310249
38.180539
38.103732
38.198173
38.303135
38.122115
38.337959
38.222798
37.174889
38.028577
38.189139
38.253962
38.250415
38.229110
38.268744
38.158219
38.197110
38.238083
38.167507
38.057592
38.227251
38.214786
38.177188
38.080213
38.123206
38.204280
38.240871
38.160947
38.256689
38.204548
38.139162
38.149559
37.366204
37.984635
38.282965
38.283982
38.305411
38.272325
38.301882
38.192310
38.217434
38.206103
38.077279
37.986271
38.014317
38.094039
38.133050
38.208793
38.126445
38.144039
38.150898
38.176277
38.274099
38.130338
38.127869
38.283698
38.137117
38.080520
38.136356
38.148190
38.079369
38.047514
37.156986
37.525259
38.231201
38.238807
38.134168
38.042850
38.254810
38.162440
38.250561
38.089090
38.107128
37.742964
37.021984
38.019311
38.170815
38.125479
38.090256
37.973331
38.136112
38.174001
38.047947
38.070178
38.101255
37.993792
37.972045
38.109277
38.030855
38.124970
38.147223
38.135124
38.130324
38.022355
37.570862
36.942317
37.628495
38.145121
38.286642
38.272699
38.151402
38.042777
37.730753
36.953675
37.542112
38.133524
38.142556
38.059437
37.984045
38.124464
38.248222
38.270991
38.256082
38.127293
38.087314
38.229828
38.252728
38.186234
38.056914
38.105282
37.974997
38.112485
37.984214
38.013064
38.151267
38.035365
38.093407
38.145599
38.132236
38.128219
38.008684
37.975440
37.996875
37.988291
38.002125
37.976664
38.018695
37.992612
37.823847
36.943498
37.698434
37.982665
37.976251
38.001064
37.982832
37.974119
37.990244
37.985450
37.987686
37.975905
37.995635
37.984136
37.979701
37.990917
37.990342
37.986103
37.984229
39.099103
39.085833
38.650331
37.979367
37.986986
37.958353
39.074041
38.444007
37.997592
37.978865
37.974874
37.965811
37.987272
37.985825
38.034385
38.138189
38.031003
37.985881
37.962557
37.966284
37.971706
37.975907
37.963819
37.971899
37.976899
37.960939
37.973960
37.956439
37.983661
37.988849
37.984000
38.122555
38.105906
38.118744
37.979083
37.975209
37.994207
37.963970
37.973669
37.826716
36.948002
37.588900
37.972939
37.960323
37.976439
37.968518
37.968673
37.975491
37.314714
37.119012
37.969218
37.977633
37.973081
37.986261
37.957227
37.995557
37.974758
38.039448
38.033356
37.983465
37.960664
37.973802
37.470078
36.944850
37.970768
37.949721
37.989912
37.984466
37.962567
38.057659
37.527899
37.102465
38.032243
37.964222
37.973564
37.980621
37.986054
37.973463
37.990904
38.043418
38.147003
38.153807
38.142669
37.990929
37.979795
38.157972
38.061012
37.996697
38.082274
37.994712
37.998579
37.982230
37.696495
37.097399
38.029757
38.080013
38.125174
38.142705
38.134367
38.111013
37.996374
37.988199
37.644948
37.015724
38.083894
37.965256
37.949851
37.987187
37.969571
38.117255
37.962446
38.017460
38.119643
38.096308
37.027457
37.168837
38.090372
38.064963
38.095796
38.095874
37.673615
37.117528
38.002599
37.983562
38.001024
38.119936
38.118094
38.111388
38.139097
38.123371
38.149950
38.136889
38.122358
38.118878
38.131389
37.988935
38.074143
37.920240
37.998372
37.995829
37.991702
37.960576
37.980758
37.979841
37.970736
37.985494
37.376123
36.956927
37.772442
37.979056
37.980448
37.983103
38.002138
36.971868
37.447769
37.978002
37.978615
38.019493
38.128088
38.032122
37.994711
37.973783
37.972572
37.973834
37.989238
37.976268
37.987375
37.973608
37.986703
37.964373
37.997292
37.250761
37.816336
38.000793
37.963787
37.973468
37.976051
37.992331
37.961165
37.977692
37.971997
37.793004
36.927188
37.316813
37.976609
37.976160
37.962557
38.015645
37.257010
37.048812
37.989617
37.956093
37.982549
37.966244
37.452911
36.943138
37.692339
37.926598
37.800410
37.824874
37.671502
36.947020
37.445162
37.986697
37.977215
37.957126
37.543860
36.958351
34.837588
34.843588
34.843844
34.825926
34.919100
34.897633
34.879339
34.899271
34.889534
34.882654
34.886107
34.883694
34.889844
34.881158
34.873013
34.880399
34.883087
34.890980
34.886923
34.900335
34.885352
34.888533
34.887994
34.887098
34.884449
34.889472
34.890342
34.880463
34.880663
34.888547
34.892244
35.272433
34.920066
34.883789
35.089396
34.882427
34.865053
34.898274
34.878103
34.854427
34.879424
34.881615
34.870227
35.070395
34.875591
34.873905
34.888308
34.875191
34.875715
34.884339
34.873419
34.878252
34.888648
34.888858
34.883194
34.896673
35.700842
35.798486
35.327024
34.877444
35.031119
34.988765
34.882677
34.882947
34.907078
34.892415
34.892320
34.917387
34.899305
34.901274
34.894889
34.891873
34.915732
34.919786
34.897042
34.883897
34.905721
34.899689
35.244268
34.905939
34.937383
34.905961
34.888127
34.932053
34.951646
34.893311
34.891421
34.886060
34.903778
34.882499
34.921408
34.908409
34.881442
34.889743
34.920678
35.048284
34.887321
34.878633
34.883935
35.590548
35.819726
35.416540
34.880933
34.919231
34.892417
34.888610
34.897787
35.004654
35.325711
35.626057
34.875395
34.872041
35.096050
34.899186
34.878577
34.908238
34.883917
34.928704
34.907623
34.880867
34.878756
34.894738
34.884814
34.889017
35.343549
34.909741
34.900872
35.106523
34.902434
36.675639
37.752239
34.892797
34.895743
34.909109
34.890422
34.884437
35.021417
34.882448
34.881516
34.932390
35.030655
36.306001
37.407627
37.260281
35.001787
35.003543
34.959047
35.948412
37.192071
37.206514
34.908503
34.909146
34.897378
34.910905
34.896542
34.993032
35.144883
34.930367
34.909757
34.908527
34.908840
34.970506
34.984442
34.954246
34.937017
34.945272
34.896254
34.985115
34.903766
34.898307
34.956148
34.924505
34.893541
34.897188
34.912026
35.070786
34.893929
35.014555
35.072595
35.956791
35.534147
35.074468
35.002492
34.965297
34.949009
34.992046
35.830508
37.410243
34.886930
34.929216
34.884426
34.882797
34.867762
34.882431
34.875815
34.876462
34.879952
34.972526
34.907805
35.052327
34.891183
34.868033
34.867889
34.873298
34.885007
34.886867
34.881477
34.870716
35.211861
35.794129
34.950345
34.885096
34.873366
34.869859
35.574304
35.058507
35.048813
35.056424
35.888904
36.931590
37.585180
37.974968
37.954357
38.921923
39.040356
39.044991
39.074926
39.082021
39.057216
39.044244
39.040167
39.056142
39.074909
39.056606
39.061497
38.106777
37.977265
38.968167
39.073405
38.979524
37.979841
38.001801
39.058062
39.057849
39.069595
39.067510
39.076938
39.062414
39.044504
39.079235
38.559754
38.253825
39.062435
39.052212
39.076360
39.067691
39.074406
38.050085
37.991017
38.450878
39.029836
39.077003
39.056861
39.077890
39.035727
39.066454
39.069669
39.069837
38.500802
38.294192
39.056361
39.056452
39.064639
39.061144
39.090036
39.062485
39.063989
39.003103
37.977412
38.792168
39.035073
39.060102
39.040843
39.019615
39.043719
39.041776
39.086995
39.041609
39.082305
39.069361
39.070944
39.093449
38.219308
38.467948
39.064116
39.091716
39.080327
39.086548
39.067501
38.249578
38.539694
39.070791
39.331720
39.244559
39.222199
38.905308
38.135523
38.327056
39.402478
39.235703
39.249783
39.152424
38.012897
37.972011
38.290452
39.079515
39.069454
38.189269
37.973149
38.461739
39.054487
39.046650
38.122843
38.960824
39.143386
39.057692
38.180440
38.856704
39.122304
39.316568
38.797066
38.020750
38.409597
39.226459
39.257531
39.317638
39.360705
39.241388
39.224295
39.127208
38.272937
38.088397
39.061689
39.067270
39.046598
39.065365
39.054302
39.063757
39.058157
39.075549
39.058360
38.955261
38.193413
38.562529
39.284930
39.298301
38.111377
38.079154
38.430363
39.042260
38.858778
37.967165
37.965733
38.311038
39.259590
39.377875
38.223647
38.123873
38.240189
39.229775
39.047378
39.061612
38.727444
38.018669
37.995423
38.662946
39.248190
38.955774
38.130874
38.691199
39.229772
39.208502
39.120628
38.113156
38.108496
38.913315
39.428742
39.259943
39.269931
39.259407
38.381640
38.515975
38.877215
38.871123
38.867383
38.878179
38.809310
37.794830
38.573955
38.870124
38.870464
38.879478
38.865157
38.202548
38.009419
38.869708
38.873998
38.907932
38.889603
38.873077
38.428421
38.032961
39.080719
39.064757
38.868631
37.963061
38.620979
39.070275
39.056465
39.055413
39.077866
39.004673
37.969155
38.262868
39.062557
39.058294
39.062293
39.033407
39.063887
38.705923
37.979736
38.990555
39.078899
39.115620
39.196675
39.357533
38.974379
38.273566
39.188406
39.237585
38.075395
38.469804
39.242997
39.214456
39.296182
38.308504
38.258506
38.626835
39.204282
39.281908
38.518538
38.174751
38.131334
39.221842
39.219671
38.977980
38.129497
38.273005
38.239562
39.086523
39.235232
39.232246
39.212999
39.159946
38.214699
38.274000
38.699224
39.134158
38.611300
38.013406
37.956910
38.553915
39.056967
39.073552
38.052678
38.158876
39.062851
39.095659
39.192033
39.079451
38.959770
38.017976
38.413899
39.094800
39.056678
38.615212
38.276227
38.334791
39.347481
39.231733
38.993854
38.063063
37.994724
37.994069
38.872103
39.064471
39.087747
39.050172
39.081836
38.441068
38.224728
39.059495
39.045826
39.064932
39.067966
39.120646
38.945172
38.280063
39.148552
39.135345
39.237781
39.207435
39.051870
38.937475
38.089264
38.816048
39.230358
39.115497
39.107762
39.201662
38.281062
38.034160
38.081667
39.093272
39.021757
37.978235
37.971277
37.975467
38.962603
39.029498
37.988609
37.974133
37.966936
38.258375
39.204283
38.747374
38.032595
38.075434
38.109318
39.051670
39.049580
39.063695
39.112633
38.324306
38.003832
38.132871
38.392735
39.196310
39.046126
39.115727
38.179646
38.591420
39.067941
39.070045
39.234525
38.604385
38.144035
39.138098
39.216550
39.238788
38.503122
38.082803
37.985997
38.569892
39.250060
39.070690
38.268882
38.244625
39.143432
39.246669
39.225453
39.219558
38.182884
38.662454
39.216004
39.232139
38.501267
38.125606
38.980754
39.237077
39.247709
39.253507
39.220881
38.645754
38.159059
39.292104
39.104520
39.065979
39.127839
38.838215
38.169013
38.548305
39.099385
38.643635
38.006881
37.997454
38.964821
39.064700
39.063161
38.859860
38.040356
38.120450
39.218874
39.185537
38.738591
38.107888
38.125044
38.811147
39.228434
39.217161
39.195556
39.213415
39.235519
38.252492
38.618728
39.147622
39.094895
39.080362
39.092128
39.118904
39.132134
38.147643
38.452260
39.127658
39.250341
39.224830
39.246473
39.250344
39.216108
38.822393
38.128850
39.166034
39.213321
39.223176
39.251818
39.245693
39.252862
38.940313
38.134115
38.145742
38.850278
39.238935
38.401334
37.993962
38.227258
39.041977
38.621545
37.984810
37.949217
38.451177
39.052899
38.383351
37.977056
38.584903
39.061776
39.070154
39.053070
38.799054
37.989958
37.973548
38.631467
39.066657
39.052495
39.143616
39.270409
39.269384
39.224769
39.056371
37.960911
38.750536
39.046038
39.068485
39.080577
39.060734
39.069922
39.094011
38.246835
37.979082
39.053770
39.136462
39.229041
39.232344
39.219912
39.228834
39.013369
38.157799
39.026015
39.242113
38.480119
38.155854
39.219769
39.236796
39.238290
39.201415
39.204264
38.138357
38.633514
39.144586
39.311785
38.751095
38.113522
37.907962
38.870616
38.892156
38.880779
38.881128
38.798098
38.232829
38.887071
38.874029
38.878046
38.520541
37.803007
38.759661
38.881770
38.875882
37.869986
38.088576
38.891245
38.887115
38.882562
38.867564
37.798992
38.052817
38.880181
38.863028
38.887408
38.887965
39.027636
39.070598
39.046678
39.070936
38.002896
38.547675
39.044472
39.034109
39.052336
39.079023
38.075469
38.423931
39.068819
39.062898
39.043581
38.279958
37.968097
37.973765
38.413903
39.082496
39.075452
38.989986
37.981908
37.980587
37.988735
38.294800
39.066446
38.718775
37.985448
38.414390
39.056100
39.062717
39.050579
39.070553
37.968762
38.481597
39.050344
39.066860
39.038132
39.045237
38.712032
37.962339
38.820827
39.039300
39.055977
39.050894
39.060706
38.161272
38.301379
39.068658
39.018393
39.048208
39.050838
38.000273
38.481971
39.047183
39.046541
39.056972
38.646258
37.959552
38.785780
39.060271
39.055938
39.061993
38.297931
38.155738
39.060029
39.070192
39.059732
39.054557
38.142418
35.198382
35.209960
35.058602
35.272857
35.304247
35.290858
35.266132
35.170199
35.214042
35.251952
35.308765
35.342135
36.348156
36.068446
35.476618
35.299234
35.341670
35.419754
35.379735
36.131915
35.254750
35.283684
35.314602
35.184694
35.216033
35.207602
35.206045
35.293920
35.155542
35.127927
35.120663
35.204357
35.223526
35.257075
35.877526
35.259070
36.487822
36.202853
35.177296
35.226794
35.484097
36.664438
35.628948
35.056646
35.111115
35.198970
35.198564
35.176838
35.232479
37.228364
36.308001
36.077592
35.689767
35.154403
35.058008
35.101671
35.625664
36.294325
35.289896
35.631312
35.245106
35.258005
35.296383
36.024355
35.193332
35.195178
35.192863
35.177156
36.301101
36.428008
35.237933
36.077632
35.310633
35.057978
35.278921
35.458135
35.209465
35.297765
35.098849
35.191501
35.231974
35.251746
35.173644
35.156802
35.056664
35.128041
35.281133
35.320215
35.263507
35.248243
35.178244
35.123711
35.137632
35.659349
36.939691
37.092872
37.228690
36.136337
35.115252
37.082701
36.542153
36.825545
36.682495
36.741628
36.349139
35.342647
35.276296
35.610925
35.840330
35.327383
35.288827
35.197358
35.261524
35.050865
35.250962
35.293179
35.163038
35.017109
35.074310
35.045172
35.040024
35.037696
35.054548
35.093788
35.120333
36.016151
35.669692
35.112631
35.200911
35.222390
35.154330
35.088909
35.067127
35.110227
35.526397
37.023635
36.396667
35.792209
35.036505
35.025427
35.132907
35.055375
35.324362
35.090605
35.036977
35.164870
35.310265
35.202468
35.156861
35.082533
35.025304
35.132302
35.522962
35.164725
35.319147
36.504893
36.805589
37.350547
36.452406
35.297814
35.225745
36.240115
36.620460
36.761317
36.630597
36.725721
36.365944
37.047780
37.227068
35.470400
35.325281
35.743253
35.915199
35.062713
35.253077
35.456872
36.665847
35.289820
35.228927
35.165997
35.181780
35.057827
35.123453
35.044731
35.804442
36.558555
36.424873
36.203753
35.173652
35.675847
35.666399
35.079976
35.055219
35.044493
35.020579
35.030952
35.243008
36.051323
36.684684
36.346666
35.173739
35.184013
35.704373
36.289659
36.446714
35.147305
35.153038
35.670786
35.624919
35.120283
35.718765
35.104035
35.149172
35.371985
35.218605
35.195581
35.267103
35.069070
35.047226
35.202251
35.149385
35.172138
35.185346
35.185566
35.180799
35.058518
35.039303
35.262367
35.218412
35.272296
35.296125
35.112072
35.232285
35.159541
35.070207
35.056898
35.075090
35.184723
35.184157
35.063544
35.180793
35.104626
35.221617
35.330975
35.236243
35.214428
35.195506
35.250216
35.235833
35.255465
35.455530
35.506879
35.148962
35.054331
35.038777
35.048450
35.029893
35.159276
35.047753
35.035256
35.064141
35.103186
35.188015
35.163855
35.162166
35.171737
35.770174
35.279229
35.241999
35.192111
35.197864
35.179576
35.930499
37.561474
36.691564
35.958829
35.223864
35.230387
35.159532
35.132307
35.290573
35.705906
36.089286
35.327099
35.200181
35.233485
35.919967
36.470132
37.081485
37.067438
37.828762
38.085607
38.133904
38.213130
38.166613
38.014219
38.188896
38.272644
38.207032
38.139298
38.808260
39.292745
39.019955
38.147256
38.606526
39.157742
39.338652
38.845786
38.208615
38.339050
39.185371
38.781818
38.128657
38.173494
38.445575
39.221339
38.592168
38.127644
38.232547
38.148833
38.117437
38.110170
38.262687
38.292336
38.292130
38.161057
38.263615
38.290809
38.133951
38.172630
38.109105
38.225459
38.147695
38.546386
39.282360
38.561243
38.263084
38.103629
38.130783
38.282693
38.238594
37.953643
38.989741
39.122923
38.573199
37.984316
38.185131
38.312896
38.133189
38.100061
38.307386
38.116215
38.210170
38.133946
38.026186
38.021880
38.098310
38.120286
38.060987
38.131894
38.174630
38.213977
38.189703
38.140522
38.223792
38.238598
38.492469
38.188816
38.104185
38.138473
38.231334
38.503110
39.325714
38.659318
38.036579
37.965728
37.977826
37.966938
37.973784
37.933274
38.056402
38.132166
38.104594
37.988247
37.949219
38.026062
38.126861
38.085359
37.983538
38.117152
38.096421
38.008112
37.949825
38.000993
38.111920
38.206174
38.136933
38.102271
38.117942
38.101143
38.033309
38.085515
38.042681
38.040962
38.200134
37.518341
37.284381
38.033896
38.160571
38.117404
38.102465
37.957656
37.971861
37.612560
37.068946
37.799004
38.098233
38.111202
38.109193
38.147755
38.206400
38.329283
38.176776
38.238519
38.260515
38.268637
38.207677
38.205651
38.197080
38.273912
38.216328
37.413487
37.452942
38.089275
38.114896
38.129231
38.093868
38.135252
37.248432
37.242525
38.002753
37.968402
37.951289
37.978158
37.959295
37.959716
37.977643
37.953236
37.947130
37.964568
38.009113
38.115549
37.968333
37.104605
37.898517
38.139471
38.102871
38.185917
38.097092
38.132644
38.083965
38.118716
38.267053
38.264552
38.237227
37.255252
37.587239
38.112181
37.967997
37.955811
37.944441
37.972413
37.945821
37.965676
37.956747
37.966845
37.953255
37.966560
37.935648
37.966617
37.932557
37.973803
37.944504
37.941894
38.194584
37.806945
37.770848
37.840626
37.792771
38.077654
38.216092
38.174125
38.122563
38.140118
38.111362
38.011071
37.811568
37.078746
37.769544
38.111900
38.120465
38.132359
37.985613
37.966183
37.961695
37.940725
38.116571
38.101538
38.106841
38.111204
38.107637
38.108892
38.136335
38.011690
37.641475
36.946707
37.907309
38.078186
37.978937
37.952349
37.976564
37.934387
37.936140
38.085495
38.095381
38.143218
38.106489
38.103521
38.113577
38.092090
38.041607
37.314904
37.341506
37.969606
38.003459
38.067091
38.103432
38.011489
37.124399
37.035153
38.106703
38.113185
38.117713
38.076775
38.223443
38.270817
37.651069
37.401378
38.244510
38.094005
38.102848
38.173063
38.273257
38.350048
37.796390
37.827965
38.179712
38.161035
38.019779
38.114881
38.154482
38.121309
38.115451
38.055151
38.178499
38.034650
37.947781
37.964170
37.966523
37.998675
37.976063
37.985455
37.972496
37.962391
37.406096
37.028985
37.962840
37.948324
37.973992
37.942562
38.110837
38.061665
37.976955
37.966164
38.027226
38.130933
38.136724
38.125941
38.139328
37.973519
37.953242
36.997410
37.553133
37.966191
37.986540
37.941699
37.961139
38.007564
38.097368
37.959627
37.316029
37.056188
37.983097
38.134951
37.995826
38.152529
38.161316
38.104857
37.647794
37.078067
38.120193
38.139886
38.110871
38.116805
37.814630
37.886920
37.992894
38.125612
38.132787
38.118162
38.169104
38.171152
38.215840
38.162694
38.218144
38.090787
38.059111
37.966020
37.961535
37.952975
37.986899
37.922445
37.948743
37.014053
37.669188
38.052264
38.082783
38.220796
38.137366
38.120384
38.128617
38.122428
37.977065
37.941847
37.977379
37.976053
37.977409
37.100184
37.214054
38.094319
38.042837
37.963783
38.074832
38.026062
38.106091
38.124197
38.080706
38.125828
37.843446
37.199526
37.918642
38.058453
37.948646
38.092768
38.727728
38.222676
37.027415
37.802825
38.002932
37.982640
38.142442
38.141282
37.919736
36.968769
37.617007
37.988393
38.106218
38.116832
38.115620
38.109202
38.059955
37.116454
37.298141
37.973910
46.402665
39.645273
39.403248
39.310824
40.109045
40.190554
40.251663
40.233063
40.228116
40.326711
40.289959
40.201436
40.278685
40.374091
40.379258
40.250940
40.236893
40.197228
40.222779
40.269890
39.701427
39.061613
40.037623
40.133305
40.101496
40.185323
40.260868
40.362581
40.212877
40.167237
40.258379
39.268229
39.613583
40.295725
40.211155
40.351170
40.269757
40.382014
40.360619
40.385685
39.548092
39.439102
40.283232
40.279074
40.305261
40.290566
40.146201
39.145905
39.549429
40.232625
40.189583
40.197692
42.932719
54.482029
37.616812
37.979986
37.966148
38.419417
39.040947
39.085511
39.051887
38.959817
37.982324
38.594294
39.067444
39.203619
38.321590
38.619200
39.373252
39.244452
39.209396
39.133157
38.077647
38.644864
39.041848
39.060300
38.572699
38.004773
38.846240
39.196990
38.852822
38.004278
38.586451
39.081709
39.054739
38.149619
37.973882
38.076193
39.060512
39.059069
38.614932
37.978266
37.973995
38.513732
39.071826
38.646173
37.992978
38.595883
39.066375
39.060926
39.035512
38.265140
37.962898
38.341878
39.044636
39.090160
39.056050
39.062059
38.560045
38.043758
39.062578
39.063271
39.084464
39.090117
38.735887
37.987338
38.838066
39.098116
39.063619
39.060959
39.203268
