50
111.780305
114.606307
116.568523
116.105723
117.599189
115.695378
117.575733
115.822374
116.582011
116.897412
115.906787
118.057813
115.862417
117.896263
115.770218
117.570343
116.305304
116.517625
117.070227
115.516610
117.285551
116.367934
116.318889
117.057116
115.371226
117.087871
116.253096
115.768312
117.110138
115.477318
116.721574
116.545258
115.635805
117.342998
115.602949
116.360399
116.790898
115.711079
118.091417
117.248293
116.417153
116.020732
117.660045
115.660212
117.026484
116.894521
116.238552
117.699333
115.487851
117.022202
117.454011
116.317078
117.438147
115.935554
117.530075
117.439183
116.456968
117.324522
115.820243
117.745159
116.375987
116.342756
117.714348
115.949188
116.940926
117.185424
116.291442
117.661050
116.015956
116.425349
117.351240
115.805659
117.479456
116.498891
116.472818
117.487047
115.705824
117.225738
116.547418
116.128956
117.641878
115.705221
117.275924
116.553957
115.997413
117.567850
115.771450
116.710486
117.104438
116.614619
118.234404
116.036383
117.604178
116.418736
116.248711
117.538582
115.925272
117.963541
116.078570
116.634470
117.224859
116.380974
117.867973
116.078278
117.160784
116.717102
116.242671
118.002966
116.101391
117.888341
116.787154
116.501357
117.363212
115.824886
118.043013
116.070805
116.515812
117.218723
115.530927
117.121884
116.424367
115.958296
117.435873
116.482089
116.040520
117.475774
115.782715
117.474303
116.367889
116.397318
117.634503
115.719882
117.031389
116.551173
116.264804
117.719741
115.755112
117.067962
116.753602
115.832735
117.582629
116.419464
116.229873
117.694063
115.846355
117.387733
116.531985
116.451039
117.483674
115.996734
117.580400
116.429399
116.012471
117.886388
115.868836
116.880056
116.934968
115.743168
117.525867
116.153205
118.037601
117.193479
116.658387
116.196192
117.668631
115.647024
117.157228
116.549257
116.104567
117.956595
115.876502
117.088755
116.824411
116.336965
117.810861
116.034924
117.035675
116.859746
116.329506
118.001839
115.952233
117.370851
116.883893
116.328544
117.587550
115.806162
117.900564
115.852506
116.843169
116.626758
116.243717
117.296047
115.883694
117.690664
115.598060
116.974830
116.601481
115.791015
117.931653
115.480645
117.148747
116.229165
115.877554
117.740530
115.990597
117.483470
115.492893
116.564573
116.715743
115.984436
117.510090
115.727418
116.929623
116.749846
115.782077
117.853945
116.083441
117.186547
116.616989
115.864588
117.968600
115.896907
117.985015
115.815865
116.736584
116.451200
115.837166
117.973217
115.960347
116.689369
116.927131
115.824168
117.974621
115.808600
116.931325
116.834264
116.017069
117.707853
116.191531
116.524099
117.271457
115.818944
117.405943
116.398553
116.672714
117.245876
116.522367
118.189471
116.271646
118.210966
116.245745
118.254344
116.716427
118.245424
116.959751
117.319899
116.247247
118.249832
116.051993
118.041193
116.508339
116.717138
117.635516
116.412653
117.910660
115.960225
118.249167
116.842619
118.121506
116.188904
118.091653
116.076041
117.807053
116.238623
117.206617
117.063003
116.445925
118.440167
116.657765
117.725072
115.926171
117.078485
116.763003
116.087568
117.499610
115.552917
117.059280
116.593200
115.801405
117.595926
116.090581
116.274915
117.303736
115.255075
117.742994
115.968892
116.469554
116.911012
115.585296
117.453041
116.057526
116.137119
117.572930
115.417278
117.071182
116.513596
116.157392
117.647373
115.436227
117.405813
116.235990
116.251622
117.509501
115.979810
118.012631
117.271957
116.695158
115.772543
117.589077
115.671106
117.053478
116.704079
116.020949
117.544986
115.533108
116.927252
116.715331
116.578088
117.260059
115.682918
118.216574
115.457652
117.370591
116.389739
116.279479
117.589067
115.474109
117.273905
116.221285
116.328559
117.363681
115.890404
117.933719
115.978778
116.914458
116.848275
115.945737
117.843935
115.460302
117.291104
116.240714
116.208001
117.457131
115.382554
117.073997
116.392457
115.888914
117.391115
115.379280
117.091427
116.920571
115.865717
117.589546
115.916785
116.594784
116.747548
115.645237
117.477862
115.998372
116.367080
117.089734
115.537872
118.108646
116.237605
118.105792
115.897905
118.037970
115.793564
116.832569
116.827166
115.719901
117.429297
115.831894
116.866023
116.726692
115.740615
117.723739
115.699404
117.693806
116.007279
116.533138
117.013466
115.360877
117.465973
116.251446
116.036722
117.723898
116.224554
117.033168
116.379985
115.987552
117.697484
115.133008
117.010396
116.220825
116.424600
117.343885
115.833931
116.579322
116.994644
116.385862
117.381628
116.964413
116.202811
117.473460
116.116773
116.625870
117.415802
115.512133
117.440252
116.827884
118.269320
115.652302
117.249025
117.044536
115.879513
117.817475
116.022576
116.908330
116.975538
115.942804
117.610431
115.755473
116.591711
116.866670
115.400056
117.785721
115.221506
117.211006
116.079743
116.194332
117.969234
118.037023
118.068159
118.061434
118.319191
117.923603
118.941721
118.278108
118.218947
119.799873
117.841928
119.770464
117.875305
119.674254
117.852462
119.540596
117.933208
117.894727
117.849355
119.327750
117.869224
117.905037
117.893083
119.239694
117.955458
118.985150
119.074899
117.877606
117.894534
119.211126
117.893553
117.922691
117.883707
117.869236
118.736450
118.319041
117.851054
117.825279
118.192805
117.863014
119.458718
117.872512
117.840312
119.212179
117.935094
117.869231
117.857288
117.884719
119.235539
117.900518
117.926348
117.867774
117.882974
118.344378
118.712834
117.880289
117.875363
117.860239
117.847004
117.856190
117.867326
117.854273
117.882936
117.927362
118.935355
118.205851
117.866681
119.235686
118.248708
117.912151
117.862236
117.874611
118.729133
118.391741
117.853225
117.843380
119.447894
117.862472
119.604169
117.889266
118.643897
118.855593
117.874254
119.597448
117.928491
119.643916
119.818122
117.876789
117.913103
117.876531
119.136638
117.871617
117.879296
117.860607
119.220729
118.319158
119.090341
118.412108
119.920072
117.883081
118.247828
119.217514
117.908943
118.234158
118.439813
118.695924
117.879647
117.907118
117.894106
117.897694
118.095134
119.092710
118.217805
117.877870
119.242076
117.899218
117.877981
117.838956
119.269573
117.903175
117.924925
117.903857
118.692788
118.485662
117.897840
117.865887
119.398750
118.538710
117.874587
120.150851
118.458143
117.858345
117.896316
117.884957
117.885394
117.898669
117.880179
117.901675
117.887644
119.582540
117.901175
117.868031
117.854586
117.874775
119.149889
117.609122
117.767972
117.867878
119.357681
117.868727
119.622441
117.930238
119.251753
118.583168
119.698633
117.879265
117.882543
117.877793
119.209736
117.869789
117.932068
117.896331
117.904629
118.329566
118.801053
117.923495
117.919838
117.925346
118.882319
118.288905
117.914168
117.923771
118.933591
118.202463
118.818677
119.415971
117.878818
117.915096
119.278288
117.867137
117.890798
117.952027
119.230434
117.850725
119.241951
118.908174
119.210211
118.431340
117.881721
119.517231
117.859961
117.858650
117.873456
119.220992
119.226032
118.152381
117.911609
118.253368
118.958758
117.874464
118.611452
118.592919
117.912304
119.611304
117.910350
117.900729
117.936274
119.331296
117.886896
117.870927
119.076371
118.364822
117.919108
117.873981
117.922629
117.900755
117.888136
119.096371
117.895823
117.902657
120.804539
117.963757
119.787950
117.926404
119.938969
118.030959
119.825872
118.049972
119.496376
118.270394
118.103155
118.081847
118.067254
119.534091
118.058685
117.996634
119.317545
119.109676
119.496776
118.908694
118.747293
119.556942
118.174105
119.861972
117.838717
119.233579
117.858807
117.883907
119.123226
118.373957
119.198099
117.963178
117.904974
117.916713
118.654803
118.513157
117.907317
117.888427
117.951382
119.150254
117.907643
117.898299
119.539667
117.880001
118.397607
118.991428
117.865208
117.878383
117.904356
118.455313
119.853483
117.884157
119.707617
117.876612
117.876590
119.279199
117.887807
118.623288
119.862162
118.443580
117.899774
117.921232
117.898846
117.853431
118.805420
118.378593
117.839755
117.847025
117.861660
119.250266
117.890895
117.887076
119.181601
118.019984
119.095757
118.556591
119.922185
117.878331
119.810423
117.894474
119.309475
117.890262
118.445219
118.758992
117.874502
119.787887
117.923324
119.832048
117.922157
117.892838
118.210751
118.967395
117.879384
117.853504
119.219210
117.864717
117.891782
117.887259
119.266152
117.894670
117.872776
119.594883
119.293469
119.846293
118.015309
119.791368
118.045961
119.602201
118.338820
119.192617
118.773066
118.053024
119.513136
118.066100
118.089035
119.529440
118.110197
118.061331
119.530769
118.052704
118.049176
119.170541
118.657296
119.431645
118.557249
118.138709
120.089409
118.059227
119.890831
118.035113
118.415007
119.065640
118.041218
118.048524
118.015942
118.437838
118.988869
118.058414
118.047021
118.952815
108.753845
111.994543
114.683119
116.339131
115.575863
117.606877
115.537398
116.467609
117.210878
115.508020
117.818197
115.702412
117.683385
115.691836
116.528418
116.554210
115.261365
117.412771
116.079364
115.929216
117.231153
115.381723
116.827894
116.060370
116.067506
117.098411
115.459416
117.282310
115.956877
116.236540
117.297029
115.572964
117.183690
116.183022
115.986140
117.314354
115.536678
117.284448
116.816518
116.345055
117.445855
115.761107
117.180014
116.279417
116.601522
116.811064
116.077680
118.015838
118.057809
115.936545
117.163831
116.379762
116.104721
117.582285
115.883694
117.167550
116.885985
116.001667
117.877843
116.107948
116.701767
117.244493
116.003318
117.783385
116.055157
116.571168
117.209650
115.641298
117.463448
116.158531
116.536750
117.069894
116.270921
117.633285
115.806983
116.932361
116.165463
115.661922
117.409997
115.173715
116.866704
116.263877
115.779239
117.518475
115.721924
116.632319
116.796964
116.076417
117.473422
115.872440
117.278538
116.378270
115.866635
117.431675
115.642866
117.585467
116.204897
116.362266
116.939638
115.755921
117.751737
115.795167
117.228540
116.623949
116.308870
117.176301
115.715496
117.757990
116.041735
116.413407
117.274734
115.609493
117.278474
116.311616
116.189337
117.352208
115.895466
116.862393
116.678198
115.575581
117.795182
115.736271
116.959342
117.575735
117.878016
117.913201
116.586641
116.660867
117.359061
115.909391
117.489264
116.208309
116.259883
117.634281
115.948848
117.112635
116.811009
116.889955
116.960880
115.878106
117.880736
116.015092
117.059957
117.010229
115.871095
117.872822
115.867010
117.059845
116.703061
116.227356
118.109038
116.000327
117.481597
116.079263
116.506504
117.231553
116.085051
117.765387
115.821344
118.216815
115.654723
117.489676
116.413370
116.645797
117.293824
115.852352
117.600857
116.831316
117.031952
117.455162
116.107332
117.999497
116.208982
116.589867
117.303247
116.062993
118.018813
115.836090
117.924811
115.681703
116.873320
116.683754
115.985600
117.668984
115.212762
117.598743
115.721697
116.603692
117.538884
115.943195
117.980424
115.930065
116.778774
117.112911
115.798069
117.674190
116.124910
116.535070
117.278371
115.732648
117.786976
116.197821
116.506083
117.547613
115.989393
117.178122
116.620297
116.089094
117.733527
115.732115
116.927353
116.939295
115.985742
117.717939
115.757208
116.922951
116.771653
115.867328
117.560560
116.273558
116.398826
117.798317
115.573770
117.036757
116.718866
116.261707
118.066230
115.275272
117.380064
115.999543
116.287897
117.079069
115.748608
117.304455
116.115355
116.165734
117.338166
115.476021
117.070735
116.525055
116.159656
117.940894
116.055185
117.114140
117.201664
116.125015
117.942985
115.943877
117.154525
117.001157
116.588463
117.645315
115.733145
117.700046
116.463562
116.646848
117.504125
115.960764
117.823358
116.768744
116.735122
117.476368
115.799896
118.142357
116.015465
117.689388
116.359943
116.855841
117.427978
118.040478
116.627594
117.238472
115.815600
117.770823
116.198363
116.553673
117.444118
115.836602
117.266638
116.515061
116.263618
117.774029
115.951237
117.499513
116.771847
116.160463
117.836637
115.833451
117.527827
116.889001
116.265196
117.787106
115.930473
117.928690
116.451358
116.835819
117.375667
116.212457
117.936922
116.233298
117.218809
117.532709
118.213344
116.590080
117.019731
118.083305
116.639132
117.971645
116.522227
117.387770
117.237481
116.529839
118.165414
116.563159
117.990593
116.109149
117.916310
116.583086
116.290966
117.938056
116.182805
117.627553
116.318086
116.712165
117.409075
116.300638
117.864437
116.069806
119.177315
116.055555
116.945885
117.332593
116.433593
118.074670
116.100481
118.169584
116.355773
117.112134
116.763057
116.287425
118.193892
115.942837
117.823198
116.132608
118.108420
116.937850
116.660578
117.916599
116.214846
117.712828
116.107336
117.105253
116.847336
115.978293
118.186281
116.045574
117.788046
117.298285
117.393887
116.803339
116.563405
118.246703
116.122540
117.821767
116.155424
117.407434
116.593387
116.378275
117.466801
115.860756
118.751584
116.068416
118.087695
117.517545
116.531245
117.619542
115.795916
117.594278
116.383687
116.341140
117.663869
115.994001
117.513915
117.385417
116.161685
117.926548
117.687541
116.486076
117.285518
115.929751
117.305596
116.556899
117.296763
117.409381
115.841978
117.865029
116.476532
116.752698
117.766987
115.906460
117.757582
116.433804
116.749325
118.436272
118.657223
116.021524
117.687962
117.275099
116.886791
117.872690
116.192642
117.503562
116.964368
116.795039
117.882665
116.103795
118.148660
116.332860
116.874682
117.928497
116.543355
117.821701
116.513977
116.522807
117.534823
116.175150
117.786388
116.586515
117.194958
117.037336
116.409906
118.091187
115.974996
117.587531
116.781902
116.208792
117.804389
115.847493
117.755134
116.136797
116.607987
117.110424
115.881445
118.218348
116.282135
118.055446
116.824791
117.034401
117.119705
116.427564
117.937189
116.115672
116.496413
117.399190
115.680069
117.231460
116.628024
116.112393
117.790464
116.127958
117.729121
117.450487
116.041271
118.592559
116.029275
117.838754
117.245144
116.533009
118.355019
116.355932
117.482674
116.476902
116.128607
117.692419
115.841712
116.834452
116.961349
116.274107
118.021841
116.094491
116.559028
117.931231
117.972328
116.372647
117.207672
117.132065
117.121006
117.854643
116.212508
117.693383
115.406556
117.221769
116.586804
116.061279
117.672812
115.473341
117.352769
116.222443
116.629848
116.865412
115.650753
117.802035
115.513571
116.988423
116.670650
116.231902
117.413165
116.173878
117.143384
116.357648
116.293832
117.609455
115.749732
117.212023
116.875857
115.772147
117.722223
116.152086
118.207172
116.170440
118.105503
116.346619
116.829166
117.236621
116.028401
118.117379
115.969676
117.528975
117.131190
116.194295
117.996090
116.173019
116.968461
117.207102
116.371850
118.277539
118.222271
115.833239
117.834451
116.294732
117.153654
117.274618
116.345494
117.937196
116.331720
116.961936
117.502278
116.001142
117.586363
116.809676
116.234410
118.070262
115.972620
117.459355
116.572963
116.397008
117.781317
116.262078
116.813453
117.428354
116.784362
118.180287
118.179302
118.188112
118.208027
118.186966
119.532009
118.175295
118.206465
118.097022
119.348255
118.027591
118.027446
118.042624
119.394866
118.034678
118.055174
119.425027
118.039402
118.030716
118.097783
119.462705
118.058065
118.051668
118.079826
119.954764
118.291351
119.765901
118.369324
119.071608
118.032467
118.056724
119.407422
118.027265
118.057241
119.160967
118.589314
118.115024
118.101108
119.472634
118.070144
118.189457
119.594753
118.052670
118.107754
118.058029
119.524811
118.246222
118.232298
118.257054
118.227563
119.500009
118.232849
118.245824
118.198950
118.218622
118.188149
119.199066
119.499559
118.232116
118.196819
118.367796
119.306164
118.134143
118.157513
118.188855
118.192610
118.384034
119.287713
118.235784
118.174795
118.191111
118.195365
119.591090
118.161785
118.201291
118.192874
119.508342
118.152609
118.187732
118.188221
119.315189
118.533059
118.160060
118.618219
119.181826
119.348896
118.159603
118.032921
118.627958
118.803676
118.019861
119.349711
118.617200
119.951844
118.144227
119.606081
118.054364
118.014001
119.399099
118.007801
118.741302
119.026746
118.084264
119.505081
118.036883
118.227091
119.308479
118.019435
119.467805
118.049328
118.027811
118.058645
119.358954
118.011581
118.021497
118.268906
119.122535
118.032168
118.026002
118.010690
119.335773
118.020189
118.027745
118.071374
118.053684
119.388225
118.060746
118.054515
118.061780
118.031891
119.431919
118.084586
119.720391
118.038896
118.243892
118.253807
118.187636
119.536620
118.212804
118.200975
118.178428
118.228253
119.578741
118.215020
118.206610
118.250025
118.195711
118.160193
118.205903
118.818847
118.972598
118.238714
120.086807
118.486904
118.183135
118.201326
118.201519
118.704387
119.106755
118.195813
118.246249
118.221924
118.313718
119.696395
118.337287
118.333204
118.352649
118.371939
119.683078
118.357020
118.289822
118.331823
119.594025
118.216690
118.164880
118.196709
120.138350
118.320559
118.334818
118.275757
119.263363
118.407828
118.070339
118.080073
118.057683
118.170113
119.916803
118.130408
118.181621
118.169978
118.210207
118.370782
118.508505
119.369499
118.208481
118.184754
118.197226
118.228817
118.171365
118.365006
118.338642
118.320808
119.597293
118.393959
118.229644
118.250718
118.236304
118.249656
118.221087
118.185661
118.189287
118.252230
119.537796
118.278335
118.251153
118.224199
118.188548
118.233336
118.172689
118.654678
119.022939
118.167897
118.186453
118.188897
118.148690
118.212985
118.151926
119.955344
118.180160
119.930612
118.215571
119.611519
118.626357
118.158961
119.960022
118.205549
119.532145
118.204312
118.185765
118.202527
116.400480
118.190604
118.162778
118.163953
118.201809
118.222537
118.259625
118.179392
118.177210
118.180308
118.228432
118.208212
117.968799
117.888934
117.889725
118.207717
118.044572
119.381307
118.018884
118.043188
118.015104
118.033569
118.035525
118.041354
118.040157
118.075475
118.017781
118.018528
119.366798
118.284089
118.051273
118.067069
118.046536
118.046395
118.051177
118.044847
118.021967
118.030344
118.056057
118.031029
119.285729
118.014613
117.987431
118.032789
118.015878
118.029026
118.022736
119.779788
118.961375
118.057976
119.428062
118.017785
118.014518
118.065573
118.036500
119.383139
118.057988
118.051998
119.610818
118.057222
118.016095
118.027277
118.024166
118.382715
119.587178
118.029708
119.394328
118.030293
118.068477
119.859494
118.044632
118.034192
118.350855
118.957925
118.065282
118.783595
118.587951
118.006527
118.653532
118.802335
118.050359
118.006670
118.045885
118.018336
119.735547
118.053331
118.062193
118.036162
118.026658
119.170097
117.884968
117.860166
117.862096
118.417709
118.648534
117.895710
117.897071
117.882532
117.859410
118.164762
118.882745
117.866858
117.897456
118.081141
118.026889
118.062177
118.275549
119.258675
118.186675
118.166453
118.167238
118.187170
119.895220
118.215346
118.486938
119.718494
118.198749
118.192244
118.165079
118.177096
118.216053
119.450668
118.204518
118.242874
118.208341
118.149817
118.179506
118.215453
118.203163
118.212236
118.187887
119.676380
118.185578
119.753718
118.414173
118.212321
119.567065
118.243102
118.478553
119.604618
118.226943
119.926240
118.225144
118.944583
119.201853
121.059073
118.285465
118.899714
119.279222
118.195966
118.231326
119.545662
118.189487
118.187140
118.204969
118.231689
118.207217
119.697415
118.190578
118.236489
118.139431
118.044371
118.008567
118.015931
118.974139
118.716600
118.076857
118.084369
118.090885
118.101023
118.049636
118.036201
118.070268
117.923495
119.453333
117.894922
118.096797
118.037901
118.017562
118.071049
118.026591
118.064623
118.338228
119.461654
118.050464
119.501715
118.203860
118.015394
119.363665
118.393196
118.104350
118.063902
118.071022
118.043775
118.083993
119.315227
118.042731
118.031274
118.070517
118.055956
118.068448
118.021356
118.065826
118.068979
118.072042
118.050775
118.062251
118.060218
118.045635
118.028136
117.993300
118.021508
118.018724
117.988938
118.027892
118.047739
118.043970
118.053169
118.010216
118.032983
118.037253
118.025953
118.043232
118.043964
118.015649
118.017350
119.397913
117.992017
118.011920
118.026864
118.015222
118.208387
119.864592
118.086326
119.809844
118.052579
119.336915
118.197088
118.011078
118.040608
118.041442
117.994824
117.979092
119.397723
118.035462
117.990135
118.000530
117.993095
118.001351
118.011930
118.685903
118.592711
117.981574
118.015245
117.971266
118.004304
118.002869
119.383255
117.848063
117.855655
117.879309
117.860233
119.148373
117.918231
117.883734
117.883737
117.895971
117.889637
117.885504
119.168397
117.915279
117.892663
117.864395
117.862796
119.523316
119.444346
119.782853
117.898501
119.682956
117.855282
119.278984
117.848746
117.870823
118.332637
119.342244
118.138177
119.252615
117.850322
117.944116
118.051388
118.521751
118.943255
118.027453
118.019694
118.002155
119.262495
118.126631
118.039862
118.020709
118.014327
119.421705
118.033722
118.028503
117.987531
118.026500
118.026733
119.416941
118.019201
118.017422
118.021177
118.069778
118.048094
119.380757
118.031408
118.056176
118.517989
119.464415
120.126017
118.374011
119.805924
118.974081
118.419873
118.392513
118.593928
119.742598
118.783862
118.438710
118.369393
119.248208
118.848750
118.374001
118.350294
118.359000
118.641358
119.613594
118.396330
118.349268
119.720452
118.340451
118.349634
118.341569
118.923530
119.081279
118.340069
118.367414
118.364053
119.655680
118.180140
118.202442
119.597304
118.204181
118.203161
118.195890
118.311972
119.971564
118.256387
120.016802
118.256175
118.238710
118.239144
118.173946
119.530457
118.195325
118.203821
118.171250
118.225381
118.261536
118.384726
120.052395
118.538504
121.307416
118.367312
118.373533
120.037941
118.382830
118.372619
119.766608
118.391168
118.383893
118.678078
118.584665
119.960827
118.356386
119.694000
118.363761
119.299733
119.167085
118.401062
120.154122
118.400820
118.421795
118.383847
118.389755
118.396464
119.636520
118.558840
118.663354
119.627229
118.242079
118.232992
118.589328
119.181735
118.215513
118.209104
118.198364
119.520752
118.264884
118.211660
118.202758
118.718224
119.022414
118.234093
118.282390
118.230788
118.230921
118.241976
118.230601
118.464082
120.666723
118.206630
118.207533
118.272218
118.396658
119.769295
120.760840
118.233972
120.029830
118.230720
120.030909
118.186446
118.212831
119.535532
118.225336
118.177961
118.108662
119.601327
118.267586
118.361571
119.071481
118.001314
118.045370
118.025616
119.503976
118.000503
118.014610
118.051979
118.010961
119.488176
118.045341
118.021031
118.040881
118.021006
118.211510
119.220775
118.068537
118.070142
118.058139
118.071810
118.012332
119.341925
118.049604
118.064427
118.089260
118.015515
118.025608
118.038193
118.029740
118.062435
118.028599
118.040532
118.027939
118.637769
118.704556
118.044907
119.969066
117.867086
117.878871
117.874991
117.877700
117.852345
119.113053
117.817787
117.838310
117.832568
117.840774
117.883436
117.901908
117.899535
117.907177
118.132908
118.851798
117.868272
117.835357
117.873223
117.855001
117.826212
117.837215
117.838730
117.829312
117.852207
117.839476
117.873894
119.109604
117.837819
117.817544
117.868224
117.860303
117.877313
117.843578
117.875371
117.872128
117.881334
117.870471
117.883926
117.877111
117.901008
117.871220
117.859386
117.851425
119.078418
117.861463
117.869007
117.859450
117.854010
117.852354
118.376299
118.809046
117.849192
117.846432
117.846537
117.842978
118.076682
118.869524
117.826317
117.802201
117.847401
117.928142
117.860273
117.871814
117.858403
117.828085
117.835255
117.857066
117.852945
118.534801
118.436968
117.845620
117.842891
117.846125
117.850406
117.852433
117.842254
117.842740
117.852616
117.863693
119.167376
117.877881
117.887183
117.867367
118.061430
118.997646
118.280995
117.865098
119.250372
117.885425
117.880405
117.882363
117.841671
117.840133
117.840648
118.205548
119.551005
117.849108
120.481120
117.857526
117.848619
117.848444
118.154373
118.915555
117.881799
117.853733
117.852476
117.842273
117.840847
117.826515
118.051600
117.881314
118.686576
118.300956
117.891857
117.864997
117.867431
117.835629
117.834100
117.860684
117.837232
117.852045
117.850136
117.817837
117.821796
117.823464
117.836788
117.906509
117.827732
117.824599
117.844987
117.868569
117.874871
117.864167
117.897349
119.550994
117.890308
117.877185
119.429615
117.864002
117.839466
117.837870
118.574982
118.986274
117.842214
118.872901
118.555264
117.906457
119.419074
117.833439
117.828969
117.832847
117.845507
117.841088
117.842227
119.140309
117.841426
117.829434
117.856172
117.827067
117.841622
119.415966
117.955797
118.260310
119.182320
117.861600
119.503590
117.834847
117.841263
117.834012
119.027587
117.940511
117.847629
117.847958
117.861042
117.855512
117.853288
118.051816
119.264992
117.850572
117.821993
119.387122
118.085158
117.859024
117.842393
117.860205
117.873226
118.112107
119.222710
117.889050
117.890906
117.925507
117.863016
119.093891
117.866564
117.864253
118.501473
118.737606
117.876079
117.859676
117.874333
117.840377
117.854413
117.845128
117.838868
117.864181
117.895301
117.862324
119.158665
117.821586
117.820821
117.810808
117.834357
119.206433
117.857001
117.838459
117.863430
117.836371
117.837121
119.114886
117.831458
117.858243
117.831623
117.876459
117.865061
117.853509
117.853770
117.841774
117.835237
117.830287
117.821137
117.834024
119.582688
118.162553
117.874387
117.869207
119.118535
117.829407
117.847528
117.832064
119.639216
117.904954
119.117825
118.082799
117.858966
117.836719
117.822014
117.822115
119.035833
118.347741
119.742938
117.982271
119.029676
118.311225
117.841936
119.537669
117.846687
117.868574
117.864930
118.032972
119.903258
118.068126
118.062501
118.675614
119.082047
118.034809
119.766425
118.020446
119.511557
118.314854
118.415480
119.513355
118.041052
119.974639
118.144416
119.865488
118.019745
119.429297
118.018756
119.438949
117.997502
118.033123
119.575340
118.020495
118.013673
119.854478
118.331737
119.670204
118.035479
117.996248
119.591203
118.012990
118.018158
118.000809
119.387078
117.996508
117.974964
119.425109
118.003849
117.991806
118.032325
118.025958
119.334302
118.019419
118.014651
118.636543
119.179605
118.137612
121.414072
118.270183
119.730837
118.108016
119.497113
118.323500
119.363419
118.164544
118.506961
119.313538
118.106797
119.353853
118.007607
118.028908
110.277175
114.014426
115.868880
117.235362
116.761610
116.550154
117.931173
115.768615
117.490122
116.612568
116.338618
117.807271
115.699052
117.257571
116.862451
115.798862
117.789419
116.396536
116.919807
117.177121
116.002247
118.098316
116.270179
116.871763
117.701351
115.824117
117.686295
116.406691
116.850398
117.680454
116.213821
117.837590
116.724046
116.550019
117.811938
116.248057
117.005519
116.741518
116.403869
117.687091
116.008638
118.418204
116.679847
118.074599
117.388752
116.950677
116.509357
117.937184
116.990133
118.506673
116.008505
117.183429
117.061586
116.313108
117.997343
115.990811
117.980225
116.488556
118.054448
116.112998
118.085301
116.052441
117.835288
116.522109
117.153821
117.363625
115.985453
117.618486
116.413474
117.473160
116.604541
116.712298
117.673355
115.964633
117.734824
117.082268
116.567609
117.602412
116.068658
117.633608
116.964875
116.713610
117.911555
116.112132
117.705841
116.590510
116.593361
117.879490
115.913818
117.812512
117.015945
116.348862
117.884105
115.759758
117.328173
116.877534
116.127914
117.817858
116.054047
116.895396
117.112991
115.879047
118.461632
115.935596
118.031986
115.928208
117.489992
117.126565
116.495887
117.784244
117.109276
118.166245
116.043240
117.287127
117.115216
116.216625
118.140246
116.285796
117.054278
117.070981
115.885168
117.593154
116.279792
116.419407
117.767184
116.184907
117.593070
116.889613
116.601490
117.838721
115.935107
117.181833
117.226216
116.126470
118.122793
115.813680
116.996507
117.353850
116.139291
117.449449
115.814277
117.029010
116.967778
115.828155
117.882061
116.216075
117.438634
116.851738
116.204530
117.899889
116.111086
117.120596
117.300181
116.231287
117.454216
116.945881
116.262197
118.144152
116.135094
117.799297
116.214542
116.718220
117.810982
116.251887
116.847534
117.344721
115.941367
117.636932
116.461637
116.475092
117.597973
116.016948
117.111492
116.933955
116.049193
117.704368
115.829125
117.030905
117.200008
115.581248
117.770627
116.392575
116.807824
117.707634
115.845657
116.843525
117.318151
116.416579
117.371480
117.295481
115.996152
117.793528
116.326931
116.390554
117.562483
115.943039
117.387046
116.664669
116.183369
117.523937
115.486780
116.912745
116.702297
115.637974
117.542431
115.709016
116.569038
116.883913
115.756204
117.897675
115.853194
117.053434
117.167190
116.783799
117.699250
116.048616
118.034620
116.704001
116.906125
117.527678
116.021175
117.999262
115.855441
116.798370
117.031285
115.614227
118.304078
116.129325
116.715233
117.678378
115.936118
117.944723
116.430950
116.657587
117.500875
116.093748
117.531517
116.778964
116.394262
117.964276
115.702071
117.202563
116.342256
116.311367
117.848383
115.658711
122.867831
117.497590
115.764080
117.497370
116.285236
116.036066
117.551325
115.721966
117.005658
116.705703
115.904533
117.740368
115.728897
116.829541
116.722046
115.789781
117.389501
115.949538
116.744258
117.083838
115.920319
118.270691
117.394163
117.000773
116.104507
117.793067
116.346236
116.842758
116.951310
115.847261
117.686989
116.371426
116.890597
116.717165
115.731250
118.336022
116.438915
117.738641
116.367022
117.504695
117.013113
116.077834
118.031153
116.309199
116.985661
118.644236
118.648541
116.280795
118.110606
116.506312
117.888602
116.254031
117.605320
116.492370
116.991374
117.941228
115.992231
118.088521
115.962263
117.270133
116.670490
116.256526
118.491230
115.774130
117.339481
116.687801
116.410965
117.653131
115.834159
117.558436
116.674422
116.993386
117.297818
116.080456
118.245298
116.119215
117.493506
117.188069
116.073241
117.803812
116.137545
116.887548
117.115372
116.440700
118.152313
118.630433
118.241639
115.955372
117.150041
117.896968
115.927808
117.667523
116.182542
116.670775
117.630688
115.695073
117.422022
116.579920
116.252806
117.578528
115.738951
117.340174
116.331356
117.068002
117.606116
115.745371
117.357899
116.560045
116.131800
117.507344
116.208715
117.089213
116.980091
115.980444
117.656018
116.161280
116.098786
117.454611
116.141711
118.614093
115.938378
117.664409
116.462470
116.447869
117.657972
115.777241
117.593952
116.247246
116.377619
117.256422
116.845638
116.578666
116.113655
117.665863
115.764577
117.024047
116.704457
116.164936
117.756441
115.933068
116.694204
116.980881
115.860627
117.486293
116.052251
117.028821
117.018040
115.894408
117.597168
116.411981
116.604892
117.700525
115.885197
117.439944
116.821368
116.537895
117.857076
115.752735
116.842035
116.948257
116.163659
118.054498
116.325245
118.303659
116.000259
117.908729
116.294991
117.292048
116.572224
117.016065
117.429848
115.851234
118.570132
115.849420
117.623727
116.530027
116.742553
117.518301
115.775774
117.262636
116.839007
116.015110
118.023974
115.765098
117.244091
117.038742
116.527260
117.797083
115.946184
117.511925
117.052134
116.570583
117.913227
116.073292
117.496062
116.642012
116.511072
117.597609
115.824161
118.335707
115.953588
116.883292
117.107719
115.913233
117.961960
116.027162
118.321187
115.984542
117.978931
115.667642
116.996373
116.597855
115.920147
118.380048
116.115359
117.500117
116.665227
116.337974
117.574283
115.793582
118.044020
117.155509
116.522052
117.392420
116.777117
118.106242
117.489191
116.733505
116.083834
118.137274
115.715712
117.557708
116.661854
116.378420
117.879117
115.766711
117.275319
116.692767
116.164046
117.939816
115.897871
115.123063
118.025180
118.333029
118.342977
118.315231
118.277834
118.285852
118.333858
118.691956
120.239913
118.521445
118.552696
118.609781
118.646357
118.512142
118.450575
119.734388
118.452234
118.365156
118.305325
118.338954
118.360969
120.113315
118.228736
118.228039
119.924171
118.322224
118.383306
120.050824
118.306604
120.029591
118.280676
119.539712
118.431180
118.232207
118.161504
118.641124
119.037369
118.147334
118.197514
118.146028
119.349368
117.964126
117.860664
118.266364
119.056902
118.037959
118.415247
119.441002
118.018219
119.770344
117.966899
119.340865
118.137950
118.419335
118.646324
117.842392
117.850702
119.237203
118.312292
119.606353
117.854450
117.832566
118.574909
118.833499
117.835340
119.552824
117.836827
119.737220
118.023909
118.502094
119.164069
118.042657
119.611684
118.035352
117.931372
119.570764
117.849091
119.607510
117.891321
119.292850
117.849271
117.847202
117.904564
119.371616
118.019483
118.002113
118.031083
117.999863
119.701547
118.027929
118.952980
118.884935
118.005835
119.801180
117.994232
119.769925
118.178410
119.019340
118.656049
118.175615
118.185491
118.215864
118.188238
120.394725
118.170144
119.548956
118.444807
118.187154
118.603700
118.416574
118.428678
118.427195
119.670006
118.373340
118.347926
118.362411
120.050245
118.182004
118.619252
119.504664
118.346132
119.931964
118.355017
118.706070
119.641784
118.326327
118.238687
118.169126
118.164090
118.088704
119.401867
118.157452
118.170049
118.183514
118.160414
119.904023
118.180435
118.208012
118.164032
118.223990
118.526152
119.901620
118.179861
119.933824
118.181998
118.164827
118.157914
118.180318
118.159435
118.425479
119.221763
119.072204
119.326629
118.153932
118.191346
118.207197
118.206077
118.236195
118.207921
118.273795
118.354240
118.317948
119.637135
118.310737
118.262095
118.218277
118.163331
118.187999
118.187119
118.217803
118.438455
118.257616
118.185639
118.220341
118.180044
118.181706
118.215990
118.204200
118.198804
118.226141
118.193679
118.236745
118.329567
118.346905
118.346565
118.358406
118.354063
118.346918
118.331354
118.383226
118.247918
118.352660
118.367894
118.359134
118.463670
119.836448
118.495885
118.507157
118.502412
118.380323
119.615828
118.369589
118.308349
118.208869
118.819318
118.937683
118.138500
118.173438
118.154405
118.547655
119.125193
118.210724
118.248889
118.319529
118.217593
119.476563
118.179801
118.121629
120.216673
119.721931
118.197042
119.897590
118.136484
118.756804
119.053133
118.038508
119.382035
118.006151
118.041637
118.022571
119.388532
118.006703
117.998907
118.835480
118.594882
118.008299
118.021864
119.317213
118.009469
118.017293
118.038435
118.473364
118.882952
118.014117
118.004749
118.055263
119.319986
118.038691
118.077706
118.182874
118.167564
118.148575
119.824288
118.087244
119.753630
118.604687
118.022918
119.798959
118.028231
118.026874
119.317740
118.056349
118.032208
117.980521
119.448976
118.053856
118.047217
118.139133
119.270786
117.932406
119.176231
117.828045
119.652412
117.834093
119.267034
117.812785
117.825947
117.852334
119.194044
117.836292
117.832667
118.421587
118.607054
117.819973
117.819299
117.816195
119.240586
117.914611
118.012018
119.373446
118.307929
118.187255
119.491290
118.348626
118.174492
119.665786
118.199759
118.274554
119.612347
118.232767
118.206532
118.238370
118.189675
119.526330
118.124862
118.179813
118.149602
119.511464
118.148496
118.204408
118.126860
119.227505
