50
36.157534
41.046294
43.815436
46.759971
52.322499
49.006096
53.700052
47.617038
58.013792
46.015343
54.470699
53.886519
58.437603
56.040895
44.963943
57.439039
47.283526
44.545875
44.227353
43.210382
44.445428
54.315354
55.063638
46.501896
46.469034
48.688687
42.347056
45.052722
50.598440
41.867218
44.041093
42.028806
50.307013
54.872922
48.882947
44.554805
42.604353
41.235211
40.594976
42.127741
41.765454
42.160982
41.433117
42.449351
41.051391
37.630507
39.095293
45.885338
53.654471
54.321797
53.413251
53.459622
58.872990
51.034202
42.493518
50.538652
40.914687
40.971382
49.703118
46.012564
45.641857
46.082824
45.230259
44.488247
49.042415
55.607995
56.362399
54.885141
54.868182
51.027066
49.453369
46.729298
54.989013
51.654592
51.280764
43.216276
44.872981
51.215314
52.259756
54.991930
52.044216
52.598970
53.838957
51.440092
46.257149
49.342744
48.525437
53.483038
55.710442
50.623216
48.247726
53.768902
45.504946
46.110286
46.795933
44.794333
50.214683
45.939215
46.170848
51.956649
44.253061
40.206535
46.292154
48.583877
52.025340
45.388292
44.447728
44.813008
57.104963
52.524892
54.077977
50.621217
49.821234
44.098309
43.654543
44.920504
47.338553
51.828482
52.976780
54.316517
52.592376
53.388611
49.041266
49.864816
44.068100
49.437230
52.741566
48.351321
53.461054
51.291440
57.569162
50.865981
48.066360
47.095901
49.071865
49.653178
51.722791
49.043045
51.730704
45.365741
49.421220
48.684229
49.893574
57.340510
55.182397
44.652394
46.919759
51.962326
45.514289
47.468222
46.146031
46.773587
55.849258
46.580270
44.988150
45.907394
48.893973
49.593949
61.540470
52.159888
48.076280
51.835577
56.445553
48.219413
45.445544
47.490912
46.537080
52.846004
47.469640
48.706065
54.449421
52.081338
49.477329
47.477503
51.171852
51.328157
51.435451
53.904128
46.391715
50.977328
48.039175
41.738455
49.393928
43.007897
51.075344
43.740040
55.229866
59.924169
49.588346
49.618559
48.203112
52.410560
46.012152
47.514137
50.614546
51.438604
47.281128
52.715150
52.621737
52.082358
52.772515
47.975890
48.011742
53.902056
53.978933
53.183143
46.528084
53.871949
51.176781
52.377360
51.546006
45.208107
49.679016
53.011906
53.473160
50.070517
56.490450
57.143364
60.264385
55.416787
55.190144
41.393390
46.404525
54.607896
50.670524
50.339786
45.143961
51.119901
47.554185
48.213173
53.606946
50.098046
46.235965
49.428748
46.748509
48.481532
49.437524
46.640397
46.250712
49.847969
49.538993
47.677368
50.050308
49.154370
48.688012
48.927923
47.485416
43.101693
46.234758
43.088592
47.166351
47.788642
52.450998
49.778493
52.382607
51.583936
50.282497
49.024778
50.962264
53.722697
48.983272
50.476701
48.955335
45.176155
47.601356
50.570771
49.548270
51.887071
51.296031
48.820015
48.256360
46.575095
52.695845
52.976839
51.076660
49.848625
50.541993
53.436957
52.994439
53.174358
57.103848
51.049090
50.843349
57.860039
49.039695
46.891517
42.381823
52.455145
49.217866
49.401458
49.848952
52.758557
57.130496
53.424570
49.174453
48.322244
49.066162
53.298814
57.565066
47.047500
46.266229
48.843374
50.324929
46.194816
50.359709
50.310387
48.613070
45.382916
49.234490
47.550019
42.961275
46.458916
43.351020
45.093240
49.996770
48.523850
53.339848
45.471116
53.559356
56.423850
52.672534
55.274102
44.420646
49.338979
50.086717
48.983213
44.456657
48.920246
44.272550
44.192000
42.113695
53.471178
50.694493
49.936783
49.013080
51.788278
52.035229
48.990770
51.064408
43.388134
47.346061
45.398573
48.204095
47.791316
44.147303
42.424621
46.759554
56.190816
50.428989
44.111402
43.308014
47.677391
45.095978
47.153983
54.189782
51.864958
45.675352
47.149121
43.592942
45.357563
50.150451
44.213261
47.527939
44.082685
44.824569
49.172775
46.253566
48.424792
51.954862
56.561116
51.054435
45.393963
45.472913
48.047683
45.493453
51.379483
51.034902
46.944480
51.889406
52.096916
51.897346
46.940764
50.756732
51.138033
46.861017
46.212266
48.072276
50.978475
52.696981
60.033335
51.650784
42.312649
41.996737
50.995680
54.044924
46.756280
55.818120
49.429959
44.898899
50.111992
49.193774
52.669717
48.556140
53.166373
47.923583
46.764786
45.676207
45.619817
46.910608
46.927383
48.786921
46.911120
46.140680
54.436034
48.118016
58.632390
56.905070
46.442658
49.969561
50.013964
47.377300
50.115549
52.286525
52.095456
53.192261
47.122226
50.450735
51.801949
48.768732
53.295461
52.418820
47.034092
50.300458
48.394244
51.455836
53.757149
49.264404
53.059446
53.937608
50.702740
45.775913
48.194415
46.996877
46.728690
48.480152
48.232339
48.594851
48.142987
49.362414
47.348316
48.606414
46.456525
43.934173
44.275310
47.983656
58.112922
55.061129
49.856424
53.340816
47.297859
52.507409
50.751681
51.461636
51.940245
55.920102
50.665457
53.603167
54.219414
56.546052
52.221266
46.927520
53.324096
53.824851
50.151078
53.619378
48.002381
50.219326
51.654050
53.539482
45.753500
46.664744
45.941638
49.556343
52.743832
49.706839
53.982921
52.054196
46.657549
48.162930
46.860028
53.215321
52.116963
48.703096
52.690713
52.840443
50.735570
46.300826
46.637984
55.318411
50.826475
49.801340
47.454764
49.331542
50.215675
51.084361
53.582699
51.237289
49.063119
47.983530
50.870111
50.616298
50.928401
50.861187
50.993135
49.090210
50.044015
46.006111
46.885277
49.016236
51.169208
51.809121
52.455053
46.828369
47.211044
47.408089
45.597286
55.002531
42.729499
49.270929
53.286564
54.429190
54.287041
50.322398
47.019818
47.222114
51.077347
48.544059
51.971276
57.473466
58.695804
57.112602
56.068130
60.367228
55.998271
40.175615
40.735552
46.122420
47.385029
46.199197
46.504513
41.537432
48.845453
46.914170
47.762298
46.921095
48.340290
47.957867
40.697700
45.116104
44.930421
45.341305
55.761115
51.877500
51.064514
48.010442
49.493549
50.087712
51.123697
57.845504
49.971133
49.972956
48.568015
49.016201
47.243581
52.802518
48.026251
49.876251
51.029596
43.510028
43.617118
47.673686
43.858538
54.379123
52.538624
45.895602
43.030647
50.591142
57.848268
56.013969
44.417035
45.155847
51.265358
50.446599
49.336363
49.965971
48.630972
46.011761
47.206403
50.346348
48.281267
52.741716
46.613018
42.495596
51.510626
54.930522
50.449324
52.054064
57.869605
53.435151
49.225726
46.296555
50.535001
48.587286
50.951187
46.648169
46.520596
43.079997
39.701535
50.834842
50.172021
53.284415
49.829515
48.261106
46.141122
51.454400
42.187970
58.781918
51.624891
45.968186
48.436170
56.188337
53.543512
44.678018
46.655721
53.523299
51.809000
55.391528
46.609717
52.617284
53.387211
51.602787
48.216073
52.310066
47.383675
47.456635
52.201065
51.832514
49.247240
51.702792
48.714393
50.537548
54.842003
55.650206
46.919323
49.234534
52.167797
48.418786
51.909430
45.324948
53.701676
42.425996
46.955625
48.715879
46.841785
49.944650
42.360242
46.836931
48.767044
48.835718
46.013691
50.234036
40.862136
56.733396
56.276078
46.758231
53.314490
49.555322
45.161341
44.515114
52.363590
45.031103
46.126883
49.433105
46.915410
55.113538
49.351691
42.855690
46.735745
48.263317
48.005772
44.624420
56.080790
58.199847
51.446779
44.285710
43.324166
50.717236
53.852182
50.892002
51.105373
48.474265
50.822807
57.935956
48.823250
45.165062
49.227191
54.688673
47.332687
49.355805
38.885368
45.232744
55.627998
55.048307
48.446676
47.489058
52.523647
47.448573
59.175538
59.930416
53.752019
44.591820
37.578075
39.422689
43.990247
47.338174
45.712659
48.816687
51.248725
51.192717
41.330490
51.726181
48.667185
50.980848
52.661947
47.558002
45.176804
46.498819
55.746085
54.257247
49.198361
53.398967
50.703622
53.612885
52.951834
55.169945
48.266328
50.439839
49.324054
50.175238
48.546811
50.228383
43.338939
44.782215
39.335848
47.668369
51.479473
51.392441
55.600324
49.803656
44.134680
47.504547
46.086877
48.566265
47.547163
43.932443
50.401018
50.328026
47.188915
46.767445
49.915172
47.531176
44.029797
48.943138
55.453957
59.130301
52.334622
44.996672
52.838221
45.333368
51.327289
51.752247
56.280487
57.103780
48.245413
55.419124
49.870582
52.387201
50.484075
54.636402
53.335340
52.890371
53.469534
54.120990
64.141917
71.710229
82.276570
427.802470
54.797303
48.989395
42.861451
48.346154
53.553423
45.635900
46.657409
52.200872
49.004244
44.296101
40.823057
54.405546
44.586512
48.706540
44.736258
44.415866
44.533096
55.992175
50.626306
49.020062
48.044032
42.039562
42.656083
42.205898
49.293134
50.043016
47.776731
45.529454
42.272909
54.400767
54.883251
42.093960
45.445733
46.605407
41.627899
43.098543
43.520167
43.845115
45.591247
42.637576
48.951217
47.643435
51.044013
45.531467
47.637152
40.332084
53.376180
45.376434
43.943215
44.480304
45.863527
50.698537
47.097647
41.799444
51.953427
47.432286
49.068480
41.624298
44.908985
44.717712
47.025489
44.250512
42.681747
46.195768
43.825648
40.617661
43.773736
48.016184
49.806955
48.745990
46.828365
43.317980
47.016066
47.171336
45.020023
41.900921
48.077128
52.929476
41.792633
39.864562
50.945798
53.967237
52.489475
45.596957
47.843548
56.751923
49.099408
44.335281
44.643379
43.704602
42.244552
47.686561
49.296978
47.543901
41.375536
42.699276
39.752754
40.354290
45.581772
47.142992
48.503247
44.190238
38.918251
40.683537
45.023368
49.440358
51.823694
49.058602
50.528156
41.197383
51.989204
55.651456
53.436097
49.697868
48.742577
46.433974
46.559928
53.693537
52.603213
48.428974
46.296285
47.063912
46.332766
44.681073
43.149716
48.769241
50.184590
41.816234
46.134014
50.278025
45.843305
49.087033
52.753395
48.899518
43.196787
47.434789
49.023526
45.880082
42.305665
47.345454
50.837171
46.690690
47.026630
50.280776
41.442538
42.240348
46.197980
44.596092
45.692175
46.629296
48.247044
46.576470
50.685727
46.099684
46.740237
51.822800
47.259709
48.650948
49.873578
52.564578
47.645510
46.681806
50.495714
44.139372
45.248746
49.797066
48.944249
52.224605
52.460460
68.448695
41.309746
44.840505
43.157667
44.842476
50.694876
53.591460
50.903739
52.238776
53.382019
52.576328
46.900624
47.543412
47.046852
45.216546
45.414786
45.999529
43.134942
46.083449
44.761883
50.703908
49.134481
49.446375
48.176647
48.958588
52.583462
50.607988
52.618946
46.049036
50.697180
45.341092
50.863065
49.228413
48.716966
50.740081
55.306109
53.879042
60.175655
53.944756
51.570557
46.909345
51.476402
47.596251
45.294102
45.980418
45.563764
39.263998
45.618384
48.116243
52.790387
55.171251
50.976654
48.236896
52.250343
53.781669
51.280083
53.034501
48.704944
47.177040
48.166260
53.300425
47.678128
46.030382
52.509756
48.054497
41.930942
47.706679
47.893143
44.810145
47.568834
53.877049
49.192042
50.280300
47.130521
55.892181
48.738288
49.318128
48.057496
49.520242
53.891824
52.006990
45.963746
45.498995
45.783777
46.795487
53.322440
46.321698
52.516412
46.759517
46.189021
54.086201
49.258092
46.036794
44.044113
48.285664
45.669038
49.669863
48.023208
48.589026
50.496910
47.551457
54.738068
49.868329
54.256392
48.074000
47.202089
42.283058
48.311444
54.038251
51.565547
51.628662
48.104573
46.574136
50.640773
43.114140
51.347639
50.591225
43.570801
45.229388
54.968574
55.597890
45.644979
52.862628
47.739611
43.035480
51.893815
52.537205
51.305928
51.554903
42.797540
44.006342
51.874698
52.617480
54.211763
47.755271
45.429439
51.980702
54.227582
56.182556
52.156590
53.454096
43.981511
52.260442
52.368463
57.377997
51.980890
50.067833
55.475506
56.844427
48.070917
44.853303
54.898397
56.455091
54.747272
48.643319
47.658373
51.271184
52.454896
50.828159
48.766559
47.348345
44.748688
43.716584
43.347740
49.605745
48.667952
51.908622
47.114440
44.075783
43.856849
45.778643
48.115853
55.479508
50.128813
51.365509
49.327733
50.333732
57.064900
53.368242
51.320100
48.576941
47.690793
45.610824
57.418562
53.051658
50.995460
49.394295
52.046605
46.917814
50.467017
51.246748
48.346769
55.444512
49.847250
54.390575
55.282157
60.351389
57.031490
50.178299
51.650772
51.449712
47.295227
44.423342
53.084405
50.441654
44.493903
50.141471
49.320371
47.189214
41.492444
46.581072
53.725524
49.133479
47.023274
55.796271
46.313067
50.429442
56.134278
48.366110
44.822903
50.769525
49.188857
52.163301
53.826766
45.419169
52.111335
52.583382
51.346273
47.356063
55.997217
54.774384
53.762689
53.084698
48.533044
49.253492
48.210229
48.205714
46.023997
46.866883
39.443835
50.067059
44.401107
51.160173
48.691836
48.643854
49.347472
49.506891
49.541197
48.869249
49.673374
50.730603
52.040548
55.169123
51.704064
45.065003
42.462203
51.408649
52.868046
51.438813
48.611881
52.453888
48.193811
51.218492
41.927103
46.780676
46.654884
48.469110
46.488350
44.645813
52.630112
51.682710
52.742290
56.030465
51.247349
55.802169
54.523663
48.219834
42.048000
50.125212
49.429339
53.649340
56.197444
49.343210
44.908396
50.827497
50.569516
56.278049
50.228804
58.311234
45.499780
49.302463
54.576021
48.766780
45.763556
45.800706
44.706529
48.079946
41.924061
43.712531
44.720862
48.059147
45.501114
52.194564
51.147408
54.417594
49.683409
53.050509
53.176671
48.628542
51.009153
48.811467
51.051344
54.748226
56.305221
56.451257
52.209285
48.475076
48.247515
47.135593
46.528862
47.666553
39.844191
41.995602
48.242009
49.508121
62.275728
62.730042
56.558602
53.597623
51.558539
46.928647
49.647436
55.300823
50.049874
55.625986
52.893547
55.258569
50.678678
46.582658
44.355827
44.308990
49.696874
59.006232
50.223997
54.918979
52.706060
50.305206
45.597415
47.439985
44.265328
45.278497
53.591032
54.346711
46.426743
42.126125
49.790068
42.183125
56.513126
48.584780
46.803235
51.617941
46.545121
42.932488
48.990869
41.221047
44.854936
49.237315
55.349800
49.746829
45.650807
51.252169
42.290553
44.916632
49.381959
52.019883
49.658978
54.658187
52.517661
46.751313
52.207336
50.101588
57.334933
50.870495
49.903845
56.163190
51.275291
50.475563
44.291400
51.991700
43.970313
44.841713
45.614097
53.134196
41.833767
42.261659
42.012331
48.648742
46.790038
45.229717
44.858638
47.747616
43.249658
45.339281
44.114182
50.032277
54.224791
47.063878
43.663238
47.907977
46.681994
45.774221
51.629948
55.172636
52.054721
51.213668
48.091502
55.570182
59.626405
61.021779
55.139690
53.840914
52.435401
56.209977
52.431446
54.206798
57.032747
59.852788
52.058589
55.060814
46.922131
44.213980
46.443559
47.706254
57.224546
48.653824
57.143439
55.269088
46.196937
50.208320
59.107574
56.014972
49.184133
51.434927
53.407906
52.730882
51.052292
46.551954
72.750929
47.622163
40.015605
47.039951
51.955005
46.800902
44.135433
42.609408
44.868727
45.214746
47.367988
47.554603
49.938907
52.117083
47.492631
49.047072
49.123686
43.092038
54.221060
53.557173
54.445333
54.616432
49.820640
49.362684
43.617173
53.302688
50.643934
52.661561
45.203018
45.077051
48.455453
50.000548
47.710330
55.425882
52.503026
51.319786
59.373551
45.455558
47.026889
47.250027
47.955070
43.130161
42.233180
43.615895
46.013443
43.494379
43.330360
48.555465
55.476552
56.284357
55.832399
55.543569
49.082455
52.478490
51.095170
52.342668
52.113104
49.279201
44.919149
48.627190
51.385975
48.579779
47.277091
56.491515
55.319330
47.412866
50.355615
50.898040
47.186194
53.778249
46.621077
54.663236
51.214011
47.361697
50.518492
49.180935
46.710274
48.287707
55.116050
54.060548
50.424995
51.838252
54.524552
57.374200
56.139085
50.991883
52.577826
53.796483
53.349457
53.922597
52.078557
52.961963
46.146922
47.389809
46.364697
50.081432
55.090616
45.943317
50.520128
42.597005
51.328156
47.858693
48.516049
54.484518
51.660758
47.100611
41.230325
40.593753
51.664681
53.737864
47.850057
49.299938
51.624842
53.953801
45.986108
52.800815
50.295727
41.848995
46.328661
51.121210
49.376113
49.178381
40.868318
44.882473
48.569728
50.633091
45.965861
46.023652
54.257356
55.460372
55.892499
49.665678
44.996786
47.713994
45.332414
51.877456
57.832962
57.296564
51.920913
46.275796
47.978419
48.000037
46.685752
45.355624
48.380909
50.736422
56.994430
55.928560
46.956151
46.929705
56.429938
57.005127
47.708524
47.517314
51.703576
51.464536
51.445710
48.990645
47.494595
50.329339
51.978708
49.446792
54.070585
60.490005
50.607755
44.541689
49.589800
55.666905
40.856226
51.335322
49.711871
47.582974
53.969120
56.269345
51.874373
54.572050
61.839912
67.079605
93.264622
236.905140
44.256215
49.625837
60.304404
57.502439
48.143572
42.281041
40.463549
38.081734
44.701815
43.612128
50.065548
50.306587
38.821111
48.910104
55.126359
46.456237
46.756155
38.388355
38.831160
42.171563
45.827891
44.024263
47.916792
50.797094
52.490914
50.790921
54.865651
39.036057
43.021625
56.034564
49.369211
38.336988
39.364244
42.737936
51.479305
46.346831
44.965856
50.669869
51.142644
50.991154
51.897299
51.945285
50.893025
50.645955
49.945436
42.725093
43.197096
50.022079
51.747119
44.889092
42.455424
51.434430
47.336605
49.985647
48.071705
46.424424
39.693175
47.360629
48.122296
43.318948
45.036346
45.101044
43.807824
45.223780
43.038017
42.413174
50.609499
45.476356
47.049669
45.946685
46.864230
45.696675
48.847068
45.540615
50.121231
47.721344
51.405869
51.114997
51.260248
47.528870
52.108301
52.969868
46.812732
41.885546
41.036973
45.990065
46.457084
46.045784
54.287706
46.987281
45.448290
42.978684
40.167934
42.467241
44.046296
41.366001
44.019878
44.070231
44.573198
45.363092
50.618144
55.916556
51.036492
50.684526
48.053445
46.598937
44.120926
47.012396
51.166684
48.802089
52.670031
50.638064
45.489720
46.234340
45.014446
47.512375
45.387710
44.276293
43.727528
45.863279
50.266248
48.287158
49.155363
51.136879
49.371211
48.394486
48.106657
45.999864
47.441420
46.470418
49.830045
52.563983
48.980103
54.708794
47.727558
50.817242
50.689802
47.231378
48.244254
43.514514
48.672072
51.344369
47.515898
51.696214
51.332145
55.756563
49.493541
57.041045
53.768275
48.338665
46.255001
50.235942
48.224297
50.955148
49.677178
48.965184
47.661180
47.982004
46.688718
49.872249
50.232869
49.735446
46.866535
54.166917
51.649441
50.451228
43.672619
45.529774
47.666168
52.581137
53.867809
48.143059
45.325877
45.599161
44.940586
43.327659
48.761933
55.095411
46.344721
45.221039
50.218442
47.971867
48.901651
51.059949
53.296716
49.669394
44.250821
49.734969
44.158995
49.720451
45.762373
47.213825
52.858089
39.975824
41.461341
50.636893
51.985057
50.473656
47.000747
49.125070
51.619380
50.513661
53.766914
51.110446
49.791781
53.527021
50.278904
50.604103
48.930125
44.757025
54.002580
50.916343
53.181820
50.487824
52.362484
51.573787
49.105236
49.219323
47.401431
47.116043
45.583700
42.627393
49.802124
46.409794
48.909821
47.584810
46.153339
49.719433
54.697837
57.879283
54.775195
55.849273
55.438548
44.970844
48.043325
43.560190
53.365486
48.958072
47.737818
53.667741
48.958745
47.472716
48.059581
48.516265
56.716385
48.790968
51.697260
47.614763
53.368161
52.635177
53.598895
49.861753
45.305458
50.056317
54.288071
50.797407
50.729569
47.277622
54.391989
48.594681
48.899177
46.554437
49.237879
48.103118
45.356978
47.914759
49.214773
48.216809
48.199516
52.244638
51.313519
53.102193
53.512715
50.434332
55.639144
52.019381
47.372134
46.131843
43.501236
45.418253
46.884872
52.602329
48.406589
49.636619
49.508212
46.636090
45.618284
53.888690
46.748420
50.595123
58.114678
55.790707
49.881163
47.534844
48.585940
50.941756
48.606233
44.491829
41.822705
47.281450
46.006254
42.363011
47.761992
47.492557
45.192138
51.830479
52.916334
57.517214
52.246650
51.330434
50.002367
48.974911
44.774452
47.418142
43.351667
41.651081
38.986232
43.335152
41.133412
46.837783
51.159111
52.532385
51.195352
48.217221
47.172146
45.932599
40.612574
46.080291
47.008181
52.177767
48.197454
48.385210
46.511574
42.116889
43.062854
45.390796
52.836623
49.879616
48.532467
55.359494
44.296130
49.378028
47.855039
47.385721
55.679145
46.890423
51.324893
44.899059
50.112812
48.051095
45.551962
48.598760
47.804883
51.145091
46.097747
49.696030
50.688632
48.299675
49.674706
52.708152
53.761152
48.338240
53.663517
52.805749
50.373955
47.974108
51.134682
49.456881
51.279026
50.936470
51.880668
56.900252
52.961751
53.034605
48.370496
50.129161
46.511101
50.096781
47.920002
49.278828
51.057268
46.906090
48.592126
54.443166
50.371758
46.220189
53.501662
51.182996
53.417288
53.003327
46.120694
46.673330
46.084643
48.143238
48.050312
46.862961
45.690796
44.641888
47.653644
44.698697
48.532041
45.413341
48.590521
50.724357
55.237446
50.656445
48.126219
46.286441
53.584751
51.405016
54.254522
50.700988
43.480216
46.885954
51.348402
49.965938
48.736759
49.497856
49.951527
56.052297
48.178010
49.189873
50.904019
48.587863
49.065323
46.236211
45.141024
44.477450
47.213248
47.369521
48.839188
52.039228
48.781610
47.076524
47.557399
53.035349
54.047463
51.295625
50.889463
57.091133
56.011250
49.281621
50.584883
53.775282
52.995641
49.845285
48.849607
46.170531
44.849478
45.662083
46.960966
46.879059
50.943786
47.004933
53.152769
49.499369
50.522157
49.767998
51.184911
50.925286
44.071551
50.140923
51.964368
48.114601
51.685941
51.580936
49.673489
49.740382
58.580349
52.767154
50.521374
48.211952
42.947944
47.055330
54.229205
48.728649
47.480061
53.295605
54.164728
53.306576
47.293406
53.686457
55.553515
52.246499
50.934351
56.594639
51.095394
45.869849
51.062625
56.608220
53.646295
42.791829
45.212971
51.117549
54.579383
52.594089
45.806486
50.480074
47.088922
53.710093
53.425200
55.219192
49.607399
57.621541
53.028790
49.951590
46.828711
50.764624
47.037324
46.143528
50.613551
53.422592
45.157677
53.391013
53.046654
49.600593
50.516142
49.141070
48.853816
47.512845
47.860967
51.938471
48.305057
54.820353
52.255042
44.736744
42.679954
47.710658
51.747116
61.069573
48.324653
51.345045
41.385577
45.041244
46.818092
51.206748
55.548680
51.399043
54.767513
49.890060
47.524523
46.178381
47.942603
44.833870
46.788744
48.348013
45.743131
46.900020
42.591582
46.412761
44.803762
47.300439
47.381346
48.003264
45.373967
54.328355
46.935772
43.104208
45.790122
41.031586
47.933852
49.140119
44.591074
50.596656
51.633004
51.288108
51.758780
54.201322
47.607340
49.366740
52.099336
46.451921
48.527025
47.528508
45.209292
49.463869
45.361333
50.057602
50.617896
55.425801
50.637254
50.474819
47.424419
46.995421
54.037328
52.859413
55.234831
58.816058
47.475029
45.869303
45.807962
43.890879
45.135471
43.242474
49.798613
53.934637
55.066299
47.878839
46.624876
45.238744
45.687272
45.164759
51.427589
45.418681
49.202273
54.066523
54.893182
45.999701
46.388098
53.215436
51.372170
54.706224
52.363902
54.237366
54.036947
54.946897
46.349334
52.507223
51.778795
58.101811
46.404216
48.058998
49.398433
48.646981
47.819495
53.989145
54.881109
47.430412
50.505979
54.327489
46.330017
47.406973
61.020089
54.647215
49.242837
46.892484
43.007280
48.057300
45.981157
45.523275
49.631355
48.158177
45.659941
51.665673
43.876403
45.029889
52.810894
54.575167
53.738463
52.588583
50.914312
53.629599
50.148988
50.656406
44.959529
48.731084
46.522315
49.128417
45.428563
52.245680
45.373371
49.415002
50.508385
51.039909
53.783095
49.575079
52.021363
48.572003
56.567887
49.372120
55.282998
55.207356
47.612977
44.632211
47.124443
50.087712
42.731696
39.739133
42.899382
51.578663
50.407284
46.034100
46.393740
50.751785
49.457647
55.776683
47.255436
45.188260
45.664889
40.620933
50.010235
51.016067
44.832268
49.239496
53.488313
51.733653
50.798478
45.818706
57.059155
55.665994
52.696909
49.307361
47.423718
48.383954
45.794609
44.333403
46.418863
49.503850
54.231947
52.602539
50.048665
46.579079
52.333269
54.706028
48.820685
46.531442
49.797689
49.782705
51.391448
47.774319
53.708318
48.628481
53.683425
47.389551
48.510041
44.879139
53.377384
47.407499
53.303772
52.248901
50.455369
41.761569
52.554621
46.491927
50.884297
43.691981
50.296464
55.022799
55.108224
53.402669
51.624702
54.974664
51.108646
54.687086
44.145955
46.352621
47.978832
55.010394
44.081593
49.254763
45.473501
49.842825
46.633155
53.472823
50.116946
50.487896
48.700336
51.614885
56.686465
51.284864
50.960676
55.469260
53.173191
56.957118
48.133908
48.620110
42.950755
48.663915
43.018584
47.057246
48.076673
43.696240
47.660822
54.077854
51.513199
51.270597
51.022765
43.246530
50.320489
53.319829
54.587436
48.485040
51.242907
53.311606
52.680245
46.077432
51.067742
48.880720
51.697382
63.772003
64.664136
63.519010
60.010962
66.762917
63.440020
78.891698
91.232357
172.302966
872.622987
54.240759
40.796672
41.904307
49.631796
44.266153
41.451897
44.558268
50.407820
47.214057
39.574421
42.609811
44.692786
49.130997
43.934567
46.367042
46.531095
45.477055
41.513876
49.794561
52.943064
46.524515
39.147288
47.981936
37.544540
38.295588
41.434835
49.843558
41.165293
36.416091
51.209164
45.724044
48.330508
49.578262
41.296974
40.618237
41.467175
48.114232
40.993803
41.805518
40.154161
42.661662
44.269855
42.907766
43.671514
47.545309
49.470123
45.744135
52.332184
54.438705
50.496079
49.173104
47.317615
44.120126
43.604894
47.344708
46.209390
40.846989
47.156843
49.551858
43.904703
43.605472
49.004686
50.040139
47.144224
50.163126
47.792912
51.895048
44.832993
47.676658
46.871293
47.988543
49.640208
49.636891
40.256117
44.302988
44.728744
44.757061
54.271431
46.944605
49.608565
47.877591
43.163382
46.593619
46.695470
44.494486
46.206138
46.974821
49.030822
48.702524
44.087690
49.192493
44.337275
44.382621
40.728942
40.080179
49.188704
51.716261
51.240291
50.205586
47.897963
40.725773
42.629882
42.327917
47.941661
48.840511
47.408775
43.121965
41.808078
44.082758
45.206822
45.329288
47.307728
49.932760
43.925195
46.105181
47.130986
41.658856
46.811255
43.704904
47.335943
53.539943
47.221200
45.877579
43.845497
46.707236
42.794930
43.150643
51.522142
50.770238
50.642538
47.484103
54.682883
49.474309
45.333434
46.537741
48.085894
50.536354
42.700797
44.312405
45.409819
43.297733
46.206769
52.762992
47.718031
50.127572
48.526834
52.395307
41.938793
42.695321
42.910033
43.473183
45.366595
48.250410
43.610530
45.196974
44.474929
45.289674
47.642370
48.241512
52.866527
49.307225
53.784643
47.396648
49.492022
48.669149
53.124986
56.569457
56.611517
52.878744
51.810665
46.007801
45.156255
50.754824
46.059439
43.589759
49.303384
56.685418
47.907495
47.087174
47.227649
50.185977
50.053794
44.114353
46.468707
53.028992
47.989620
48.685963
49.549844
50.533464
48.092602
46.156174
44.245399
50.416092
52.851327
49.696186
47.713304
49.149705
49.756207
45.222480
42.995032
42.221490
45.444846
48.571768
53.619216
50.727439
47.148224
49.374530
46.725201
44.366391
54.061448
51.212954
49.806375
47.833292
48.182827
48.223722
48.062027
47.227350
47.688559
48.448087
49.359151
51.533142
48.876248
39.266136
49.943646
50.055528
48.930419
48.258182
57.754982
57.355833
45.596749
46.420850
44.751759
49.625501
51.553428
46.971966
44.612028
49.405058
50.542055
49.425393
51.988438
47.500983
47.978518
49.706755
58.482451
53.293960
47.851947
56.959718
50.866917
51.347093
47.670667
45.535691
48.296543
50.193293
48.297670
47.806058
42.188474
50.405680
44.094440
46.826093
44.611378
52.263076
51.569313
56.375187
50.394680
48.184229
49.140104
48.091500
44.794241
46.132983
50.902194
54.880329
53.668660
50.117957
49.644051
56.542872
51.362255
52.479836
56.076133
52.179608
50.986288
46.155311
48.683177
50.837791
48.509572
48.488973
50.697972
48.853797
50.311503
47.797963
47.668777
44.211573
43.783497
47.608555
56.010543
50.702538
49.974531
51.812968
48.856699
47.470163
51.856925
49.443795
48.070799
48.135708
54.408667
54.445351
50.999427
56.500075
60.795022
53.741774
52.142552
49.764098
44.302566
48.739570
48.697163
45.330816
45.765828
50.139386
53.431900
56.107797
53.461336
53.908295
52.245433
51.258323
53.933538
49.755445
51.372821
51.045703
53.858983
51.799668
58.224257
56.590449
47.878720
48.356363
49.980566
51.357632
52.890821
52.730454
55.062139
51.350854
49.550418
53.480953
51.681443
58.744293
57.514867
48.380489
44.893427
46.555123
50.080696
51.462214
52.068871
51.030211
48.568457
48.026210
48.180869
47.462488
47.321428
42.313616
42.661339
43.465192
43.794151
42.130908
48.671411
49.324369
44.316278
50.660370
51.163422
46.791502
46.006926
49.702600
46.867137
42.646021
53.505420
52.599423
52.926098
51.404825
48.621501
52.857637
54.119161
48.474698
47.036068
43.030544
48.086700
49.058765
44.545574
41.525027
48.428984
46.005216
50.738711
50.965719
50.073709
40.660771
47.048826
51.509377
52.112906
52.737986
59.866515
57.111528
53.641169
44.401647
46.670905
46.894073
48.762510
49.771551
45.285223
46.655343
55.111368
52.523075
51.589817
50.743744
58.704307
47.973349
53.217774
48.472795
49.760104
50.975811
61.901041
51.061726
50.473765
49.645089
47.569629
45.560534
47.674631
52.365206
51.444889
51.802517
46.412621
50.764617
46.720684
40.949515
43.780619
54.276345
52.125804
43.662824
54.463195
58.471573
49.486156
43.469604
50.800542
46.361147
57.756424
58.978356
49.279100
42.914765
50.831574
44.191320
49.551070
54.350855
47.480052
45.472091
45.424102
46.910849
45.607835
53.221633
54.683743
47.768766
52.392992
54.539615
50.721541
50.937238
48.654085
47.302746
49.576779
55.642311
50.199799
49.306579
53.882864
54.785397
52.072747
46.834815
49.656760
43.407707
46.113741
44.356589
42.915678
44.631803
41.557756
52.628383
52.914719
52.337097
47.694882
55.859578
54.218350
60.293991
65.495342
52.289282
41.739176
47.110643
50.992965
49.473087
51.260674
49.409084
48.810581
50.194773
54.551740
51.355293
47.487590
44.178452
48.501523
57.205186
46.443034
41.489818
50.275123
44.087233
51.211989
56.412710
44.841096
49.708678
51.313964
45.729313
48.378085
49.809503
51.735466
49.466806
44.851818
51.010565
53.654490
42.624745
46.197609
51.747229
44.967998
45.295874
57.201025
54.803504
53.216787
47.687640
46.604199
46.574439
58.902289
58.092817
49.350097
50.689901
56.092333
52.697954
54.447926
45.656710
52.409481
50.011705
47.898348
52.537149
53.135504
50.212206
43.897973
46.206736
46.910798
53.549901
54.945562
57.768231
55.775542
55.568142
53.636597
49.861922
45.375264
44.740256
40.793449
46.074286
45.051445
55.279499
52.597767
54.507592
48.787232
49.221899
49.484506
48.725808
46.862303
45.937743
46.221229
45.392314
48.715221
52.099149
50.125376
48.177668
50.297318
51.993254
54.445488
49.274733
43.019885
48.436605
47.730583
48.271566
45.480506
46.685330
46.547577
46.031344
45.845864
44.822042
43.704912
47.129803
45.582333
46.713714
48.415583
52.045610
54.043948
50.316938
44.570206
51.392926
51.046026
48.712887
52.364575
48.386722
56.594548
53.133065
50.105050
50.209874
57.914100
53.274551
55.998618
54.519494
49.472708
44.576697
49.689152
49.340629
49.871716
60.722126
53.532043
49.213727
43.024178
48.068079
44.310198
53.781067
52.444183
46.511767
44.176411
48.569682
55.254201
46.824421
46.026012
41.795769
47.100254
53.011407
47.647817
51.807740
45.227281
44.819241
46.011023
40.359697
51.812083
46.116703
45.519783
43.885467
49.092419
46.397631
54.110336
55.206148
57.668009
48.837899
50.646503
48.505012
53.359811
48.497539
46.678634
47.462321
46.246234
48.926637
46.491178
49.383139
45.107209
40.353627
47.633312
47.856682
57.752841
48.967243
53.289018
53.781885
51.229958
44.325984
46.295604
49.896637
46.099528
45.224944
47.119719
55.562194
51.321864
46.476978
55.102388
48.248166
45.361154
48.692714
51.008118
52.048899
54.972572
54.602438
55.395835
52.995977
57.273217
56.995261
57.709069
50.038114
44.818128
47.103136
47.852080
55.762358
52.394257
46.486909
46.311849
50.661654
48.943428
47.158505
47.435685
48.386759
49.740142
51.432652
49.386624
51.819108
50.195201
55.214293
49.906595
51.357965
50.027733
52.586156
49.277791
55.341997
50.534812
52.633585
54.245014
55.088006
45.470811
51.195344
48.707703
51.432258
48.364370
52.681631
55.649058
51.630146
46.623748
48.669632
46.827855
44.331055
54.950740
44.061737
46.405220
50.001762
53.368930
51.939883
47.914259
49.047884
47.437487
48.433708
50.052848
48.645524
45.663842
48.717083
56.193796
49.438562
52.359817
58.406317
52.630140
50.729650
50.943698
47.379416
45.686044
50.500854
51.304556
46.667753
50.565908
51.267421
47.447918
49.193187
52.183838
48.649753
49.332749
50.390521
49.256705
51.176526
52.847284
43.323623
54.636938
50.907856
46.424774
51.288510
49.934895
46.947562
53.707079
55.620680
49.587529
45.889026
42.199156
45.411583
44.772187
46.826952
49.020984
52.293078
51.400662
50.375737
49.794805
48.559386
53.182041
50.928206
53.829198
47.898080
52.435713
48.377087
46.759364
54.713702
68.861115
64.807235
74.952548
75.477793
103.745928
