50
129.750273
135.131669
136.579839
136.628294
136.988204
139.647003
136.561862
136.786645
137.005599
136.792033
136.709195
139.275193
136.474296
138.148906
137.044994
138.701962
136.462673
136.472060
136.542760
138.669595
139.782281
137.097157
138.407220
138.090327
136.873964
136.602609
137.585165
137.543135
136.056087
146.810925
140.702233
133.844089
137.029501
136.824439
136.824361
136.773233
136.733225
136.917742
136.999145
136.890241
136.845447
137.078883
138.665240
136.757874
138.275898
137.388168
136.831279
138.745829
137.060100
137.101497
136.655270
142.022207
137.063133
137.016297
142.857320
137.038548
137.537283
137.126476
137.133338
136.947190
136.753660
138.780672
136.823195
136.567231
138.125481
136.054750
136.294070
138.262260
137.580257
138.805462
136.951703
137.203762
138.653332
136.557744
138.438041
136.653203
136.649731
141.339259
136.465045
138.382230
136.388260
136.374860
138.180247
136.520580
136.589615
138.719523
136.847580
136.724254
138.487082
136.620031
136.607250
142.045872
136.118079
136.253855
136.196289
135.988401
136.001488
138.351760
136.915061
136.951912
138.874050
136.858466
136.623763
138.663065
136.586598
137.037070
138.053599
136.645050
138.424007
137.018132
136.906262
138.515828
136.248882
139.727264
136.180637
139.335734
136.048277
140.140695
136.183729
137.638802
136.642901
135.958013
137.191150
136.918780
136.034598
136.588173
137.654001
136.167862
136.294945
138.008957
135.940116
135.971572
137.949146
136.111926
135.994722
137.250868
136.648576
136.096604
135.984324
136.482602
137.520504
136.060237
136.258897
138.098129
136.261012
137.682889
138.755173
152.867803
136.411809
136.307499
136.423517
136.407267
136.275919
136.309786
138.103252
139.342298
136.176349
136.632446
137.932185
136.611203
138.169106
136.836646
140.408372
136.878941
136.642439
138.018638
136.153610
136.150336
137.334248
137.226728
137.399010
136.367038
136.287379
136.337071
136.318689
138.246181
136.813215
137.153816
137.658524
136.078943
138.267309
136.119312
140.486041
137.217085
137.305032
139.143645
135.995903
136.149346
138.066132
136.123527
136.255427
138.098448
136.053335
136.197749
138.295293
136.290005
136.186683
138.194443
136.103948
138.030776
136.251729
136.159772
138.264329
136.107787
138.083770
136.174427
136.148161
138.186595
136.240835
138.203818
137.976383
137.094830
137.282759
136.163913
138.191950
140.728582
137.958635
136.220767
136.212752
136.185665
137.300180
137.153838
136.207398
139.575288
136.456233
136.041651
136.221094
136.290053
136.254407
136.047810
138.350075
136.401676
136.171283
138.183647
136.160030
136.681381
137.694066
136.098078
138.740808
136.228945
138.965258
136.209702
136.139550
138.302033
136.202690
136.242260
138.410696
136.335150
136.425319
138.398687
136.491595
136.621067
138.065952
136.393571
136.543174
137.691497
136.299648
136.128432
136.111214
138.170702
136.239072
135.988265
138.294886
136.205638
136.130382
138.208109
136.172307
138.847442
136.335244
136.279075
138.207274
136.050522
136.195222
138.320361
136.204464
136.144110
137.881909
136.375864
136.268964
137.941334
136.263717
136.107755
136.363102
138.156235
136.144785
136.196115
136.087940
138.029489
136.226700
136.950320
138.234847
136.254921
136.279433
137.492523
137.095556
136.530939
136.273443
134.231070
136.439584
136.623080
136.531264
136.455172
137.204211
137.909359
137.412224
138.557828
136.514077
136.661668
138.541753
136.467342
136.567749
137.886760
137.365494
136.464030
136.708417
138.522282
136.522629
136.501109
136.453116
138.481408
136.203063
136.333362
138.214863
136.144068
136.268343
138.084357
136.292347
136.200404
137.498925
136.873306
136.178200
138.258203
136.319086
138.350900
136.164881
138.390429
136.382439
136.484412
138.515434
136.441244
136.417070
138.502213
136.359561
136.292679
138.506355
136.326532
136.408635
138.415894
136.434842
136.388940
138.229570
136.429231
136.326080
138.536513
136.479215
136.497570
138.345456
136.486628
136.284405
138.282457
136.302917
138.322683
136.249441
136.220368
138.156082
136.074707
136.262024
138.156972
136.363134
136.169148
138.279244
136.133223
136.336427
138.232667
136.381940
136.189908
138.348145
136.483078
140.191636
136.460843
136.394286
138.765524
136.494042
136.473688
138.368522
136.453825
136.386076
138.659934
136.305637
136.463921
136.301253
138.349435
136.338666
136.437255
138.406893
136.845832
136.633661
137.954375
136.394670
136.859606
137.687471
136.130058
136.117623
137.351420
136.766024
136.103233
137.227471
137.262392
136.279773
137.663330
137.780829
136.343941
136.171751
137.179116
137.045792
136.154191
137.893828
137.769116
136.334881
138.655115
136.194917
136.221377
137.650980
136.451109
136.191653
138.190317
136.140452
136.228624
138.026260
136.229955
136.347290
136.711102
137.691183
136.196470
136.151023
139.171645
136.234305
136.328598
138.244872
136.221543
136.441251
137.908985
136.477165
136.220691
136.223141
137.136121
137.484134
136.176820
136.110922
138.199376
136.074419
136.153682
138.281173
136.239211
136.538858
137.763097
136.534266
138.194407
136.630871
137.031269
137.374884
136.339624
138.143925
136.358482
136.109731
138.185249
136.077514
136.864132
137.521431
136.088067
137.749191
136.577805
136.088464
138.080593
136.001545
136.396363
137.790928
136.160351
136.893863
137.465533
136.192861
138.139590
136.128949
136.345562
138.238500
136.412336
136.206245
138.140341
136.055042
136.069543
137.991021
136.406232
136.228767
138.781497
137.760604
137.823479
136.060722
137.660380
136.519499
136.077342
138.173201
136.032103
136.124214
138.160605
136.087023
136.945968
137.554775
136.121579
138.122043
136.113271
136.341388
138.124861
136.162179
136.026120
138.128388
136.038354
136.240863
138.235886
136.358692
136.288510
140.148208
138.323228
136.669240
136.316983
136.324926
136.137014
138.284244
136.491893
136.340603
138.076793
136.508918
136.200148
137.245282
136.788508
136.053767
137.214093
143.822472
136.388006
138.115156
139.277451
136.150799
137.406765
137.148059
136.158125
138.155714
136.119634
136.877690
137.421044
136.183765
138.465641
136.227030
137.820030
141.661258
136.326785
136.052839
136.314573
138.220616
136.494360
136.293634
138.331132
136.243868
136.292319
138.181555
136.256435
137.574690
136.666290
138.629073
136.319626
136.551181
137.338811
137.007304
136.252140
138.265451
136.173823
136.229135
138.247658
136.214719
136.020802
138.176524
136.220686
136.316262
136.041919
136.267461
138.918859
136.241703
136.429109
137.070492
137.505083
136.755612
137.878408
136.102211
138.621152
141.147115
136.193778
136.292467
136.131472
136.382654
138.425340
136.044442
136.551855
137.799671
136.133930
137.825268
139.478488
136.055906
135.978527
137.577776
138.448884
137.487619
136.221869
137.458342
137.479983
140.971215
136.428112
136.481758
136.396874
137.953438
136.050941
136.185998
138.111359
136.203903
136.170261
138.246401
136.187142
136.278643
138.117853
136.197586
140.677816
136.171562
136.251015
136.664173
137.560406
136.127351
136.562920
140.209729
136.180680
138.240563
136.214250
136.270959
138.250969
136.242609
138.447574
136.302692
137.138535
137.434118
136.232722
137.465653
136.920008
136.297888
137.311397
136.656447
135.756769
135.775943
136.169705
138.047163
136.183822
136.194677
138.048737
136.094615
136.249220
137.760782
136.627761
136.111076
136.083253
136.463806
138.015450
136.115464
136.233892
136.107933
136.162434
136.949778
137.462094
136.360263
136.321060
138.206513
136.061863
136.265168
138.160784
136.505344
136.078214
138.214107
136.087863
136.074001
137.992400
137.180564
138.471628
136.476510
136.762409
137.858634
136.405297
136.313577
138.475985
136.426145
136.275231
138.320558
136.515180
136.619960
137.931659
136.894703
136.716366
136.706106
138.180181
136.863547
136.474455
138.560030
136.604301
136.552271
138.110238
136.888550
136.647407
136.474281
138.087039
136.586304
136.305669
136.346969
136.597040
138.291679
136.576212
136.451280
138.435852
136.467869
136.112413
137.897093
136.411934
136.071677
136.148499
138.170187
136.420554
136.267476
136.173293
136.239386
138.158726
136.224547
135.906121
138.044422
136.112052
136.067414
138.134722
136.160017
136.322570
138.094546
136.305084
139.058150
137.593479
136.346947
137.787073
137.055309
136.595928
136.515298
138.431785
136.359671
136.284069
138.424572
136.342161
136.556674
138.489847
136.314478
136.341826
138.304483
136.307275
136.689600
138.138783
136.517051
137.116015
137.889947
136.316884
137.510442
137.218037
136.951271
137.854683
136.901332
138.623796
136.413199
136.537504
138.269912
137.093503
138.263338
156.028320
155.626884
135.994809
136.062646
136.103622
136.192996
136.241449
136.487456
139.238795
136.234181
136.067668
138.089682
136.330613
136.318254
138.102191
136.096269
136.207348
138.223691
136.235467
136.333050
138.255253
136.278643
136.225063
138.296613
136.313732
146.565381
136.306400
136.184117
138.673340
142.039272
141.753735
141.823659
141.739497
142.623694
143.053308
142.063784
144.213059
141.564633
141.912254
143.905223
142.020745
142.212884
142.290627
143.238023
141.868031
141.855319
144.215460
141.457376
146.184928
143.987043
142.545803
151.964881
155.752541
141.756403
142.909222
141.343335
141.396106
143.378431
141.587105
141.886494
143.621940
141.622055
144.674670
141.857990
141.493732
143.142855
141.915327
141.661365
143.208432
141.948221
141.546673
142.340931
142.605340
141.532142
141.777933
143.231115
141.627629
142.251758
143.253571
153.571157
155.587189
148.774002
141.771414
156.770021
156.066134
156.761203
143.142726
141.573876
142.614209
142.094285
141.673854
143.610569
144.651734
140.789049
143.061937
141.273946
141.377523
143.271925
141.306914
141.241640
143.098792
143.164621
155.544947
145.478196
141.040102
142.834161
143.431133
141.479819
144.580976
142.139070
141.852205
143.666758
141.868981
141.932972
143.783591
141.834572
143.032749
142.468801
142.226854
143.781951
141.733548
142.345913
143.284402
141.852608
143.747209
141.903883
143.859951
141.697336
143.748114
145.485137
143.405604
143.097947
140.970468
141.207391
143.033233
141.235112
142.613380
142.142166
141.482487
144.139595
141.616389
142.181332
142.891052
142.009287
146.062785
141.518871
141.785312
143.826376
141.974470
141.971898
143.794322
141.955152
142.205586
143.798682
141.880854
141.537343
143.701498
146.741389
155.004530
154.899912
152.615477
142.329582
142.996053
141.971437
143.856518
141.882678
143.152563
144.014971
142.099473
144.229057
142.502184
141.979650
141.974336
142.130141
141.978123
141.857290
141.642329
144.763593
143.182609
142.871774
142.317236
144.696377
142.228201
154.186081
151.778590
143.221355
141.235409
152.715643
152.015686
143.187838
149.877411
155.557538
154.792260
150.065705
142.634952
142.258424
144.014976
142.339482
142.394812
143.113948
143.651854
142.498021
142.818006
144.125689
142.475124
142.272183
143.985338
142.151254
142.104419
144.025222
142.151123
152.700394
154.978444
150.335888
141.364004
143.986638
141.570773
141.738911
143.669840
141.775094
141.643118
146.885349
154.661410
154.590997
154.549206
141.063655
141.950170
142.985694
141.643748
142.804608
142.280210
147.060577
157.040190
156.881015
148.093020
142.409312
142.730134
141.759000
143.909479
142.032941
142.098833
144.024480
145.840859
142.166954
142.650375
149.663540
142.215749
143.905013
141.811329
142.503764
143.991924
142.865683
146.116122
142.509302
142.720863
147.217439
142.458882
141.938280
141.823674
142.128972
143.344864
144.227780
141.970131
142.486943
144.415948
142.439502
142.580265
144.155541
142.192220
142.385053
144.348635
142.467837
142.502635
151.162657
153.947396
142.836488
141.594783
154.830572
142.282777
145.543434
141.643032
141.852058
144.012953
142.072047
142.056957
142.894594
143.186603
141.664504
142.285146
143.313333
142.821662
143.816676
141.721009
141.893436
148.883698
143.432369
142.054131
142.043418
142.319840
142.327624
143.879637
154.153070
154.280763
155.016443
144.886384
143.310963
142.119727
145.003421
142.176436
142.408981
142.040943
144.042035
142.059823
142.082459
144.145195
141.881495
142.017137
144.059828
142.544747
141.710527
143.656715
142.073799
142.140525
144.036299
141.763599
160.069277
144.387848
141.734211
142.217553
142.252499
144.541331
142.375326
142.508996
142.363112
142.552275
143.935574
142.347445
146.098249
141.328774
143.993923
142.229117
142.139435
145.517661
155.154802
155.459729
151.958229
146.597232
141.304567
144.681280
141.623056
141.704015
141.925354
141.809340
143.869843
146.714231
142.475079
142.358824
143.915434
142.438580
144.257270
142.426425
142.398785
143.478344
142.611048
142.228256
142.195094
143.988968
142.084810
146.528077
142.292944
142.449347
142.163702
142.182295
143.493540
142.841644
142.148004
143.573336
142.924120
141.939535
144.362511
142.322119
142.405988
144.425334
142.282304
142.161938
141.974354
144.080807
142.109277
151.268536
154.889262
155.260712
155.148324
150.663972
144.455835
142.567728
142.736417
143.895447
142.310684
142.143060
144.018354
142.022754
148.624823
143.521859
141.649220
141.968914
143.933350
146.349054
144.198870
141.446916
143.595777
141.849805
142.020739
143.174738
142.854223
142.211423
142.275719
144.284364
142.177093
142.169387
144.031084
141.933798
142.114579
142.073453
143.961398
142.125561
142.045161
144.252544
146.262047
142.004375
142.510435
143.265494
142.573845
141.925425
141.677809
143.652968
142.128724
142.274490
155.546334
155.146278
155.912719
155.941140
155.917441
156.538254
156.566639
156.129829
155.909581
156.359139
144.070679
142.116967
141.914019
153.334975
155.752016
155.983668
155.787385
157.228778
156.205787
156.220537
156.008161
158.229956
156.275106
143.311326
141.635453
143.543008
141.936025
141.986007
144.160923
142.487119
142.417443
144.149851
142.004990
141.996603
143.687197
142.439242
142.020287
143.098217
142.966671
142.167369
142.326496
144.660959
142.607568
142.622153
144.223277
142.242508
143.089967
143.686903
143.380112
142.298757
143.690862
142.956106
142.388162
143.102522
143.241438
143.963234
143.624397
141.805439
142.204894
144.104399
142.276225
142.348059
144.253414
142.155377
142.100895
143.807886
142.235779
142.094538
143.569576
141.986044
141.733427
142.403458
143.443822
142.233743
142.649860
143.809129
144.462870
142.130384
142.154636
142.195426
144.933861
142.448700
143.007957
143.557411
142.381436
144.364555
142.201681
142.328403
144.302933
142.242289
147.510967
142.181673
142.272912
142.135723
153.745868
155.152967
155.181617
156.923487
155.442102
154.963358
154.121232
148.652836
143.793948
142.047988
142.336989
144.262628
142.312186
142.320332
144.193879
144.024273
144.965567
141.635105
142.544706
155.173739
156.529849
147.558062
154.153729
158.479088
151.678699
141.252037
153.566499
154.549213
156.688355
155.195726
155.388794
154.825814
148.249144
154.983135
155.253606
146.938427
141.696372
142.590993
144.660102
142.354625
143.669025
142.681926
142.029051
144.132417
142.321103
142.224114
143.248025
155.368650
154.985910
142.866431
154.757676
155.522800
155.848875
146.732535
143.440774
147.750894
143.547564
147.469342
141.876352
141.903211
142.336028
144.051720
142.629405
142.381810
144.075316
142.388738
142.059312
143.864319
142.136891
143.404328
142.947693
142.341041
143.893701
142.876475
142.474663
143.442950
148.946677
156.154934
142.760579
142.247218
144.223032
142.214928
142.314511
144.279798
142.358856
142.411769
144.334148
142.359977
142.110923
143.536677
143.065494
142.324509
143.965245
142.454220
142.206277
143.967112
141.879458
142.222899
142.964958
143.914177
142.503684
142.234243
143.964530
141.978190
141.988237
144.069028
141.816600
141.995528
143.407103
142.323348
142.078507
142.314235
144.307922
142.370606
142.168205
144.319028
142.300076
142.345428
144.739834
142.268849
142.141180
143.787784
141.743382
142.074357
142.722121
143.497834
142.148178
142.453489
144.222790
142.069108
142.122316
143.417147
142.594197
142.302479
144.443401
142.378118
142.332431
144.205521
142.603351
147.410475
155.133420
156.453434
141.428349
141.657632
143.888009
144.634411
143.937992
141.563221
143.328729
142.721134
142.117420
142.191066
144.225801
142.258852
142.491348
143.923480
142.290829
142.217999
144.113385
142.300987
142.378470
142.250278
144.345861
142.227814
142.312612
143.713941
142.958220
142.452062
142.055393
144.385098
142.458309
142.443541
143.469567
143.335180
142.338565
141.988288
145.314949
141.951963
141.951856
141.802879
142.723284
143.317424
148.680575
155.468498
155.422695
154.357387
155.169463
155.752971
154.890787
152.885246
141.640773
141.930951
143.999344
142.175375
142.080906
143.967514
142.187353
142.025853
144.085376
142.279484
142.267823
145.130070
142.649084
144.152616
142.181286
142.207364
144.315507
142.288364
142.374102
144.394595
142.072649
142.386451
145.561953
155.864880
155.416193
141.496102
142.985633
142.493155
141.825007
142.768989
143.205303
141.837028
142.933411
143.050812
142.048904
142.551497
143.983178
142.109760
143.396288
143.170695
142.088890
143.997940
141.871365
142.060292
144.018915
142.158155
142.202462
144.176908
142.301998
142.352600
144.122801
142.100695
142.135547
144.005743
143.143313
144.616795
146.535022
149.001799
141.651859
141.714535
143.990687
141.760440
141.851714
144.453919
142.059613
142.082553
143.919203
142.497245
141.978457
144.235158
143.297362
137.974539
141.794132
141.877136
141.617143
141.803486
143.238528
142.270019
144.426325
141.628031
156.885529
153.739718
156.557280
155.721062
149.108350
140.611674
141.731688
147.938528
155.306011
157.993780
142.673558
140.876002
142.972693
140.991435
152.365749
157.087535
146.008334
141.157005
142.252269
141.800502
146.637568
141.604935
141.676163
141.633706
143.812717
143.010244
142.561622
141.738888
142.037074
144.235176
141.567757
141.654602
143.723585
141.640902
141.506846
141.382492
143.319602
181.131171
132.297978
136.380680
136.988112
136.878830
136.826317
136.426254
136.310041
138.224922
136.366077
136.429797
136.869018
138.149588
136.562069
136.631770
138.550666
136.747341
136.664047
138.536715
136.927306
136.779921
136.655278
136.801909
136.720440
139.311191
136.747417
136.610144
136.721251
136.582876
136.826214
138.864494
138.688459
137.734202
136.666951
138.763375
136.849212
138.310273
137.176552
136.480909
138.328192
136.339501
136.473705
138.181768
136.493140
136.262460
138.455921
136.604866
136.380647
146.156410
136.397652
136.273058
136.384772
136.518917
136.273863
136.595754
138.504736
136.453678
136.471919
138.062916
136.387966
137.003310
137.639012
136.170807
136.580252
138.312032
136.504467
138.586175
136.551602
136.529300
139.516417
136.364289
137.402369
137.387174
136.379981
138.785884
137.170270
136.533469
138.277757
136.156135
136.825557
137.614693
136.294120
136.819625
138.302077
136.707916
136.624825
137.638488
137.195414
136.539829
138.817235
136.805457
136.739455
138.507234
136.714732
138.293640
137.042090
136.879646
138.556361
141.803898
136.344086
136.524149
136.423263
138.599273
136.367670
136.402473
138.760572
136.685677
136.799956
138.405605
136.460103
136.411036
138.256502
142.073852
136.832490
136.895612
136.943759
138.791418
156.847076
145.065368
136.461084
136.409275
136.259593
136.348920
136.281054
136.328428
136.711555
136.704286
138.068350
136.296922
136.221179
136.254643
138.334773
136.184078
140.286328
136.197945
136.305120
136.438287
136.107782
138.123587
136.625252
138.605970
136.277648
136.183288
138.237241
136.322629
136.412211
137.900934
135.976349
136.260675
138.871317
137.056842
137.164194
137.342935
143.216709
201.139601
135.220946
136.579000
136.914833
136.665117
136.658033
136.815325
137.138882
138.051077
136.260578
139.950600
136.298198
136.114522
136.337838
136.390288
137.941493
136.290992
136.398070
136.657835
137.572962
136.170964
136.062879
137.940487
137.070186
135.905917
136.348895
138.368876
136.460957
136.564505
137.346389
137.316901
136.213460
136.527584
138.348122
136.482546
136.553931
136.485232
138.530504
136.473613
136.321099
137.744380
136.772648
136.272662
136.641020
137.875875
136.270308
136.321929
138.416030
136.257713
136.182362
138.587360
136.672550
138.446619
136.297904
136.056910
137.981674
136.151727
136.074908
138.027502
136.177069
136.207921
138.269329
136.147258
136.097058
138.270964
136.119080
136.559240
137.614517
136.132036
137.904218
138.173086
137.752780
137.404493
137.420460
139.412417
137.605140
137.339090
137.064491
137.173645
139.070656
137.054169
137.197497
138.341921
136.915901
136.652890
136.944867
138.050803
136.544989
139.430332
137.048941
136.731275
138.879374
136.202556
136.016511
138.058319
136.214178
136.190551
137.957468
136.016267
136.130035
138.056268
136.281212
229.484738
131.980598
135.969159
135.957872
136.152913
136.072049
135.997231
136.263546
138.532911
136.089065
136.039255
137.956405
136.485514
136.081105
138.167602
136.163152
136.355945
138.342132
136.509190
136.580129
137.400564
138.326301
137.788476
137.409774
138.000844
138.523830
137.008352
136.966202
140.530313
136.718309
136.853572
138.676190
136.785474
136.681353
137.156485
138.379598
136.822645
136.655686
138.715552
136.742322
136.430356
136.148380
137.314150
138.208836
136.248776
135.948367
136.015038
138.161460
135.994142
136.278339
137.570277
137.692328
138.228124
136.154722
136.241282
136.198362
136.019594
139.879211
136.031587
136.025653
136.288262
137.717338
135.997926
136.072591
136.049632
136.710280
137.666379
136.497174
136.705087
138.196492
137.016797
136.668551
136.538253
138.037962
138.993529
136.567956
137.198929
136.965150
136.688553
138.511119
141.929631
136.225053
136.134573
140.280061
136.075252
136.105600
140.437462
136.098659
136.947436
136.715178
138.607433
136.751398
137.220920
138.232199
136.786099
138.839349
136.532716
137.111276
138.197695
140.597630
136.740036
136.801679
140.153813
192.761948
134.530020
136.102990
136.099844
136.206060
136.287465
136.308386
138.273854
136.202125
136.330046
138.296551
136.416177
137.462816
138.133648
136.798465
136.734242
138.702625
136.685330
136.591244
138.383121
136.439530
136.446735
139.612387
136.822898
136.940414
138.490748
136.739958
136.573018
136.769254
138.554998
136.873352
136.899779
139.022500
136.959370
136.761039
138.767267
136.372247
136.202850
138.392387
136.594983
136.490633
138.398812
136.566325
136.634991
138.483893
136.540024
137.751313
137.208109
136.430498
138.490368
136.366139
136.080551
136.588528
138.283062
136.486692
136.400069
138.769296
136.780747
136.673511
143.078122
136.735793
136.683348
136.680180
138.913114
136.680640
136.770568
138.650231
136.779116
138.411364
137.581583
137.153347
139.264602
137.184598
137.026183
138.818967
139.678393
136.688291
136.984729
138.946942
137.598810
138.745031
136.860849
138.206403
137.417106
136.690236
137.458344
137.993229
136.566653
138.388759
136.974897
136.450992
138.408814
137.077852
137.742462
137.579614
137.508095
139.042670
154.862221
163.650500
142.759945
142.335025
142.541720
142.269050
142.416520
142.330163
144.221564
142.526861
143.984326
153.434121
155.176140
155.883547
156.054319
156.388443
151.782524
155.659471
158.235970
156.219178
156.497128
156.416947
156.683161
147.526421
141.598000
142.193374
144.126263
142.110519
142.028951
144.612155
142.127681
141.911853
144.166986
142.322361
142.144596
144.061463
146.075115
142.003879
142.823782
141.894832
142.073171
143.962553
142.102982
142.363963
143.996746
142.885467
142.525536
145.346113
149.028351
154.666895
153.102149
152.252858
143.015713
141.268915
141.408567
141.471943
143.537754
141.721073
141.641591
144.593118
146.177194
141.329033
141.864739
143.506003
142.530473
142.110300
152.320454
155.613442
153.290705
178.513560
136.028982
136.328388
136.086492
136.301411
136.515190
136.176574
136.204098
138.121351
137.197192
136.313234
136.059190
136.860840
137.106932
136.080472
138.592510
136.094901
138.305816
136.044224
136.004133
138.002825
136.117178
136.110071
138.223973
136.188933
136.190167
137.729311
136.448092
136.204078
136.635241
137.673974
136.299362
136.957830
137.392424
136.080035
136.266393
138.173280
136.112739
136.348010
136.485361
137.855587
136.247695
136.140642
136.875659
137.539522
136.295672
137.869636
136.450400
136.331799
136.224318
138.079744
136.214136
136.112911
136.462508
138.757413
136.186622
136.196806
137.924470
138.649824
136.353868
136.180554
136.130543
137.137208
137.200324
136.302915
136.084973
136.223136
137.978338
136.131881
136.230274
136.237731
136.083310
138.186239
136.176770
136.055377
138.583296
136.234438
136.151120
138.245080
136.158367
136.102103
138.034843
136.260504
138.261368
136.205493
141.516690
136.316259
136.328268
136.177746
136.323470
138.019648
136.098619
136.071047
138.266670
136.179942
135.952887
137.621832
136.413663
136.042893
136.602460
137.849057
140.742347
136.045260
136.073918
136.225321
136.235018
138.230831
136.458422
136.126034
138.180768
136.686395
136.118647
138.004600
136.044696
136.069395
138.520120
136.396405
136.386170
138.338259
136.533500
136.414090
138.738572
140.170886
136.508857
136.086688
136.085358
137.754466
136.188876
136.124627
136.096924
136.229032
137.082624
137.112198
136.919772
138.434738
136.567264
137.770931
138.084205
136.357353
136.460035
136.620717
136.674870
138.172818
139.069916
136.221977
136.424785
137.405628
137.691062
136.563416
136.491320
138.240168
136.349905
136.093136
138.087722
136.234188
136.296328
136.088096
138.127497
136.144605
136.304218
138.352560
136.214625
136.254207
138.277283
136.451352
136.510877
138.645344
136.406862
136.527963
138.340187
136.690638
136.432794
138.244287
136.771443
140.962557
136.228660
136.400768
136.249359
138.832185
136.237409
136.483510
138.354774
136.499298
136.048396
138.173509
136.093252
136.106513
138.280234
139.598437
136.190516
136.101658
136.109136
141.413090
136.124688
136.211644
136.038421
138.285094
136.278071
136.012587
136.929022
137.081394
136.082352
136.044420
136.055986
137.510570
136.536235
138.176325
136.322128
136.111994
136.080803
135.977404
138.213795
135.917439
136.235452
136.231663
136.171051
136.190303
136.066893
136.304615
137.996339
136.135890
136.055129
137.985651
136.073670
136.125640
133.277589
137.010264
136.843886
136.815166
136.886196
136.896527
135.857012
134.183348
136.639476
136.811992
136.855135
136.863418
136.638526
136.619047
140.425061
137.749203
136.228369
136.477489
137.555927
136.191216
136.279397
138.078353
136.213175
136.594699
138.848281
136.677208
138.502101
136.643740
136.618747
136.653312
138.526500
136.546398
136.600883
137.504079
137.337060
136.473038
136.562972
138.025755
137.040637
136.574034
136.463855
138.615094
136.688360
136.560369
138.268846
136.658963
136.458006
136.404101
138.333282
136.187012
136.274123
136.570213
138.696560
137.114852
136.704324
137.027690
136.792495
136.484574
136.364238
136.540278
138.439166
136.417757
142.454129
136.415737
136.326092
136.640148
136.813030
138.403459
136.545095
136.758546
138.971826
136.793841
215.149375
149.930106
144.040247
155.823102
148.829552
141.155695
141.106368
141.406459
141.437696
142.296062
143.123073
141.618073
143.633537
141.889199
144.241598
141.599496
141.633707
143.502322
141.556534
141.743180
142.460503
143.359254
141.822631
141.884381
143.736695
142.348206
142.238781
143.932978
142.098363
143.563800
142.798793
142.252226
142.348537
144.178326
142.113091
142.558032
143.451987
142.282690
143.341539
142.527845
141.772580
143.217352
143.080223
142.015848
142.780296
142.832095
144.416785
141.681154
141.979326
144.182697
141.959463
142.056863
143.982588
141.951364
142.048034
143.869144
141.937701
145.098212
143.235270
144.173897
142.495976
142.694234
143.806991
144.553184
142.490328
142.336172
144.234695
142.387267
142.271934
144.179240
142.061471
141.984321
143.941892
142.143712
142.769578
143.487659
146.427272
142.346774
142.255818
142.354367
144.295363
142.216723
142.176194
143.871148
155.473528
146.982625
141.593094
143.903929
142.176577
143.704223
142.397252
142.302459
143.974831
141.937445
142.122179
144.222377
142.175914
144.262361
143.947809
143.024778
142.362081
144.233472
142.237515
143.752973
142.529124
142.059511
147.252415
143.485256
142.207965
142.246619
142.425252
148.143922
153.816650
157.575255
157.203262
155.021822
157.955049
157.056773
156.086645
156.322473
158.261185
157.766365
156.851729
156.094042
156.177475
155.606841
141.287796
141.313807
143.763390
142.084772
142.055021
143.792034
142.112516
144.034181
142.162001
142.196333
144.314344
142.162901
142.309263
144.124734
142.122613
143.898603
142.230277
142.124663
144.115473
142.203871
142.441904
143.805035
142.008295
141.993748
146.164835
142.143542
142.180886
145.284629
142.319100
142.203723
144.152421
142.015242
142.085741
144.288038
141.977750
143.378288
143.770729
142.023053
143.097831
142.813580
142.082590
142.076826
145.038115
142.120523
142.177270
142.087586
144.193874
142.401392
142.352808
143.892952
142.075375
141.839250
142.597601
143.120488
141.976514
142.157005
143.471274
142.046705
145.247046
153.195385
141.243762
141.693321
143.024823
141.565701
142.920792
142.121042
141.587720
143.607490
141.720349
141.668975
143.709119
141.858245
147.359416
142.041425
142.633379
143.819859
142.222705
142.433980
144.214040
144.117312
141.691556
143.622153
154.813817
145.061034
141.410303
142.443280
143.274001
151.224234
137.535205
137.261178
136.912282
136.873265
136.726425
136.760497
136.747583
138.522411
136.323380
136.486853
138.543076
142.780980
138.823621
136.663126
136.479725
136.540571
136.532557
136.487363
136.361961
140.068475
136.813156
136.623130
138.298045
136.499691
138.367805
136.488621
136.587653
138.396125
136.365103
136.870469
138.131432
136.154712
136.240072
139.670026
136.408898
136.214428
138.981148
136.427881
138.720156
137.018443
137.994596
138.380885
136.848747
138.868499
136.724971
136.735625
138.695971
136.731177
136.699247
138.650801
136.627498
136.450874
138.597435
136.586037
136.609801
138.919715
136.842432
136.739335
138.108169
137.136062
137.601005
137.635002
136.651206
136.476330
138.461613
136.379508
136.530638
138.507468
136.678690
138.313068
139.745620
136.468870
136.432517
136.397122
136.525173
136.463658
136.359080
136.480199
136.567816
137.360789
138.704881
137.098675
136.979387
137.255271
137.191312
136.933884
139.024804
136.838495
136.821557
138.562208
136.480631
137.558742
137.614119
136.426282
140.420829
136.096404
137.575538
138.287009
136.143344
136.163054
136.756005
137.515534
136.286309
137.353810
137.397156
138.288472
136.783308
136.537480
138.732744
136.750057
136.625291
138.589864
140.381012
136.682504
136.306108
136.356234
137.923473
138.099424
136.471601
136.097798
136.190112
136.293513
136.135014
139.143924
136.153559
136.365708
136.168885
136.971952
137.687668
136.314757
137.551902
137.244241
136.582606
137.789491
138.253389
137.234523
140.706974
136.753001
136.632462
136.817619
138.398061
136.653554
136.740695
136.729867
138.388752
136.506203
136.351214
136.685040
136.784032
139.254692
137.853772
136.513362
136.625338
136.933847
139.649698
137.582048
136.463060
136.628125
136.332969
136.336026
138.060565
136.745271
136.524451
138.725644
136.708675
138.070252
136.618583
137.330270
137.954470
136.584291
136.844307
138.074955
136.383689
137.867276
137.048561
136.373662
137.411597
137.292209
136.321052
136.771296
137.726773
136.187798
138.369611
136.539240
136.704997
138.549510
136.017873
136.810008
137.196315
136.214358
138.119990
136.056054
136.106204
138.142851
136.045820
136.329457
137.684380
135.971594
137.519641
136.761034
136.135622
137.889297
136.407050
136.085163
138.146058
136.240148
136.278461
137.916613
136.080635
136.057683
137.903505
136.060663
138.342145
137.621261
136.306764
137.397078
136.780704
136.064538
137.350556
136.618619
136.311377
136.182538
137.940443
135.994316
136.138146
142.073054
136.067936
136.419472
137.867889
136.106569
137.403410
136.673376
136.033770
138.044210
136.148581
136.091008
141.218456
136.372728
136.403308
136.316118
138.109219
136.308389
136.284917
136.104608
137.963538
136.144489
137.401395
136.370492
138.613432
136.550569
136.358136
136.294487
136.156242
136.209320
136.328198
136.148436
136.148008
136.077007
138.072712
135.941053
136.096598
137.722972
136.387412
139.255906
136.190518
136.095793
138.029919
136.275370
136.095417
136.154699
138.113552
136.461603
136.187694
138.673057
136.357862
138.328609
136.329449
138.074626
136.540611
138.414811
136.510998
136.612947
138.558322
136.590308
136.699920
138.543780
136.680066
136.485311
138.478470
136.586920
136.512941
140.416083
136.361622
136.408085
137.205283
137.641785
138.928348
136.532505
136.596561
138.029773
136.576415
136.064192
138.382189
136.171316
136.127370
137.199112
136.951433
136.249333
136.056124
138.238577
138.085947
136.299843
136.248320
136.389676
136.316067
138.309217
136.242404
136.318466
138.146417
136.265570
136.158002
140.279750
136.720378
136.159949
136.081832
138.039901
136.161178
136.115003
138.260460
136.205755
136.137266
136.891942
137.572634
136.425914
139.204709
136.377514
136.345621
136.295422
136.270893
136.345230
138.674442
136.345491
136.213141
136.325774
136.367905
139.852498
136.392351
136.354980
136.477894
136.362482
136.424585
136.405882
136.337083
136.492099
136.274123
136.294122
136.388326
138.188655
136.109548
136.282834
136.615029
138.109372
136.318210
136.415718
137.582447
136.862540
136.319324
136.113768
137.951820
136.048464
136.021538
137.922675
136.159710
136.169040
137.259532
137.044650
136.054558
136.853457
137.324663
136.126319
135.946901
138.134178
136.070709
136.012362
137.956303
136.207233
135.996117
136.590748
137.584174
136.149055
139.479280
135.994098
136.088605
136.964449
137.134074
136.232772
137.112746
137.445595
136.352372
136.359828
138.133827
136.625476
136.453491
136.277025
138.090532
136.306112
136.382895
136.352208
138.050252
136.258647
136.390267
136.575306
138.464459
136.410682
136.283171
136.280163
138.394808
138.675931
136.292888
138.548062
136.384476
136.434561
136.234462
136.368575
136.401913
138.284195
136.319039
136.185456
138.426859
136.283096
136.779095
139.071653
136.882856
136.997774
138.873701
137.003562
136.668088
139.432963
134.724243
136.556129
136.791340
136.452290
136.685108
136.515624
136.901622
137.976066
136.573292
137.804406
137.071911
136.566136
136.520425
138.559132
136.539968
136.233973
136.674511
138.882817
136.384165
136.543550
138.344014
138.246090
136.407334
138.302901
136.549605
136.991906
136.381428
136.430175
136.809388
137.806119
136.321245
136.421862
136.379321
136.389214
136.423297
136.450405
138.301029
136.297195
136.307297
136.260098
138.285129
136.284903
136.372510
138.304553
136.654158
138.472934
136.420891
136.472269
138.157451
136.432032
136.231007
138.227798
136.286203
136.329436
138.259697
136.291698
136.386932
138.326164
136.381777
136.367733
138.243028
136.458867
136.302694
138.186122
136.450877
136.278707
138.305702
136.253766
136.279672
137.674576
