50
17.286231
18.798599
20.565525
20.547444
20.285615
18.557359
18.076006
17.878222
18.288345
18.704738
19.785490
19.761287
19.430635
18.853798
20.421589
20.654616
21.000032
19.046087
17.030370
17.113998
19.365493
19.547508
20.194387
21.628810
19.410467
18.161864
19.761028
21.246739
19.870708
20.405880
21.648605
20.251098
19.128225
21.274176
21.634259
19.162845
18.782222
19.022371
19.710052
20.006122
19.989733
19.615144
18.272322
20.857504
21.053552
19.513171
21.447553
18.713601
20.158522
20.893811
17.627836
19.708653
20.273098
20.833301
21.030295
18.103056
19.739500
21.769052
21.364359
21.870360
20.198442
18.622896
18.458470
17.153630
16.367555
16.366114
17.811472
19.962758
20.037998
18.407039
19.358356
18.859686
16.631096
18.579087
19.905806
19.197556
20.323243
20.962385
20.096209
20.548255
19.768666
18.797180
19.627484
18.787386
20.628465
21.203765
17.546586
17.269826
16.728548
16.793456
17.088563
18.491448
18.577616
19.225669
20.028888
18.173726
18.659050
20.433364
20.992563
19.535656
20.620301
20.840322
20.209678
19.670751
19.744749
18.836713
17.704490
16.956550
16.583612
16.704570
16.843992
16.776830
16.571615
16.652839
16.965314
16.552076
16.562932
16.868511
16.595080
17.960198
18.049682
19.774645
17.432426
16.733026
16.824237
16.638339
18.054930
18.330243
18.154608
18.653778
20.584542
18.534387
19.002700
19.325168
18.807813
18.184757
18.596823
18.897572
18.078531
18.791833
19.316611
18.831783
21.100680
20.548894
19.937096
16.369320
17.293918
18.698132
18.357694
20.505418
20.598946
19.669942
19.940222
19.638912
18.056090
19.200232
18.959023
19.524670
17.564976
19.987834
20.323101
18.745150
18.005829
19.050021
17.825173
18.455373
16.713690
18.878536
21.055388
19.700359
20.148301
21.668505
21.480441
20.923739
19.586920
19.693827
20.469748
20.850551
18.391066
19.069683
17.980527
19.643472
19.850432
18.987329
20.041894
19.714947
21.105884
20.740001
18.053695
18.177207
20.047208
19.211926
19.154561
20.513777
18.371944
18.361761
19.804398
19.921925
20.354805
19.960056
20.428236
19.269943
21.060372
21.413362
20.148127
18.996822
19.919462
19.135563
20.236720
19.326182
21.102374
20.893973
20.938435
19.525618
19.433339
21.362155
21.662868
19.891836
19.670538
20.202529
20.086160
20.559431
20.974658
20.338061
20.555436
19.499536
18.025142
20.666491
20.718527
20.766506
20.463105
20.698785
20.009959
19.070636
17.645092
17.950845
18.439249
18.838834
18.934963
19.241590
20.444390
18.811193
16.778612
18.849792
19.491319
18.872842
19.619594
17.311707
16.390207
18.339623
20.609631
19.720511
17.891466
19.562993
18.267844
18.744257
16.867511
16.394710
16.389775
16.392022
17.894667
18.472850
20.210934
19.544671
20.616787
21.772159
20.662979
20.210501
20.517283
19.118147
18.603340
17.084500
17.267752
19.322437
19.947155
18.952659
18.343751
18.953890
18.016885
17.604630
19.139349
20.844143
19.567717
19.754292
18.100359
18.356625
17.652982
17.633294
18.086925
20.162759
20.383739
19.376469
18.900803
20.724536
20.018390
17.496245
18.179538
19.225603
19.443535
20.578258
20.780493
19.377309
19.269524
18.664320
17.754040
17.218043
16.644199
17.514513
17.817209
19.996300
20.407942
20.703918
19.360768
20.384047
20.556292
20.312050
17.997554
18.967943
18.931542
18.681681
19.720702
17.584415
17.977159
20.371533
20.557492
18.649000
19.872302
19.712973
18.636817
18.652685
17.857319
18.275435
19.085650
20.923958
20.451906
19.264441
18.589534
20.888507
19.069011
20.383098
20.222490
20.682458
18.893813
18.197259
18.229522
18.925875
20.912412
20.918188
16.713172
16.549298
17.761618
19.686073
20.141613
19.046232
19.219063
19.812061
19.560228
17.859108
18.643807
19.192694
19.223084
19.828296
19.693411
19.710152
18.529693
19.189411
19.264273
20.321308
18.974557
17.495201
17.652125
16.605930
16.626382
16.716404
17.248318
20.597335
18.066653
19.444657
21.549074
20.466359
21.395978
19.932280
22.147799
22.033370
21.276616
19.883054
20.131170
18.939614
16.973270
16.569853
16.614937
16.666482
16.742540
16.618195
16.589694
17.068990
20.680349
21.678757
19.280544
21.110270
21.941605
19.228556
18.753797
19.128668
21.074675
21.638181
21.395938
20.837662
19.295198
19.462119
21.027753
20.010425
18.705076
20.425269
21.793025
21.381895
21.542593
20.792760
20.545890
18.645188
19.149810
17.905060
19.227664
19.653422
19.513956
21.554789
21.890828
21.547294
21.174465
18.677166
20.698946
19.848365
19.958180
20.718169
21.349215
20.921307
19.013038
18.254494
19.816104
21.357424
20.632265
17.951406
19.980493
20.256587
18.023657
18.672558
19.135558
17.468468
18.467297
19.661243
17.611665
16.586833
16.708099
16.638978
18.218632
16.935954
16.569987
16.700742
16.782855
18.498110
20.067881
19.098466
17.504530
18.384905
17.561521
19.019456
20.626930
20.155114
17.697392
19.472980
20.354425
21.328528
19.606950
19.298250
18.877400
20.824931
21.580346
21.351852
21.866516
21.591894
21.334351
21.679373
21.906315
20.892458
21.524994
20.311869
22.281889
21.189299
20.071144
20.227438
21.261474
19.954415
18.517320
20.654197
21.016159
21.110515
19.392384
17.570685
21.552700
20.746791
20.553911
20.610506
19.045429
20.282884
21.765323
20.087244
21.445953
21.032086
19.014142
18.929143
19.460369
19.021196
19.243328
19.864082
19.626831
18.958124
19.077108
20.567548
19.620482
18.346357
18.129648
18.675044
19.088056
18.222254
19.673497
19.500590
21.236832
20.448417
18.705035
20.232752
18.284470
20.357118
20.293790
20.426423
20.821157
19.654286
19.586334
20.384369
20.158675
19.436827
17.997390
17.643976
19.927300
19.510904
17.487274
19.169534
19.933275
20.634927
20.020433
18.714512
18.967759
20.144290
20.105852
20.030363
17.675734
19.504914
20.439494
20.558981
19.569584
20.475918
19.319101
18.473321
18.966034
19.562908
18.649601
19.934159
21.224245
20.715643
20.097167
19.570911
20.476404
20.439037
21.063035
20.828463
21.303783
19.264877
20.610135
19.683083
19.251206
19.599991
20.302269
17.600803
17.463232
19.518120
20.858368
20.965147
19.362474
17.655381
19.428958
18.738042
18.425793
19.031232
18.079750
21.384930
20.736247
19.527288
18.182128
18.363283
18.330744
20.445075
20.032118
20.019082
19.151851
19.977990
19.920173
18.972542
18.663489
18.389845
19.456124
20.972073
20.112095
18.050428
18.375327
19.509231
20.904609
20.660672
18.339131
19.526939
18.471360
18.390767
17.700352
19.031542
21.618042
20.885012
20.255694
19.602729
19.435298
18.714164
19.560433
19.212421
17.795674
18.649188
18.894173
20.420913
21.279518
19.962071
18.367187
19.360122
19.809519
19.229975
19.930426
18.746774
20.582910
21.121922
19.190701
20.004810
19.845204
20.406232
18.708480
19.266350
18.413929
19.174589
17.328326
18.853466
19.388199
21.013752
21.492547
19.555274
19.279894
19.801390
19.247956
19.168444
21.125891
21.032894
21.577729
21.873169
20.524373
21.666097
21.471169
22.366813
21.853869
19.564299
18.922141
20.769742
18.211471
20.430903
20.858015
21.063291
20.781100
21.126268
21.018675
20.759216
21.134299
20.409545
19.421083
18.819761
20.060975
21.417492
21.117197
20.320251
19.549464
18.134193
20.013289
21.270987
22.085780
21.680345
22.112119
21.163321
21.283959
21.200187
19.990813
18.656874
19.203846
19.289690
18.848673
18.167954
18.807727
20.587486
21.389206
21.680702
20.910074
20.608087
21.300786
19.664475
19.322230
17.585066
18.071353
20.373841
20.863519
19.288166
19.866395
20.077898
18.303979
19.497764
20.319797
19.887644
20.225459
19.108129
19.127037
19.660537
19.347028
21.151130
21.220972
19.892819
20.643370
21.800051
21.944128
19.161932
20.015539
19.727220
19.877796
19.867115
19.260454
18.879423
20.925909
21.524727
20.993329
19.486797
21.303900
20.911305
19.075788
19.232334
21.648305
18.314093
19.942687
20.835716
19.479442
19.804470
19.195104
20.536371
18.952907
19.409222
21.018971
20.628750
21.151326
19.987123
19.214756
19.892104
21.041587
19.979855
20.065082
19.133670
20.995503
18.844951
19.422749
21.434767
21.717521
21.430992
19.589034
20.822193
18.974778
19.697699
21.666305
21.281018
19.312865
21.337411
20.902839
18.828154
17.771353
17.846180
17.722301
19.090396
19.925171
20.214008
19.849053
20.108469
19.005885
18.948394
19.946048
18.935420
20.332127
20.470316
20.236668
20.515405
30.070164
18.440144
19.501255
19.251306
17.361568
17.084816
18.296088
18.346863
18.069941
21.406574
20.658928
20.141663
19.805310
20.126815
21.025294
21.654504
19.160899
20.064320
20.844338
18.234990
20.796806
20.980945
21.115041
19.441234
18.942909
18.546774
20.169737
20.381288
21.339098
20.904855
20.592178
20.112909
20.579383
20.874810
19.855651
20.185616
17.854569
19.022213
18.071176
20.618679
20.577579
18.876811
20.120973
21.224330
20.744888
19.901842
21.468492
20.905818
18.050448
17.145737
17.279079
18.697765
21.099840
20.238679
18.813522
18.478382
18.172783
19.797444
20.267583
18.878957
19.187499
19.497151
20.849947
20.541677
20.068294
18.284599
19.076913
20.094743
20.725033
20.726459
18.875341
19.564193
20.039339
20.027987
19.190556
20.326972
20.444708
20.835252
19.098848
19.223227
19.698981
20.816495
20.987468
20.200700
18.920145
19.704082
18.063600
17.672953
18.262512
19.314720
17.694724
18.045894
18.244926
18.124890
17.605324
18.409187
19.279579
18.816653
20.966636
20.179377
19.051897
20.304186
20.456353
20.289313
19.611962
21.604206
21.776491
20.561360
21.463767
19.052877
18.411112
19.814405
20.648214
19.568298
18.763651
21.653076
21.882797
18.570208
18.963600
20.425417
20.205697
21.288247
21.637015
21.193182
22.082023
21.925955
21.414985
19.307594
20.113733
18.985923
19.781381
19.939972
20.181889
20.156921
21.490797
21.883054
22.419522
22.006761
21.007212
20.430585
20.494220
21.057127
21.919828
21.993688
20.312017
19.975796
20.284212
20.341263
18.591682
18.380447
19.645552
21.731225
20.999571
19.168186
18.201285
18.451121
17.821734
19.216908
17.916508
17.195689
18.534722
19.940936
19.314301
20.768150
20.612902
20.046884
19.221744
20.957562
20.440735
20.225382
20.495829
18.990011
19.376481
18.784712
18.452632
19.694956
20.797554
17.704780
18.686502
19.436121
19.725958
20.715304
20.515237
21.037611
20.938706
20.627245
20.297444
18.898490
20.212968
20.245891
20.822617
20.370026
19.853301
20.936928
19.191440
19.762751
21.222152
17.863647
17.314836
17.067507
17.508631
17.383422
17.322923
19.269836
20.097436
20.602295
22.223812
20.053552
20.639152
18.278344
18.352542
18.534850
19.129459
19.662087
19.716921
18.680370
20.563161
19.343949
18.770388
19.437268
20.160187
20.898785
20.409758
20.794966
18.123962
19.929417
19.075554
18.507059
19.017564
20.208699
19.628249
19.902979
20.211918
18.321004
17.550145
18.381521
18.050547
18.411950
18.040371
19.698806
19.530835
18.250560
18.645961
19.315228
20.503575
21.172047
21.187326
20.311021
20.624901
21.291555
19.174651
19.614540
21.356336
19.929919
20.245343
21.141154
20.829265
18.554311
21.508874
20.046937
19.704336
21.055929
20.254331
19.613607
20.074884
19.066603
19.737037
18.663532
17.854585
17.689835
18.531603
20.429695
17.730087
21.046575
21.066351
19.656705
17.426103
18.019665
18.790417
18.871006
20.118843
20.016322
18.517803
18.238998
18.769729
19.321069
19.877891
17.316151
18.932198
19.206350
18.504039
17.984691
18.214844
17.727680
19.091838
19.775600
20.094702
21.142570
19.787863
19.780535
19.012594
19.536977
19.826033
21.415120
18.784485
18.322326
19.662133
19.784034
21.067621
20.627908
21.454492
20.814308
21.540003
19.547280
20.957919
21.355167
20.541327
20.625461
20.497683
17.919316
20.823116
19.799871
20.514533
21.056389
20.427360
21.735747
21.080992
21.667296
21.498357
20.210101
20.525722
20.136544
18.793898
20.502527
21.549385
20.634923
19.510493
18.861525
19.736621
20.030571
20.806409
19.845095
18.037985
17.952426
21.092093
21.531339
21.790622
21.305843
21.170989
20.051885
19.327235
19.920284
21.162276
21.057542
21.472598
21.841796
20.668515
19.188252
20.912356
18.563155
18.278382
21.666597
18.879501
18.697269
18.987980
21.167657
21.375750
19.792285
19.564683
20.982244
21.172619
21.511485
20.164710
19.551022
21.802679
22.152669
21.024643
18.955563
20.811939
18.340253
19.496821
21.206380
19.727155
18.497406
18.248610
18.273391
19.143870
20.615351
18.892386
19.400626
19.840591
20.205230
19.159091
18.949549
18.949863
18.512944
19.593053
20.777066
21.017515
20.685003
20.802278
20.594745
20.710177
21.000933
21.039022
20.142139
20.949908
19.024472
18.869908
18.651524
20.497201
17.355931
18.632188
19.027710
19.893551
19.914897
17.987345
17.250114
20.208977
21.243784
19.005070
19.302012
19.170035
18.797883
20.496965
21.116196
21.698730
19.222038
19.321939
17.854023
17.523596
17.362419
18.798418
18.490421
19.272289
20.437923
18.910876
20.275100
20.348006
20.347990
18.895150
18.718741
18.241638
18.020503
17.876611
19.949992
18.626282
20.698630
20.552780
19.560806
18.805748
17.439612
18.435692
19.377440
18.114256
18.502677
19.041883
21.081059
20.059613
20.217754
19.452225
18.195859
19.666210
19.558891
18.683993
19.178178
20.677979
20.920242
20.238820
19.869977
19.718700
19.399865
17.644132
18.316110
18.533373
19.092826
20.468026
19.552669
17.464642
18.496062
20.184775
20.963063
20.849122
20.763410
19.584530
20.402010
20.368332
19.583408
18.890251
20.281522
21.289749
20.790390
21.296729
17.520336
18.334182
20.257030
19.284143
19.744864
18.600658
18.619896
19.510661
19.991456
18.896672
18.942060
20.278350
20.951842
18.607631
17.514008
17.374827
19.740411
20.474259
20.192199
18.608840
19.620268
20.059950
20.642151
19.382743
20.179114
19.674913
18.882225
19.718179
18.221917
19.356557
19.638843
17.531922
19.077715
19.597130
19.340109
17.879843
19.891969
20.749948
21.181453
18.610532
19.682461
19.559705
20.050793
18.162048
20.008083
18.405266
16.860743
20.124686
19.382717
20.290864
19.335085
21.155752
20.020734
18.642633
19.182086
18.735577
18.858109
19.506477
20.579369
20.949135
18.894389
19.797779
17.452675
17.861973
17.640391
17.980893
19.222198
21.514727
20.203801
20.082094
19.071986
19.152857
19.368136
20.054498
18.674612
19.603158
19.178757
19.597261
18.444708
20.741745
21.578349
21.403796
21.582841
21.411631
19.811889
20.597269
17.671049
18.945200
20.290772
18.323556
17.002850
17.260855
18.618977
20.046241
20.185361
20.218161
18.965130
18.859817
18.885853
20.648664
20.517257
19.327619
20.781488
19.815115
20.834681
20.126256
18.124106
18.045436
18.128096
20.055549
20.896713
19.944760
18.119638
17.845082
20.717363
21.759391
18.729828
20.336511
18.671806
18.593675
19.864399
19.340095
19.490983
21.033704
21.166656
21.619576
19.849416
19.868383
19.316078
19.859092
19.991147
20.228726
19.208008
18.934868
19.274607
18.676216
20.469684
19.394065
18.946268
18.700901
18.925348
19.613617
17.503188
20.280979
20.596978
18.524968
18.527124
19.973155
19.716576
21.093266
19.005450
17.895120
18.243458
21.007454
19.727984
18.977489
18.361136
19.370809
20.282564
17.530836
18.173148
19.196542
17.496905
17.810913
21.491065
21.053621
18.671701
18.768627
19.455965
19.639197
19.607193
19.899920
20.058252
18.544320
17.837038
19.849164
19.757199
18.087876
20.489823
19.228267
20.516919
20.869302
19.009678
17.398863
19.245135
18.515428
18.122024
18.561853
19.604466
20.383433
19.533835
18.882707
20.501941
19.976114
21.299013
21.801212
19.602148
20.398480
17.435647
18.522013
20.004926
21.621948
20.610496
20.105347
21.193544
20.137524
19.972778
19.405896
18.980269
18.010422
18.755355
20.233015
20.982575
22.446601
21.883115
21.808859
21.834876
22.593650
21.516028
20.021139
18.579457
20.504929
19.073937
20.034250
20.275555
20.691359
21.615712
21.847495
22.061023
21.134394
19.536370
18.315201
18.464767
19.461276
19.558016
20.659353
20.546407
20.299905
17.452649
18.997640
21.388848
21.396455
19.620096
21.247821
20.004090
20.818426
19.552629
19.787440
20.222933
18.239424
19.429823
20.502802
20.928097
20.885421
21.005994
19.149595
20.520234
20.640825
20.262414
18.515488
17.870215
17.388514
17.672397
18.250261
18.054260
20.212745
20.900916
18.556598
18.681708
19.439596
19.732387
19.125162
20.744563
19.514121
18.099095
18.991271
19.951386
20.527092
19.698184
20.070489
20.817927
19.925192
19.356921
20.203655
19.538164
20.965935
19.412833
17.124569
16.638705
17.166485
18.381267
19.141835
19.245122
17.589995
17.692970
17.992751
19.357088
17.856049
18.456231
18.076282
18.893046
20.385107
19.882283
21.309780
21.226691
30.049198
19.274460
20.354272
20.608115
18.668417
20.295822
19.801004
18.078411
18.658205
18.832957
20.692435
21.618426
19.151959
18.797147
21.226220
21.367945
21.524722
21.358304
21.676078
21.327303
19.824457
20.762754
20.353609
21.089120
19.693457
19.779715
21.584193
22.077854
21.639568
21.602247
21.339978
19.489141
20.005208
21.337763
20.951788
21.409481
21.079914
21.962528
20.220063
18.812372
21.452364
21.748223
18.927500
19.820624
19.431383
19.391123
19.912216
18.392062
18.864418
18.564458
18.884283
20.721779
20.896136
20.628305
19.388009
20.512018
20.318578
19.037374
19.440438
19.946546
18.286842
19.203383
20.071689
19.311715
19.619374
18.708116
18.367992
18.437503
19.891288
19.575847
19.087392
19.464731
20.391488
18.811676
17.974931
19.609787
20.077867
18.294039
18.022208
20.230189
20.664800
19.117028
19.372945
20.549631
18.728332
19.067379
17.922518
20.029304
20.700847
21.102331
18.748928
20.980986
20.948242
20.802589
21.517233
20.106851
17.956834
19.105754
18.918537
17.553807
18.355525
17.812219
17.790188
17.786669
18.515481
21.107837
20.629309
20.961179
19.742700
21.183181
20.946826
19.647938
20.088236
20.941923
20.728972
20.912941
18.953547
18.643719
19.770129
18.236715
18.617012
20.116406
20.846628
19.605473
19.678286
20.271743
21.202637
20.030392
18.524132
20.954351
18.563010
18.543505
18.429704
20.043741
20.199079
20.581991
19.441259
20.058549
19.151496
18.486749
18.444738
20.252293
20.526563
18.243644
17.611534
20.391016
20.420769
17.917705
19.299693
17.798889
16.666580
18.936726
20.199187
21.165758
18.752191
21.330725
21.162352
19.415763
17.494509
16.564861
16.922108
17.787795
17.952624
18.343642
19.601662
20.114642
19.773392
19.527929
20.046201
19.496428
20.582718
20.589314
21.032171
20.051392
19.343274
17.670523
17.769566
18.254037
17.950087
17.392746
19.355788
19.804433
21.090614
21.302871
20.586601
21.382349
21.530511
21.089661
18.119047
21.171748
18.735430
19.793178
17.580258
18.700735
20.955611
19.530134
18.687608
17.988573
19.281804
20.063810
20.328376
21.085791
19.981447
19.557456
19.693268
18.355844
19.025049
20.311205
20.023400
19.165090
19.670600
19.416319
20.077671
18.262144
18.826875
19.183565
17.990916
18.968957
20.218359
19.172810
19.945389
19.051375
18.392257
17.725216
19.040555
18.257626
17.860395
18.168854
18.926314
20.528819
19.244985
19.719990
17.962334
17.929473
18.642006
19.145231
19.467681
18.156070
18.438283
18.546262
18.873701
20.580579
21.002056
19.650704
19.216606
20.765738
18.516346
20.361247
19.869915
19.169823
20.577516
19.277283
18.989052
20.012402
20.078835
19.764271
19.192428
19.754808
20.627640
20.168842
18.305003
18.290734
18.643366
18.726039
20.791381
20.312669
17.511849
18.248802
19.956007
20.141434
19.461187
17.751108
17.692172
18.034426
18.028366
17.937402
20.535342
20.869903
21.252703
19.858838
20.975874
19.383799
21.588568
21.297288
21.646627
20.757977
19.264538
18.580941
20.267170
21.280626
21.916777
20.387615
20.875730
18.453828
19.567626
20.953364
19.290138
20.033135
20.986191
19.434849
18.818906
19.862399
19.485145
19.868288
20.638868
21.231420
20.981704
21.225100
18.826265
19.169699
20.271014
20.721279
18.449483
19.638655
20.814910
19.371848
18.601517
19.374243
20.160115
19.924353
21.638077
18.360336
19.598405
19.808649
21.443066
19.739112
19.577869
18.728197
19.215310
19.473681
19.524040
19.528697
19.501038
19.972267
19.081901
17.443949
17.897047
18.697913
18.575531
18.885150
21.180837
21.108178
20.090029
21.117090
20.044762
21.842698
19.814238
20.863229
21.130274
19.711012
19.368159
17.615261
18.031044
20.304922
20.136449
20.929752
21.704725
19.702668
21.099562
20.845247
18.856198
19.313564
18.480707
18.237964
21.131409
22.915417
22.864569
23.115141
20.052401
19.921823
18.678790
19.681768
18.959741
18.144922
18.078536
18.314275
18.540623
20.268654
20.989822
21.054531
20.052114
20.517567
19.367028
18.786863
19.104035
18.517331
19.372014
18.066999
18.912390
19.645429
17.705461
17.327175
17.949397
21.156350
21.563614
22.254499
22.271381
22.606503
20.322362
21.492064
19.590234
19.154235
18.721699
18.936879
18.484037
20.130203
19.761004
18.617799
18.284864
20.034575
20.448264
18.662660
17.456748
17.454703
18.013286
19.389457
19.173694
20.056807
21.117493
19.424721
17.578757
20.425641
21.518142
18.944162
18.961262
20.323682
20.348678
20.469947
20.132343
18.689247
20.668011
20.227341
18.746590
19.208638
18.976939
20.328471
18.382387
18.436683
18.812430
20.818001
20.914802
20.464937
19.458018
20.091306
20.266079
19.690311
21.130188
20.299404
20.168770
20.538886
21.338618
20.537567
20.060710
19.514340
20.681040
20.829783
21.218257
21.068901
20.174069
21.210467
19.211348
20.464193
20.438025
20.414432
20.194954
20.254582
19.102089
19.231358
20.663532
20.670879
20.070353
18.511923
20.618562
20.812464
19.614189
19.112270
18.381995
19.771063
17.722864
20.268447
19.813573
21.076066
20.517110
18.990377
18.437133
18.386102
20.015555
20.362199
19.184280
18.796355
19.321215
20.763791
20.766227
20.681207
19.284989
19.389227
19.022106
18.886567
20.253460
20.467697
20.790004
20.921840
20.694502
18.281321
19.928169
20.724848
21.062686
20.568446
19.715813
21.309182
20.593192
19.409115
18.465118
18.706297
17.575045
18.509862
18.982666
20.015332
19.119758
18.261545
18.421510
17.673481
18.114988
18.747157
20.118716
20.895816
20.658289
19.333158
19.994301
20.501620
20.978362
19.346569
18.784328
19.257608
19.099171
17.288429
18.884004
19.834095
19.452302
20.668925
20.339232
20.968156
21.413547
20.791515
19.175577
16.485254
16.483273
16.805767
18.136053
18.211373
17.803834
17.189752
18.915225
20.077808
20.551745
18.105536
19.798951
19.314111
18.025072
18.754094
20.254056
19.618392
18.191876
19.098245
17.870590
18.443454
17.647420
18.786192
20.461680
19.843159
19.747518
21.132602
20.966323
19.554122
18.587314
19.954425
18.646146
19.803163
19.869045
20.928671
17.983285
18.634236
19.352923
20.056032
20.498049
19.166063
18.192657
18.879148
18.048512
18.503572
21.047367
20.032021
19.892865
20.277565
20.590283
18.667511
18.578184
18.982589
19.109976
19.619185
19.544534
19.724122
21.268233
20.334366
20.396868
20.819174
21.511952
18.561291
20.787357
21.689043
19.845357
17.334521
18.976815
21.055072
21.102770
20.414304
20.219219
21.029792
20.012375
17.755621
19.430513
20.934027
19.760352
18.256690
17.773046
18.562742
19.974568
20.266247
19.616745
20.837977
20.968427
19.941336
19.339928
20.203842
19.347927
20.536544
20.376694
18.824542
19.420486
20.192830
20.668381
17.901445
18.737759
19.422450
19.053486
20.291752
19.352310
17.295047
19.160567
18.613748
20.954961
21.092041
22.064144
20.327748
22.228262
20.728286
19.617883
18.805024
21.068495
21.715848
19.756376
22.061410
21.065477
20.914202
19.456715
19.990606
21.848171
22.068850
21.670612
20.806326
19.480670
20.949325
19.439596
20.604822
20.397963
19.312992
21.426539
20.641776
19.684651
19.408194
21.320506
21.877486
20.183034
21.866091
22.297329
19.661582
20.906250
20.115651
18.036529
19.158728
19.253952
20.805235
20.209765
19.770312
20.959667
21.300126
20.746716
21.293196
20.112406
20.074601
20.053461
18.681280
19.809003
21.280782
20.971490
21.526877
21.163166
21.055184
21.484412
18.711912
17.978932
19.435525
21.441480
21.279364
18.796792
18.809163
19.266708
18.152974
20.862877
20.402376
20.169385
18.859266
21.552372
20.264906
19.920792
19.579896
20.996820
22.868744
30.250391
20.044553
21.903404
21.344125
19.164170
18.499796
20.993674
20.170845
18.578270
20.652498
21.220049
21.423889
20.849811
21.147166
19.308449
21.018671
21.847407
20.874828
22.092119
21.448049
19.539536
17.547942
20.138304
20.015217
19.977597
20.418771
20.409260
19.030542
20.756763
21.408794
21.304375
19.354695
21.710487
19.749204
20.010440
19.714096
21.057648
20.941092
21.599529
21.049050
19.310583
20.447065
19.369394
20.885546
20.878690
20.710411
18.049498
20.634118
19.579130
20.372537
18.924838
19.406958
21.580962
21.488998
21.532925
20.277700
20.995872
20.970162
21.097279
18.665662
18.499746
19.441095
21.038241
19.307389
18.935592
20.136026
19.407423
20.308533
19.303516
22.162267
18.090844
19.104994
19.760562
20.683004
19.751775
19.361904
19.883564
19.394253
19.487574
19.174924
18.582433
20.457915
20.456681
20.635487
20.095682
18.137971
19.367643
18.009432
17.887748
18.630362
19.306120
21.096808
19.701455
17.668418
18.053481
18.151616
18.136087
17.939919
18.378561
20.574408
17.831494
18.823539
18.727402
18.301511
19.533412
19.501876
18.290598
20.797480
19.690876
19.759888
19.324718
19.270341
19.295989
18.948333
18.150181
20.258274
18.521665
19.780189
18.950662
18.302094
19.407401
20.759571
18.380430
17.328285
19.771005
20.574065
19.916953
17.102955
18.518795
20.702777
19.973354
18.420253
18.820917
17.240357
19.759288
21.545186
16.872018
18.070887
20.434696
20.968586
20.960185
19.060593
18.691934
17.856336
19.381773
18.097773
17.884084
20.455689
21.308859
20.594630
21.737232
21.654806
22.108915
21.601014
20.064436
20.701401
18.977711
19.341219
19.011794
18.922458
19.747806
19.633265
18.024172
17.444178
18.816976
17.960524
18.302932
20.002376
18.079711
18.487194
21.361805
20.073940
19.022331
20.904355
19.676876
18.283861
17.357484
19.097309
19.844390
18.402678
19.205554
20.800516
19.869716
17.881301
19.313145
19.573072
17.273179
19.266845
17.427486
18.497600
17.313239
18.153684
17.616890
18.712999
19.271756
17.779406
18.924538
18.904977
18.504695
17.964623
19.237871
18.872250
18.048370
18.899017
19.832552
20.207938
18.974965
18.191602
18.731415
18.600874
23.849534
22.251482
20.446958
19.705531
19.335491
22.901071
22.195501
21.319679
21.513492
20.018074
18.692887
17.764324
17.450656
16.825198
17.310140
17.333677
18.275691
18.851067
19.923874
20.635304
19.456369
18.818963
17.992099
17.727646
18.413149
17.120252
18.659147
18.862878
19.183080
18.247633
17.632621
17.837186
18.952302
17.723789
18.529943
19.065170
21.121981
19.001369
20.529610
19.065202
19.252488
19.233550
19.806253
20.615864
18.593694
20.727934
18.564463
17.418988
18.326369
18.259110
19.814518
18.810987
21.033849
19.890740
20.071008
19.679334
18.681601
21.355510
22.564051
21.588329
20.646336
20.788479
21.230309
19.572406
19.762121
20.121185
20.155548
20.520345
19.348761
18.278971
17.804731
17.484601
18.271285
19.406766
18.793839
19.830043
20.014464
19.101945
19.191599
19.847643
19.845839
19.320443
19.047830
17.334953
17.536293
18.107083
19.262467
19.126309
18.878216
19.847455
18.880527
18.335269
18.430678
19.247452
19.275577
19.022722
17.522456
18.813939
17.645588
19.032486
18.141861
18.674243
19.110066
18.980198
17.837730
18.655007
17.863696
19.609295
18.707695
17.591992
17.920822
19.232624
19.357695
19.407719
21.229584
21.470687
23.101149
22.159562
19.028455
20.715601
19.890450
21.593424
19.624219
19.414853
19.005183
18.432102
18.345306
20.332780
18.540097
18.527977
18.332555
18.007973
18.049855
19.095546
20.056385
18.790662
19.479470
19.245863
20.084024
19.517297
18.134566
18.821717
18.794970
18.423540
18.184044
20.093401
20.085151
18.104301
17.748585
18.911565
17.975723
17.693766
19.151580
18.005046
18.000340
18.238250
18.367926
18.799958
19.202566
19.416700
20.629112
20.244683
21.024342
21.171734
21.517824
19.393779
19.387094
17.804430
19.760697
18.010131
17.295689
18.286379
17.432667
17.629808
17.812289
18.928687
19.688254
20.961712
20.200033
20.071048
19.936176
18.260855
20.828782
21.650864
20.571570
19.651901
18.851902
17.828611
19.249532
18.957854
19.367345
19.180604
17.750234
19.302021
19.065535
18.096936
18.896070
18.568564
19.484575
17.762698
18.030393
19.461441
20.029614
20.105614
18.164778
17.997272
20.880529
18.267000
17.474785
18.375649
19.665702
19.376713
19.562239
20.846489
21.678953
19.410674
18.372748
17.673498
17.882768
19.117531
18.015456
19.996920
18.323904
19.615447
18.812276
19.272832
17.904221
18.410221
18.979289
18.734825
18.820938
20.710271
18.798333
19.639823
17.843087
18.689365
19.160492
20.494987
18.673748
20.548740
20.314614
19.369723
18.522731
18.643999
20.536497
19.214537
18.610143
18.106087
20.051362
19.965982
17.818645
17.751676
18.464649
19.855868
18.885437
17.199129
18.935608
18.637333
19.082364
18.741561
19.631567
20.526800
17.963958
18.049734
18.875781
19.099387
18.273769
19.502654
18.321383
19.526832
18.377044
18.413064
18.920648
20.604840
19.892484
21.232874
18.834408
18.520384
18.290292
17.877156
17.958896
19.551642
18.609013
18.740373
19.279013
17.971476
17.847744
18.236375
18.800518
18.254625
19.992333
19.563593
18.286968
19.171032
18.502280
19.452249
18.821060
18.126606
17.394107
20.331470
20.850971
19.464593
17.623692
18.601198
18.091490
19.844005
18.587244
18.378891
20.252989
20.178547
18.352114
17.372398
18.317962
18.955648
20.888245
20.516925
20.415264
19.064082
17.943104
19.645274
21.706450
20.245601
19.788049
20.366737
20.098060
21.134035
19.761553
19.255378
19.641102
20.242757
21.152959
19.396514
19.914122
18.417290
19.553429
19.709350
20.006263
20.851338
20.946817
21.010336
20.148490
21.110800
21.648303
19.780053
18.392845
18.311727
18.960503
21.790219
22.077817
21.590696
19.761146
20.461267
20.899302
17.187204
19.825189
18.585067
19.212041
19.681006
20.779125
19.246169
19.346644
20.177861
19.161660
20.600285
21.187627
19.423302
19.316766
21.262732
20.708627
16.840985
16.464000
18.867401
21.044854
19.830859
21.304340
20.308971
19.502316
20.626888
20.434320
19.678287
19.850020
21.057372
21.366076
18.958731
18.208336
18.708330
21.031840
19.202141
20.402962
21.125508
21.204363
18.822592
20.445077
21.072167
20.910010
19.024473
19.137820
19.759809
19.050134
20.782861
21.615883
18.270851
17.450173
17.632407
17.814459
18.092823
18.277129
17.566633
18.553163
20.060518
21.067294
20.776415
18.617120
20.933277
19.461462
19.105784
20.532313
19.521869
20.370871
20.464431
19.585046
19.947317
19.993817
21.267242
21.112370
17.836101
17.700856
17.996028
19.040451
21.551783
21.009815
21.704810
21.390891
20.635391
18.765605
19.669923
20.900002
19.398532
21.010652
20.419593
20.365917
21.470148
21.240486
21.302158
19.630161
18.428554
20.188027
21.454970
18.673546
17.258806
19.816673
20.364221
19.549598
20.942049
19.334331
20.514455
21.210307
20.825346
21.131767
21.099277
20.326850
18.791863
20.027834
19.151321
19.782201
18.249930
19.120455
20.484141
21.289842
20.197069
20.135740
20.801697
20.610349
19.603323
20.524364
18.716602
18.189079
19.798630
20.831609
21.475079
20.015262
20.056423
17.690547
18.802108
19.641551
18.821349
20.649991
19.339149
21.053867
21.239252
20.659969
21.300541
21.543012
21.310313
20.133474
19.097343
19.410985
20.178402
20.402501
20.369808
20.118956
20.357853
21.649411
20.887866
19.670233
19.817530
20.164917
19.700003
20.692038
19.646171
19.802873
18.518358
19.234570
18.634695
18.560697
18.807971
19.894804
19.059218
20.490248
20.856047
20.936277
19.527160
18.039768
18.241536
19.111301
18.010212
18.436145
20.493976
20.852087
19.338725
18.268829
18.184272
17.532781
17.326384
19.125279
18.880431
17.289587
19.304554
18.350423
19.497578
19.142225
19.218464
20.694455
18.945201
18.874852
19.548277
18.473935
19.959356
20.456900
20.633101
20.893770
20.282727
19.794203
18.049796
19.029992
19.779748
19.144240
19.960435
18.700549
20.007880
20.209649
20.930118
21.585247
20.522699
18.895810
20.447738
20.700498
20.912929
19.101065
18.030719
21.118098
21.374638
20.452426
19.394705
19.088681
20.367206
18.771029
18.289506
19.474726
18.251955
19.667480
21.113929
20.811425
20.035446
20.562171
21.037501
20.907005
18.809762
20.138160
19.158022
20.342039
19.106032
19.564589
20.230966
17.939681
20.656321
21.023655
20.445010
18.760346
17.618318
18.466386
20.353061
21.575117
21.252664
19.165256
18.488605
20.307946
19.531526
20.690686
20.490658
20.385424
19.191978
19.983290
20.277624
20.784785
20.249599
19.622449
19.365149
18.132037
19.443405
20.037923
19.640442
17.268210
18.612043
19.658958
17.992214
19.833692
18.982336
17.805289
19.351752
21.265759
19.759236
20.791860
21.631561
21.335860
20.705671
18.377384
18.921236
19.021911
20.325647
19.247909
17.696184
18.248797
20.355618
19.775507
18.095798
17.391739
19.478341
18.411723
19.051204
19.088614
19.695473
18.769112
19.134437
19.939446
20.141207
19.767847
22.858851
18.646669
18.602001
21.096205
18.909699
19.232207
19.814174
18.093056
17.180873
19.649653
20.190728
20.800310
18.758754
17.212516
17.786470
18.979388
19.820001
21.828582
19.500569
17.824592
20.150306
20.902111
20.023928
19.797369
19.316855
19.496560
21.068336
21.628187
21.000954
18.331205
18.546898
18.913957
18.049640
19.289914
20.500691
20.641656
20.740368
19.635824
17.915818
17.647322
17.467465
17.713086
17.781986
19.674593
19.681784
19.178949
18.641336
16.714058
16.534380
17.466224
19.680913
19.499118
19.528621
20.527982
19.943888
20.840809
20.535472
20.405637
20.858280
20.995492
20.500950
21.102909
21.335911
20.063439
18.495902
18.138052
20.282722
21.714448
21.711561
19.122712
19.673467
20.705498
19.455487
19.532989
21.059409
18.859307
19.534625
21.446468
21.627198
21.398559
20.306050
18.774321
19.091245
19.321053
20.165483
19.642442
20.222249
19.634320
20.963831
22.065338
21.473526
21.396083
20.140499
17.737925
17.693092
18.491990
19.934035
18.118935
19.623532
19.197899
18.331815
21.216393
19.919524
19.685092
19.687796
20.397804
21.704283
21.025106
21.836410
21.514251
21.570239
21.143909
19.036032
18.467335
18.600276
19.064723
19.653223
20.063125
19.955243
18.740221
19.215792
21.648409
19.474611
18.620414
18.260180
17.947546
20.045056
22.068226
21.828766
20.082878
21.233707
17.866405
17.604310
18.399176
18.035726
20.035496
21.026895
20.622637
20.222065
17.514193
18.556375
19.023375
20.734940
20.720441
18.555653
20.615977
20.568435
18.471988
17.981916
18.506923
20.533857
18.801314
18.904841
20.096033
20.797599
18.892161
19.567352
18.452088
17.815903
17.881072
18.056759
17.635016
18.903178
19.870022
19.241822
20.669367
19.005922
18.946894
20.197640
19.211019
20.663301
20.203682
17.965553
19.235806
19.558920
20.852939
20.570795
19.845274
17.518792
17.395634
19.736471
20.587492
20.285931
19.236950
19.838578
21.072361
20.754898
18.522824
19.195045
20.998960
19.884361
18.381061
18.733185
20.131030
20.155807
19.980677
20.254778
20.944078
20.566634
18.106840
18.998114
19.867923
21.094540
19.413535
20.290875
19.062555
17.845354
19.599017
18.350052
17.404005
19.107508
18.623963
20.097957
20.789944
20.851883
20.492928
20.668476
20.381997
19.210529
20.324116
18.584821
18.057303
19.136808
18.067461
17.354160
19.407564
19.474788
18.791551
18.484526
20.796569
20.924028
20.856742
20.998447
19.370687
19.593762
20.859830
21.320757
20.950046
19.116095
20.575473
20.254894
21.380058
19.479047
20.954806
21.313815
20.955154
20.017350
20.134218
19.876101
20.022315
19.621907
18.172808
18.334202
19.427931
19.878848
19.372589
19.865887
19.662332
19.531731
18.070819
18.826614
20.534300
18.981474
19.545897
20.106834
19.188490
19.492330
18.793204
20.045443
19.557303
18.919102
18.860403
20.318420
19.887440
20.438619
19.460780
19.384895
20.269429
19.186973
20.659743
19.687317
19.359022
18.705588
18.677713
18.100394
18.584977
18.860365
17.449437
18.628962
18.900238
18.032552
18.566733
18.531430
19.941799
18.505685
18.142817
19.979033
21.755982
19.213681
20.149599
19.181031
19.228349
17.735783
17.715357
18.709395
18.145586
21.227442
22.588332
21.290370
21.233803
19.632699
22.448458
21.609006
22.514600
21.666064
23.234151
24.405262
23.316859
24.235151
23.806247
23.773728
23.348855
24.267622
23.997355
24.786181
23.824979
24.499687
23.305489
23.433627
22.217260
20.742335
22.275241
23.702570
21.058262
20.003747
20.117190
18.058066
18.535994
20.622113
20.240242
18.968653
20.205883
20.802991
20.115925
19.598278
19.201513
20.543922
19.599740
20.316322
20.615136
21.240660
19.563950
19.496418
19.236771
18.633521
19.021163
20.867265
19.588826
20.176381
20.535476
20.468812
20.399949
20.879717
20.747634
20.771424
18.851316
19.562476
20.657944
20.499767
19.495466
20.391469
18.834990
18.023467
18.954302
18.253130
19.582458
20.136604
18.980351
19.092897
19.626849
20.609428
20.731477
20.763194
20.696819
20.399469
20.543051
19.850102
18.851384
19.664795
20.915286
20.915746
20.236289
20.366156
20.982353
20.214975
20.247729
20.537247
18.816183
17.384955
19.386253
20.241232
19.721655
18.968996
19.001552
18.656171
20.992442
19.672518
20.242310
19.800615
20.404666
20.505170
19.939155
19.634472
19.988002
19.310358
21.076731
19.245430
20.540474
18.455682
19.109047
17.969826
17.882318
19.467131
19.821317
20.931145
20.819514
18.508334
18.786085
19.796788
19.657656
18.763285
20.383174
20.198285
19.633146
19.939012
20.470883
19.293976
17.132259
18.143141
17.670585
18.007135
18.747496
21.716158
20.770012
19.181547
17.521922
19.214187
22.684987
21.067643
19.808324
17.698512
19.156945
19.695312
17.682842
19.861068
19.870413
21.307472
20.037590
20.355969
18.611110
19.997454
19.679281
20.920623
20.942348
19.513024
19.457860
19.287585
18.755616
18.201843
17.726204
18.796648
17.714152
20.017152
20.704415
21.573607
18.625694
18.437487
19.691319
21.238567
18.432948
19.279715
20.388276
21.453960
21.125662
21.506218
21.397368
21.709905
20.207595
21.399139
21.017264
19.741165
20.323746
19.450639
21.455483
20.638889
17.898757
19.902977
19.654582
19.783248
20.677998
21.433847
20.431891
20.779091
20.566105
18.237951
18.472263
19.037912
18.194714
20.207095
20.282614
18.698380
22.077457
20.859986
21.724548
19.697751
18.231682
19.321905
20.277336
21.387089
21.340600
21.107521
21.040272
20.724227
18.846308
19.477787
19.961039
18.282786
20.413370
19.296184
21.027813
20.614381
20.142304
17.536800
16.473535
17.537782
19.073323
20.755058
20.832158
18.363482
19.066114
18.816176
18.574084
19.783075
20.781932
21.263560
20.813756
21.269640
20.990662
21.228248
20.880648
21.310712
20.976051
20.564376
19.530000
20.750123
20.959678
19.904113
20.634945
19.977102
18.151353
18.137223
20.027893
18.890828
18.219471
18.474957
17.438361
20.109696
21.378946
20.481936
19.531330
20.525290
19.869221
19.874644
21.345247
20.282145
17.628470
18.180168
20.167245
19.371924
21.081505
19.684988
20.298715
19.742627
19.990604
20.472123
20.708499
20.169102
20.419688
19.489273
19.911713
21.282960
19.035690
18.761117
19.997877
20.897291
20.818022
21.527302
21.473908
21.803570
21.268721
21.433388
21.738108
20.255274
18.338554
20.022225
19.696742
17.910538
17.718478
20.712745
20.615826
21.508113
20.014019
19.481382
19.540655
18.043594
17.374234
19.403334
20.475464
20.784895
21.453968
19.733059
17.441873
19.832771
19.136287
20.071295
21.094433
21.095239
20.680187
19.687943
18.950240
18.525137
20.245476
18.743960
17.808858
17.488754
18.180097
19.936044
18.626672
19.438753
18.243640
17.488737
17.287327
17.192257
18.704528
18.381962
18.652393
18.702254
18.639801
18.137814
19.429284
19.707990
18.550921
16.781783
19.494799
19.218226
20.841426
20.140507
20.970305
20.700662
20.417873
18.243606
16.467742
16.676864
18.140157
20.669982
20.499237
20.844616
20.796632
20.965699
20.096316
19.295420
18.718220
20.299468
20.702969
19.979601
20.171275
19.934015
20.764768
20.396640
18.946346
20.497275
20.469215
20.806302
20.383584
19.989221
20.671775
20.771635
20.541256
20.062753
19.691351
20.129991
18.984533
20.096904
19.091142
18.102246
20.744177
21.034818
20.727435
20.631533
20.459456
20.084638
19.397352
21.038277
20.686745
19.664560
19.904486
19.015381
19.535057
20.231669
18.940764
20.292026
19.521224
16.812775
18.273912
19.429766
19.036699
18.819423
19.829976
18.669266
19.084302
20.067588
19.640526
20.246690
18.923524
19.545797
17.498836
18.338827
18.436706
19.587594
20.812832
19.183933
20.024924
20.883615
21.370900
20.571210
21.183029
20.520377
18.635274
21.101158
20.855158
19.080055
20.572446
20.833279
19.352633
19.887702
18.981722
20.248211
21.977300
20.109673
19.768408
18.452065
18.551834
17.308944
16.721669
19.175258
19.194697
18.931668
20.218696
20.858592
20.631592
20.706980
19.758942
17.247400
20.790368
19.270663
19.799626
19.107476
17.942716
20.816109
21.440946
18.204196
17.516458
17.321987
17.034669
17.605122
19.090264
18.899161
20.094042
18.109766
18.579750
20.620569
18.769972
17.336206
17.964547
18.417450
19.885615
21.469953
19.186177
20.200892
19.946893
19.961481
19.414778
19.459801
19.785721
19.079905
18.273915
19.431263
20.109896
18.897067
26.391990
