50
131.455737
132.602783
132.609122
134.993011
132.834539
135.317093
132.941086
135.473213
133.307269
135.439173
136.363951
138.407315
133.646002
134.360449
133.905587
133.735908
134.831986
133.598768
135.170929
133.643294
134.756226
134.923010
133.913233
135.700563
133.479839
136.290415
135.224061
134.790064
136.246059
133.902711
136.203229
134.209542
135.495894
137.601784
133.208918
136.029267
133.548112
136.275733
134.719921
135.086286
136.070503
133.484195
135.739283
133.862639
134.261695
134.969398
133.159777
135.550498
133.481822
136.272425
135.253432
134.847367
136.117398
133.418535
140.611958
133.699823
133.414253
136.440836
133.951561
135.907633
135.025119
134.660973
135.705255
133.543582
135.675077
133.712531
135.048650
134.974269
133.488155
135.381827
133.285187
136.781213
133.269185
136.058492
134.851725
134.572720
136.004685
133.791944
136.055968
134.298696
134.926789
135.875595
133.527696
135.908601
133.997199
135.410631
135.339004
133.108203
135.202038
132.793344
135.280015
134.175613
135.853638
134.426519
134.230038
135.527773
132.959758
135.443836
133.794277
134.828798
135.658128
133.487293
135.827792
134.714193
134.969764
135.959520
140.783651
135.259996
135.872256
133.456661
139.777580
133.377373
133.596763
135.511725
134.744599
134.453164
135.852302
133.554999
135.787629
133.233234
135.541338
134.295227
134.351700
135.538487
133.176481
135.752918
133.787895
135.285383
134.929290
134.038179
136.537305
133.514776
134.569393
134.444058
133.515923
135.302224
132.794026
135.470642
134.262293
134.705960
135.809685
132.989103
135.064554
132.681891
135.451648
133.288240
134.938298
134.771219
133.524163
135.871545
133.880688
135.206387
135.078966
133.769734
135.843894
133.743646
135.208575
135.353131
133.835308
135.067951
132.842033
135.052236
134.409701
133.810028
136.213904
133.252662
135.027173
134.549707
133.918973
135.948315
133.809265
136.386605
135.739543
134.693800
136.720505
135.321550
136.416583
134.856711
134.573788
135.893244
133.247805
135.784024
133.475279
135.202542
134.425993
134.255316
135.772813
132.964956
135.614460
135.689106
135.506295
134.597160
134.151133
135.620927
132.995136
135.558752
133.822646
134.891561
135.322182
133.673866
136.156808
134.354177
135.099363
135.747427
133.244868
135.648247
133.569067
134.175524
134.847916
133.277904
135.832626
133.290792
136.360882
134.150640
135.148593
135.347909
133.721486
135.719385
133.512698
135.661018
134.673692
133.975277
135.692396
133.413482
135.387844
134.840905
134.411966
135.709025
133.671145
135.903735
135.870219
134.532474
136.430078
134.101607
136.022893
134.882564
134.972040
135.911011
140.404754
133.362766
134.369421
134.215530
135.461690
133.037176
136.825118
134.795574
138.180799
133.048348
135.648508
133.524333
135.987172
133.447420
136.266349
133.917272
135.148236
134.726035
133.438182
135.203895
132.639014
135.209903
134.892491
135.769845
135.442936
135.023628
135.064417
132.979393
135.329220
133.631818
134.410616
135.276715
134.389317
134.327627
135.213314
132.799627
135.330288
133.911114
133.982362
136.395606
133.592308
135.981816
163.401235
133.490240
133.382490
134.247529
135.480272
135.497490
134.310024
135.843302
133.626465
135.177975
134.975504
133.585943
135.584580
133.426545
135.937642
135.377775
135.401494
136.608109
134.045934
136.142051
134.949198
134.009976
135.601359
133.139797
135.508441
134.667982
134.852696
136.320781
133.925061
135.930515
135.762199
134.332631
136.047302
134.212957
135.933160
136.132501
134.369509
136.780608
133.998949
135.401847
137.151342
135.695695
136.754485
133.775503
136.612771
134.510393
136.133412
135.693175
134.239945
138.053650
133.632649
138.969954
133.748659
138.655790
133.377983
134.382630
134.729010
135.369226
133.506426
135.827569
133.681797
135.974913
135.597239
134.544291
136.169891
133.451724
135.713682
134.057328
134.960459
135.270275
133.714568
135.836059
133.730520
135.540097
135.095790
133.928840
135.801993
133.888480
135.549313
134.998416
134.305706
135.975497
133.933706
135.635124
134.839645
134.211904
136.076925
133.986585
135.948151
136.427539
134.384353
136.265057
133.920530
140.261215
133.903998
135.969933
133.512681
135.681800
135.211330
134.367886
136.144261
133.077299
137.045848
133.338466
134.618333
134.295677
133.422653
135.210943
133.005600
135.261834
134.609070
134.133842
135.797386
133.283253
139.425125
133.842185
136.088355
134.828058
134.824100
135.997315
133.376208
135.825035
134.230294
134.521925
135.259262
133.294055
135.693201
133.718137
135.272090
135.050810
134.157780
135.747753
133.176667
137.031340
132.984715
135.438803
134.145340
134.266568
135.976140
133.318103
135.966257
134.271198
134.808649
136.412566
134.030360
136.629787
134.874798
134.812206
135.836216
133.964126
136.731577
134.285179
136.128293
134.632746
134.489825
136.089005
133.984469
136.276230
134.908299
134.260619
135.546315
132.568370
136.095777
134.066759
134.176753
135.283962
132.850154
135.428573
133.790432
134.213957
134.844504
133.281824
135.393655
133.026236
135.704886
134.497104
134.521373
135.878162
133.366900
135.751795
133.661604
135.073567
135.734757
133.907020
137.286390
135.226217
135.825669
133.572415
135.890146
133.755270
135.027172
136.023844
133.725027
136.118838
134.079177
135.424020
135.738023
133.975485
136.238632
135.011118
135.715995
135.794730
133.816619
136.185815
134.289882
138.918072
133.520394
134.637576
134.659696
135.909609
133.533455
135.775592
133.973241
135.124752
135.265315
133.488993
135.346434
133.123946
134.914815
134.403212
133.480951
135.171607
132.888341
134.915252
134.329112
133.527229
135.109590
157.662091
136.964265
133.679576
135.122233
135.013192
136.164683
133.926092
136.183975
134.947835
134.697231
136.179446
133.593527
135.912273
135.571492
134.579824
136.864698
142.562462
133.602205
133.310778
136.101587
134.890340
134.707654
135.487781
132.796818
135.505256
134.212725
134.005587
135.615057
133.553558
135.590822
134.581817
133.650168
135.522163
133.381704
135.246244
134.856619
133.755052
135.728121
138.214181
137.695662
133.092670
133.628550
135.170041
135.058449
133.666634
135.621505
133.393475
135.568376
134.748238
135.216967
136.917237
134.005471
136.465947
134.781950
136.280769
135.461218
134.304840
135.990350
133.421131
136.123372
135.343214
138.765188
134.005858
135.649891
134.861738
134.240473
136.504666
133.635727
135.577357
134.581092
134.088721
135.722956
138.397782
133.216409
135.844795
133.457383
135.776486
134.558821
135.871761
136.057457
134.186339
137.439800
131.106396
132.795019
132.696815
134.417434
133.416352
135.301836
132.983636
135.695551
134.281106
134.629016
135.394588
133.543852
135.741784
133.555694
135.768952
135.410241
134.643710
136.156235
133.430083
135.785717
133.753617
135.130303
135.690906
134.663148
135.604126
133.448582
135.733358
133.383511
136.134682
134.473439
135.862886
134.261044
133.793217
135.374055
134.296254
135.865270
133.506846
135.907149
134.323698
135.358682
135.922230
133.983594
136.270078
134.330828
135.411697
135.601019
134.023751
135.907965
133.602040
135.640043
134.898739
135.487861
136.232852
133.412391
135.899321
134.785901
134.450912
136.000905
133.419665
137.128065
135.580259
135.628625
136.394679
134.857374
136.404354
133.539292
135.439352
133.034958
135.161086
134.204164
133.922311
135.185258
132.913655
136.657742
133.519043
135.737375
133.480473
135.756101
134.576505
134.802088
135.565472
133.634250
135.989536
133.805768
135.884136
135.092024
134.871707
136.132091
133.648026
136.879673
133.909701
136.035347
134.549577
134.789932
135.707274
133.399579
135.514540
133.017619
135.448416
134.443090
134.709373
136.116923
133.575571
135.821714
134.354348
134.266071
136.145162
134.282063
136.729130
133.947848
135.739528
135.325908
135.539692
136.257637
135.257995
136.718581
134.173334
136.827142
134.761771
135.369872
135.831612
133.725673
136.027922
133.876564
135.603956
135.222869
134.379251
135.637313
132.967441
135.873262
133.982979
135.573703
134.782968
134.146146
135.574626
133.011666
135.931058
135.568346
134.728284
135.681669
134.788312
136.705748
133.832664
135.639336
135.078015
134.555040
136.093699
133.149149
135.296945
133.716194
134.398744
134.750683
133.327874
135.326518
132.962120
135.161705
134.057472
133.958818
135.275397
132.789503
135.401971
133.975587
134.105830
135.017556
132.853411
136.665252
134.108882
136.596727
134.759868
136.119612
135.719108
134.980338
136.694145
134.319992
136.495916
134.736296
135.559174
136.674872
134.546172
135.345927
133.461410
135.120769
135.783762
133.995587
136.126639
133.745166
134.831618
135.369845
133.408112
135.662549
133.812080
135.156760
136.205752
134.032688
136.163013
136.825581
133.097766
133.100691
133.116881
135.853497
133.772445
134.454814
135.522082
132.972052
135.610223
133.952913
134.389680
135.762211
137.597363
132.726735
135.379317
132.949149
135.475871
132.893749
133.502237
133.461552
135.733446
134.530315
134.807326
135.785313
133.555230
135.858283
133.851675
135.544003
134.949526
134.652668
135.544635
133.359381
135.563502
139.077236
132.974207
132.951840
135.922812
133.556298
135.708262
134.531115
134.917445
135.076077
135.119878
135.861250
134.118299
136.454836
133.729343
135.876816
134.813067
134.449157
135.703084
133.331319
137.667604
133.272727
135.749730
134.177848
135.112236
135.554582
133.959057
135.990850
133.832992
135.340174
134.659905
134.495008
135.737529
140.387932
135.404158
134.040899
135.214259
134.942479
134.586993
135.897475
134.054781
137.053046
133.941276
135.966129
134.879427
135.111119
135.386615
134.319034
136.908388
133.436513
135.842974
133.201784
135.396916
133.847857
134.922472
135.033187
133.787553
135.715038
133.307920
135.615267
133.272244
135.795249
134.207433
135.023999
135.906825
133.957947
135.031007
134.764024
134.634716
134.659068
134.302357
134.653908
134.833833
136.196424
133.335259
135.555069
133.914627
134.603899
135.011284
135.253460
134.826708
134.471686
135.572038
133.136257
135.529266
135.333309
131.253248
132.408598
133.111407
133.039785
135.637754
133.422878
135.415640
134.515069
134.892916
135.809586
133.687970
135.836938
133.320954
135.794567
134.832950
135.791546
133.338644
135.544109
134.074216
134.734146
134.987318
133.792814
135.464771
132.983197
135.463117
133.237951
135.290659
134.152555
134.364615
134.705346
148.243883
163.300269
133.810613
133.671208
133.445064
133.223199
135.603083
133.867248
134.806793
134.708421
134.005384
135.847062
133.295800
135.591980
133.777543
135.210030
134.312418
134.170597
135.548428
133.154177
135.701516
133.857616
135.031898
135.022067
133.550399
135.448143
133.264421
135.261371
134.491774
134.417718
135.953367
133.895962
137.059637
134.951795
135.265044
133.526661
135.876929
134.085378
135.002394
135.420784
134.229099
135.984289
133.512814
135.563648
134.665270
136.383680
134.159139
136.077861
134.665885
134.592201
135.504604
133.638244
135.691538
133.204921
135.656378
133.809549
134.980870
134.513621
134.123365
135.565070
133.844346
170.597487
138.748244
138.572817
139.947582
140.595692
141.101702
138.748480
141.110639
139.639761
140.284899
144.225439
144.606956
141.179960
140.507689
144.508931
140.899341
140.853936
140.038279
140.080011
141.624107
139.103108
144.114646
141.344238
139.042105
141.642434
139.361012
144.588123
140.671535
140.434369
139.801454
139.831431
141.234247
141.804297
139.415763
141.488131
139.131506
141.501625
140.585374
140.819958
144.599511
138.531738
141.368178
142.461942
141.984447
140.949209
142.271227
142.046596
144.079442
142.941283
144.590179
138.109573
141.980973
138.963468
141.115694
141.067449
140.105046
141.878941
139.781783
142.167726
140.816306
140.058551
141.428404
139.377578
140.613684
141.150356
139.301988
141.679014
140.301353
140.489932
142.495080
144.268928
138.967534
139.253795
141.740027
139.876658
141.436131
140.902643
145.095368
139.264706
139.302046
141.537678
139.730636
140.642052
141.286946
139.304734
141.591577
139.397465
141.095571
140.984601
141.423267
142.127703
140.488322
138.431548
141.118731
139.125716
140.770069
140.841754
139.800049
141.574029
139.207117
140.943544
140.900124
139.973950
141.708272
139.605103
141.254513
141.062464
139.665986
141.454476
139.299799
141.118027
141.844796
139.557570
141.701427
141.215153
140.768172
141.767013
139.830696
141.516018
140.959682
139.584086
141.625614
139.480900
141.111506
142.062068
140.024703
140.644121
142.365929
143.405562
143.031293
140.382327
140.788396
140.036188
140.094804
140.973055
139.015231
141.276661
139.094680
140.777433
141.356951
144.101026
139.296845
140.445840
140.252901
141.210561
139.424308
141.766696
139.202368
141.479637
140.308341
140.299979
143.975816
138.998693
141.741940
140.653614
141.432695
140.575661
140.316509
141.451211
138.832244
142.632541
138.948553
141.651488
140.844687
140.602195
141.804420
140.056660
141.783638
144.176876
142.360210
145.271362
139.457357
141.441961
142.075955
139.273079
142.000710
141.011494
140.090406
141.716465
139.960814
141.041844
145.693645
139.369683
139.099982
141.142247
140.225990
140.009766
141.536975
139.430198
141.882402
140.879557
139.967836
141.959521
140.049097
141.381326
140.829963
140.805192
140.667931
146.915165
139.546977
139.677592
142.112256
140.097416
141.685785
141.315204
139.556205
141.616246
139.837195
141.076486
141.559624
139.595910
145.116909
141.906979
139.258632
141.166215
143.326747
144.633823
141.897596
143.105676
139.119958
141.505783
138.988770
141.336916
140.192135
141.878007
144.030716
142.684180
144.596648
140.385002
143.411323
138.604830
139.541837
144.318370
142.757354
143.432987
139.615406
139.863424
141.532782
139.536025
141.893327
140.625160
140.665095
141.477718
138.894399
142.238471
139.868128
141.694912
140.165087
140.918170
141.742440
139.283485
146.021354
142.630239
143.601671
140.143095
140.519229
141.495688
139.330262
143.978344
144.335901
143.609817
146.075441
143.444943
145.641989
142.579925
141.775609
134.052326
132.296286
137.057994
139.451531
139.425903
141.694054
139.180529
141.885138
140.861172
140.583806
141.867079
139.330624
141.639337
140.002741
140.744378
141.379172
139.290562
141.539911
140.131207
140.372725
141.172490
139.118441
143.311464
142.368740
144.725515
142.236197
143.715576
139.073420
140.489886
142.666078
142.487970
141.167726
139.574829
141.356506
140.593334
140.163272
141.901429
140.425625
143.530759
139.391911
141.424541
140.870219
139.689132
141.644347
139.781178
141.083346
141.501569
139.356221
141.787907
140.470312
140.990659
141.811763
139.079632
141.613686
140.145644
140.330079
141.456790
139.836007
140.587317
139.408138
140.722718
140.711643
139.794326
141.487461
139.081126
141.471378
139.312375
141.567031
140.726741
140.037981
141.487150
139.243895
141.810973
141.184798
140.608492
141.475785
139.008337
141.734374
140.296373
140.723323
141.888697
139.269131
141.387409
140.263314
140.803133
141.509486
139.476940
141.627859
139.261138
141.531646
140.006969
140.597101
140.803910
142.045213
140.394925
138.857087
141.160976
139.709978
140.769326
142.907942
140.253851
141.797488
139.320132
141.855539
140.525692
140.417398
141.654624
140.009240
141.390943
141.448853
139.862376
141.715430
139.148989
141.514876
140.367334
140.296721
143.296886
139.961623
141.531112
139.145120
141.482740
140.069767
140.689251
140.524427
139.267194
141.241286
138.837631
141.503390
139.555928
141.378512
140.080173
140.666116
140.566679
139.897267
140.907077
139.266470
144.286015
142.293196
144.292957
138.444680
141.133028
139.445784
143.759664
142.907566
142.284712
139.976349
140.520928
140.995988
141.833267
140.532070
141.885910
139.858919
141.574282
141.217113
139.957418
141.944361
139.881329
141.303437
140.768475
140.331518
141.970542
139.418123
141.754878
139.304760
142.059398
140.539463
140.336599
141.712075
139.512407
141.789006
138.652530
141.516931
139.714946
141.637721
143.639088
143.619925
142.766845
139.293751
140.331847
140.971475
141.157201
139.901227
140.369473
139.640529
140.668196
141.443925
140.558020
140.184259
141.636850
139.277644
141.856021
140.005280
141.941957
141.049112
139.894453
141.677926
139.236662
141.857858
140.920296
140.103230
141.799692
139.335678
141.739395
140.330253
140.372219
141.520548
139.199548
141.769401
140.579087
140.251631
141.542704
138.998003
141.839131
140.567734
140.473089
141.782635
139.216360
141.758633
140.326360
140.759767
141.888640
139.520047
141.209750
140.741445
139.425589
141.595475
139.969081
141.196381
141.395028
139.611385
141.886174
140.311315
140.720595
141.789372
139.291445
141.864179
140.004687
140.333317
141.661223
139.337702
141.753030
139.805342
140.945998
141.662805
139.160876
141.528305
140.250457
139.887507
141.395284
139.249908
141.416898
139.086676
141.540491
140.462622
140.271438
141.478912
139.103331
141.592075
140.461901
140.974440
142.486517
139.544810
141.570422
139.633185
141.410124
140.574330
139.711785
141.309127
139.024453
141.387838
138.963069
141.664683
140.292184
140.093156
142.150146
139.140309
141.508225
140.897168
140.128055
141.752762
139.352320
141.712930
139.938532
141.267868
141.258902
139.973838
141.909599
139.573421
141.569874
140.554445
142.118702
143.848514
145.633716
142.466131
143.603586
143.358024
143.874720
139.473010
140.710957
140.102530
141.919981
139.071548
140.834247
140.486627
139.928379
142.790550
141.244461
140.916201
141.525647
138.956408
139.278476
139.187300
139.022463
141.805874
140.668689
140.446288
141.498899
129.171789
132.278999
132.329676
132.333824
135.039265
132.752247
135.242834
133.623291
134.842610
134.476400
134.250235
135.111754
133.311197
135.110233
132.523595
135.124208
132.648383
135.351143
133.885819
137.578844
133.199980
133.123206
134.352237
136.505995
133.393072
135.293127
134.668194
134.245822
135.013830
134.422589
135.261317
134.318622
133.979731
135.669378
133.349807
135.955687
133.352307
135.578568
133.217244
135.533476
138.390997
133.234820
134.492694
134.342719
135.371882
133.933625
135.790861
133.338490
135.627044
133.233547
135.460160
133.045060
135.429210
136.038715
132.960435
134.758868
133.506853
135.078056
133.257361
135.748275
133.329118
135.500992
133.153129
135.493429
133.309665
135.580093
135.528037
133.220571
135.467591
133.506127
135.064411
134.202392
134.924873
133.770162
133.750180
134.232373
133.192812
134.909456
132.692596
135.104398
132.921501
135.443061
133.143815
135.675355
133.910400
135.215171
135.021089
134.054079
135.863869
133.396331
135.716711
133.371586
135.278425
134.101153
134.952826
134.948090
134.173593
135.233080
133.416830
135.163970
137.721508
133.375233
135.809984
133.224140
135.716109
133.243041
135.461290
134.363116
134.252443
135.352359
133.906549
135.559037
133.299297
135.631119
134.266083
135.064067
135.548973
133.867215
135.393622
132.752415
135.136935
133.161185
134.539552
133.858327
133.846905
135.652350
139.957303
129.330299
128.783381
132.736395
132.807434
133.073149
135.631717
133.352924
135.465182
133.826164
135.104310
134.376707
134.391615
134.812826
133.881939
135.580392
133.177442
135.667615
138.978954
133.217824
133.037333
135.437862
132.981603
135.119024
133.128882
134.552270
134.200311
133.681091
135.175321
132.842421
135.123036
133.165295
135.279795
137.825701
133.132599
134.001779
133.963557
134.289957
133.488735
135.035582
132.945899
135.125124
133.342228
135.215147
132.773778
135.198552
134.886378
139.580562
132.794747
132.854768
135.217835
132.856432
135.273543
133.879230
134.212074
135.968101
132.985618
135.569306
133.934978
134.586343
135.440318
136.921774
130.114291
132.844789
132.908473
134.142682
133.931414
134.885646
133.149056
135.616179
132.739972
135.228653
133.148951
134.860003
133.497255
134.629334
134.105029
134.034986
134.855419
133.282758
134.995674
133.200743
135.476700
132.990213
135.572340
133.048770
135.364700
133.275060
135.298335
133.022525
135.362148
133.351608
135.380951
133.008758
135.330791
133.157947
136.757781
135.079341
133.066353
135.234134
132.852663
135.263308
133.103722
135.115635
133.964886
134.276409
134.814852
133.387413
135.154466
132.646814
135.034747
132.945937
134.800813
133.493890
134.011071
133.650230
133.862544
133.958135
133.827526
134.141500
133.741762
134.307321
133.577760
134.580343
133.236074
134.283430
132.759109
132.776531
135.168380
132.774742
135.194204
134.000667
134.644164
134.590613
133.888534
135.369746
132.762451
135.227002
133.371123
134.696633
134.049195
133.921131
134.445652
133.199036
134.707435
132.981021
134.913353
132.604901
136.428074
133.162899
135.122148
132.737211
135.176606
132.691639
135.071487
133.532787
134.264088
134.618699
133.239621
135.154525
132.738694
135.319257
133.408448
134.915138
134.351338
141.024951
132.885862
132.842524
134.228700
134.012250
134.544093
133.438267
135.288861
133.633074
135.999967
133.260321
135.077237
135.994401
133.661298
135.264240
132.813572
135.309379
133.145754
135.066760
134.328515
134.842047
136.390369
132.895172
135.291585
133.420805
134.964212
134.553364
134.097640
135.565306
133.107474
135.515321
133.095443
135.525188
133.575142
134.869044
134.508752
133.987712
135.402054
133.017092
135.368880
132.895391
135.180362
134.225177
138.024146
133.658567
132.524613
134.893458
132.462347
135.061689
132.890706
134.599599
135.421428
132.703782
134.984786
132.684000
134.937998
140.109696
133.245319
133.643547
134.762331
134.398008
133.974434
135.387187
135.780790
133.478155
133.242604
133.144899
133.072967
135.366757
133.303580
135.538251
133.079917
135.482531
133.786205
139.550108
132.967333
132.915676
135.267345
133.497509
134.288394
133.905127
133.748080
134.889307
132.705661
135.228921
132.739285
135.047003
133.892977
133.985549
135.265013
132.722350
139.659085
132.747437
135.180538
132.630978
135.065623
132.927727
134.681390
133.207130
134.267419
133.763559
133.682715
138.589790
135.312920
134.458138
135.024225
133.641792
135.505780
133.144485
135.593184
133.450373
135.160219
134.258409
134.478210
134.647790
133.980163
135.972263
133.514611
135.614462
133.163789
135.536865
133.165038
135.286442
133.922765
134.410243
134.755577
133.761378
135.885835
133.334971
133.266200
135.539885
133.499995
135.555695
134.203657
134.796613
134.694403
134.368072
135.519115
133.259367
135.427468
133.134700
138.039462
135.512923
132.776351
133.140904
134.699702
133.891383
134.187480
134.860475
133.150853
135.310256
132.770988
137.382247
138.370926
132.822479
134.122667
133.848014
135.156585
134.795659
136.287543
133.135190
135.284166
134.131056
134.368429
135.084423
133.418872
135.462142
133.013328
135.483015
133.317170
135.843200
133.508569
135.792150
133.515089
135.777915
133.135057
135.588999
133.452779
135.178746
135.322402
134.939013
134.563225
134.813403
133.451082
135.438138
133.064407
135.184557
133.937591
134.325171
135.094327
133.015551
135.272138
132.867893
135.285221
133.441845
134.679072
134.168461
133.903542
135.028209
133.153478
135.297714
132.887978
135.308367
132.709081
134.899982
132.581128
135.006047
133.390462
134.471938
134.111935
133.753301
134.914010
132.887769
135.079016
132.694964
135.024020
133.313943
134.377447
134.527980
133.195768
135.892345
133.492202
135.231945
132.769133
135.297216
133.144706
134.754091
134.291646
133.526716
134.849292
132.813190
135.100797
132.707553
134.978232
133.853920
134.080939
135.147387
132.614508
135.172280
133.091140
134.627640
134.233366
133.498607
135.103413
132.631918
135.113589
132.762134
135.059830
133.376816
136.129669
133.331418
134.889468
133.047217
135.347431
133.780213
134.954594
133.748145
135.111268
134.976706
133.924456
454.046515
118.499687
112.011849
112.078867
111.927328
122.240439
130.654965
132.768470
132.809152
135.439175
133.416529
134.366056
135.384945
133.701014
134.811326
133.006434
135.383979
133.375486
134.563397
134.890656
133.051621
135.446947
133.638024
134.567483
134.634266
133.806291
135.472064
134.291532
133.992913
135.524810
133.012771
135.545061
133.931776
134.758381
135.145641
133.621627
135.708841
133.369729
135.381259
134.671031
134.032441
135.775844
133.270425
135.355693
134.419812
133.778027
135.589334
133.576838
134.891712
135.000657
133.666345
135.657102
134.105266
134.266567
135.097570
133.182886
135.546778
133.926254
134.428652
135.454497
133.457150
145.020116
132.799756
132.813088
135.115562
133.289977
135.538875
133.300226
135.201181
134.525007
133.794334
135.494153
132.963428
135.373759
133.663643
134.606106
135.155399
133.600339
135.542653
132.973883
135.555992
134.479873
134.192599
135.498129
132.999001
135.486633
133.017973
135.380486
133.300705
137.331414
133.565787
135.427846
133.046795
135.560742
135.599592
137.918878
134.128041
133.830262
134.911450
135.491103
133.221786
135.079226
132.730602
134.980375
133.985270
133.800266
135.040972
135.544483
133.086352
135.312946
132.859795
135.211553
134.002292
134.081494
135.012533
132.995160
160.224697
132.641155
132.631743
132.683557
135.169099
133.222485
134.541682
134.584890
133.209601
135.118782
132.631909
135.074189
132.827939
137.350802
133.434368
134.513418
135.821840
132.674263
135.113445
133.358867
134.527299
134.587504
134.715128
134.355266
133.636355
135.233776
132.666995
135.177024
133.914535
134.023045
135.095911
136.709870
132.817316
133.695472
134.614244
135.049621
133.245663
138.353706
134.273352
134.237965
135.378845
136.457932
132.592274
134.536777
133.238246
135.152896
132.631783
135.059079
133.363525
134.488825
134.704848
133.346736
135.124298
132.555645
135.031069
133.060124
134.676046
133.960815
133.758298
135.049507
134.078009
134.946173
132.913459
135.113904
132.615697
135.133852
134.268760
133.557100
139.223811
132.447505
133.749520
133.972584
134.732984
133.016037
135.410466
134.989136
133.392132
135.325714
133.116140
134.992656
134.192341
133.929215
135.200899
132.473326
135.223972
133.490106
134.396512
134.675948
133.231916
135.220624
132.809622
135.220384
133.076204
134.962200
134.015507
134.084943
134.867428
132.606382
134.887028
132.926155
135.053488
133.158863
134.594681
133.966734
133.653272
134.745918
132.813773
134.238949
133.297343
134.441016
133.166982
135.070294
139.476979
132.602761
134.984679
133.054644
134.643210
134.208448
133.815371
134.929671
132.963079
135.186267
133.193764
135.357639
133.204245
134.931611
134.186477
133.909890
134.813939
133.125512
135.178467
132.708902
135.161535
133.408787
138.534435
132.735447
134.102451
133.594421
149.411251
143.132103
133.210091
133.117439
135.278228
133.177385
135.326444
132.913420
135.399180
133.574144
135.071426
135.216772
134.036857
135.895075
133.381327
135.689999
133.290810
135.596367
133.514809
135.468654
134.381154
134.211419
135.518358
133.231091
138.746190
133.003824
133.055730
135.414443
133.053388
135.377752
132.849817
135.315297
133.203706
134.890958
132.823629
135.064844
132.858754
135.245813
133.039548
135.293515
133.166277
135.635429
135.829038
135.574931
133.828082
136.047571
133.987217
136.172551
134.182951
135.626872
134.544893
134.817773
134.763973
134.420078
134.907860
134.383416
135.296917
133.769053
135.295141
134.287347
135.555784
133.376249
135.535879
133.507924
135.981424
133.725470
135.679720
134.052264
136.229904
133.296608
135.815589
133.202268
135.182656
133.210206
135.167687
133.135245
135.393864
133.798009
135.124550
134.276828
135.552072
135.386683
134.320385
135.904515
133.973450
135.982899
133.611726
135.814155
133.343905
135.658730
133.820404
134.971636
134.765088
133.874738
135.758424
133.563281
136.099803
134.018637
135.398962
134.971407
134.418287
135.698471
133.363774
135.963868
133.699983
136.024160
136.167135
133.530119
136.324084
134.212652
135.002348
135.779006
133.555205
136.016688
134.016492
136.425265
134.678587
134.696081
135.841440
133.655680
135.811816
133.482797
135.884042
134.749880
134.401663
135.706195
133.370054
135.901714
134.026847
135.201591
135.136149
134.216637
136.035485
133.715643
136.074170
134.211080
135.602295
134.322797
134.697430
135.549452
133.943922
135.823927
133.421402
136.788207
133.319924
135.366088
133.075988
135.559727
133.257406
135.495263
133.111561
135.699836
134.243037
134.928941
133.827043
135.247816
133.392671
135.617500
133.891344
135.607856
133.948458
135.166958
134.768905
134.645600
135.440910
133.729681
135.913973
133.452324
135.858297
133.424195
135.557883
133.645392
135.314224
134.152450
135.294414
134.042216
134.979706
134.679358
134.408060
135.188862
134.051715
136.708304
133.813164
135.953658
133.574462
136.195788
134.285946
135.352811
134.901529
134.639141
135.040416
133.872072
135.442603
133.682149
136.004809
133.246355
135.913729
134.047180
135.491699
134.822110
134.861440
134.040699
135.175594
134.419225
134.497451
135.437139
134.056482
136.038670
133.124529
135.530655
133.587314
135.747704
133.615368
135.209127
134.134380
134.966420
134.574105
135.195049
134.001115
135.954938
134.507654
135.798272
133.549900
135.717637
133.434685
135.819429
133.581565
136.063929
134.112645
136.082127
133.875705
135.765423
134.053523
135.465252
136.008782
134.420545
136.080645
133.565019
135.825978
133.613112
135.896549
133.972449
135.092381
134.792444
135.240032
135.407136
134.352281
135.817795
133.803926
136.038178
133.792345
135.740197
134.136877
135.104485
134.465792
134.733078
135.663347
133.281360
135.815563
133.392622
135.457662
134.155605
134.645208
135.070307
133.940154
135.863030
134.480205
134.661291
133.924775
135.279901
133.528328
135.647451
133.308239
135.936413
133.671387
135.933951
134.910401
135.156592
135.637085
135.685713
135.398944
134.405152
135.773720
133.540525
135.649261
133.659102
136.092794
133.601289
135.946777
133.787046
135.356472
134.849172
133.780618
135.495663
132.848153
135.375298
133.044684
135.415862
136.187554
133.981346
135.637352
133.084815
136.239316
134.013860
135.270917
135.199495
134.426324
136.043631
133.682761
136.095964
133.819373
135.895651
135.263484
134.648699
136.254750
133.737797
136.923199
134.538832
134.438141
134.740493
133.833887
135.369132
133.451519
135.804167
133.438024
135.930796
133.766619
135.742675
134.802037
134.733216
135.241536
134.182961
135.805409
133.579400
135.851288
133.477406
135.845797
133.555209
135.937389
133.589061
135.943989
133.895378
135.491443
134.060335
135.053076
135.842995
133.725847
135.437066
133.676921
135.910815
133.895735
136.101420
133.657116
135.833370
133.404084
135.917087
133.867899
134.872868
134.406022
134.517167
135.204015
133.495150
135.478624
133.143782
135.606524
133.219343
135.812958
133.900616
135.436727
134.907641
134.526453
135.618255
133.862538
135.962348
134.181970
135.169068
134.694138
134.625484
134.994604
134.095475
135.538616
133.378260
135.452316
133.064247
135.422054
133.056018
135.390292
133.132789
135.626938
133.968051
134.756698
134.518956
134.499511
135.276892
133.617853
135.605537
133.214007
135.738959
133.288673
135.962331
133.822555
135.671203
134.542919
134.832920
135.441101
133.974541
135.730216
133.172516
135.507693
133.344822
135.586732
133.800489
134.797679
135.197595
134.209454
135.518783
133.328641
135.718413
133.220056
136.110005
135.765940
134.651547
137.601106
133.563848
135.973522
133.722078
135.184717
134.634057
134.285475
135.477291
132.958645
135.254619
133.079322
135.205554
134.281911
134.481618
134.824637
133.730747
134.733411
133.410725
133.262093
133.283682
135.770098
134.149267
134.885608
135.600035
133.624300
135.678331
133.543308
135.458664
134.820467
134.823319
135.835832
133.409244
135.813429
133.817986
135.152441
134.902293
134.100095
136.597174
134.018556
135.774156
133.452872
135.824623
133.546573
135.498840
133.193226
135.464522
133.347288
135.872615
133.622967
135.978522
134.259625
135.258999
134.736272
134.511032
133.773540
139.449149
133.452370
133.376467
135.398157
133.560338
134.906100
134.053174
134.897366
133.857460
134.723572
133.216983
135.442837
133.210765
135.421779
133.059307
135.941478
133.019186
139.662175
133.413896
134.836013
135.069614
140.013060
135.503794
133.246455
136.458592
133.441622
135.946764
133.711878
135.624173
134.795704
134.611889
134.657396
133.370443
137.610551
136.786839
133.002522
134.083615
134.750772
135.369254
133.897766
135.763742
140.081433
133.109234
133.105058
135.353829
133.088367
135.544759
133.235494
135.598616
133.150703
135.502794
133.447841
135.416814
134.569285
134.208660
133.271662
133.267933
135.040299
133.919947
135.661511
133.526095
136.208345
136.042064
133.561292
135.699584
133.244751
135.639352
133.954087
138.215332
133.108897
135.549919
133.088502
135.495197
133.078588
135.466323
133.088150
135.337850
135.006668
133.889906
135.108504
133.496676
135.410475
133.098857
134.586326
133.971912
135.065009
133.496744
134.230592
134.170730
134.454415
134.087485
135.039296
133.566745
135.542683
133.064074
135.366032
138.436083
133.124636
133.446400
134.920194
133.079442
135.314552
133.335036
135.104430
134.054169
134.429572
134.317936
134.572654
134.860323
133.663347
134.850545
133.765300
135.562786
133.066464
138.172415
133.215073
135.501743
133.168576
135.466136
133.690099
134.816705
134.362733
134.229946
135.192175
133.684284
135.539771
133.067398
135.443943
132.795062
134.890824
132.663952
134.828373
132.679533
135.076691
132.803940
135.032091
132.939422
135.050343
133.155731
134.948505
133.095290
134.878411
133.324671
134.637968
133.313931
135.051746
133.723384
134.678002
134.390333
133.957619
135.355526
134.211604
135.331897
134.287855
134.242199
135.058114
133.428089
135.449670
133.048118
135.631432
133.281256
135.629620
133.780695
134.982302
134.274147
134.229920
135.166427
133.479788
135.463886
133.037736
138.977750
137.171827
132.876074
133.495010
134.570134
134.321751
133.838749
134.760684
133.234225
135.025140
132.994579
135.128312
132.852543
135.069951
132.880114
135.151121
132.832937
135.240218
132.831556
135.408961
133.978277
134.713014
133.382442
135.263927
133.971715
136.511882
133.508418
135.703744
133.193142
135.584285
134.211436
135.140202
134.863803
134.581436
136.036239
133.442670
135.942045
133.609900
135.848369
134.590722
134.457112
135.717113
133.433119
135.389874
133.379862
135.013026
134.144705
134.115335
134.976100
133.176487
135.250807
133.145568
135.494761
133.159335
135.458515
132.901437
135.274857
132.908742
135.312773
133.543214
134.530001
133.965224
134.220447
134.468086
136.524754
132.891261
135.270434
133.268718
135.009115
133.912849
134.280928
135.781465
132.713500
135.068939
132.694957
135.039676
132.828756
135.152141
133.824688
134.302017
134.469232
133.627099
135.358607
132.831189
135.276248
132.862415
135.293331
133.051845
135.076007
133.143453
134.407318
133.593434
133.454477
134.639067
133.907613
134.201349
134.160348
133.970956
134.624586
133.839233
135.057407
133.196482
135.177731
132.896343
134.893451
132.961235
134.786480
133.287588
134.848736
135.016285
135.378989
135.696150
135.329085
135.448977
135.372843
135.791280
134.857813
136.368928
133.746074
135.960507
133.562351
135.925284
133.708639
135.934986
134.088872
135.338857
134.322000
134.486628
134.819418
133.487095
135.101798
132.758553
135.124467
132.659074
135.076912
133.626112
134.202267
134.383526
133.421839
135.147804
132.699897
135.188465
133.000828
134.863005
134.373514
134.295195
135.236009
134.945941
134.056118
135.395290
132.862578
135.370526
134.005521
134.207175
135.206807
133.059607
