100.000000
194.408326
95.704612
107.660991
81.828604
85.761704
133.688216
92.031054
80.850583
81.848662
85.197806
102.647912
146.776007
108.768372
94.152066
93.115562
95.449616
104.725197
103.789683
105.537565
87.550709
99.779259
89.018887
118.772317
94.442072
86.374933
90.436889
112.997203
114.558406
88.938987
95.245736
129.911898
126.168938
86.523750
134.576964
106.786752
90.091250
156.780490
117.331399
117.543880
93.302245
95.989538
108.654897
87.971512
106.022399
89.139918
87.308065
87.977509
87.157198
109.061337
100.151627
124.059298
135.919956
90.758221
104.741881
89.630685
86.360647
94.338906
89.951270
87.560916
86.600567
101.207853
88.936482
90.797874
89.119797
104.693227
142.392293
87.954459
88.651266
114.196807
102.720149
119.822928
87.315849
141.619486
115.650412
145.614601
105.567504
135.739686
119.477553
86.008730
88.104637
87.441651
101.184143
92.256918
109.528156
87.333237
87.676761
98.802880
99.798725
92.922851
106.532884
86.882089
90.226476
129.735513
126.352257
127.752007
130.151545
132.329122
104.427559
113.736658
122.978820
85.206576
109.820339
115.205856
86.869396
85.483059
86.956435
88.316578
87.444308
110.763411
86.017502
90.499643
89.138828
89.089163
96.191000
152.940475
142.408941
92.852378
106.212483
90.402343
87.038029
86.838109
85.636458
91.971107
88.210652
91.243399
86.794332
94.586058
131.398457
144.913073
88.089366
113.923593
115.889650
111.805636
87.635944
100.464057
87.631511
87.923905
98.149572
139.985991
109.416438
124.025048
98.069963
91.520766
86.961704
87.810245
93.675828
87.038158
84.913015
90.897072
87.511968
86.340013
86.436340
89.771822
87.061113
94.262691
126.391288
98.021510
90.560812
97.124393
91.792324
142.322705
93.845862
107.011327
113.573022
87.570497
108.791869
91.004925
88.594472
88.167319
86.691821
117.874304
118.372408
136.580172
87.066129
120.506128
115.512391
118.200633
129.050715
120.342616
88.711569
107.658726
131.752290
87.375105
113.790865
110.973596
150.137415
136.989114
107.338974
86.593615
105.761717
97.122221
89.565357
92.202718
119.375531
171.571437
141.727009
109.445592
108.150055
108.152255
109.630388
110.234047
143.801913
116.544809
123.090863
88.412166
87.536102
103.961337
126.833681
114.022068
104.364970
89.533580
110.283600
86.301890
105.909428
86.294011
99.371703
90.769579
129.929241
87.297738
87.687640
100.241345
98.005471
106.136740
102.931887
86.178742
87.291380
88.439774
89.596416
106.990032
108.281441
145.427071
125.176074
142.312882
113.285783
88.156622
91.641505
94.475207
86.942014
84.209881
115.775533
92.646258
102.279877
87.392529
90.088825
130.701516
89.999037
87.371275
87.661385
85.675695
89.844971
85.853586
88.733938
113.663110
134.638939
125.729807
127.320970
107.816442
103.426128
126.145963
86.665084
89.403029
86.636935
91.947259
111.550634
84.720821
91.400576
124.636352
88.776047
122.197046
117.053442
112.935687
114.500119
133.820024
108.286002
88.809782
90.036374
131.071536
98.480664
95.565539
87.610952
101.863137
105.391902
122.574864
119.768441
127.994172
151.539758
107.349333
93.454509
97.273770
96.723691
104.883852
95.737487
91.062632
136.481024
139.764485
86.681547
97.141202
95.392887
88.978638
87.614839
89.108324
88.676554
123.071090
112.338002
90.587034
111.592158
99.137141
144.583945
102.404856
94.195266
105.781545
122.161135
85.409987
89.949285
105.682798
87.294435
118.293220
97.523183
147.171453
87.791630
128.594492
104.249398
89.228260
85.318449
85.893760
103.626366
85.949982
87.892082
88.756662
86.917653
116.694952
91.407416
88.737068
107.984326
133.071559
101.204517
122.253659
117.165022
93.580117
86.392117
93.199664
145.755354
139.233784
84.365134
130.773002
119.682194
115.321640
87.384690
121.017266
89.408806
103.192120
90.492102
86.329718
86.357748
89.591826
118.296681
131.456875
128.396284
131.188851
104.283608
85.781281
88.527131
85.313867
90.927237
90.321499
90.447836
117.859676
115.344949
107.366318
88.363732
123.341873
116.995487
117.569075
94.123376
87.128806
93.578181
100.507641
89.597593
87.998743
110.904974
87.167931
86.963355
89.343862
116.189149
86.863764
107.629265
84.801780
86.931542
88.165526
85.350832
94.734934
86.621546
112.644983
93.133349
92.776757
86.518782
93.015294
107.247991
103.040791
85.863780
91.069676
85.794153
88.147064
86.167564
101.460147
106.938572
110.294337
91.920732
89.393596
86.377334
84.688519
114.668284
88.552438
87.152426
89.188212
86.281198
87.112181
112.328193
123.050791
101.334082
100.366497
118.275846
88.759556
86.525042
115.543662
89.514558
87.331745
131.378905
125.568467
128.989245
120.254901
113.603288
116.288556
86.497379
87.891403
104.134876
137.134518
95.620740
112.481757
92.126197
115.616334
112.386333
93.279734
102.352261
112.062690
104.969131
86.887018
140.375491
98.798878
89.382719
88.911191
88.316008
88.533430
91.546239
87.070371
94.174154
93.587480
122.622458
91.476808
113.712641
107.100676
86.238094
86.602519
87.268717
86.723898
87.323633
94.505668
118.956281
110.309118
110.055245
132.543186
128.017235
115.668171
86.992935
103.017060
91.447912
88.961527
86.269574
92.494196
162.575500
146.388307
144.751018
107.401572
107.370518
107.480955
107.556688
109.111271
138.706104
166.674678
173.326317
106.951764
92.531550
89.494427
95.865654
107.349990
88.063354
90.813314
93.981182
86.413584
85.613417
88.450151
88.212011
85.895457
87.185280
131.978157
86.983292
87.751176
131.711660
87.288425
88.994117
89.880800
115.725504
122.613737
90.037973
85.966779
86.118947
89.361552
144.304958
118.585707
97.647707
92.001034
91.910965
94.284186
92.064547
93.021295
92.400115
91.509795
90.231644
91.601493
98.567986
93.077561
134.657823
84.218736
108.379659
102.700997
86.263748
120.507295
92.208245
112.945016
86.793261
101.554300
89.115449
87.494918
101.731871
112.705462
97.513632
109.355983
97.439192
94.819776
88.479172
88.306942
87.022444
87.343095
88.241625
85.272114
92.931398
92.628364
83.542472
86.755162
123.231103
88.721639
87.197823
94.751272
106.544636
86.278655
94.392736
86.507405
89.089320
87.124968
105.621548
89.847871
88.704268
104.964296
141.997692
152.151372
149.174889
86.485385
98.412114
88.289013
91.762014
88.702865
87.679245
93.487008
90.623120
91.082153
87.248966
88.214805
109.385490
86.539245
142.815382
109.719675
89.893074
106.607753
