100.000000
195.526632
101.778109
97.721943
140.709838
88.719193
107.129084
146.410368
113.571731
104.850309
109.293925
132.094541
88.075657
89.668204
88.916565
92.068099
87.715349
103.442074
89.127680
121.290643
93.940607
126.433943
110.292487
103.454109
103.543793
106.812447
121.478292
90.542605
90.840398
91.675807
112.017358
90.574828
86.611156
86.944353
88.423197
88.838901
88.258064
84.366488
84.282472
86.521682
88.071056
87.869056
93.203906
108.856152
129.573709
121.439345
117.836695
86.418546
88.019878
88.906191
94.024617
118.617566
140.137692
103.667199
117.725616
131.618443
90.221323
95.922897
88.905467
88.396933
105.122213
86.752112
91.879310
87.140738
90.069188
139.326924
145.065648
110.441007
90.047990
87.744305
124.703327
95.065203
91.791018
93.891252
109.471969
86.824375
89.221595
90.933147
84.163936
87.306164
106.823205
85.121005
114.280536
112.569051
108.285841
107.361407
98.438090
88.163322
86.102272
87.152050
89.354211
105.117838
86.549518
91.491203
88.706897
87.526305
90.379418
96.390123
103.570767
86.888334
88.224959
109.037712
119.732336
108.308763
106.104705
109.054821
117.360775
119.929861
89.371786
87.363643
87.199548
116.087672
116.188303
90.028315
88.588162
89.365529
85.988535
86.834354
86.533433
86.519034
92.225090
89.044083
87.375535
137.309101
146.476027
115.452671
90.780138
90.412251
86.948284
103.788541
92.230042
89.160529
87.522538
122.601155
103.107136
88.347421
89.262556
91.268209
96.788124
88.984424
114.544979
90.837362
97.773340
101.835302
88.358633
86.574337
100.609031
122.548908
163.199493
107.844066
106.479046
107.051600
141.828017
148.420870
94.903195
87.111254
87.066315
142.586421
99.562125
99.845850
118.839262
110.373497
86.235546
110.909735
101.872717
95.163081
123.062416
90.865992
112.740753
125.749300
86.208377
100.825976
139.093256
96.079223
101.232458
105.506481
89.371832
111.436873
88.827310
86.703113
89.321290
132.537246
95.161519
92.551092
87.297268
86.877300
89.033023
105.877028
84.607585
86.075420
85.425530
87.399361
87.474703
139.842396
110.645440
94.240994
101.169914
99.847152
86.983538
85.731778
118.075784
90.535680
89.797006
86.777372
87.764989
104.327326
99.670399
92.782009
86.839437
104.468188
90.751411
88.316767
104.529547
99.278448
87.705013
86.186281
89.981844
105.767651
108.801560
86.839144
85.961885
86.402217
125.053541
92.288354
89.573382
88.005162
84.203954
88.043087
86.178691
90.388992
91.997568
86.161054
88.934733
97.629732
147.412593
105.703579
92.794099
83.123762
91.234135
87.536932
86.626086
109.935361
85.979763
88.797875
88.136821
106.477084
89.853196
84.858759
85.465724
85.151163
85.306003
104.104504
86.336280
90.324715
111.211821
84.987903
110.720920
86.893937
87.946836
88.610293
136.695414
118.448737
101.616888
107.219712
111.367896
106.295049
118.794403
168.899212
119.128134
92.729668
133.828938
126.627275
93.329882
86.493348
86.509301
87.194160
117.996658
115.992444
120.590069
129.403750
87.551517
99.281687
136.031271
125.485336
89.990430
90.232233
87.240807
91.700950
91.482852
87.322636
89.065122
87.375139
89.961920
88.285061
92.373207
112.910916
86.742025
86.341007
107.561669
116.933380
92.783447
118.814571
92.826622
108.717223
86.439188
85.885075
84.955674
86.425288
86.718843
88.750137
85.293165
88.339303
87.749689
99.680488
92.258739
87.500946
88.777784
85.470861
95.573816
105.122905
104.898305
86.854895
93.154433
115.770950
124.944257
85.465593
86.393978
103.555441
87.319674
86.544773
125.782807
109.707677
91.274032
120.176236
89.295915
87.679270
111.579687
128.166749
86.382763
88.951754
85.965748
87.552214
87.744712
87.340513
86.114595
88.264782
115.202430
94.013660
87.271173
88.518623
134.769995
107.023328
87.626246
92.697453
88.636723
97.999428
86.935672
86.400048
85.751481
83.647743
86.657488
112.840515
92.807661
87.776867
87.040591
88.563856
86.460040
91.421543
88.067131
84.638107
129.999919
120.859173
89.713238
97.408892
110.643674
91.343094
87.131923
86.460514
85.620614
124.999450
103.137623
115.778634
114.214450
92.677925
93.808101
94.113201
115.286457
94.002102
99.945598
88.563720
117.317616
104.953128
93.947943
89.109851
113.709805
99.856309
87.466360
84.537686
87.093302
159.954628
107.089741
161.147071
141.044555
144.486565
116.426174
100.178106
86.941887
87.820025
91.725431
111.849091
95.320730
112.644982
95.215983
93.040758
90.888371
123.658469
170.149752
126.157265
121.925877
145.712589
102.040807
85.866814
85.029047
86.533510
87.751746
88.182115
93.343692
127.175907
135.026015
92.047675
111.653636
103.244712
89.151780
91.253226
96.022219
87.705678
90.439505
113.280355
86.452207
88.121067
85.907917
90.914511
86.152542
86.050765
88.098892
87.685668
93.087439
123.974382
133.718142
124.481156
85.258355
108.056912
98.671289
118.694601
87.251937
119.358215
129.692517
134.807921
124.398691
124.341333
89.629006
90.119547
93.324133
87.366360
90.015400
88.357403
92.644554
89.166485
87.479241
99.487841
104.540930
106.923349
106.662674
101.948874
86.743863
85.964592
86.739252
137.080558
117.843799
100.010371
91.393969
90.020126
110.036857
93.798427
89.137176
89.724459
95.522978
90.604730
105.242631
115.727053
104.625756
136.572182
88.010544
86.201239
87.524901
90.652646
85.597193
86.317550
86.481374
85.962795
86.430120
84.960204
87.609974
100.972028
95.021284
86.198539
86.438584
86.914774
86.928162
93.296475
120.531840
90.655998
97.905349
88.474265
85.781566
92.807278
94.582796
86.427283
85.940117
87.789564
108.898643
122.753221
106.085181
86.086600
119.673060
124.116426
108.268490
119.425135
87.820585
88.942376
89.714773
95.875151
146.778971
143.967608
104.888621
126.632261
99.347989
119.563635
123.863680
103.089488
88.818795
87.160257
87.474132
130.886322
85.110755
98.756997
135.815136
88.827955
86.681210
85.442412
88.208527
91.736342
85.899660
120.012140
89.153908
109.913699
85.528709
87.445491
88.537737
90.779074
97.193132
87.597371
110.211763
125.481134
99.368299
102.810516
137.395230
124.657437
114.832389
96.190536
85.845672
88.138664
86.075323
119.445280
90.311387
87.790207
86.580669
87.100633
92.521740
85.640313
102.642305
137.226001
138.434407
124.542412
90.671692
90.179837
117.633095
86.575813
88.333522
86.793457
86.390751
85.878351
87.219755
87.899821
103.132518
104.705308
91.686358
133.960910
95.090655
95.058861
129.667305
103.937570
91.340250
102.934903
142.376102
90.326929
91.748478
95.633296
