50
108.408688
108.436693
108.453986
108.407248
108.595875
110.530789
109.327584
108.264701
108.312635
108.268909
108.191555
109.325259
110.138709
110.102886
110.082945
110.182254
110.011873
110.075820
110.097408
110.252156
110.148959
110.136960
110.148205
110.151845
110.066359
110.357062
110.041735
110.061038
110.147488
110.191727
110.536857
110.187495
110.079704
110.059682
110.090556
110.086281
110.213727
110.280751
110.293956
110.261415
110.250275
110.098748
110.126702
110.066399
110.109337
110.134404
110.178546
110.211138
110.214503
110.189272
110.129351
110.092376
110.163189
110.069311
110.131430
110.220957
109.835401
108.252340
108.240446
108.323928
108.142048
108.698827
108.338661
108.317548
108.386356
108.435967
108.407937
108.506736
108.462349
108.285689
108.290857
108.311029
108.310301
108.362192
108.386388
108.340913
108.371358
108.368444
110.167792
110.144241
110.166630
110.201572
110.098351
110.058426
110.096089
110.075508
110.101166
110.134211
110.151097
108.208295
108.194922
108.167631
108.163567
108.131972
108.604519
108.172784
108.428271
108.219504
108.205936
108.178937
108.131410
108.135648
108.141063
108.142461
108.224276
108.221499
108.205597
108.185899
108.183606
108.214771
108.155024
108.124238
108.237790
108.220742
108.339934
108.342000
108.351743
108.318804
108.358883
108.364554
108.342574
108.369628
108.347270
108.957752
108.351027
108.379261
108.330096
108.323456
108.327807
108.324336
108.305856
108.339054
108.359925
108.429992
108.359738
108.317973
108.326807
108.321117
108.303311
108.337643
108.304057
108.312291
108.333724
108.282298
108.334250
108.304493
108.339295
108.330923
108.344150
108.327903
108.325082
108.401678
108.351282
108.341865
108.377745
108.289427
108.303483
108.303795
108.746764
108.315511
108.404912
108.327201
108.330778
108.290391
108.309595
108.345886
108.334803
108.358466
108.329762
108.345646
108.398691
108.325653
108.373128
108.336299
108.342579
108.335580
108.382855
108.378883
110.317042
110.226686
110.232532
110.685651
110.213155
110.288325
110.339495
110.251286
110.220916
110.187303
110.325303
110.256653
110.224667
110.210308
110.288309
110.342097
110.367329
110.358985
110.421738
110.400782
110.393466
110.398939
110.365975
110.373055
110.175586
110.209896
110.136792
110.728516
110.918370
110.059233
110.038268
110.110416
110.084983
110.834827
110.008786
110.000217
110.115747
110.001889
110.089582
110.045620
110.063224
110.039437
110.026411
110.034994
110.063890
109.992076
110.061874
110.010103
110.100050
110.046961
110.091255
110.528024
110.035849
110.082757
110.067338
110.063423
110.086466
110.125781
110.051030
110.057771
110.014214
110.039215
110.068751
110.041304
110.130721
110.091372
110.044480
110.136301
110.025549
110.080859
110.049703
110.000917
109.994480
110.080012
110.058360
110.030786
110.059789
110.058735
110.048512
110.021606
110.091842
110.067027
110.069548
110.064773
110.312950
110.378309
110.397791
110.782636
110.484565
110.395734
110.389634
110.370617
110.987780
110.345995
110.320295
110.401703
110.242995
110.180364
110.404453
110.206140
110.129429
110.239833
110.060934
110.446956
110.020068
110.053519
110.264882
110.405536
110.388658
110.415002
110.263939
110.257776
110.278867
110.269903
110.259675
110.403721
110.388303
110.403092
110.377543
110.625377
110.074596
110.143553
110.078785
110.066184
110.151351
110.179713
110.113640
110.196281
110.047679
109.852165
110.062422
110.017128
110.019754
110.155990
110.142762
110.170898
110.142617
110.150439
110.743468
110.031383
109.866654
110.304255
110.218069
110.119354
110.206575
110.213075
110.145798
110.083915
110.006890
110.022428
109.996985
110.188036
110.157723
110.131449
110.156481
110.133384
110.033702
109.422061
108.176813
108.140086
108.167697
108.143790
108.150857
108.160870
108.146571
108.175499
108.236314
108.176857
108.190238
108.297877
108.195592
108.215299
108.182529
108.316097
110.344911
110.388168
110.913449
110.266334
110.256546
110.260735
110.218585
110.222624
110.252479
110.229975
110.163138
110.227727
110.362092
110.246787
110.246159
110.203885
110.272280
111.445605
110.288723
110.231096
110.208984
110.992870
110.357519
110.341326
110.402410
110.496845
110.407927
110.352496
110.348217
110.406359
110.339373
110.304177
110.065422
109.989476
109.689960
109.699336
109.993664
110.057587
110.096279
109.948918
109.946938
110.022371
110.043283
109.987373
110.067301
110.085589
110.023333
110.529035
109.991803
109.970018
109.996381
110.016368
109.992439
109.731431
109.091140
110.069997
110.043071
110.034693
110.026615
110.010156
110.047966
110.157611
110.048274
109.281261
108.132470
108.233902
108.140443
108.145344
108.179788
108.207166
108.204114
108.140715
108.769896
110.120056
110.039796
110.055122
110.059009
110.009593
110.039808
110.031241
110.062941
109.067702
108.124916
108.106748
108.134645
108.120341
108.143918
108.142691
108.129278
108.159390
108.176468
109.698189
110.138092
110.432430
110.419483
110.444864
110.273017
110.191667
110.237641
110.261060
110.224210
110.207440
110.237926
110.195180
110.233608
110.258617
110.263187
110.246222
110.246372
110.247862
110.276226
110.288315
110.241049
110.253084
110.186315
110.218763
110.268507
110.321355
110.209892
110.208890
110.245899
110.187196
110.198410
110.227671
110.266242
110.218808
110.217810
110.232051
108.935929
108.239930
108.219468
108.184668
108.227862
108.209382
108.262035
108.237376
108.692181
108.217318
108.300582
108.197638
108.203674
108.224253
108.185170
108.769720
108.203989
108.421102
108.256106
108.182557
108.210421
108.213065
108.333907
108.237280
108.226790
108.273912
108.439312
108.233313
108.219786
108.201634
108.178397
108.215562
108.224467
108.231652
108.240129
108.329949
109.877182
110.763693
110.781557
110.454908
110.398083
110.836319
110.780001
110.885319
110.658261
110.763069
111.129285
110.431217
111.128530
110.711874
110.863338
110.474665
110.393532
111.071421
109.678813
108.218450
108.196001
108.175718
108.199167
108.259702
108.176311
108.174914
108.261126
108.298018
108.276626
108.350702
108.310382
108.245895
108.273749
108.343580
108.300045
108.251477
108.441797
108.314041
108.457867
108.305020
108.259681
108.283723
108.330657
108.367242
108.260275
109.394094
108.289183
108.296819
108.424352
108.295408
108.270150
108.314201
108.334416
108.425728
108.256133
109.170472
108.200506
108.221572
108.191551
108.293123
108.230916
108.674198
108.278206
108.375041
109.726578
110.437434
110.856984
111.135380
110.421308
109.664182
108.378943
108.218902
108.313257
109.316483
108.269720
108.267357
108.211861
108.303670
108.216345
108.358315
108.280179
108.214547
108.342159
108.257771
108.394928
108.276721
108.612780
108.202874
108.265307
108.230053
108.210275
108.259981
108.358696
108.225026
108.284920
108.286238
108.383837
108.286879
108.309813
108.302147
108.560529
110.440584
110.457422
110.748985
110.423227
110.376106
110.173344
108.275521
108.207661
108.206209
108.258226
108.225951
108.197085
108.210463
108.225909
108.173009
108.187039
108.325499
108.195308
110.450180
110.068804
109.468513
108.149688
108.255122
108.216758
108.319117
108.201223
108.246769
108.448101
108.216266
108.230124
108.256462
108.129393
108.263046
108.736916
108.221708
108.171356
108.340112
110.746059
110.158245
110.244812
110.218542
110.258196
110.660865
110.117619
110.210529
110.495871
110.149488
110.312753
110.307321
110.303200
110.356646
110.253851
110.264050
110.193874
110.246376
110.172810
110.285524
108.695432
108.187889
108.286500
108.180032
108.211648
108.163649
108.157123
111.379532
109.051861
108.233485
108.202353
108.223574
108.214460
108.179705
108.119244
108.394015
109.561286
110.215682
110.280039
112.177657
110.374051
110.301618
110.478605
110.266020
110.244465
110.249408
110.314970
110.336732
109.129447
108.259028
108.244011
108.206525
108.173719
108.132896
108.803309
109.745977
108.274763
108.238000
108.238099
108.189438
108.252149
108.241112
108.254915
108.173263
109.622503
108.171553
108.215965
108.325561
108.149551
108.238198
108.254094
108.184556
108.280980
108.200939
108.286082
108.233413
108.766537
108.223918
108.280431
108.287547
108.223108
108.240107
108.481441
108.420528
108.195535
108.297043
108.266905
108.297411
108.252415
108.275286
108.248612
108.318968
108.270033
108.547985
108.191637
108.333067
108.220159
108.298345
108.286445
108.348564
108.359513
108.262939
108.283054
108.228663
108.246468
108.319632
108.268582
108.471723
108.285247
108.447996
109.777920
108.234138
108.153835
108.219275
108.238665
108.270822
108.494791
108.205431
108.612722
109.017075
108.326825
108.302891
108.323556
108.456518
108.302166
108.430908
108.290864
108.370567
108.392367
108.361117
108.418428
108.371916
108.269831
108.420245
108.337777
108.266235
108.254782
108.885879
109.180568
108.239814
108.330477
108.343610
108.370784
108.337683
107.375464
107.386892
107.400750
107.356003
107.386449
107.428128
107.405377
107.445699
107.449750
107.456338
107.437492
107.435824
107.427152
107.448471
107.420308
107.457787
107.503842
107.441668
107.433547
107.438825
108.862109
107.444664
107.418222
107.430766
107.424007
108.808654
107.419807
107.453697
107.451234
107.431892
107.428907
107.426691
107.449316
107.473370
107.445312
107.433309
107.437655
107.491085
107.453497
107.522362
107.435470
107.452793
107.444286
107.451497
107.499203
107.458446
107.435319
107.450442
107.438922
107.464044
107.430860
107.693467
107.467963
107.487537
107.720165
107.472359
107.436898
107.468659
107.446081
107.433783
107.429266
107.432564
107.430175
107.442118
107.432812
107.438402
107.432738
107.429087
107.443902
107.452273
107.447376
107.451061
107.442547
107.430607
107.454037
107.438946
107.431528
107.424940
107.433781
107.438796
107.445183
107.435415
107.420328
107.463616
107.433422
107.415794
107.428186
107.432185
107.440707
107.435637
107.477783
107.462578
107.449542
107.462905
107.463644
107.440578
107.410965
107.389575
107.462914
107.453691
107.446181
107.442123
107.439066
107.456372
107.664676
107.434975
107.443966
107.497942
107.448698
107.455050
107.425451
107.464880
107.119147
107.439145
107.215049
107.469563
107.451553
107.447377
107.451864
107.429656
107.439712
107.447926
107.432214
107.437922
107.447365
107.447378
107.440812
107.498596
107.447804
107.413529
107.421585
107.440475
107.446322
107.404875
107.630533
107.431323
107.927669
108.083831
107.438083
107.439360
107.418778
107.464082
107.438692
107.454950
107.923170
107.433626
107.453938
107.423215
107.466186
107.412300
107.445322
107.431523
107.416995
107.457272
107.434905
107.430822
107.554526
107.435308
107.418438
107.488549
107.448711
107.439253
107.408830
107.453480
107.462039
107.446736
107.450092
107.483278
107.755464
107.452292
107.442862
107.443143
107.437750
107.460996
107.448568
107.455200
107.447259
107.466985
107.493447
107.430911
107.409834
107.839019
107.450251
107.418743
107.436966
107.439547
107.681121
107.441954
107.433241
107.434594
107.433776
107.437961
107.438030
107.460722
107.431539
107.443904
107.431521
107.409542
107.415237
107.444514
107.433602
107.455561
107.466740
107.439062
107.414606
107.426940
107.336740
107.113053
107.107147
107.093527
107.101428
107.195918
107.445310
107.453768
107.429968
107.436222
107.415828
107.428149
107.427655
107.441790
107.433538
107.418098
107.411505
107.777961
107.415846
107.434446
107.457753
107.458023
107.444188
107.450601
107.443856
107.432923
107.432250
107.444213
107.439748
107.443635
107.439328
107.432449
107.437992
107.454332
107.430156
107.441720
107.429825
107.455047
107.424536
107.439250
107.443462
107.440575
107.439164
107.437066
107.429042
107.449520
107.426348
107.733648
107.425306
107.424156
107.419582
107.444980
107.486496
107.430757
107.450170
107.956671
107.449149
107.419970
107.410681
107.427706
107.445120
107.473136
107.438255
107.436245
107.415494
107.413525
107.499326
107.431825
107.423504
107.416024
107.461753
107.416366
107.426088
107.465580
107.458295
107.440734
107.739151
107.452590
107.706632
107.325488
107.224188
107.426477
107.701010
107.439393
107.456814
107.451372
107.445714
107.467510
107.467595
107.444525
107.457242
107.502712
107.459236
107.470822
107.471046
107.458075
107.453224
107.429826
108.592004
107.442018
107.440001
107.473967
107.952103
107.448208
107.428266
107.448753
107.437734
107.469360
107.441252
107.445383
107.456109
107.457463
107.451149
107.427966
107.424800
107.416745
107.444484
107.515073
107.440875
107.424655
107.428451
107.434274
107.448932
107.444151
107.458991
107.462234
107.449036
107.455400
107.519590
107.448176
107.427472
107.453630
107.451507
107.456571
107.444979
107.483184
107.481312
107.969215
107.425191
107.438537
107.420330
107.425910
107.699051
107.435903
107.458773
107.478442
107.438166
107.433563
107.426945
107.431321
107.437039
107.594524
107.579745
107.444912
107.459339
107.458106
107.435579
107.429897
107.438231
107.442530
107.432187
107.989772
107.414435
107.443150
107.416851
107.432118
107.502433
107.432926
107.433658
107.430778
107.422557
107.425451
107.425513
107.416179
107.421976
107.421192
107.395339
107.422455
107.780407
107.455921
107.455349
107.447577
107.518480
107.447359
107.988475
107.419020
107.454425
107.454555
109.269387
108.083984
107.457028
107.467750
107.432226
107.446511
107.413422
107.456647
107.451169
107.450705
107.816125
107.449120
107.458807
107.437548
107.432830
107.503050
107.422669
107.447495
107.452110
107.444585
107.439774
108.040335
108.345302
107.438558
107.491654
107.432344
107.455444
107.457712
107.439548
107.967012
107.439954
107.450545
107.411344
107.898808
107.478820
107.437470
107.464862
107.454786
107.438734
107.527977
107.437091
107.490101
107.419084
107.429815
107.439471
107.448064
107.438710
107.428310
107.446585
107.456088
107.502338
107.437444
107.518450
107.432527
107.433408
107.454416
107.429411
107.830203
107.450872
107.448498
107.440117
107.773389
107.450223
107.453598
107.432561
107.444757
107.431005
107.434588
107.502597
109.469727
107.641404
107.455515
107.457704
107.499988
107.464379
107.459950
107.475165
107.452671
107.503823
107.465282
107.470226
107.455697
107.451416
107.865286
107.424073
107.406246
107.425940
107.442462
107.436743
107.767410
107.443985
107.426055
107.458099
107.442800
107.452033
107.443483
107.590385
108.014925
107.449452
107.443905
107.462404
107.438090
107.448470
107.424055
107.441379
107.486646
107.575508
107.455176
107.477760
107.443582
107.447853
107.460675
107.441610
107.457182
107.437816
107.429503
107.431676
107.422607
107.426973
107.457765
107.453162
107.429551
107.428556
107.439978
107.446764
107.960382
107.480386
107.495383
107.437757
107.452140
107.442935
107.446642
107.443689
107.434266
107.430271
107.443331
107.446924
107.889724
107.436567
107.437020
107.417895
107.415831
107.468983
107.473124
107.455953
107.838039
107.464899
107.464400
107.451118
107.444803
107.441692
107.468321
107.432011
107.426160
107.420196
107.445100
107.455465
107.462381
107.448963
107.446180
107.458079
108.487986
107.450996
107.452933
107.484865
107.452468
107.476281
107.459479
107.437597
107.454986
107.453668
107.431986
107.432044
108.246309
107.432354
107.474765
107.461266
107.683038
107.553045
107.434484
108.097332
107.455983
107.443770
107.456131
107.454480
107.451043
107.436348
107.429511
107.426497
107.436936
107.435197
107.451804
107.459120
107.446918
107.463994
107.424165
107.904106
107.432600
107.467621
107.460407
107.444834
107.515692
107.449811
107.461414
107.441520
108.119264
107.448003
107.431480
107.532152
107.441183
107.441515
107.439803
107.440852
107.425507
107.433921
107.444614
107.451153
107.485272
107.900163
107.441775
107.440409
107.422511
107.437732
107.452335
107.428263
107.433256
107.443948
107.461540
107.408509
107.419287
107.435235
107.422102
107.409885
107.426497
107.442391
107.432468
107.417766
107.438639
107.454738
107.439819
107.415798
107.453195
107.435796
107.455080
107.418731
107.428848
107.435947
107.452569
107.439056
107.428995
107.453137
107.447379
107.452780
107.899996
107.452703
107.419247
107.427840
107.414411
107.421335
107.444887
107.443905
107.430249
107.421245
107.431201
107.514656
107.451461
107.422580
107.441667
107.499912
107.425012
107.422694
107.418589
107.416242
107.469125
107.434379
107.493957
107.451949
107.441822
107.449682
107.435615
107.435117
107.438045
107.791763
107.444065
107.437434
107.509860
107.453010
107.432894
107.436016
107.428076
107.420036
107.446557
107.425597
107.431238
107.414161
107.420202
107.446541
107.462969
107.425666
107.438908
107.422485
108.461624
107.443901
107.452126
107.453740
107.416196
107.456334
107.435259
107.442170
107.425361
107.439610
107.461584
107.443348
107.469497
107.457649
107.463654
107.433255
107.442530
107.431077
107.428558
107.502523
107.441102
107.433258
107.224184
107.804470
107.451016
107.441168
107.556983
107.459714
107.482647
107.440272
107.458176
107.441840
107.430315
107.469265
107.451418
107.452580
107.447446
107.453550
107.451639
107.431011
107.443177
107.148729
107.395155
107.437989
107.449718
107.457342
108.183950
108.203160
107.457398
107.446021
107.445341
107.468684
107.484304
107.443356
107.453345
107.442625
107.450482
107.472105
107.475718
107.461028
107.350025
107.112731
107.095673
107.128414
107.110272
107.391753
107.474032
107.428161
107.888452
107.457839
107.469551
107.476463
107.455496
107.439048
107.468909
107.452945
107.472996
107.455633
107.458100
107.473527
107.471875
107.449491
107.440314
107.471880
107.461337
107.456806
107.530284
107.456932
107.447833
107.447514
107.430652
107.449210
107.430544
107.446368
107.464159
107.430901
107.428716
107.455415
107.454344
107.419328
107.419943
107.444873
107.469039
108.346166
108.286947
108.289724
108.296828
108.271117
108.309622
108.302489
108.283580
108.254771
108.346669
108.241163
108.212364
108.205903
108.254641
108.180435
108.180435
108.228770
108.165540
108.233959
108.244509
108.215385
108.236529
108.211952
108.204286
108.195589
108.212993
108.216575
108.180434
108.362187
108.265852
109.195988
108.276338
108.249316
108.285320
108.276758
108.255595
108.257510
108.345617
108.323101
108.278238
108.283736
108.281281
108.253379
108.251966
108.273083
108.257151
108.300834
108.243942
108.242780
108.263335
108.259262
108.239277
108.243446
108.249387
108.305323
108.263864
108.219299
108.264597
108.258845
108.237752
108.227785
108.240501
108.259602
108.250021
108.307980
108.262439
108.681450
108.242031
108.268434
108.230939
108.234515
108.259611
108.234078
108.256832
108.328205
108.296800
108.297094
108.250695
108.252095
108.266246
108.255398
108.267552
109.340921
108.324949
108.202198
108.233976
108.225919
108.209273
108.174874
108.217195
108.217317
108.197838
108.193044
108.210651
108.182744
108.190340
108.193188
108.217224
108.191473
108.196886
108.211403
108.272798
108.249786
108.217881
108.218166
108.218727
108.245133
108.200982
108.200582
108.228057
108.231000
108.214106
108.208167
108.224150
108.224085
108.217146
108.227159
108.208784
108.204036
108.280827
108.269526
108.187208
108.248812
108.198025
108.198388
108.197207
108.204269
108.231049
108.259114
108.229562
108.211401
108.210670
108.230093
108.216707
108.209487
108.215541
108.224138
108.217886
108.298026
108.248046
108.255514
108.245886
108.237915
108.218212
108.203745
108.221593
108.201579
108.222052
108.230888
108.285729
108.201353
108.236095
108.215545
108.216713
108.210532
108.186242
108.250063
108.295600
108.190533
108.216613
108.196187
108.214279
108.211520
108.216783
108.213608
108.209786
108.210721
108.207425
108.273715
108.186997
108.202424
108.220143
108.232623
108.201572
108.216268
108.400144
108.204674
108.201209
108.242488
108.219805
108.190498
108.308058
108.295735
108.189141
108.220247
108.661480
108.243888
108.225499
108.204248
108.201026
108.201996
108.230677
108.192460
108.235134
108.296095
108.201254
108.209026
108.200586
108.204908
108.195557
108.228292
108.215674
108.199749
108.270846
108.262354
108.226110
108.228866
108.196132
108.189186
108.189301
108.188170
108.207409
108.269396
108.202849
108.186565
108.219390
108.245551
108.256157
108.228852
108.234668
108.213501
108.225988
108.208504
108.247717
108.238378
108.236093
108.285566
108.251138
108.276500
108.252498
108.264624
108.328168
108.236427
108.219115
108.252036
108.215129
108.233976
108.209306
108.240959
108.268834
108.241981
108.255682
108.678429
108.224003
108.201205
108.225462
108.230512
108.232558
108.223427
108.715824
108.233239
108.310168
108.226851
108.233513
108.212496
108.221698
108.268700
108.260977
108.212222
108.199611
108.291081
108.310119
108.226323
108.198795
108.204296
108.203946
108.228864
108.163631
108.290592
108.244673
108.663387
108.221205
108.203104
108.178749
108.176362
108.407646
108.224267
108.230590
108.635714
108.205149
108.233560
108.218918
108.202885
108.212278
108.190725
108.212038
108.736228
108.179762
108.210156
108.265828
108.225249
108.344265
108.226925
108.270548
108.184878
108.227803
108.205094
108.423855
108.231470
108.179855
108.192737
108.358659
108.286321
108.215782
108.265483
108.274698
108.222625
108.237684
108.215704
108.190457
108.276336
108.242555
108.229384
108.574644
108.346176
108.192559
108.207250
108.219423
108.205381
108.220952
108.183068
108.201202
108.229171
108.286510
108.201328
108.207789
108.213580
108.232398
108.227195
108.227447
108.224747
108.214211
108.307504
108.218978
108.252747
108.210165
108.247244
108.207157
108.216480
108.247828
108.213439
108.313183
108.236281
108.222071
108.222730
108.218743
108.211936
108.212767
108.192969
108.242956
108.215586
108.238854
108.218423
108.199638
108.211767
108.242882
108.215501
108.220774
108.689331
108.210240
108.285940
108.219518
108.330760
108.220082
108.223165
108.227796
108.219312
108.255362
108.220571
108.232984
108.242765
108.326120
108.333287
108.232381
108.237700
108.247775
108.238427
108.255000
108.319128
108.221982
108.236827
108.234142
108.225284
108.251706
108.235439
108.232214
108.238897
108.746285
108.217601
108.222509
108.219955
108.234687
108.230246
108.233299
108.246991
108.266445
112.641477
108.623181
108.259705
108.258559
108.246134
108.322184
108.234407
108.246128
108.217219
108.261301
108.305903
108.215040
108.383764
108.261434
108.529450
108.232115
108.221763
108.233470
108.238942
108.304765
108.234599
108.254386
108.232374
108.257777
108.232664
108.227740
108.241110
108.243324
108.239197
108.232375
108.228413
108.519455
108.234027
108.245266
108.211581
108.194867
108.202078
108.217719
108.288346
108.232136
108.227205
108.239235
108.238566
108.233521
108.234732
108.223078
108.221196
108.228167
108.229611
108.280483
108.222992
108.228697
108.235032
108.221282
108.261186
108.227337
108.325317
108.252127
108.226842
108.226649
108.250845
108.241861
108.219171
108.251729
108.255282
108.280527
108.234812
108.273949
108.254425
108.259227
108.265959
108.252505
108.238903
108.262650
108.292404
108.336245
108.222872
108.254501
108.255984
108.286995
108.264510
108.283787
108.257029
108.285016
108.257981
108.213066
108.233492
108.217448
108.240732
108.215160
108.226959
108.290072
108.286456
108.399666
108.253962
108.261064
108.277445
108.253029
108.237044
108.249059
108.239688
108.248316
108.343798
108.212373
108.198894
108.241532
108.243344
108.234859
108.230974
108.262910
108.252585
109.342607
108.328050
108.219204
108.409236
108.331090
108.262114
108.228248
108.207700
108.244673
108.236289
108.231449
108.222850
108.258644
108.241909
108.230021
108.229657
108.232559
108.484659
108.264596
108.386304
108.232951
108.239442
108.224421
108.251359
108.225255
108.218489
108.291904
108.262819
108.260532
108.213865
108.225896
108.217480
108.221249
108.235281
108.236450
108.224331
108.229066
108.225502
108.282616
108.237969
108.237908
108.256504
108.238882
108.207228
108.226784
108.245040
108.241855
108.243545
108.226787
108.363031
108.247722
108.219957
108.237275
108.216242
108.254351
108.235914
108.343846
108.219521
108.229202
108.240986
108.227522
108.282903
108.224947
108.222865
108.267486
108.276754
108.236398
108.235806
108.235267
108.224738
108.229917
108.225115
108.234212
108.228777
108.237169
108.310872
108.219188
108.270436
108.249249
108.245274
108.225011
108.241793
108.229015
108.263493
108.250234
108.220508
108.268945
108.269839
108.242936
108.236420
108.250414
108.247581
108.230671
108.360800
108.221284
108.239772
108.234106
108.237332
108.245141
108.216368
108.226046
108.221969
108.270458
108.259649
108.378557
108.248196
108.223426
108.232008
108.231959
108.228560
108.207385
109.146392
108.314052
108.221074
108.213859
108.213257
108.204378
108.198934
108.194789
108.169700
108.196710
108.217507
108.190874
108.220974
108.243586
108.226051
108.209983
108.216216
108.209346
108.200960
108.369573
108.260216
108.251240
108.200252
108.218588
108.197585
108.181297
108.229446
108.217484
108.305020
108.233029
108.254036
108.193921
108.196742
108.231656
108.175026
108.219342
108.187195
108.229157
108.291604
108.211512
108.232293
108.206397
108.230080
108.206187
108.181862
108.196296
108.220639
108.253840
108.198280
108.268578
108.212936
108.204905
108.207714
108.241607
108.226905
108.216064
108.335163
108.238872
108.209003
108.234387
108.225107
108.223873
108.230386
108.217564
108.224857
108.570991
108.210303
108.223619
108.230285
108.209499
108.206212
108.191337
108.204457
108.211472
108.232509
108.285301
108.240734
108.241024
108.261428
108.403195
108.423522
108.354638
108.331144
108.373080
108.385557
108.388816
108.358032
108.359425
108.372015
108.399401
108.339602
108.356812
108.362281
109.713833
110.341479
110.311006
110.353269
110.324235
110.329474
111.206857
110.289368
110.304424
110.397213
110.430610
110.248031
110.392813
110.360610
110.328194
110.292456
110.479529
110.608455
111.362162
109.325425
108.290551
108.216167
108.251819
108.239410
108.416426
108.273755
108.247942
108.246913
108.243004
108.233409
108.516413
108.262820
108.239988
108.236389
108.264242
108.225768
108.401529
110.264648
110.302675
110.365306
110.458629
110.499921
110.443865
110.507076
110.435469
110.501446
110.468510
110.467719
110.460216
110.413374
110.444230
110.478208
110.479286
110.552862
110.471478
110.448323
110.462866
110.446591
110.678625
110.454947
110.426388
110.483944
110.467152
110.450087
110.447975
110.489300
110.587137
110.428631
110.460969
110.482848
111.005506
110.455601
110.464813
110.515730
110.266986
110.243342
110.467036
110.472140
110.477927
110.463950
110.445394
110.442110
110.446031
110.663218
110.460734
110.462269
110.444373
107.398858
107.407155
108.643514
107.399732
107.391314
107.406263
107.418601
107.444184
107.420284
107.392642
107.408696
107.387412
107.403834
107.416748
107.436266
107.413099
107.434503
107.465011
107.448525
107.495598
107.428737
107.411971
107.435434
107.392523
107.386633
107.575924
107.407932
107.393130
107.413889
107.403435
107.492707
107.413524
107.393320
107.394003
107.403899
107.508836
107.424488
107.407855
107.408627
107.419848
107.380991
107.375773
107.972863
107.384908
107.427763
107.393476
107.386992
107.403145
107.399407
107.392428
107.406864
107.412897
107.932241
108.522827
107.422568
107.409862
107.471993
107.407132
107.387011
107.389565
107.382123
107.437558
107.397530
107.400844
107.385105
107.473381
107.422948
107.414329
107.398301
107.414803
107.410604
107.384454
107.453170
107.373241
107.070519
107.083103
107.056148
107.319392
107.385716
107.387636
107.388710
107.421415
107.399896
107.442494
107.484716
107.408888
107.418210
107.388588
107.390186
107.389779
107.376708
107.397775
107.387418
107.437159
107.427413
107.383908
107.368079
107.387463
107.367151
107.380439
107.436164
107.370329
107.588266
107.375791
107.374075
107.387444
107.387652
107.403252
107.378351
107.383743
107.369893
107.396299
107.452703
107.401968
107.392171
107.382449
107.373891
107.084287
107.116965
107.415999
107.379915
107.387004
107.383249
107.380238
107.391034
107.403953
107.401873
107.405301
107.390568
107.397834
107.419628
107.453370
107.406255
107.483870
107.377324
107.475716
107.378506
107.398568
107.441284
108.035845
107.701527
107.419102
107.394436
108.080078
107.400306
107.404085
107.383058
107.573309
107.385284
107.384932
107.391673
107.384112
107.390516
107.392914
107.368652
107.384611
107.470581
107.393512
107.399494
107.380507
107.364865
107.373890
107.386407
107.405030
107.390371
108.472134
107.419666
107.398081
107.448890
107.387968
107.378578
107.380823
107.385826
107.377740
107.411007
107.379480
107.830448
107.475730
107.426110
107.409757
107.420315
107.409964
107.395424
107.387854
107.299253
107.059881
107.032019
107.086055
107.035568
107.048243
107.049510
107.374330
107.398365
107.430184
107.389037
107.418718
107.436908
107.399585
107.382655
107.372239
107.395135
107.395190
107.388964
107.392922
107.385823
107.522733
107.370873
107.371524
107.371297
107.375762
107.416566
107.399095
107.381109
107.377681
107.502716
107.376588
107.365640
107.363746
107.383240
107.379801
107.393200
107.384790
107.381226
107.397337
107.426157
107.382519
107.368031
107.389368
107.924268
107.379752
107.422097
107.419283
107.380489
107.385274
107.385226
107.414622
107.405812
107.391568
107.384768
107.391019
107.396825
107.403726
107.394876
107.832128
107.297478
107.291214
107.346980
107.320637
107.301067
107.333337
107.298302
107.446607
107.382742
107.385845
107.549771
107.408257
107.389867
107.383557
107.385337
107.387314
107.374442
107.395662
107.401622
107.380306
107.387615
107.378721
107.376755
108.100870
107.404153
107.387765
107.406028
107.401589
107.381524
107.393024
107.385612
107.412866
107.367589
107.478747
107.392278
107.404773
107.294531
107.023531
107.039411
107.045143
107.063017
107.069144
107.271948
107.374618
107.384730
107.388604
107.389777
107.401644
107.270310
107.048794
107.058458
107.062910
107.410036
107.378930
107.380184
107.409785
107.376787
107.391036
107.413254
107.549975
107.409676
107.423546
107.431375
107.437088
107.393452
107.410928
107.384386
107.389701
107.377964
107.408792
107.391300
107.405621
107.403614
107.455050
107.398822
107.405151
107.392629
107.394493
107.420061
107.416550
107.376157
107.387638
107.523336
107.390114
107.391286
107.357164
107.383110
107.376052
107.374058
107.957295
107.391836
107.407055
107.396846
107.379278
107.400529
107.399490
107.388046
107.362875
107.485231
107.392613
107.376324
107.412334
107.393766
107.400634
107.393520
107.400168
107.402697
108.012057
107.447737
107.414561
107.424376
107.392555
107.370117
107.358018
107.379604
107.466034
107.375292
107.990206
107.387111
107.446945
107.402137
107.390960
107.397789
107.403562
107.392854
107.383556
107.437587
107.379025
107.397906
107.395290
107.395995
107.385772
107.382845
107.368336
107.431340
107.420275
107.459758
107.388725
107.383165
107.382817
107.380510
107.392518
107.395690
107.378646
108.023445
107.883559
107.377463
107.418259
107.464489
107.400510
107.395417
107.404696
107.394972
107.407140
107.414110
107.393148
107.411358
107.390016
107.403337
107.393853
107.399165
107.388235
107.374353
107.387609
107.396902
107.394382
107.375159
107.403742
107.373810
107.384845
107.383360
107.374119
107.396738
107.401413
107.381826
107.399517
107.388630
107.387775
107.395745
107.375461
107.367707
107.377369
107.372967
107.382352
107.388812
107.432868
107.375938
107.380778
107.435573
107.390694
107.403124
107.432901
107.395174
107.418331
107.375760
107.391113
107.389167
107.379775
107.372101
107.372314
107.364577
107.411837
107.383913
107.408300
107.421035
107.386230
107.373657
107.390627
107.384880
108.283589
107.400232
107.362217
107.394875
107.374997
107.385192
107.389057
107.367851
107.391005
107.397669
107.374515
107.382061
107.391073
107.430118
107.389347
107.378957
107.429719
107.452155
107.389945
107.425720
107.388023
107.396324
107.677640
107.396106
107.411649
107.384386
107.392162
107.375519
107.375456
107.382948
107.410351
107.406252
108.020323
107.456340
107.386120
107.417045
107.403246
107.462080
107.536882
107.401896
107.419334
107.397958
107.392189
107.370112
107.406606
107.370542
107.401574
108.710099
107.391611
107.386738
107.395236
107.432605
107.386476
107.375602
107.374542
107.425345
107.393378
107.375722
107.378161
107.397221
107.907321
107.434748
107.415401
107.404985
107.382833
107.383685
107.406657
107.397413
107.396339
107.371451
107.380830
107.366810
107.378318
107.378794
107.382048
107.438775
107.404807
107.400947
107.412676
107.388873
107.380995
107.384988
107.383732
107.368906
107.389949
107.375751
107.380983
107.379047
107.446002
107.394320
107.378835
107.396626
107.364379
107.387174
107.944651
107.391708
107.534101
107.372286
107.378324
107.365150
107.390985
107.903827
107.557506
107.403050
107.405452
107.394494
107.395992
107.405394
107.387532
107.382513
107.384193
107.441243
107.396522
107.382805
107.394079
108.098327
107.393677
107.413191
107.385444
107.390773
107.380984
107.391303
107.396340
108.180936
107.425432
107.454601
107.381377
107.380559
107.388768
107.413980
107.391173
107.370741
107.324891
107.387173
107.451313
107.322407
107.300718
107.299704
107.323611
107.305124
107.366303
107.412574
107.365423
107.374909
107.410365
107.383802
107.370852
107.369379
107.376869
107.388084
107.405470
107.382745
107.402245
107.405880
107.416166
107.392349
107.385133
107.407935
107.395740
107.383076
107.387908
107.414486
107.431965
107.381173
107.390606
107.398172
107.377110
107.377159
108.058305
107.405179
107.402219
107.427005
107.400060
107.394833
107.403385
107.393939
107.390000
107.414411
107.432792
107.384908
107.408344
107.386630
107.392067
107.379422
107.404726
107.413799
107.433279
107.459728
107.415974
107.433966
107.386512
107.396217
107.386309
107.387302
107.378509
107.368599
107.404881
107.435647
107.635367
107.059974
107.380695
107.405326
108.092021
107.368377
107.395578
107.465522
107.393162
107.397693
107.473081
107.386462
107.398093
107.368404
107.376904
107.364154
107.377108
107.377569
107.379131
107.385427
107.377037
107.409965
107.378062
107.382181
107.355749
107.377302
107.419069
107.372412
107.380305
107.370897
107.376041
107.377096
107.386812
107.419102
107.382502
107.404146
107.382926
107.366068
107.393791
107.423573
107.374841
107.371458
107.385121
107.377104
107.363848
107.410347
107.397871
107.500397
107.397453
107.386270
107.385517
107.380846
107.389065
107.382649
107.435023
107.431977
107.376621
107.377145
107.401588
107.396290
107.381409
107.378903
107.372300
107.400164
107.368929
107.129236
107.031694
107.034485
107.017046
107.021876
107.332151
107.390460
107.962939
108.578241
107.377575
107.412073
107.428586
107.400708
107.384419
107.403758
107.388398
107.406517
107.449698
107.432418
107.424947
107.436363
107.372718
107.408425
107.403329
107.405919
108.085432
107.376294
107.102532
107.053490
107.057233
107.061514
107.050993
107.043198
107.119677
107.390938
107.412260
107.424732
107.412885
107.422350
107.394128
107.401895
107.401775
107.410525
107.413310
107.391553
107.411763
107.384335
107.396183
107.399616
107.426400
107.374493
107.389848
107.391107
107.369711
107.407583
107.445305
107.381230
107.414687
107.419983
107.425480
107.407696
107.416927
107.415540
107.394329
107.400750
107.387685
107.434684
107.422968
107.423609
107.392558
107.379953
107.434189
107.377308
107.262849
107.422681
107.373564
107.378229
107.404388
107.399973
107.399251
107.394112
107.373524
108.295587
108.279180
108.362769
108.263436
108.331670
108.267605
108.214142
108.233450
108.249692
108.237734
108.181270
108.162315
108.149690
108.173548
108.133548
108.157944
108.136372
108.147224
108.140634
108.175329
108.853439
110.209859
110.238021
110.157054
110.080569
110.085683
110.122343
110.165127
110.908970
110.179340
109.885950
110.076168
110.289882
110.185144
110.273235
110.238761
110.231375
110.182319
110.197301
110.078765
110.118184
110.134835
110.198096
110.212088
110.217803
110.226711
110.116956
110.219286
110.122908
110.101398
110.185886
110.205633
110.251001
110.207839
110.301496
110.174668
110.158341
110.100743
110.121198
110.153079
110.224801
110.218411
110.225759
110.235469
110.182807
110.704211
110.120897
110.194337
110.188817
110.206837
110.231092
110.222171
110.222624
110.057600
110.377338
110.029888
109.935427
109.987034
110.356866
110.180331
110.169466
110.375294
110.284501
110.302982
110.246048
110.187407
110.659559
110.228807
110.244517
110.201483
110.237579
110.278749
110.174709
110.215183
110.182622
110.233051
110.255359
110.211271
110.162736
110.562723
108.764003
108.232024
108.221783
108.189073
108.259030
108.211592
108.196974
108.228030
108.248180
108.235924
108.599963
108.336796
108.181123
108.239267
108.186362
108.246692
108.203424
108.185271
108.220998
108.216154
108.255302
108.235262
108.186901
108.233447
108.292877
108.191902
108.202226
108.215085
108.261989
108.271322
108.274446
108.221465
108.214936
108.210151
108.242795
108.217572
108.248502
108.215666
108.228607
108.228707
108.216417
108.392328
108.202047
108.212390
108.205428
108.228967
108.228040
108.230337
108.291963
108.230793
108.279216
108.217439
108.236984
108.207818
108.209401
108.215941
108.209435
108.195689
108.194517
108.211685
108.218623
108.173192
108.213453
108.236815
108.231630
108.210225
109.241376
110.188283
110.763549
110.232173
110.211292
110.218897
110.229707
110.229490
110.178310
110.263348
110.205259
110.348439
109.665849
108.221616
108.208936
108.200074
108.186374
108.258065
108.221370
108.290823
108.207172
108.273583
108.221647
108.216330
108.214248
108.872279
110.256794
110.209191
110.292487
110.242460
110.249794
110.250850
110.252632
110.225679
110.217442
110.268753
110.238297
110.031101
108.233475
108.241956
108.819764
108.320717
108.211297
108.225430
108.213968
108.207088
108.241554
108.243928
108.269316
108.213259
108.710525
108.245578
108.234367
108.232995
108.223113
108.328676
108.210081
108.208304
108.223275
108.206187
108.199232
108.161750
108.200863
108.196524
108.304485
108.189977
108.214693
108.207503
108.204339
108.192431
108.202806
108.208272
108.213111
108.201830
108.286003
108.670580
108.256256
108.198143
108.212714
108.216790
108.216053
108.260160
108.211094
108.233614
108.210339
108.265403
108.216439
108.193727
108.176897
108.205945
108.237908
108.208642
108.282737
108.206308
108.206243
108.215940
108.212854
108.225127
108.191765
108.198604
108.169184
108.249980
108.220916
108.195420
108.218312
108.201422
108.767374
108.196482
108.236927
108.197975
108.192065
108.285236
108.191391
108.221280
108.185521
108.230188
108.196041
108.235161
108.192513
108.203386
108.206499
108.231762
108.287625
108.209469
108.229187
108.205673
108.184937
108.204377
108.209068
108.270052
108.205207
108.201439
108.240195
108.197697
108.215044
108.204177
108.230006
108.185445
108.188852
108.182478
108.172251
108.195640
108.174066
108.187700
108.189580
108.198121
108.199497
108.186229
108.249034
108.196067
108.215722
108.203146
108.179436
108.158641
108.176082
108.169025
108.162964
108.184767
108.174406
108.273904
108.178595
108.151065
108.157510
108.171034
108.190024
108.199056
108.231233
108.170729
108.169957
108.974278
108.193058
108.181394
108.182989
108.211156
108.197333
108.187078
108.169776
108.234261
108.188245
108.185000
108.200957
108.213253
108.179542
108.194934
108.158576
108.285632
108.204237
108.223933
108.173008
108.166432
108.163374
108.192880
108.182371
108.172477
108.180345
108.170345
108.195320
108.183294
108.210989
108.168950
108.166605
108.172809
108.187099
108.241323
108.181632
108.164754
108.193511
108.176221
108.173742
108.162388
109.149521
108.191226
108.240600
108.163798
108.202021
108.174166
108.173204
108.197740
108.167916
108.190087
108.190197
108.170479
108.226437
108.202324
108.227882
108.192374
108.174293
108.185929
108.242644
108.206118
108.255926
108.175450
108.175773
108.229855
108.167714
108.154220
108.196599
108.184779
108.207497
108.170058
108.282001
108.175435
108.188062
108.188510
108.179588
108.210992
108.165462
108.226336
108.206756
108.209921
108.149759
108.177137
108.179829
108.140187
108.176189
108.152124
108.180499
108.201325
108.193144
108.238251
108.201480
108.225756
108.207505
108.157035
108.160573
108.170053
108.175762
108.183475
108.176719
108.198723
108.184187
108.162892
108.165834
108.150245
108.177570
108.229049
108.174717
109.180472
108.196243
108.703404
108.200302
108.190819
108.170124
108.191954
108.196862
108.184074
108.219868
108.199926
108.145822
108.187406
108.168669
108.170404
108.191267
108.169351
108.185780
108.184715
108.294704
108.213697
108.253394
108.184517
108.194115
108.177622
108.194058
108.199182
108.197597
108.200904
108.205719
108.182151
108.221760
108.190564
108.202221
108.196705
108.213201
108.188234
108.244693
108.172954
108.188204
108.191101
108.167235
108.228392
108.188746
108.205029
108.173451
108.238672
108.154681
108.174403
108.186257
108.186493
108.186217
108.203183
108.197726
108.207696
108.186530
108.241225
108.235289
108.244253
108.207316
108.198393
108.198060
108.183051
108.210729
108.187921
108.196083
108.250316
108.196592
108.193049
108.177051
108.172489
108.201396
108.185052
108.168989
108.292792
108.173221
108.186483
108.246230
108.185154
108.178284
108.169258
108.215027
108.187136
108.676907
108.175138
108.182804
108.185831
108.183503
108.169293
108.185118
108.178022
108.180026
108.199570
108.275864
108.200979
108.193515
108.210366
108.200127
108.202121
108.202319
108.223563
108.192724
108.183103
108.186619
108.194410
108.790158
108.185278
108.202001
108.230727
108.229303
108.382278
109.164294
108.196633
108.230529
108.221994
108.258405
108.236862
108.234132
108.235799
108.227578
108.257765
108.608969
108.212799
108.221136
108.185742
108.212152
108.204509
108.188144
108.205719
108.285117
108.303913
108.260607
108.307192
108.293524
108.209266
108.207098
108.227949
108.228308
108.234271
108.242991
108.226387
108.263268
108.222449
108.198391
108.373262
108.217914
108.197557
108.230983
108.269333
108.206341
108.192817
108.226935
108.187234
108.194275
108.214292
108.220549
108.209782
108.221150
108.226160
108.219615
108.195529
108.218680
108.792427
108.212078
108.225020
108.206526
108.193851
108.294955
108.322765
108.228664
108.218887
108.201729
108.200973
108.198954
108.213152
108.234476
108.270649
108.199907
108.355897
108.217289
108.200674
108.215742
108.225259
108.211667
108.230489
108.295881
108.213084
108.241000
108.246624
108.233263
108.235046
108.244389
108.235355
108.206115
108.199810
108.183871
108.216700
108.876963
108.189590
108.197116
108.194436
108.181965
108.201356
108.193724
108.283538
108.228231
108.209638
108.211207
108.187651
108.163174
108.181115
108.186402
108.210335
108.205378
108.198976
108.273939
108.596972
110.223402
110.246937
110.230434
110.245374
111.257570
110.571117
110.214684
110.232029
110.246652
110.237615
110.214039
110.151588
110.196203
110.201099
110.329368
110.152577
110.145851
110.172170
110.264531
110.208559
110.187696
110.164070
110.236804
110.249342
110.249654
110.360464
110.306854
110.221482
110.201737
110.223020
110.172814
110.224202
110.202709
110.446693
110.222462
110.223100
110.291999
110.236836
110.190603
110.202457
110.216097
110.250324
110.244973
110.252274
110.231554
110.261522
110.241805
110.187033
110.223866
110.255146
110.247667
110.155121
110.223448
110.685249
110.250858
110.162475
110.226931
110.192807
110.234953
110.294388
110.239841
110.248684
110.287769
110.185775
110.174825
110.222671
110.233065
110.209823
110.226770
110.223785
110.206249
108.236202
108.213241
108.206845
108.264038
108.217837
108.188116
108.258262
108.500943
108.786812
108.316650
108.274056
108.234384
108.199661
108.670229
108.254294
108.280857
108.233924
108.237740
108.218475
108.206966
108.231505
108.192042
108.182465
108.187563
108.192235
108.275753
108.226439
108.242723
108.204881
108.168441
108.191308
108.174226
108.205281
108.183977
108.200911
108.197886
108.242453
108.179593
108.188545
108.193401
108.205577
108.230408
108.177222
109.121101
108.195069
108.210384
108.212262
108.226311
108.212264
108.177815
108.812456
108.222466
108.213633
108.201631
108.171100
108.198064
108.176625
108.201643
108.246139
108.189829
108.185611
108.212877
108.258802
108.232644
108.291209
108.174412
108.182567
