100.000000
89.396361
81.859983
90.141296
84.918257
93.975933
99.797893
108.564785
98.413868
89.561326
84.219118
83.888788
98.522896
80.752627
90.213902
96.457434
96.132184
88.790394
93.601938
93.830811
82.340475
96.819961
93.582281
87.981558
79.444240
89.347636
85.172154
89.724279
89.943324
102.233109
82.936199
72.802322
93.178357
97.924470
80.923296
82.601824
109.497072
114.744024
103.046306
95.626756
87.612665
106.369448
87.575970
97.598457
101.109091
86.784942
92.621847
86.238143
90.048911
98.306733
101.353267
104.565073
102.432711
86.641633
90.284263
95.147502
109.803582
91.844709
86.540496
86.502311
88.644380
91.162333
96.954857
85.463570
86.200491
93.504868
103.666923
100.420723
103.388196
106.360551
101.075962
109.957606
89.784425
94.869181
97.022522
106.850145
91.887833
95.101732
73.708941
92.166194
86.759836
84.530574
93.835009
83.586495
97.576426
98.864126
92.284720
100.710210
79.593846
71.225629
89.829453
91.011383
103.558496
96.583357
115.403663
85.253246
93.451171
99.996539
107.973265
87.265422
87.642720
92.214540
98.443489
107.411540
80.786719
84.040990
85.375590
98.603510
101.738355
108.876036
104.806613
109.174178
85.141333
84.703704
85.759692
99.723580
90.696275
105.847134
100.269472
83.719361
82.485602
88.963874
78.161813
87.638945
88.802551
112.768841
110.111072
102.226282
94.926711
96.046065
102.967511
103.879145
88.061747
77.258744
98.321392
111.399537
94.906679
97.366143
88.727975
107.986401
81.357150
86.452314
87.700709
102.997390
96.712918
92.297738
88.903595
89.504109
86.935415
99.338159
89.692151
82.632736
97.124892
93.435407
83.474233
84.963644
94.059332
90.882679
96.091361
99.450076
85.840827
92.182771
102.280527
92.837489
96.119206
84.041148
98.538803
94.135329
87.431570
85.022568
91.001459
87.349680
86.091362
93.677737
100.666043
88.688662
89.316331
85.423248
86.365109
102.619118
103.220202
98.396802
80.224930
73.032625
81.423741
94.282147
94.356458
93.824127
81.417820
83.587372
92.979257
100.785078
93.879285
94.798777
100.801835
108.084000
82.150299
99.246076
105.058182
92.456127
87.888480
93.494903
98.013953
94.382772
94.760247
93.589404
95.051294
112.337049
106.399608
86.686927
92.074613
87.249724
83.059282
91.718773
80.964964
97.958201
110.221030
92.374253
94.116172
116.324140
112.680810
82.832797
83.809938
84.167151
86.849542
105.822222
99.066446
105.764475
88.527969
83.346919
77.753914
109.015497
98.002307
97.423292
77.966087
98.020473
80.380061
105.330365
98.959616
88.941672
90.822515
86.311145
93.821531
94.966563
78.633737
81.111233
76.026474
85.889372
91.800608
100.118329
97.252574
92.850497
83.474206
85.756436
77.404071
85.072007
110.079499
106.732021
98.456113
83.665615
78.548048
96.413585
94.756361
92.463026
95.450732
84.031130
83.838925
82.505702
105.277420
76.408375
84.979008
78.731820
83.656802
92.643286
95.250257
89.665002
103.727598
82.712480
90.170894
107.635899
86.911773
93.104643
101.947081
97.826857
88.769506
87.535763
91.578923
83.422093
94.713283
89.954110
97.034141
83.931177
77.653368
77.980197
84.985727
103.949997
109.461268
90.311415
93.871157
82.305610
90.893183
103.321532
80.075067
88.771681
95.833587
80.611286
94.351405
100.217504
107.628090
100.377667
83.907339
99.069475
102.012298
99.682783
97.950007
89.280377
91.114038
88.772398
93.715745
98.591764
83.988131
94.020017
92.329884
86.106221
94.594260
116.658659
93.692015
88.416244
86.135014
99.770365
115.028676
106.916292
89.938545
91.533753
92.174122
104.771742
108.969269
96.416892
80.498423
92.684805
90.378342
87.368061
97.005070
93.107072
105.017460
99.980318
86.870174
87.276136
76.116400
85.461980
90.646546
92.831856
101.584984
100.913951
96.549420
105.423253
80.966413
80.993929
90.030796
92.588343
86.877666
91.896693
98.975688
96.747402
100.653217
107.444008
86.838780
103.765522
98.538231
74.584425
78.967931
104.037918
81.793859
83.775667
110.231872
111.960383
73.733033
99.288769
75.798794
102.736605
92.375359
98.147227
108.164282
92.743797
82.932432
110.351029
107.827045
93.044634
87.811871
88.399131
76.242655
87.876949
91.128345
96.846406
83.653996
101.959414
105.583139
93.797769
87.656719
102.699649
82.554792
96.820367
98.261497
84.715001
100.326487
79.507036
85.473556
103.721226
100.914762
100.858006
98.628212
84.856417
75.174127
92.674616
104.580580
79.786376
96.283813
93.492211
97.446452
109.821936
89.985254
80.699687
102.517781
112.732676
114.368309
97.667391
104.580692
93.135358
84.708851
88.861596
82.365430
91.339679
98.918379
85.459247
96.688177
90.798362
101.095083
94.208437
97.651852
93.154846
83.782889
89.619641
83.866274
83.309144
93.827250
96.925789
87.586509
91.723072
101.479574
100.328572
88.143955
93.974746
89.242852
92.613853
95.454254
105.044781
85.786620
91.890966
80.421053
95.792887
103.054632
88.964579
89.258205
109.057354
98.997608
87.763000
102.984590
98.826085
109.614948
85.313892
98.448838
101.335143
84.269380
81.965891
102.690965
114.583165
111.959198
89.552891
99.269949
97.547336
89.175303
84.012464
97.076876
87.727242
83.839184
84.318455
92.373552
90.086588
88.477161
74.195295
112.179569
93.572240
102.889774
99.327383
81.375232
97.240611
103.396081
106.491496
102.225535
93.313969
88.960435
74.754045
105.359948
76.856968
104.117935
84.935450
79.408443
86.921009
80.856417
105.994692
86.201300
88.297417
84.507819
95.691679
108.336604
105.391834
92.622383
88.858181
109.338517
100.142141
100.374683
123.646032
101.409092
103.522966
100.355845
112.181397
110.771725
111.903177
102.494575
90.409525
99.901686
110.956907
109.560161
106.418793
89.622605
104.535901
111.276653
106.080332
112.216946
88.898390
91.761924
111.268282
88.907792
89.430629
98.283182
102.880825
95.037864
90.945822
108.895184
83.820967
114.765186
117.818606
101.610006
106.347578
90.456066
92.128608
95.288717
98.952290
89.544105
92.634512
85.461162
87.291500
94.478745
99.074286
84.684073
92.331437
93.163111
88.381553
107.545513
85.512883
92.986921
99.809224
107.656854
102.662992
94.655832
98.751394
89.052336
98.118772
92.730275
92.830018
92.442471
112.684345
89.123498
89.771178
104.838422
94.288328
91.399073
96.867675
115.990751
111.505093
104.804336
100.124316
97.401117
106.398350
90.471478
86.076639
93.348447
81.042806
104.991502
92.483018
88.348632
101.340877
83.820739
97.759264
92.187152
93.144465
100.684786
88.779802
93.562433
107.392237
103.243548
94.465056
94.372214
103.130202
104.067802
107.400874
110.127966
89.961260
95.670231
91.973768
99.993615
97.260022
92.987758
105.802164
110.552297
100.874133
109.078754
104.068533
81.295824
83.066740
100.416144
92.629124
109.293005
89.332567
88.022145
92.707392
102.312614
99.576104
100.869327
100.916528
95.164313
97.438511
96.178362
96.366015
89.319756
115.556941
118.286452
100.610640
91.241874
108.871350
86.015812
112.122128
95.999310
101.289441
86.377947
92.228506
105.489951
112.554700
101.158850
102.886207
90.821695
108.802854
110.644673
94.507852
108.147947
89.984012
97.137500
101.713802
109.462124
108.661089
97.234224
104.035872
95.135765
89.566726
97.508904
100.239832
90.689392
92.985116
86.354389
99.887170
97.474321
79.111006
92.770419
85.436808
101.731638
89.377402
91.824688
95.226229
94.109202
89.225951
103.882843
118.493276
101.472371
88.665568
87.232862
85.039348
107.449805
100.460694
99.068762
120.749814
106.261972
103.492802
92.096421
79.724975
85.258406
91.298989
88.091766
97.464817
116.361416
93.181808
100.464441
88.224619
107.747003
87.621155
84.260935
106.008866
104.445686
101.858138
89.945622
101.942983
107.538294
106.534203
97.653046
87.773542
82.926346
98.350782
96.320912
94.728672
102.956215
103.559114
101.704465
103.023547
106.083789
105.905750
91.207092
91.790023
98.346731
100.663480
90.882509
96.798923
92.275697
103.995557
91.623417
87.902654
84.671124
85.021023
101.994811
97.462620
117.620313
119.788757
104.463528
104.822854
101.882694
112.414709
93.202125
91.216867
89.204306
94.588388
82.524061
94.865108
106.823948
97.826081
100.298370
96.569544
94.792883
98.782847
96.865708
95.038667
106.700418
104.859402
111.524381
100.917876
102.158866
105.044047
96.126656
92.063355
101.738533
93.646103
101.060349
103.273371
86.961888
93.583495
94.587962
91.721770
101.123346
100.596140
98.149775
104.758762
111.253802
101.747356
100.026037
92.708576
84.883425
107.933598
109.041465
118.027422
122.118262
145.169634
171.403787
716.209171
