100.000000
200.500084
84.028737
94.949732
136.512750
98.633173
109.411004
127.597698
98.740817
135.906442
87.451089
86.341424
95.242434
104.956650
87.845024
91.876946
110.482894
89.012595
88.390003
87.749154
112.616077
87.385169
89.154732
88.628950
106.776678
87.733092
89.185069
89.360116
88.479515
118.706022
112.440662
90.726406
84.467012
90.953397
86.402399
86.475404
107.930644
106.131262
127.088841
111.618695
91.981095
131.369988
92.888986
92.515588
91.334522
129.108947
138.890926
107.900894
107.760613
104.364722
114.404508
104.359230
91.211348
96.845324
102.167247
95.760917
134.645071
113.805611
125.576149
99.719878
92.915410
91.050759
96.071641
92.984755
114.995441
90.109851
88.737411
93.117374
87.203401
90.663041
128.562757
88.143090
87.042353
86.524461
88.863516
87.093839
140.446324
117.370395
96.406129
87.857670
107.662932
127.003891
86.840185
89.664921
90.739336
87.598369
87.698757
86.258883
89.707272
121.305687
93.917561
126.081338
111.353728
91.739721
86.995011
86.578411
92.485616
108.097611
94.527811
88.447322
87.749825
91.601601
93.236021
97.309463
85.847325
114.538895
116.936673
118.854093
126.524017
123.854147
120.471430
93.608662
86.610971
91.414510
113.971881
140.026385
90.001064
87.001367
86.549579
92.185676
89.271338
88.038385
86.093660
86.721979
87.316639
85.996028
93.831131
88.300143
119.131299
109.517763
87.401018
90.251026
88.352073
112.155574
142.616534
111.242940
116.361989
121.665386
109.610769
104.476396
110.660367
124.593524
85.771099
95.925273
119.849020
96.469780
88.443674
84.899511
93.842632
87.541076
138.516170
91.011082
88.230169
86.305585
87.791462
146.720314
124.023643
88.274897
94.368778
85.406842
92.720162
88.356098
139.078300
135.007610
109.518499
117.898861
109.149867
116.624633
110.751221
109.552750
138.504578
87.960323
86.331912
87.684800
87.055221
87.231234
104.704506
87.854100
85.454466
86.894723
86.575702
88.343887
89.028076
90.786329
88.252585
119.144686
132.763226
97.061997
133.426176
149.963821
98.287418
87.358167
85.131194
85.176272
91.807373
128.234250
122.651196
114.915120
86.106766
88.207561
99.466922
124.675121
122.333965
85.901161
117.660779
112.635930
88.658380
89.579836
105.296420
110.282875
115.911557
121.827468
144.428889
130.706819
88.914110
88.155020
87.825555
86.409402
86.978198
114.929071
106.601164
91.573770
130.297835
86.843407
125.712389
107.670147
91.486919
113.396589
116.368912
87.451539
87.064457
98.352708
93.293446
84.602918
98.146541
152.547931
107.559706
85.795147
87.258005
88.601072
114.036107
121.111006
113.625090
135.877166
141.265779
83.784018
85.897361
112.883084
86.612491
85.776165
121.382497
161.715500
115.614048
106.730301
111.633800
89.208964
87.668205
87.585982
88.512736
89.282797
86.359062
84.570982
86.916170
92.045307
86.703789
89.240911
143.343856
98.005071
141.737764
113.400666
89.397171
87.695131
93.475643
85.813681
130.430077
109.684051
111.127539
105.427501
109.100761
128.911599
102.607978
87.223504
91.707887
91.010358
87.366697
89.941053
88.040142
87.627159
88.306679
89.542164
87.717233
87.214754
86.652857
88.906659
89.720388
92.624779
89.083569
87.997488
88.956286
91.748973
109.413143
86.657340
85.521337
86.108136
87.017577
107.731508
84.655156
90.050052
87.628008
89.332959
94.280679
87.658332
112.164784
140.973975
102.376625
88.756376
86.285329
95.764864
116.031899
87.866650
105.435967
111.127212
111.717809
114.197537
125.545959
85.462350
89.902656
87.218323
86.975398
87.946413
86.191868
87.928633
91.001508
84.931909
86.389484
86.700007
132.504891
124.956620
138.104654
135.012290
102.579313
124.762193
136.249834
86.602294
84.527206
88.293685
117.952523
141.657986
119.796527
103.584538
90.694580
113.120582
94.752110
87.356204
89.130671
89.422768
87.373786
107.022271
87.160750
111.361130
114.962424
126.835764
86.751905
89.234614
91.301803
90.339319
87.541305
86.924508
91.531597
86.312050
122.775987
141.788794
106.086800
119.728155
128.825268
86.558649
95.792142
89.787819
89.543609
88.157692
88.055300
86.857796
94.096056
89.931356
104.593798
149.245187
108.207960
148.511613
121.169346
124.007161
85.971232
106.796967
98.106683
87.663830
119.460474
128.577158
95.634259
85.224189
111.847246
101.589615
87.955823
92.464175
99.636665
123.162290
117.386228
132.432314
142.539229
128.786401
127.715490
129.966601
104.605138
90.988207
88.996053
94.352917
85.665810
85.965139
98.831402
100.233253
86.588217
93.693286
141.537119
87.553069
87.490190
85.864299
100.611401
132.235149
88.452175
125.769969
137.424432
96.037207
153.960173
88.690066
97.177806
146.749209
93.582232
96.331266
103.155364
87.858916
87.667167
88.586748
108.010945
119.490439
92.593805
92.357179
87.427865
118.844344
87.889988
89.506607
89.670538
87.982710
84.738261
88.437383
147.601530
91.578782
95.943874
114.246359
127.175107
88.898622
92.012980
88.666372
87.768817
98.619070
104.544542
110.120827
101.575563
104.396600
141.659123
150.256801
145.941203
119.982540
124.624358
85.332048
104.717902
89.837646
107.909126
108.466641
112.338122
96.588084
94.440114
94.614141
111.953620
86.093916
106.627730
86.203240
87.098730
98.431095
145.602789
133.741563
137.833114
148.266717
93.435885
85.720878
88.141590
86.949826
87.023201
86.697999
87.088455
88.847763
90.585418
118.472536
96.272069
87.823350
86.146265
92.865823
93.885357
86.321551
86.403311
109.210913
90.277226
87.218463
86.547276
86.103436
88.633482
87.338539
89.577197
102.442645
141.057811
115.647590
88.422710
88.525801
103.374155
84.842779
86.133363
83.924943
127.633506
107.774374
95.595889
113.035880
86.666605
102.934163
133.173610
122.611818
88.292864
87.087881
118.645788
86.606384
87.391554
92.135544
97.361760
89.497050
119.848912
112.882626
108.396443
93.250125
131.704286
98.876429
93.063472
109.524175
92.353921
140.959217
110.582819
109.285663
90.179245
89.081263
97.482073
94.189926
92.624406
118.381259
92.194553
131.605055
117.640725
140.239533
114.647398
88.190072
125.597236
132.929327
93.683210
90.095597
91.900074
91.116933
92.836915
92.105956
92.386467
93.868489
92.087907
90.065367
87.529372
88.660210
87.180714
86.060190
86.201935
87.029478
86.696611
99.715395
88.803762
90.820845
89.003552
91.833566
115.909665
91.908238
117.289433
99.185827
95.069787
90.633274
91.122207
87.953292
97.554916
157.171589
