100.000000
95.999106
102.403082
107.919403
91.452080
76.446029
80.871722
97.569870
80.319636
105.974188
90.520529
94.885929
89.273201
100.107911
94.924329
106.419347
79.201130
83.718594
86.448214
87.360115
98.356894
101.004406
93.052786
88.318321
86.010423
91.311947
108.438838
115.237312
98.733086
98.632428
90.046245
89.672743
88.810092
88.935831
92.247714
81.856477
97.918125
93.242883
88.266166
86.736828
99.204169
76.439044
87.047362
80.497027
98.217880
88.925036
77.920141
104.184096
104.778276
83.047609
83.563714
83.038547
82.423976
92.294315
103.630370
105.388572
97.891283
104.479752
86.321890
109.400333
93.832974
98.229324
86.787566
82.026968
89.726931
93.511290
97.023979
95.781487
88.742091
84.685175
84.140397
90.770751
97.087632
91.258880
94.706379
105.950072
99.004991
102.168423
96.893766
108.224073
88.860856
86.549754
94.959049
96.750741
100.176648
94.891966
88.304786
96.150578
96.034433
98.836880
93.367050
111.118942
106.592947
103.725583
89.488992
92.330446
104.652147
89.751769
86.775599
92.901250
115.149961
112.312813
120.523557
94.829271
97.318682
101.981131
114.378614
116.368608
105.129587
100.445313
88.709491
96.412454
93.563109
98.049412
114.942710
107.569894
98.342808
85.385157
110.445591
108.892529
98.945285
93.639025
89.597697
95.607127
105.513428
97.433536
89.604854
89.379398
95.927146
92.390922
91.506717
90.153017
93.236921
104.025593
98.229231
102.081951
117.624152
103.092036
82.221441
92.826645
75.086966
106.132984
109.199708
95.525523
87.660178
95.901927
100.616454
97.395428
96.909087
108.217639
92.029448
91.232306
98.204853
98.235119
109.481281
107.193482
89.856592
96.611437
86.752133
104.185536
93.781643
102.638438
94.848083
103.221910
104.355986
112.919999
97.227536
107.124416
94.105262
92.430414
84.869743
96.846441
93.358129
96.663241
105.155483
113.739508
92.898159
90.352547
97.541301
93.113756
86.130857
102.158941
108.723848
86.943191
94.996358
103.529415
93.424836
100.002791
91.754336
102.470488
104.179926
97.530775
97.905756
103.678087
113.280396
121.831781
108.824558
104.605509
89.468678
116.545625
99.064464
94.182824
115.268666
95.482596
97.448794
84.989827
86.819703
104.675109
102.760166
98.278275
108.939102
92.917143
87.613343
85.905700
111.647095
95.367801
101.444098
90.899380
95.100074
104.912454
108.698628
107.830217
92.515176
92.540620
86.759899
97.488412
117.385466
110.478900
100.969997
99.152116
88.208508
102.958819
104.266577
108.711607
96.165021
96.805685
91.966248
101.394643
116.820178
115.516335
112.417667
102.951296
93.714967
114.623683
108.134356
105.449457
100.133490
103.304316
108.988861
99.942375
102.237961
93.355858
87.617713
109.094085
88.091014
105.617869
112.321998
102.862680
90.769047
114.726392
92.502421
95.506148
112.636906
103.874281
95.691673
98.467315
98.695124
94.692708
86.517757
88.660194
90.511245
103.121064
107.723779
112.106380
107.200647
114.334630
113.891258
87.909983
99.199551
89.873504
105.470247
96.584972
91.450189
98.741497
115.714986
106.576319
112.161435
91.973421
102.552643
90.362757
104.234663
112.434896
118.579876
120.441906
95.688075
87.337647
95.653009
97.732018
101.970914
87.813070
85.801638
101.171844
106.413800
102.431484
98.412807
102.988200
94.273606
100.400164
102.746431
98.065477
113.020088
97.270451
96.926200
107.166092
102.774158
97.685906
110.867091
94.437204
82.133419
87.926061
82.074139
93.325697
92.545065
94.884288
114.614846
92.100367
101.246872
99.157901
98.260579
95.559122
109.300255
95.536081
86.643704
85.307615
85.390413
93.529496
106.136696
107.326735
111.974676
90.534895
105.772630
98.582427
97.988611
93.637894
108.624611
93.146841
94.942304
100.102805
111.528742
98.760091
94.692402
92.057249
93.155122
100.534398
113.726364
113.222182
107.447159
100.652641
94.489868
91.467850
100.370572
98.136301
107.760918
107.525075
112.413137
106.929302
95.224308
90.452328
78.382047
107.508524
95.452899
88.502458
100.823227
95.677580
93.490179
97.719620
104.312192
106.474228
110.356172
95.482245
92.524492
89.301125
108.346329
105.181473
105.909349
106.304689
103.605317
86.799276
88.405085
87.202773
86.537862
95.519315
95.333518
101.365455
102.607030
91.504609
93.586114
105.644816
101.972342
113.365783
100.260791
98.758389
114.368433
118.991973
109.059198
110.526727
102.967735
98.144306
101.140435
98.231158
106.616985
111.557248
97.076241
104.547886
89.406509
93.264977
88.026345
101.081728
98.719794
84.300648
98.430880
94.373001
102.140938
103.553384
99.679377
99.925559
91.517029
94.996259
103.737971
87.290989
83.593995
102.248460
98.623521
102.023271
94.179637
94.688389
113.222274
104.447326
93.943958
93.765596
95.157296
90.940829
91.272564
98.190242
87.796863
97.588315
109.793420
85.610821
99.658708
98.956705
109.296929
100.284771
108.694505
98.137058
97.547760
89.227733
93.977891
94.354929
108.225553
92.935181
94.195130
87.606583
104.428620
113.762668
115.584514
104.876789
102.849780
105.799878
99.885785
106.178795
89.313633
98.029886
95.063344
96.980266
103.053068
120.081347
112.129130
90.493849
94.361558
102.144325
88.937427
93.388403
104.783873
109.889196
105.594292
92.109438
101.334430
96.017283
95.182078
103.076584
108.591030
118.883082
123.951869
92.740418
106.873318
108.014545
104.595024
89.039841
101.500299
86.940797
105.259565
91.712658
105.014615
93.351900
102.115249
115.433313
106.684032
97.813245
86.348017
92.981853
105.306030
108.894016
108.260518
100.025116
96.482109
99.025148
115.228259
97.030728
105.395505
104.441212
95.585784
100.283852
114.435599
102.897325
98.104162
87.491764
84.773705
85.391826
102.238532
104.096197
108.390011
106.020101
93.364875
102.847234
106.941906
115.452320
107.334983
108.112398
98.512136
108.053466
92.709380
97.361128
101.565747
98.055163
86.372246
100.180818
87.387971
93.334035
91.431043
92.843040
92.924231
97.735106
95.609387
93.846669
108.700153
93.187189
91.886497
100.157456
98.638288
104.342112
94.137926
97.580992
108.226711
96.365894
90.236402
98.294913
110.551343
106.424216
100.798201
96.400630
90.907107
92.654004
105.142836
99.109051
96.212308
105.300897
96.877154
98.112434
101.492984
94.036608
93.985188
100.236114
84.316901
107.441688
96.983051
92.164700
87.739725
103.169947
108.781785
104.878409
98.349808
102.843662
107.137617
102.468125
113.501678
82.263325
88.604107
110.506600
103.475117
99.942795
97.382738
98.107359
100.340535
90.694580
95.696923
108.684134
106.936420
91.339139
81.939998
100.547122
101.400563
103.874123
100.074202
107.840559
109.949630
90.852118
100.599198
97.508696
106.875374
94.119904
110.143670
93.023757
91.474103
110.090855
94.706017
94.661435
94.260386
97.739793
107.319615
106.585613
100.452426
96.264733
101.440483
95.704882
95.912836
123.409567
109.551694
93.723677
100.575186
93.053114
87.683752
99.922653
107.186084
99.157428
94.027008
89.524139
109.162735
89.307940
101.158032
109.864295
98.838892
101.806579
79.621482
95.361136
100.991489
93.428307
98.572107
96.141970
92.791432
89.202175
103.187188
90.969289
104.924303
103.808367
101.039062
96.964389
108.837702
102.922581
85.250797
79.942747
78.635301
96.765261
93.565777
96.030842
92.229530
100.955842
94.478684
87.248230
92.827724
103.833435
109.682657
103.185046
84.192821
87.954125
110.332555
107.890116
81.960779
100.870596
98.052460
90.672496
105.013946
100.137226
92.338111
96.423076
96.820493
101.017019
103.099145
87.884356
85.465266
88.675630
95.133852
107.011449
96.017719
113.800137
99.694141
85.931461
90.205087
119.070692
128.573749
109.574368
97.903844
112.303377
87.275851
83.857778
81.817294
99.208290
105.631132
95.010127
104.564570
93.639686
84.230182
91.075154
91.612188
95.093573
88.763916
85.550217
106.514418
94.109492
94.124185
103.433134
107.333021
101.247687
94.596956
91.287164
93.868332
96.430314
93.979709
113.152422
110.848096
100.943179
108.733303
112.248084
96.648779
99.705843
103.626675
112.979542
104.221391
121.594806
111.181372
108.814060
97.438388
104.345274
108.638552
96.023323
96.061558
88.010950
96.007767
85.124391
94.559334
112.586816
104.585564
83.072594
96.558877
101.877869
96.679317
102.794477
106.407173
113.266313
107.443986
96.570903
95.227204
90.969128
96.349686
99.386052
100.238037
85.933685
102.168669
92.723821
91.710133
95.523379
118.017528
99.796385
104.910009
108.166286
103.042488
85.995040
96.586250
99.208713
105.497300
115.470145
99.771367
106.087600
112.757421
121.869765
148.078541
148.752139
164.327929
165.846031
