50
36.403062
36.307773
36.315890
36.420476
36.410325
36.305893
36.252131
36.156416
36.336323
36.319827
37.093693
36.791119
37.062689
38.140489
38.250008
38.321164
38.313398
38.082302
39.141004
39.208036
39.047613
38.232696
38.473321
39.340304
39.370466
38.964246
38.182493
38.061794
39.083934
39.172979
39.234960
39.094635
38.262242
38.145240
39.154553
39.176747
38.779118
38.154663
38.386456
39.214722
39.061796
38.684574
38.017592
39.078530
39.319933
39.293616
38.487885
38.166035
39.183381
39.240028
39.339226
39.211451
39.213858
39.315447
38.567633
38.176645
39.141257
39.227496
39.209894
38.941249
38.104556
38.599635
39.107553
39.125421
39.154586
39.161104
38.828985
37.995062
38.644166
39.050522
39.084088
39.070766
38.403531
38.383854
38.919591
38.928963
38.929801
38.925202
38.907051
38.912082
38.390754
37.890085
38.908440
38.927320
38.906003
38.928787
38.840966
37.879272
38.312945
38.949009
38.938182
38.929818
38.915996
39.126090
39.063395
39.084764
39.090218
39.112423
39.111047
38.755904
38.029795
38.327257
39.091871
39.059587
38.741827
38.065097
38.265407
39.246372
39.226696
39.128258
38.434428
38.601172
39.269189
39.140786
39.079443
38.722884
38.028451
38.228470
39.076329
39.101062
39.085149
39.069961
39.083618
39.368564
39.028375
39.084810
39.231333
39.262460
39.183833
39.084383
38.119837
38.257687
39.177174
39.932710
39.159663
38.238357
38.089962
38.931996
39.102275
39.000008
38.168799
38.295508
39.295467
39.246122
38.959690
38.003576
38.264306
39.235152
39.075756
39.105793
38.211781
38.918934
39.447142
39.293113
39.264591
39.342104
39.278442
39.361039
39.422921
39.247691
39.312610
39.292229
38.480991
38.160504
39.134107
39.389899
39.279649
39.334140
39.148963
38.327782
38.591404
39.192520
39.342364
39.254384
38.213855
38.616265
39.290122
39.324505
39.195274
39.142519
39.199479
38.356317
38.670165
39.414519
39.195202
39.243522
39.249715
39.378733
38.961027
38.284752
38.968655
39.241589
39.235687
39.146384
39.274414
38.776399
38.183448
39.102463
39.336119
39.373372
39.387344
38.858740
38.363879
39.283031
39.286229
39.315967
39.264384
38.567965
38.094252
39.232630
39.227705
39.176556
39.237333
39.255926
39.099026
38.552092
38.399372
39.210141
39.280222
39.171075
39.139561
38.780329
38.163623
39.126683
39.103785
39.113522
39.261120
39.349803
39.400316
38.620059
38.268512
38.883849
39.264944
39.261358
38.414140
38.339250
38.337961
39.127672
39.106519
38.667472
38.298906
38.751886
39.298514
39.238263
38.691030
38.014694
38.065109
38.940041
39.267409
38.844581
38.288298
38.472218
39.384759
39.420536
39.222548
38.593345
38.066992
38.977606
39.171407
39.034220
38.895196
38.769551
38.023417
38.574960
39.210463
39.251104
39.393610
38.337036
38.445131
39.202024
39.278937
39.218364
39.199243
38.194168
38.251150
39.074902
39.221313
39.325678
39.266301
38.812058
38.302977
38.622498
39.421970
39.411566
39.277873
38.235853
38.624299
39.350951
39.366137
39.347025
38.754699
38.257237
39.397006
39.507604
39.531790
39.389369
39.319411
39.189358
38.319031
38.778555
39.274432
39.287667
39.357717
39.421201
38.320271
38.433685
39.355237
39.343060
39.350748
39.345489
38.968370
38.130569
38.839535
39.234050
39.253135
39.458004
38.785884
38.301922
39.197938
39.396720
39.340937
39.238106
39.291234
38.329663
38.413212
39.335079
39.267710
39.195693
39.304078
38.548293
38.344590
39.278755
39.203488
39.322265
39.341074
38.852197
38.180404
39.111768
39.326874
39.202822
39.331807
38.539128
38.480204
39.381890
39.370327
39.234888
38.812295
38.305154
39.015377
39.342746
39.246870
39.325277
38.709697
38.492247
39.291059
39.265373
39.369219
39.262853
38.253614
38.707767
39.232556
39.313763
39.232623
39.258276
38.086307
38.538371
39.064960
39.254530
39.228510
39.129317
39.104520
38.720813
38.092504
38.711490
39.122334
39.159657
39.086535
39.218413
38.270229
38.465684
39.243321
39.332378
39.315044
39.165405
38.407469
38.496947
39.353320
39.167122
39.258081
39.124986
38.185088
38.443910
39.118160
39.275273
39.286151
39.184093
39.200725
39.161864
38.812507
38.192009
39.032585
39.264945
39.254802
39.079721
39.152340
38.189751
38.743297
39.328212
39.412833
39.354891
38.281564
38.134497
38.985757
39.105690
39.215830
38.289732
38.135181
38.560545
39.165929
39.226307
38.274011
38.201239
38.719667
39.221961
39.224387
38.519643
38.088123
38.628146
39.322899
39.208211
38.497253
38.158377
38.103998
39.135930
39.103155
38.709981
38.184968
38.330365
39.215641
39.369358
38.775600
38.184752
38.255235
39.339034
39.362827
39.313392
38.652448
38.099583
39.019608
39.122812
39.082609
39.100690
39.087856
39.140697
38.530514
38.176961
39.389040
39.344832
39.223850
39.257496
38.718898
38.218992
39.094310
39.356432
39.227121
39.119512
39.220226
39.250666
39.324891
39.218879
39.240961
39.123574
39.066555
39.215844
38.651670
38.281776
39.287402
39.229453
39.066691
39.141629
39.131073
38.913035
38.003713
38.564055
39.115911
39.068626
39.080371
39.074991
39.116043
39.068019
38.317548
38.202486
39.077925
39.046535
39.359182
38.955425
39.016792
39.117643
39.140967
39.274406
38.631486
38.440397
39.198207
39.296591
39.228811
39.238819
38.872567
38.155564
38.662841
39.222308
39.268661
39.234979
39.138679
38.217925
38.151556
39.079020
39.119280
39.123387
39.069996
38.828657
38.015659
39.134502
38.952537
39.094300
39.121133
39.200713
39.085433
39.158174
39.299816
39.197687
39.099848
38.529830
38.569933
39.230527
39.257639
39.093402
39.071499
39.273118
39.242168
39.235528
39.249275
39.227534
39.222925
38.602239
38.227361
39.125172
39.119811
39.091827
39.066362
39.083097
38.690168
38.121738
39.034960
39.345699
39.254604
39.195384
38.994138
38.144826
38.639564
39.057909
39.054473
39.120732
38.177811
38.667276
39.206440
39.247056
39.124726
39.049270
38.555538
38.648349
39.236592
39.221445
39.161586
39.251754
39.115946
39.208809
39.354987
39.280675
39.343297
39.246170
39.254336
39.271087
38.539886
38.004226
39.214752
39.207986
39.207484
38.956973
38.019951
38.468515
39.068939
39.076333
39.089451
38.949694
38.123448
38.422009
39.084158
39.075477
39.190126
38.634747
38.171207
38.800678
39.085721
39.164568
39.226292
38.405583
38.078907
39.077573
39.142735
39.101823
39.112744
38.163252
38.724552
39.069631
39.118224
39.098298
38.691476
38.187573
38.767034
39.204931
39.134687
39.011346
38.040144
38.454274
39.186157
39.240063
39.206204
38.718229
38.193693
38.810789
39.100435
39.079375
39.180523
38.668348
38.136638
38.966862
39.199099
39.217437
39.137891
38.248835
38.393325
39.222150
39.235851
39.231763
39.241823
38.724407
38.057424
38.870544
39.063179
39.068041
39.097650
38.662252
38.031587
38.836005
39.076657
39.148266
39.120484
39.022908
38.126336
38.414127
39.078840
39.114733
39.292782
39.366303
38.554858
38.346306
39.284452
39.337340
39.345640
39.303143
39.139718
38.662657
38.167529
39.275735
39.357183
39.305716
39.365557
39.304188
38.570520
38.430015
39.219942
39.201437
39.166316
39.223858
39.064011
39.069608
38.751188
38.025163
38.290549
39.106783
39.107555
39.186501
39.277642
39.315097
38.714030
38.294932
39.148422
39.132721
39.151083
39.094152
39.041820
38.006148
38.550702
39.171415
39.249007
39.195494
39.143410
38.106865
38.498705
39.070328
39.090440
39.209222
38.800047
38.006429
38.880413
39.077176
39.127093
39.098134
39.068410
38.259055
38.280350
39.089566
39.077648
39.059519
39.072490
38.915427
38.051930
38.432411
39.115023
39.084453
39.092438
39.075045
38.164089
38.466593
39.195410
39.195392
39.263226
38.764424
38.149527
38.861567
39.262894
39.233093
39.214326
38.764235
38.063353
38.663707
39.130597
39.250946
39.186170
38.584163
38.173919
38.873158
39.259898
39.240036
39.243231
39.155366
38.178495
38.550312
39.195514
39.033883
39.123515
39.081878
39.081652
39.106856
39.091789
39.135328
39.179435
38.880899
38.036398
38.649405
39.085693
39.059980
39.120099
39.117733
38.568487
38.015157
39.043085
39.100017
39.084155
39.193518
38.522778
38.020180
38.982054
39.210123
39.269119
39.216451
39.225096
38.287127
38.486553
39.149394
39.102973
39.320794
38.025664
39.091055
39.124427
38.923071
38.020902
38.834665
39.195119
39.152152
39.177610
38.491558
38.142923
38.564845
39.096217
39.134411
38.670969
38.127833
38.902875
39.080254
39.299599
39.410680
39.884316
37.286287
36.219735
37.602683
37.124544
37.228545
36.510286
35.974392
35.993081
35.964148
35.988531
35.991199
36.036705
36.910061
37.384692
37.891901
37.944903
37.939969
38.075744
38.974829
38.953276
38.949586
38.907071
38.316689
37.953031
38.896253
39.003988
39.012694
38.809005
37.955707
38.226030
38.954763
39.019511
38.598018
37.923253
38.551752
38.974299
38.990952
38.364731
37.907682
38.788748
38.976336
39.002167
38.516141
37.927644
38.460128
38.989542
38.996125
39.002240
38.343430
37.899356
38.651741
39.000608
38.954399
38.991550
38.100810
38.105749
38.989213
39.028437
39.024678
38.525662
37.948679
38.603258
38.976322
38.957409
38.905238
37.920124
38.162143
38.969997
38.973269
38.985394
38.298188
38.077928
39.022859
39.180992
39.025110
39.012738
38.990944
39.012812
38.994695
39.007402
39.003118
38.359981
37.959099
38.943328
38.956693
39.004199
39.005115
38.970385
38.729639
37.927485
38.302878
39.000158
38.962438
38.406339
37.904128
38.126244
38.951429
38.960389
38.248660
38.087540
38.834406
39.133525
39.114964
38.815741
38.090417
38.553594
39.157502
39.086362
39.131832
38.626825
38.069285
38.661801
39.096642
39.105540
39.002230
38.027764
38.392074
39.150399
39.217940
39.117517
38.378091
38.055549
38.666857
39.131292
39.203315
39.115319
38.017459
38.042161
39.067725
39.091943
39.146532
38.738005
38.091198
38.636341
39.096271
39.121288
39.121729
38.441802
37.928845
38.762874
38.988161
38.971619
38.959443
37.936173
38.203173
38.998530
38.986230
38.977703
38.727991
37.934769
38.830328
39.159787
39.148629
39.129820
39.144137
39.138324
39.145911
39.142583
38.360544
38.059381
39.100048
39.134633
39.163271
38.971702
38.056697
38.080186
38.638363
39.139491
39.151452
38.711619
38.104492
38.671633
39.154052
39.112194
39.119766
38.217555
39.089938
39.137712
39.128820
39.123051
39.118720
39.122963
38.535555
38.095457
38.824616
39.130821
39.118736
38.258091
38.085145
38.793729
39.129190
39.118778
39.132090
39.144168
38.214797
38.625132
39.283620
39.313048
39.141812
39.122805
38.560064
38.101272
38.695864
39.273972
39.265356
39.111764
39.120152
39.146509
39.156407
38.325363
37.919745
38.958689
38.961464
38.960020
38.892339
37.897696
38.126260
38.978220
39.097947
39.135120
39.151305
38.844528
38.075070
38.485255
39.099896
39.137045
39.134308
38.989462
38.670782
37.934845
38.484968
38.964915
38.976751
38.995980
38.981695
38.943068
37.919003
38.201924
38.977160
38.988399
38.991447
37.934618
38.310854
38.979949
38.972931
38.971171
39.005830
38.046007
38.048874
38.974052
38.990073
39.154659
38.994254
38.970245
38.908805
37.925449
38.191160
38.999988
38.973401
38.932038
38.971691
38.997866
38.931565
38.924685
39.204817
40.057220
39.846226
38.946008
39.179295
40.064048
39.432736
39.298336
40.223963
40.213408
40.270759
39.989273
39.123450
39.676385
40.205080
40.208698
39.248534
39.287579
40.236246
40.246123
39.958673
39.171226
39.834289
40.246820
40.276796
39.310811
39.097132
39.616357
40.244516
40.316341
39.512930
39.122373
39.746209
40.254886
39.155915
39.100381
39.707321
40.351475
40.413278
39.513690
39.418792
40.335289
40.331073
39.728245
39.112982
40.101405
40.184710
39.882710
39.177077
40.042627
40.382684
40.354451
39.281757
39.798789
40.405250
39.901923
39.251464
39.251930
39.275231
40.249883
40.216080
39.335452
39.084327
40.123729
40.143225
39.085431
39.147761
39.095816
39.152558
40.178271
40.208958
39.834716
39.277176
39.111303
39.107744
39.235186
40.236785
39.683472
39.116128
39.118698
39.151626
39.097782
40.240833
40.246064
40.219979
39.258822
39.397662
40.304799
39.733408
39.327194
39.741081
40.249420
40.141449
39.124577
39.176777
40.407909
40.382601
40.207588
39.270560
39.912629
40.241756
40.234259
39.298477
39.436027
40.311646
40.397351
40.051909
39.275357
40.178532
40.549458
39.483922
39.329174
39.702049
40.401151
40.404058
39.896503
39.368925
40.501737
40.529683
40.344116
39.267075
39.828695
40.326357
40.394723
40.557943
40.357056
40.341449
40.395909
39.935787
39.271358
40.101270
40.552533
39.814379
39.365022
39.387187
40.412870
40.519840
40.535952
39.554356
39.404839
40.371421
40.367554
40.464129
39.268331
39.229741
40.258149
40.376900
40.347870
38.951438
39.461247
40.057855
40.122444
39.151280
38.998743
38.945187
39.108165
40.078177
39.421610
38.961733
39.696978
40.091047
40.053237
39.170166
38.977970
39.994122
40.082165
39.964176
38.946046
38.947544
39.803304
40.051888
40.053722
39.192974
39.056296
40.077328
40.061370
39.536368
38.895691
39.608344
40.236605
40.213687
39.683129
39.184420
40.231483
40.358175
40.084208
39.381131
39.935365
40.468413
40.386714
39.380993
39.350309
40.375301
40.160136
39.387280
38.981902
40.086275
40.082052
39.798068
38.989079
39.530441
40.067956
39.558413
38.965882
39.282841
40.027012
39.346185
39.087492
39.156433
39.201498
39.810706
40.333253
40.368064
39.418806
39.399779
39.376920
39.380371
39.375253
40.348825
40.035223
39.383922
39.326171
39.193985
39.396601
40.504481
39.937890
39.381697
39.510784
40.510491
40.394754
40.358954
39.229772
39.644191
40.448991
40.524260
40.024262
39.315351
40.268274
40.501587
40.168334
39.327529
39.291415
39.719155
40.436284
40.382241
39.670061
39.412814
39.513412
40.421113
39.983756
39.361268
39.400957
40.447822
40.526669
40.228432
39.324824
39.948415
40.528997
39.747644
39.417822
39.360796
39.364079
40.068208
40.601585
40.033204
39.348341
40.225485
40.554761
40.323326
39.361233
39.712187
40.343859
40.295712
40.330395
40.349201
40.435602
39.606193
39.446500
39.416405
40.272444
40.182596
39.275227
39.935029
40.478105
40.438469
39.262455
39.801300
40.412079
40.363726
39.608822
39.389656
40.400315
40.353469
39.846655
39.257065
40.194686
40.470657
40.362687
39.323918
39.592683
40.421379
40.322073
39.954359
39.194914
40.123484
40.246518
40.196056
39.163436
39.438486
40.164267
40.210407
39.241152
39.338669
40.213397
40.155573
39.944604
39.079329
39.754025
40.231691
40.228597
39.388053
39.155522
40.277693
40.253202
40.103243
39.198475
39.932308
40.233031
40.276912
39.484227
39.194067
40.599891
40.401075
40.186797
39.325398
39.922720
40.367958
40.409447
39.409207
39.423838
40.225114
40.228838
39.855097
39.128199
39.925701
40.393573
40.372455
39.369763
39.638569
40.552533
40.506438
40.014552
39.385486
40.164587
40.339674
40.392870
39.407978
39.565360
40.474856
40.472477
39.715583
39.227849
40.062165
40.321860
40.314818
39.340310
39.759300
40.373394
40.490440
39.902751
39.410717
39.976498
40.437817
40.280276
39.452783
39.178478
40.204303
40.303671
40.287310
39.382753
39.978866
40.534932
40.469470
39.878658
39.333146
40.187120
40.407542
40.270369
39.252681
39.442424
40.277295
40.368158
39.306955
39.469368
40.216251
40.209234
39.704621
39.256176
40.028225
40.228548
40.310880
39.175060
39.671498
40.337704
40.389711
39.514308
39.248636
40.186752
40.320066
40.350747
39.309583
39.415126
40.312975
40.653330
40.060322
39.529412
39.394060
40.248558
40.537757
40.395106
39.264874
39.680823
40.222700
40.248406
39.433453
39.156335
40.193186
40.234078
39.910145
39.160769
39.712544
40.279055
40.381560
39.154756
39.353037
40.172562
40.238834
39.697057
39.114033
39.078896
39.088527
39.070301
39.747116
40.061930
39.192482
39.033774
40.037229
39.961133
39.179900
38.956839
39.401220
40.036296
40.033478
39.538429
39.032888
40.059429
40.218439
40.064712
39.098098
39.610864
40.202417
40.204040
39.366548
39.146773
39.996041
40.200444
40.160754
40.241881
39.253619
39.134326
39.748479
40.226159
39.422439
39.283010
40.253073
40.290333
40.212862
40.114771
39.108551
39.134137
39.026926
40.055003
40.118816
39.751838
39.106289
39.100531
39.839592
40.208973
39.424948
39.266542
39.263929
39.485742
40.405259
39.853748
39.263571
39.286631
39.254695
39.262838
40.297492
40.336745
40.415634
39.316801
39.695240
40.515654
40.454898
39.419436
39.276618
39.292707
39.351758
39.268379
40.257231
40.015324
39.278524
39.302798
40.357385
40.424959
40.257279
39.651953
40.498747
40.527009
39.343474
39.673314
40.349816
40.320063
39.589827
39.265830
40.338590
40.071305
39.142592
39.564217
40.289942
40.192236
39.626756
39.148383
40.113353
40.372415
42.570552
43.621890
43.675575
43.354053
43.636806
43.615563
43.791835
43.408678
43.617137
43.928808
44.697562
45.826825
46.019176
45.306707
45.682467
46.411729
46.899045
47.270813
46.184330
46.299600
47.011327
47.461354
46.401792
44.558026
40.667601
41.064105
40.997862
41.086520
40.470760
40.143425
41.145010
41.092563
41.184370
40.595082
40.102923
41.186750
41.208487
41.210754
41.136087
41.201675
40.184399
40.425802
41.208033
41.220780
41.210196
40.903163
40.112272
40.570904
41.180520
41.205834
41.242452
40.164939
40.415840
41.189851
41.195951
41.187391
41.135471
40.509366
40.229075
41.199149
41.159498
41.161822
40.728298
40.138454
41.042633
41.300889
41.305301
41.202523
41.315205
41.303308
41.233112
40.471036
40.134911
41.319707
41.245591
41.207779
40.806002
40.060483
40.856694
41.026927
41.005516
41.040429
40.156053
40.064683
41.028614
41.048533
40.993688
40.738303
39.902358
40.695974
40.982805
41.142152
40.791807
42.007731
40.681841
41.030289
41.044931
41.041890
40.068558
40.185738
41.315221
41.044450
41.041414
40.982408
41.030450
40.970075
40.033772
40.358751
41.179984
41.069532
40.825883
39.988656
40.864643
41.169588
41.132052
41.109607
40.225216
40.160060
41.147266
41.161846
41.163702
40.305505
44.342047
47.245928
47.084661
46.524996
46.634229
47.702748
47.145923
45.565404
46.583237
47.809271
47.241511
44.572483
40.419616
41.036210
41.019786
40.935243
40.648419
40.120611
40.753403
41.183906
41.164300
41.038635
40.057355
40.424135
41.165166
41.120287
41.076604
40.060559
39.983259
40.982456
41.131261
41.190687
40.068298
39.993134
41.098274
41.117008
41.210971
41.123243
41.452032
41.040213
41.047385
40.826764
39.923247
41.068249
41.059741
41.064587
41.079414
41.090840
41.144565
40.788765
40.017368
40.774410
41.135629
41.139097
41.179148
40.811546
40.014573
41.193121
41.125224
41.137717
41.133973
40.497182
40.382145
41.178047
41.145279
41.098846
40.587708
40.079930
40.964049
41.168560
41.291104
40.473918
40.239350
41.193630
41.186542
41.221401
40.346621
40.378661
41.333093
41.425661
41.440539
40.506953
40.168236
41.137170
41.157938
41.105872
41.111794
41.336539
40.349554
40.323945
41.221407
41.270818
41.288513
40.554122
40.246291
41.086110
41.116905
41.149593
41.081653
40.010345
40.289830
41.081707
41.227273
41.191527
40.699218
39.930857
40.998292
41.144398
41.098218
40.724580
40.058864
41.014164
41.009839
41.031922
41.028597
41.166032
41.106911
41.138256
41.143973
41.276074
41.225720
41.223554
40.483697
40.029768
41.061306
41.114669
41.097931
41.053975
40.291773
40.158402
41.121107
41.066281
41.216232
41.056908
41.072272
41.098429
40.232823
40.195893
41.006523
40.999769
40.932422
41.088493
40.017656
40.494923
41.063547
41.024660
41.050417
41.054102
41.066300
40.127315
40.413531
41.013971
41.042912
41.083374
40.820896
39.991717
40.907138
41.086263
41.148704
40.833591
40.022399
40.597336
41.050583
41.186487
41.119859
42.763606
46.169823
46.716524
47.189521
47.224834
46.901961
47.352737
47.405280
46.261722
46.193799
47.415913
47.433510
46.165712
46.136589
47.201822
47.703577
46.479511
40.027948
40.984745
40.936151
41.049014
40.873736
39.991249
40.913127
41.205591
41.130780
40.501413
40.131484
41.188221
41.202628
41.262127
40.788826
40.050822
41.033977
41.260123
41.135634
41.153731
40.102050
40.347190
41.157100
41.088587
41.156352
41.143704
40.141643
40.327574
41.194248
41.212423
41.231749
40.707845
39.987429
41.015990
41.105207
41.036296
41.022718
40.119218
40.111632
41.011714
40.987354
41.011535
40.300437
40.149894
41.073372
41.095160
41.143075
40.756421
40.045088
40.840277
41.277311
41.202979
41.239118
41.095294
40.090819
40.539183
41.254203
41.228814
41.277064
41.260804
40.916861
40.068963
40.484893
41.082271
41.091995
41.175012
40.715442
40.074912
40.937319
41.171130
41.199046
41.129005
40.159131
41.540720
41.101496
41.172545
41.199116
41.159895
41.087105
46.628264
47.366600
46.127054
45.685045
47.506865
47.531744
46.329660
46.201940
47.745239
47.354931
46.348242
46.051134
47.114266
44.077013
40.929040
40.709233
39.907250
42.517749
47.208745
46.914583
46.075676
46.038155
47.499510
47.679172
46.136516
46.515435
47.661164
47.639151
46.273075
46.304097
47.464676
47.392265
46.267002
46.273235
47.021534
47.316960
46.451140
46.622709
47.464813
47.319890
47.034667
45.498299
46.145325
47.042022
47.439465
45.988563
45.521039
47.302707
47.200053
47.039135
46.127218
45.573366
47.338612
47.565659
46.164729
47.122996
47.466939
46.754089
43.611060
46.851397
41.354171
47.538381
47.523039
47.655055
47.008620
45.921074
46.977656
47.521634
46.534546
45.584915
47.472438
47.691708
46.410167
46.879399
47.724915
46.885558
46.183216
46.464527
47.713884
46.745877
40.212758
40.909266
41.005449
41.079743
41.036176
40.497758
39.920747
40.940412
41.044564
41.034074
40.852228
40.003308
40.585817
41.156977
41.129820
41.168989
40.241540
40.097432
41.073774
40.984343
41.029596
40.395865
39.913460
40.744931
41.035560
41.185008
41.251031
41.200970
41.122330
41.155971
40.302129
40.581643
41.255637
41.242578
41.292906
41.338205
41.167304
40.123447
40.448697
41.244221
41.173279
41.223597
41.138692
41.008740
39.829893
40.833177
41.030025
41.068665
41.017304
40.357492
40.284962
41.235851
41.275209
41.244975
41.183444
41.206508
40.717518
40.025584
41.080156
41.188361
41.212993
41.107757
40.094305
40.061003
41.094714
46.977713
46.843302
46.128052
47.285822
47.484946
46.505836
46.047290
46.941826
42.546870
41.045326
41.000858
40.478062
40.080879
41.136937
41.258680
41.070775
40.466349
39.919230
40.936582
41.060039
41.017886
40.912789
39.869361
40.414821
42.353133
47.498550
46.640123
46.189701
47.459945
47.785895
46.091517
40.159602
40.948877
44.838055
46.711840
45.508001
45.881484
47.423602
47.602959
46.128582
46.171080
47.104720
47.373784
46.521117
41.441195
40.877578
41.040805
41.070726
41.072268
41.017736
40.266398
39.961550
41.176717
41.171607
41.104585
41.378594
39.667423
39.240404
39.244235
39.247489
39.253786
39.998685
40.337187
40.558068
39.602440
39.379107
40.367713
40.482184
39.832389
39.247656
40.273113
40.363781
40.059779
39.282606
39.236265
39.968180
40.347168
39.527842
39.342716
39.207189
40.273744
40.407671
39.335375
39.253294
39.959880
40.454106
40.087241
39.319872
40.011633
40.476234
39.747243
39.417632
39.450328
40.201772
40.483468
40.417084
39.387521
39.273992
40.199987
40.398133
40.313147
39.293463
39.662261
40.393398
40.212334
39.534271
39.263802
40.101671
40.239644
39.831308
39.109066
39.953779
40.254234
39.517817
39.513555
40.385159
40.363384
39.999170
39.294545
39.280893
39.261112
39.915307
40.078001
39.328399
39.279168
39.955288
40.240254
40.078119
39.097162
39.675385
40.227586
40.248815
39.862887
39.231871
39.886584
40.253050
40.236456
39.498222
39.130085
40.234841
40.290911
40.221075
39.139051
39.642955
40.172007
40.261072
39.508822
39.218444
40.204182
40.071786
39.107798
39.134186
39.702187
40.372504
40.419439
39.615632
39.308703
39.408645
40.423121
40.569883
39.893609
39.402866
40.467777
40.524644
40.510907
39.630782
39.132287
40.236606
40.215798
40.220152
39.132242
39.569707
40.340816
40.413973
39.709408
39.280978
39.845802
40.408324
40.321137
39.320998
39.757912
40.520344
40.459679
39.687611
39.246791
39.430986
40.331358
40.549702
40.520915
39.421844
39.644647
40.070028
40.038134
39.316473
38.973749
39.964679
40.072763
39.798096
39.020735
39.767751
40.320075
40.408075
39.274343
39.639738
40.381875
40.297918
40.275314
40.247644
39.154483
39.610013
40.421935
39.971504
39.234114
39.597758
40.433089
39.621652
39.288425
40.275072
40.216492
39.431624
39.312350
40.410099
40.397929
39.723217
39.326178
39.291106
39.255790
39.173501
39.240235
41.936948
36.163201
36.540005
35.955842
35.945842
35.953001
35.961301
35.937545
35.918409
35.976972
35.937463
35.941067
35.972058
35.982752
38.182963
39.221539
37.879903
37.879875
37.902874
38.444222
38.943068
38.965403
38.947543
38.039879
37.898235
38.453691
38.979196
38.903266
37.992937
38.334679
38.929237
38.929701
38.937417
38.935158
39.268962
38.350893
37.893118
38.635654
38.913584
39.014518
38.950912
38.960720
38.856499
37.861005
38.210210
38.944069
38.912419
38.976219
38.984365
38.915789
38.424547
37.869855
38.031919
39.044363
39.069757
38.627676
38.024332
37.993717
38.811695
39.093531
38.980332
38.952091
38.907289
38.210283
37.907951
38.792433
38.921510
38.925873
38.365937
38.013108
38.756645
39.098307
39.096708
38.275894
38.275677
39.209976
39.200716
39.155305
38.995516
38.169797
38.494332
39.083236
39.082918
39.163310
38.254156
38.251424
39.206146
39.132342
39.095692
39.173953
38.652079
38.048900
38.701890
39.128924
39.208112
39.234867
39.273143
39.100204
38.206077
38.256337
39.062245
39.258852
39.171559
38.976196
38.143856
38.719523
39.242680
39.246328
39.273490
38.281602
38.513536
39.220966
39.145411
39.252623
39.053538
38.052743
38.444285
39.298901
39.323620
39.121437
38.297823
38.757336
39.186567
39.114670
39.075023
38.951005
38.009712
38.601639
39.272132
39.170623
39.140880
39.241017
38.323315
38.142148
38.674835
39.201252
39.149139
38.101012
38.009648
39.109878
39.222347
38.877828
38.151415
38.105622
38.839230
39.256870
39.372075
38.672399
38.058720
39.006868
39.100004
39.084666
38.660392
38.099984
38.878606
39.253530
39.104091
39.147425
38.555672
38.210864
38.873686
39.218519
39.104693
39.110469
38.353504
38.212298
39.258499
39.303890
39.228599
38.362560
38.331373
39.303698
39.234583
39.210033
38.240423
38.223135
38.919297
38.915377
39.038380
39.097159
38.283409
38.063824
39.162735
39.116022
39.115252
39.099524
39.082663
38.313070
38.033426
38.990916
39.171535
39.278419
38.995104
38.202768
38.720995
39.265150
39.305410
39.313590
38.796166
38.232215
38.814596
39.178510
39.128947
39.115585
38.449968
38.152543
38.920283
39.328013
39.152443
39.462760
38.924711
38.037460
38.245456
39.214043
39.261247
39.050911
38.081639
38.658147
39.251707
39.254537
38.991114
38.083681
38.324880
39.098797
39.087420
38.774029
38.179922
38.511014
39.133843
39.097530
39.218559
38.490366
38.234263
39.099144
39.176732
39.254490
39.384529
38.859121
38.284316
39.142177
39.210096
39.277055
39.210666
39.256625
39.244093
39.212828
39.270680
38.798282
38.019872
38.508654
39.295309
39.221841
39.271812
38.286864
38.446190
39.183954
39.147878
39.258126
39.020200
38.172658
38.801583
39.274150
39.239493
39.246792
38.368801
38.226670
39.246281
39.074353
39.264874
38.734464
38.043283
38.907747
39.251676
39.214062
39.234909
38.218296
38.352841
39.192459
38.935752
38.950731
38.535383
37.877703
38.523870
38.932213
38.938998
38.887484
38.077486
39.212089
39.232417
39.104335
38.695317
37.993144
38.704590
39.194698
39.119186
39.233564
38.239441
38.328672
39.243306
39.231424
39.320341
38.962562
38.019966
38.659122
39.318184
39.290398
39.283165
38.777218
38.283755
38.227966
39.346931
39.307854
39.222749
38.302716
38.300963
39.098036
39.163522
39.341248
39.339473
39.341701
38.590177
38.318103
39.112096
39.147857
39.187507
39.245754
38.293272
38.620880
39.234037
39.142713
39.263763
38.727908
38.261861
39.022888
39.191158
39.195334
39.130733
39.132511
38.615152
38.180732
38.936833
39.355481
39.217405
39.258450
38.450749
38.150054
39.066079
39.072492
39.326189
39.195841
38.162925
38.595285
39.315031
39.223334
39.203418
38.457171
38.559708
39.370724
39.374167
39.320990
39.147619
39.117221
38.291558
38.035993
38.731032
39.122662
39.082153
38.862656
38.054520
38.638871
39.249702
39.213820
39.098683
38.226130
38.252326
39.237643
39.098825
39.073102
38.185394
38.245603
39.082888
39.175395
39.045928
38.538329
38.024024
38.539632
39.091980
39.120917
39.051184
38.784159
38.256796
38.737995
39.113873
39.195941
39.245601
38.189334
38.426762
39.267277
39.288003
39.264187
38.585485
38.231828
39.250150
39.423305
39.265344
38.669197
38.101629
39.156385
39.268354
39.258352
39.132169
38.658874
38.303076
39.365127
39.449138
39.292157
39.268999
38.647600
38.031434
38.783708
39.082191
39.063530
39.037367
38.847348
38.186224
38.776169
39.111806
39.118572
38.517525
38.263955
38.543586
39.216795
39.280736
38.460304
38.205541
38.699517
39.319402
39.141104
38.163254
38.840642
39.303516
39.257184
39.272494
38.931178
38.183071
38.663731
39.286055
39.380932
39.357986
38.933295
38.192018
38.690266
39.075432
39.139646
39.219329
38.352162
38.442732
39.229564
39.210210
39.141774
38.320197
38.033483
43.094293
38.347318
39.247521
39.176419
39.073153
38.108791
38.136032
39.263791
39.227318
39.227911
38.254763
38.185006
39.169491
39.098112
39.081230
38.727268
38.083924
38.436136
39.377366
39.203373
39.021406
38.161666
38.415963
39.085940
39.182995
39.226293
39.329198
39.167929
38.149325
38.410069
39.265016
39.351488
39.200422
39.257810
39.310279
38.753067
38.174751
38.766028
39.370730
39.393456
39.164221
38.425676
38.078302
38.796888
39.081425
39.257839
39.397131
38.298134
38.453615
39.431609
39.389835
39.275435
38.791933
38.370938
39.212962
39.376012
39.349581
39.227731
38.543931
38.227580
38.991663
39.239391
39.294242
39.378892
39.309031
39.095043
38.204622
39.002828
39.253757
39.105825
38.923493
38.943595
38.829293
37.868154
38.705643
38.943305
38.923061
38.511244
37.921326
38.977060
38.968337
38.963457
38.946234
38.920239
38.930950
37.881609
37.900697
38.861481
38.927647
38.953414
38.408852
37.915165
38.366282
38.945734
38.937559
38.291706
37.878965
38.330887
38.920367
38.890391
38.172697
37.862617
38.587412
38.940595
38.915296
38.410236
38.064013
38.228981
39.104144
39.126694
38.535257
38.068469
38.050060
39.025588
39.261957
39.063392
39.107835
39.065994
39.093429
39.087550
38.039124
38.502661
39.086776
39.271735
39.278641
38.558807
38.366269
39.217921
39.243694
39.270763
38.995985
38.174876
39.221679
39.254767
39.255337
39.239456
39.234849
38.592261
38.258551
39.274047
39.236036
39.153102
39.133990
38.001748
38.390130
39.191813
39.074462
39.080699
38.749461
38.000927
38.584985
39.107209
39.047014
39.130287
38.151675
38.141815
39.282787
39.293861
39.266528
38.949970
38.028094
38.483431
39.229787
39.203666
39.094665
38.085022
38.234421
39.086346
39.112367
39.139288
39.077975
38.837226
37.987105
38.862627
39.115483
39.057485
39.073293
38.334385
38.193422
39.168469
39.239831
39.249301
39.142651
38.504533
38.134100
39.082033
39.084050
39.123227
39.103892
38.645686
38.077296
39.036036
39.103579
39.098924
39.142042
38.821161
38.072440
38.447330
39.111745
39.060113
39.143452
38.687237
38.054489
38.814675
39.102655
39.095166
39.118687
38.289004
38.442157
39.100929
39.114292
39.089057
39.115376
38.077036
38.279796
39.065107
39.103728
39.076091
39.093187
39.112528
38.223925
38.296071
39.148576
39.050194
39.061909
39.043997
38.522092
38.028233
38.770984
39.080706
39.093571
39.092502
38.453470
38.076006
39.107443
39.083405
39.090752
39.117330
39.058943
38.020408
38.553869
39.088790
39.062505
39.092460
39.071105
38.053542
38.291893
39.082173
39.060364
39.068790
38.447829
38.024282
38.913652
39.089147
39.094092
39.089718
38.041744
38.398830
39.212497
39.133481
39.124983
39.078831
38.711979
38.038985
38.529215
39.186525
39.240206
39.283071
39.129468
38.171754
38.665112
39.134686
39.074447
39.077822
38.694353
38.011313
38.389330
39.081569
39.115669
39.092434
38.883157
38.043535
38.560561
39.064850
39.087714
38.906069
38.296921
38.026248
38.900138
38.913658
38.928671
38.930631
38.910267
38.912924
38.869937
38.921364
38.953739
38.013628
38.352286
38.998178
39.087423
39.079938
38.041476
38.061480
38.813842
39.067134
38.789630
37.997542
38.122496
39.062223
39.021212
39.106871
38.267567
38.072373
38.871877
39.064980
39.093284
38.140199
38.373660
39.142341
39.071900
39.102935
38.526394
38.014372
38.309402
39.107201
39.050109
38.393905
38.051430
38.272869
39.066691
39.067707
38.560716
38.185701
38.730074
39.398410
39.414666
39.140602
38.237600
38.892363
39.349726
39.412642
38.908000
38.356630
38.307301
39.206973
39.364810
38.732815
38.207791
38.644197
39.105989
39.504828
