50
130.537966
133.704301
133.848048
134.545668
135.668263
134.452407
134.462302
134.119815
134.964733
136.217203
136.014208
139.233893
133.930941
136.215976
133.817410
136.406436
134.506939
136.132336
136.558347
133.777801
136.094573
134.183193
136.083788
135.448495
134.627018
136.518018
133.753292
136.112995
134.965168
134.894336
136.035582
133.427027
136.214072
134.031765
137.077019
134.258420
134.198118
135.226356
132.938352
135.640791
134.252046
134.770463
135.876971
133.376552
135.823306
133.929918
135.373760
135.395908
134.201568
135.946588
133.499580
136.197981
134.809456
134.736576
136.017352
136.934145
133.549255
135.308685
134.699941
136.323730
133.600772
136.074861
134.408805
135.326078
135.689473
134.128119
136.036548
134.045572
135.408326
135.141526
134.298470
136.525486
134.105238
135.791349
133.055441
135.597912
134.197006
134.598750
135.628780
133.351126
135.960948
134.114251
134.789725
135.525327
133.834095
135.726294
133.889068
135.450727
135.096316
134.517468
136.375463
133.718736
137.856355
133.779188
136.164264
134.919281
134.942441
136.068679
133.532076
136.230272
134.877330
134.893672
136.080701
133.557598
136.107081
135.116205
134.667247
136.759086
134.464349
135.243098
135.874075
138.757848
133.432331
135.802868
133.392814
135.654208
134.497045
134.867009
135.653648
133.834243
135.948428
133.595631
135.940355
134.768673
134.797490
136.087677
133.548027
135.817416
133.877153
135.294829
136.736935
133.907858
136.321427
134.199482
135.168176
135.170092
134.008708
136.037300
133.774264
136.011416
134.538030
134.637001
135.044658
133.247761
136.140438
134.118756
136.868221
135.250069
135.144666
136.246272
133.568244
136.159447
134.800907
134.924155
136.241706
133.647708
136.310579
135.047028
135.125073
136.224382
133.580524
136.239306
134.582776
134.716550
136.360846
133.409329
136.073617
134.811028
134.763333
136.068760
133.377372
136.076118
135.243535
134.687615
136.416247
133.532082
135.863627
134.017840
134.987523
135.232345
133.750290
135.938537
133.271698
135.898146
134.417483
135.042400
135.726102
133.629562
135.980636
135.543078
136.222585
134.455750
134.726798
135.632935
133.621455
135.868494
133.732911
135.449291
134.899277
133.849297
135.539413
133.386739
135.252107
135.255878
133.915509
136.147853
134.340448
136.663864
136.611370
134.841698
136.978231
133.230796
135.746746
134.796612
135.742612
134.865474
133.771081
135.632911
133.248032
135.626867
134.556117
134.151959
135.630100
132.984662
135.371305
134.505629
133.843705
135.655811
133.175426
135.241856
134.636850
133.789196
135.570140
133.104540
135.694480
133.865903
134.571998
135.278022
142.885366
133.221788
134.073455
135.710475
135.728082
133.237869
136.474683
135.062758
139.049252
132.594232
135.542859
133.984177
136.477555
133.964506
137.008140
134.265495
136.173786
135.733985
134.866413
136.527363
133.972900
136.547675
134.749421
134.914210
134.619888
133.970221
135.362461
133.664898
135.932753
134.208356
134.894792
135.805350
134.894823
134.845629
135.638899
133.182863
135.705397
134.451043
134.315390
135.692223
133.040230
135.705528
136.149660
133.664757
133.555382
133.751507
136.005568
134.503983
134.925438
135.696869
133.164770
135.509541
134.082170
134.353282
135.415202
133.892611
136.326351
133.939889
135.487273
135.588517
133.907071
135.974745
133.965615
135.115484
135.452583
133.610050
136.092556
134.213324
135.238716
135.540050
133.677291
135.875521
134.433220
134.980274
136.041002
133.567364
136.517070
135.928415
135.905692
136.482958
133.536134
135.972089
136.004658
135.571744
135.266241
133.974202
135.924706
133.399743
135.803873
134.442295
135.055242
139.956909
133.523928
137.315718
134.162567
136.134726
134.280552
132.801005
135.336614
133.883033
134.158908
135.130730
132.666519
135.342751
133.946000
135.442311
134.831276
133.694993
135.319959
132.957757
135.580642
133.810317
134.728973
135.207306
133.379149
135.544351
133.283634
134.956208
134.670439
133.577848
135.428743
133.099254
135.265975
134.547374
133.777941
135.502295
132.970329
135.487185
133.930525
134.970075
135.716337
134.845088
135.456814
134.915350
133.805114
136.207730
137.774396
134.466048
134.271296
135.719828
133.161517
135.470548
134.583255
134.520092
138.509773
133.288745
135.895808
133.618830
136.074151
135.166693
134.436325
136.649665
133.936835
136.029990
134.947899
134.479396
137.881018
135.079308
135.797060
133.242571
136.403561
135.012436
134.398775
136.056485
133.449911
136.002629
134.315993
134.987243
135.653235
133.586729
135.815525
133.798192
135.484347
135.235821
134.124975
136.094110
134.238986
135.634677
133.048722
135.567434
134.911309
134.514982
135.594891
133.075786
135.553194
134.819769
134.348233
135.876728
133.521565
135.886466
134.115087
134.732058
134.942747
133.844454
135.241681
132.742089
135.542070
133.967707
134.289375
135.547922
132.834658
135.556815
134.233107
134.173652
135.967606
132.998036
135.585405
133.750925
134.749201
135.171053
133.254691
135.475532
133.286175
135.183270
134.472166
133.950586
135.468851
132.835009
135.441487
133.897380
134.454762
135.025441
133.261271
135.364194
140.453034
134.851261
135.210521
136.179492
133.656595
134.641515
135.026844
133.307882
135.492884
133.560231
134.795997
134.936725
133.392339
135.504213
133.202646
135.043065
134.697208
133.714372
136.257794
133.732339
135.396240
134.879459
134.317557
137.024341
136.504392
133.194873
135.672749
133.611650
135.178887
134.873982
134.012644
135.787862
133.217069
135.567372
134.245333
134.049500
135.535468
132.850394
135.475902
134.174560
134.079424
135.513604
132.846424
135.538237
133.890106
134.364087
134.239671
132.811311
132.799998
135.383749
132.769830
135.345939
134.283860
133.984364
135.464202
132.911988
135.505172
134.323640
133.904749
135.481705
132.840585
136.974549
139.078762
133.333785
134.056886
134.706159
135.307783
133.323876
135.960168
134.403817
134.318005
135.327362
132.941409
135.515248
134.204958
134.149695
135.497591
132.810792
135.533066
134.301647
134.085119
135.547357
132.994722
135.321581
140.140967
137.026221
133.210077
134.467117
133.756869
135.416418
132.845255
135.461150
134.054873
134.262689
135.251711
132.961679
135.139178
133.079102
135.199763
133.999346
134.507411
136.024579
133.077186
135.585744
133.692569
135.676744
136.688960
135.053720
134.076368
134.591459
135.211625
133.487184
136.258457
133.937656
134.885965
135.199471
133.551470
135.568784
137.070827
133.244077
135.434139
133.465749
134.739897
134.566574
135.073307
135.519574
134.151783
136.948907
130.765969
132.931276
132.881939
135.076166
133.153677
135.414920
133.230951
135.098939
134.352062
133.838171
135.412390
132.808854
135.527019
133.596008
134.850721
134.698569
133.819177
135.534565
132.974397
135.490842
133.792688
134.769276
135.639709
134.165440
135.370026
133.095524
135.451210
132.879445
135.466340
133.282878
134.925562
134.231959
133.854410
135.560435
134.163186
135.400469
132.924281
135.373668
133.643480
134.661084
135.201079
133.218797
135.583656
133.513094
134.799267
134.766939
133.477122
135.354702
133.021738
135.206376
134.258842
134.001591
135.229159
132.897303
135.383472
133.899187
134.285442
135.139171
133.032555
135.329646
133.876905
135.350815
134.649743
134.493273
135.362074
133.916542
136.123258
133.503007
136.038332
134.139565
134.899793
135.228666
133.746251
136.212023
134.150048
135.720655
133.241281
135.780320
133.945198
135.102477
134.913090
134.117641
135.763772
133.280173
135.745461
134.059334
134.906613
135.200257
133.666181
135.462532
133.062598
135.479470
133.415211
135.165867
134.530103
134.087443
135.578987
133.040006
135.529365
133.513983
134.956952
134.878349
134.097176
135.487519
133.351430
134.967943
134.561542
133.911969
135.682032
133.474717
135.942355
133.623002
134.990656
133.845714
134.718451
134.971890
134.339855
136.127219
132.814865
135.544812
133.976252
134.618493
135.178422
133.328040
135.514179
133.178102
135.331783
134.338270
134.178083
135.237348
133.060551
135.432577
133.043429
135.213658
134.184388
134.017468
135.275017
133.442439
135.538883
134.055629
135.550071
137.094398
133.862459
135.665677
133.194208
135.505234
134.338572
134.407442
135.504437
133.203219
135.577538
133.556185
135.135673
134.811353
133.767995
135.614271
133.023885
135.585063
134.114615
134.446127
135.485316
132.797275
135.343997
133.800256
134.482218
134.726303
133.318023
135.160063
132.889613
135.242717
132.841523
135.288243
133.628450
134.601681
134.497156
133.717154
135.574235
133.210493
135.208109
134.629035
133.834991
135.512872
133.041028
135.353781
134.512832
134.957439
135.588845
133.078462
135.196640
134.411969
133.920287
135.785779
133.667332
135.937602
134.885527
136.278430
161.544837
132.959045
132.912053
135.742632
133.149885
135.848215
134.597144
134.471958
136.096854
133.462053
136.022374
134.932541
134.651339
136.938595
134.746099
133.673978
135.523970
147.699190
138.285906
138.847582
140.142229
140.288809
141.973663
138.321796
140.871187
139.916839
139.609787
140.796797
138.250318
140.572259
139.190285
139.930423
140.641985
140.737105
141.408611
138.754400
142.293795
137.663287
140.486290
139.227622
141.802988
139.396020
139.044949
140.629442
138.018839
140.937474
139.558383
139.893978
140.870466
138.236330
140.760665
140.702361
140.477487
140.617986
138.947950
140.994296
138.629387
140.489180
140.205122
138.447093
140.572589
138.633817
140.213635
139.850856
138.975996
143.759514
143.283321
143.971012
139.718311
142.217729
140.320413
138.929450
140.407811
139.944732
138.935305
141.226824
137.982107
140.323949
138.083761
140.816495
139.186495
139.469099
140.162919
138.385908
140.459919
138.255470
139.934272
139.897365
139.072144
140.750714
138.299612
140.719920
138.772477
141.240792
142.316195
138.717679
139.336978
141.299644
142.961490
145.002830
141.738089
140.169350
140.273234
139.968608
139.861353
138.317621
140.200192
138.229518
141.599901
138.445368
140.690885
139.989168
139.181996
140.786203
140.311286
136.163530
137.103818
138.267360
138.404067
140.740851
139.138761
140.012431
142.804052
138.056708
140.860522
142.772129
142.171023
138.941090
139.519416
140.012100
139.719616
141.212543
138.703740
141.339136
139.262059
140.786137
140.545789
139.620539
141.586483
139.093475
141.395759
140.097770
140.379838
142.468951
144.747062
142.735748
142.690430
143.102338
142.960389
143.928877
142.267061
139.979449
138.856101
140.770861
138.664784
140.816961
140.109697
139.782123
141.175646
138.989252
140.970417
139.820981
139.846325
141.018026
138.399982
140.970328
139.937222
139.499508
141.189022
139.024792
140.821735
140.653959
139.218923
140.803774
140.072239
143.560852
138.692737
141.581016
140.178835
140.226084
141.727382
139.031458
141.679196
140.349707
140.397753
141.553768
139.156321
141.041499
141.967557
141.388341
138.751883
139.863217
140.428992
138.789213
140.843309
138.649512
140.911537
139.818681
139.643513
141.088983
138.527668
140.765201
148.345083
158.636873
132.972069
133.107490
135.097194
133.540687
135.497010
133.253922
135.795169
134.301151
134.691410
134.813572
139.357632
134.883440
134.017969
136.245742
134.293354
136.467328
133.656548
135.891793
133.805862
135.143396
134.830418
138.481711
133.207841
133.190554
135.558653
133.645868
136.425016
134.488917
136.124278
135.075535
134.414883
135.636853
138.254552
132.807343
135.200322
132.818741
135.201088
132.845862
135.017247
133.398926
134.509764
134.354953
133.906694
135.867010
134.116538
140.629145
133.660758
134.721212
136.848804
134.255847
136.436895
134.132846
137.250184
133.575855
135.171233
134.194307
133.965802
135.118330
132.890367
135.516657
132.957434
135.385943
134.434733
134.162923
135.754700
133.201276
135.732619
134.293203
134.474160
135.493942
133.293263
135.478223
139.946416
132.976143
133.002636
135.510953
133.684822
135.299826
134.603100
138.953576
133.170887
133.241654
135.698462
133.617800
136.033478
133.680822
135.641790
134.501422
134.663160
135.749371
133.266654
135.561196
136.358571
134.087454
136.282364
133.482884
135.910806
134.484578
134.775230
134.864779
133.455322
135.187508
132.642641
135.234997
133.834963
134.583726
135.108867
133.526996
135.595587
133.090224
135.745856
134.463627
134.573716
135.580950
134.211127
135.934683
134.190837
134.875088
135.124564
132.891628
135.396729
133.946335
134.752914
134.753642
133.547546
135.447541
132.902762
135.279133
135.654207
132.740848
135.182489
133.584623
136.262077
139.165936
134.302471
135.576057
134.437607
136.068003
133.422530
135.722379
133.219580
135.678351
134.390134
134.638961
136.763469
135.097637
133.348686
134.265720
134.879049
134.856282
134.212130
135.765712
133.706277
136.052756
133.764157
135.927670
133.672377
137.676166
134.539817
133.839864
135.868950
133.362307
135.560423
133.193327
135.944203
133.939586
136.640820
133.695031
135.271770
134.147904
133.852524
135.208328
132.825691
135.319585
133.065345
134.709441
133.905400
134.229264
135.452226
133.979359
135.524719
135.188003
134.156447
135.889504
133.272082
135.509436
134.706169
134.976765
139.689926
132.661512
133.944862
136.297930
134.926039
134.789146
135.904988
133.204749
135.716387
134.153232
135.523390
134.876054
133.507931
135.206264
132.743727
135.246707
135.449619
133.250798
139.766531
132.716133
133.256464
134.849889
134.646879
134.302116
134.999732
133.080103
135.282198
132.985335
135.041561
134.370425
133.701770
136.141178
138.968483
132.681254
132.740472
136.308964
134.888723
136.551385
134.277712
138.072906
133.622676
135.134420
134.517336
134.717341
134.824353
134.996704
136.125688
134.250248
136.093969
134.313702
139.829877
134.602236
133.677969
136.430187
134.174371
136.690853
133.882668
136.006778
134.175187
135.420411
134.196592
133.890045
135.451518
133.605182
136.187798
133.832797
137.099375
132.820693
135.320445
133.791983
134.569975
134.963714
133.712811
135.600601
133.186602
138.904911
132.876514
135.382403
134.096963
134.243112
135.226843
132.652040
136.028058
132.780141
135.603518
134.100193
136.137968
134.867149
136.383884
129.629396
127.340596
130.864922
133.367592
133.191571
135.403616
133.853107
135.727548
132.778575
135.241060
133.082207
134.995414
134.316147
133.943705
135.350416
133.355374
135.912805
133.588002
135.487985
134.678595
134.393708
135.670992
133.601272
136.567390
133.804287
136.108615
134.152241
136.735589
133.719555
135.807656
133.594597
136.590006
133.683371
135.262752
135.022740
133.702580
135.596970
133.368695
135.479083
135.193301
136.595842
133.796361
135.276905
135.296083
133.966124
135.923178
133.386993
135.628106
134.601883
134.177555
135.751072
133.145593
135.843059
134.058662
134.709948
135.154102
133.689728
135.831204
133.283626
135.680480
135.465038
135.130040
135.031214
134.029105
135.604388
133.027011
135.442968
133.166455
135.732558
133.342876
135.608389
133.943380
134.748256
134.352667
134.056737
135.485096
132.992271
136.188833
133.979836
135.798928
135.238834
134.219970
135.831391
133.275402
135.697391
134.009904
135.206398
134.913603
133.942770
135.887504
133.324880
135.732719
133.454296
135.962128
133.748960
135.414641
134.286158
134.465475
133.704535
134.436502
135.010779
133.108227
135.199281
133.198320
136.214690
132.918113
135.078155
133.772352
134.152304
134.820559
133.315612
135.425232
133.698446
134.730562
134.869081
133.755486
135.574546
133.151843
135.535381
132.617224
134.962483
135.117188
135.034047
133.492089
134.360342
134.331972
133.921327
135.392352
133.013129
135.763244
133.439451
135.757928
133.619567
135.455086
134.186859
134.889488
134.110542
134.907501
134.360196
134.471746
134.239758
134.154867
135.164230
134.973417
134.789940
135.675847
135.179117
133.877876
135.831168
134.331171
136.234372
134.364723
135.679399
133.459967
135.764032
135.059978
133.395974
135.504989
133.487640
135.079041
134.507680
133.675307
135.003722
133.012044
135.739062
133.360426
135.511532
133.827415
134.669420
134.470874
134.297493
135.127668
133.313936
135.236258
132.792854
135.150630
132.657778
135.127176
133.452131
135.802623
133.872129
134.786662
133.454564
134.425465
132.637831
135.078950
133.325898
134.575332
133.102108
135.423129
135.733405
132.862593
135.275045
134.791465
133.407255
135.269916
132.772242
135.221520
132.765950
135.331051
133.566839
134.882021
134.171661
133.798457
135.102770
132.872362
135.193414
132.967265
135.119535
134.145202
134.281389
135.105589
133.539153
135.627550
133.204225
135.626959
134.451852
134.789598
135.623573
133.590092
135.875872
133.547310
135.579805
134.474093
134.474505
135.501519
133.423011
135.590688
133.108872
135.440058
134.502782
135.426788
136.084075
133.408937
135.937281
134.491812
134.358347
135.174770
132.856176
135.298529
133.286010
134.897016
134.598000
133.720510
135.429925
132.867380
135.403557
133.893366
134.340112
134.684628
133.497229
135.409602
132.876841
135.438981
133.816374
134.774947
135.327297
133.577916
135.833596
133.710040
135.668060
135.128694
135.592483
133.995965
134.694536
135.250085
133.383396
135.377500
132.859366
135.350536
133.761202
134.458608
134.742556
133.446641
135.224096
132.896874
135.290282
133.003586
135.613224
133.585507
135.366822
134.235786
134.939563
134.952147
133.889125
135.572722
134.843368
135.349826
133.798618
135.119118
135.653389
133.982996
135.783605
133.373088
135.819548
133.627899
135.056236
133.779461
134.244321
134.660018
133.493136
135.432130
132.866191
135.439152
134.334187
136.488050
137.361202
134.086961
136.091581
133.849833
136.383268
133.988603
135.791662
134.709456
136.590600
133.416789
135.711071
134.211041
134.583308
135.557515
133.856114
138.984236
132.719053
135.218503
132.804051
132.784211
133.007480
134.487464
133.758314
135.271010
132.756785
135.206449
138.457299
139.374622
139.545886
141.701139
139.374659
141.736959
139.775303
140.830022
140.625631
139.568998
141.072266
138.674047
141.016169
139.240139
140.554165
140.414764
139.361496
141.893132
171.419504
139.414764
139.480463
142.934030
138.871735
141.174103
140.476686
139.835335
141.191058
140.122489
140.162191
141.247711
138.715800
141.207392
138.820969
144.120590
138.346377
139.994751
138.980414
140.574473
141.949418
138.501079
140.882326
139.197185
140.180193
140.086222
138.930512
140.497872
138.601946
141.011429
138.418291
140.862851
144.752128
138.660047
140.940623
139.547558
140.303590
138.269886
141.239822
139.034696
140.323479
139.806675
139.815984
140.895072
141.868286
138.526972
140.370199
138.149107
140.416127
138.137987
140.684505
139.336453
140.354393
140.282372
139.636553
141.254533
138.681261
140.867999
138.598934
141.317105
139.817151
140.111584
140.688311
138.936683
140.988254
139.249228
140.515714
140.792218
139.317710
141.346192
138.575187
140.670566
139.180441
140.524859
139.785304
139.459126
140.802233
141.861714
138.377444
140.870967
138.345317
140.849809
138.931515
140.175783
140.392349
138.413047
141.804575
138.582075
140.821059
140.577960
139.183933
140.827442
138.647638
141.029848
139.892254
139.751117
141.273308
138.777048
141.373714
139.402133
140.797088
141.695851
145.359056
134.588814
134.832287
138.970264
139.060678
138.785243
141.188963
142.171649
139.600731
140.188840
138.454047
140.531298
138.327935
140.737514
138.651417
140.293186
139.820270
142.712710
138.713810
138.955649
141.274395
138.912663
141.832160
139.291051
141.305935
140.792698
139.544192
141.836546
142.594906
145.032053
140.274850
139.707294
144.560217
138.861184
141.260203
138.950790
142.857126
138.749181
140.000818
140.229563
139.607247
141.327005
139.090561
141.323832
142.523221
146.072168
142.172409
142.174212
141.348921
139.282136
140.661406
141.386686
139.898495
142.055608
141.138068
139.894173
141.777956
139.774779
144.917955
136.440240
138.995523
139.255193
140.166843
141.035146
141.036887
139.507874
141.359351
138.812413
141.334275
140.231455
140.353191
140.768613
139.566340
141.571615
138.976791
141.478707
139.170808
141.592608
140.364604
140.498593
141.404461
139.350023
141.417567
138.972654
142.797014
142.248504
141.333401
138.109643
140.627264
139.050639
140.619586
139.725510
141.809673
141.108644
138.796075
140.810298
139.743210
140.244895
141.518874
138.830196
141.402068
139.312954
141.111240
140.589533
140.090109
141.550342
139.055821
141.973747
140.470256
140.943129
141.193450
140.252535
141.673925
139.317938
141.598677
139.141465
141.413161
139.269554
141.552705
139.882441
161.272919
132.650187
135.082746
132.683302
135.049326
132.673444
135.072959
133.339476
135.104621
134.423856
133.427995
135.103145
132.648934
135.072664
132.789512
134.896012
133.347716
134.380329
133.717305
134.303966
134.315485
133.576056
135.783183
134.473643
134.286731
133.517561
134.922170
132.911208
135.041771
132.634802
135.136076
133.484507
134.252532
134.608499
133.110306
135.082100
132.639078
135.192183
133.044185
136.757094
136.601628
132.748065
132.758251
134.953884
133.174387
134.527786
134.276038
134.106484
136.617638
133.112369
135.520675
133.395590
135.170752
134.589074
134.032334
135.525566
133.122097
135.510747
133.344931
135.402473
138.079565
132.681600
135.092907
132.656808
135.153399
132.899074
134.864013
133.972091
133.800270
134.565128
133.238172
135.099999
132.712072
135.121310
132.848870
134.950816
133.824896
134.090702
134.732906
133.088926
135.147913
132.947173
135.167938
138.384067
132.637145
134.275688
133.390999
135.194018
132.662820
134.970025
134.219671
134.141478
134.813327
132.993870
135.114461
134.387860
139.104584
132.831186
135.214546
132.940132
135.090661
133.669853
135.592901
132.703728
132.729392
132.802126
132.787223
133.591122
134.360733
134.258040
133.707940
135.336873
132.772734
139.239770
133.558875
132.802851
135.224284
132.713345
135.045492
132.654209
135.183168
133.490232
134.315268
134.620498
133.211015
135.166328
132.620289
135.213838
133.649992
134.106011
137.803188
132.437863
133.657726
134.083257
134.918734
132.895791
135.093729
132.697200
135.067630
132.721550
135.060370
136.817689
133.678649
135.913197
133.241275
135.123911
134.336943
134.234331
135.008525
133.504721
135.272624
132.817040
135.259784
132.828849
135.203958
133.459125
134.934197
133.862106
134.168226
134.759700
133.456513
135.319857
132.818792
135.231346
132.837287
135.250075
136.877442
132.785854
132.824598
135.066412
133.222062
135.392678
132.987763
135.400617
132.932833
135.482086
133.307001
135.054281
134.341246
134.094744
135.025978
141.768176
132.944393
132.962050
135.300181
132.887979
135.388699
133.344855
135.105526
134.221486
134.131186
135.178304
137.472297
132.997664
132.986424
135.164003
132.596910
135.523442
136.273650
133.878685
135.402306
132.941367
135.405537
133.185249
135.224151
134.220719
134.120074
135.220848
132.883297
134.989907
132.657355
134.706485
133.195892
134.764747
133.026143
134.835388
132.931719
135.374098
134.806856
133.437382
136.423872
132.861721
135.182713
133.796647
134.087912
135.174813
133.060396
135.379036
133.116761
135.131842
134.203658
135.334516
135.820428
134.017350
135.865666
133.361013
135.855827
133.595400
135.353466
133.988128
134.583433
134.704765
133.798602
135.116173
133.260152
135.337380
133.087879
135.446271
133.114995
135.309909
133.159754
134.648682
134.099670
133.612024
134.852233
132.853826
135.143852
132.840209
135.032225
133.956280
135.166018
133.723430
134.142130
134.661338
133.241101
135.137036
132.728744
135.230121
133.180857
134.656456
134.388913
133.735916
135.202319
132.644569
135.200019
133.949370
134.310345
134.468320
133.272829
135.103840
132.625634
135.121448
133.770822
134.067272
134.911738
132.804377
134.933442
132.347259
135.612503
133.346765
134.909338
132.655263
134.922851
132.652673
135.064276
132.701488
135.036765
132.727279
135.072537
379.250228
200.857824
111.754873
112.078142
111.756107
115.487251
127.395668
132.748607
132.873745
134.968681
133.588059
135.454868
133.538044
135.920429
132.914075
135.031483
134.377665
133.709819
135.299923
132.907474
135.117636
134.335190
133.779450
135.239315
132.686761
135.200652
135.312665
133.245928
135.459458
133.429686
134.807284
134.584450
133.370951
135.348708
132.674578
135.234594
133.860176
134.080696
135.147960
132.864110
135.227226
133.643079
134.511057
135.096668
133.056683
135.241384
133.891287
134.253029
135.448492
132.722196
135.312069
134.901833
133.574715
135.367229
133.076198
135.371175
134.501806
133.964185
135.624421
133.323264
135.194141
146.013829
132.943285
132.949437
132.978503
135.685049
134.445131
134.382515
135.647516
132.577726
135.201667
133.333494
134.694619
134.564167
133.671958
135.383946
132.885838
135.709487
133.821078
134.531226
135.078419
133.463079
135.657386
133.409995
135.237799
134.270117
134.961008
135.189228
135.440946
136.706806
136.481738
134.425387
135.099357
135.402345
134.613332
135.915495
138.473886
133.282638
135.814943
133.819109
135.694370
134.420645
134.195759
135.516699
133.081829
135.608857
133.738863
138.378748
133.213885
134.473751
134.192720
135.671999
133.063616
135.550441
133.624864
135.097388
134.984863
159.942286
132.984527
132.946275
135.274575
133.382210
135.559719
133.456958
135.249945
134.264575
134.050324
134.997621
133.358020
137.933999
133.113213
135.382221
134.595670
134.336807
135.028926
133.132918
135.452960
133.383550
136.558303
133.292585
135.444633
134.585803
134.083167
135.452458
132.850832
135.360001
134.115058
141.121437
133.574550
133.029963
135.638312
133.954600
134.453576
139.068952
133.082262
135.724841
134.507557
137.550483
133.102624
133.961153
135.128966
134.879561
134.059446
135.718917
133.230857
135.831216
134.200574
134.957325
135.188133
133.732460
135.503079
133.064320
135.627575
133.527649
135.105386
134.585628
135.241625
134.353676
133.991838
135.139233
133.135888
135.335993
133.870292
134.837162
137.657464
135.545486
133.337522
134.751862
134.168715
133.886168
135.242464
134.987372
133.891584
135.196603
132.661066
135.224938
133.492776
134.798358
134.834110
133.406860
135.415251
132.950178
135.229406
134.296536
133.994062
134.911217
133.337571
135.307120
132.991691
135.494737
133.615171
134.938494
134.586965
133.995257
135.331050
133.598778
135.294202
132.846140
135.311586
133.735513
134.373808
134.466373
133.641189
134.405647
134.402569
134.906090
134.528376
135.469541
137.363512
133.348345
135.160795
132.796543
135.143030
133.705601
134.210164
134.472676
133.347267
135.164573
133.070559
135.251379
132.704399
135.223041
133.807533
134.391566
134.472958
133.685260
135.292569
132.805091
135.266488
133.358074
138.739292
132.878317
133.999062
134.349799
136.736523
130.489641
133.094380
133.264693
135.389181
133.901205
135.766324
133.309432
135.966565
134.004445
135.362338
135.042324
134.158007
135.748874
133.326567
135.741571
133.240401
135.641114
133.549769
135.979320
134.765165
134.766120
135.752137
133.914682
138.963913
133.877487
133.554022
135.936568
133.212270
135.617385
133.376798
135.698645
133.711277
135.316589
133.969934
136.397613
133.935523
136.014546
133.416604
135.662186
133.441554
136.416746
135.869338
135.846202
133.495323
135.564774
132.982328
135.407497
133.758458
134.936011
134.371596
134.591375
134.912116
134.085019
135.051973
134.322724
135.511650
133.531725
135.211299
134.297477
135.756898
133.382969
135.801403
133.245857
135.665150
133.535796
135.312354
134.154299
136.134597
133.551288
135.950231
134.168873
135.810425
134.147787
135.559255
133.703819
135.231541
134.120740
134.992770
134.398273
134.519692
135.415025
133.944388
135.878377
133.795133
135.708922
133.290587
135.655837
133.423815
135.497651
134.194793
135.113487
135.358570
133.983416
135.663526
133.277036
135.661709
133.709702
134.757634
134.709640
134.058125
135.704135
133.404174
135.835535
133.282130
135.839456
136.240447
133.485711
136.275141
134.346064
134.923488
135.890493
133.540102
135.982160
134.027224
135.785547
134.527522
134.356196
135.576959
133.381796
135.692130
133.356237
135.434859
134.778531
134.430040
135.675353
133.065015
135.537956
133.598488
134.943008
134.824291
133.904588
135.708702
133.282679
135.577230
134.450057
135.460452
134.402171
135.260026
135.291497
133.464403
135.472094
133.006102
136.765697
133.490021
135.431480
133.284859
135.678284
133.210673
135.403091
133.009656
135.294187
133.703831
134.468383
134.316418
135.541959
133.690569
136.147785
133.434159
135.117561
133.856430
135.422681
134.826990
134.492467
134.966989
133.850228
135.796824
133.369411
135.887763
133.364092
135.825528
133.592235
135.211609
133.590840
136.579152
133.918552
135.011589
134.436528
134.542477
134.637677
133.997060
136.561100
134.129464
136.009990
133.466110
135.886603
133.901213
135.092871
134.359155
134.514276
135.100334
134.177818
135.404116
133.734809
135.751608
133.349746
135.821435
133.999907
135.171661
134.445373
134.841287
133.833236
135.215765
134.425253
134.713132
134.891956
134.048387
136.023166
133.883814
135.912382
133.381856
135.201593
133.354265
134.623806
133.893881
134.400769
134.732850
135.042735
134.056560
135.406696
134.644069
135.456641
133.565442
135.889818
133.428623
135.966424
133.620148
136.459737
133.348447
135.921002
133.768733
135.785951
133.584890
135.492844
135.402160
134.354647
135.103436
133.422569
135.485339
133.102096
135.576603
133.139391
135.272557
133.700840
135.488935
134.870924
134.879266
135.674650
134.049025
135.591985
132.975843
135.241882
133.214226
135.590193
134.141214
135.366543
135.193800
133.489557
135.479099
132.737022
135.172375
133.166061
135.034678
134.240753
134.386240
135.057648
135.011002
134.118903
134.530449
134.651813
134.368623
135.672041
133.598263
135.936705
133.314639
135.746211
133.688627
134.921647
134.428220
135.531552
133.871753
134.545236
135.266094
133.403760
135.398594
134.151034
135.783642
133.707854
135.951816
133.409701
135.776446
134.249631
134.710436
136.215355
133.743155
135.748391
133.413806
135.775011
135.787645
135.594289
135.762904
133.836590
136.398379
133.363533
135.726430
134.313177
134.696732
135.622564
133.591696
135.875862
133.587774
136.037364
134.259923
134.986101
135.342626
133.448361
135.760403
133.442852
135.208400
134.132505
134.530718
134.342959
133.699543
135.191523
132.991537
135.977644
133.236180
135.595204
133.683167
135.285647
134.142875
134.744355
134.658392
134.164853
135.684196
133.474168
135.743953
133.486271
135.618861
133.213023
135.673343
133.268696
135.659438
133.426341
135.666125
135.132291
134.836546
133.976911
133.623647
133.604473
133.644212
134.483689
133.247273
135.187426
132.849092
135.357461
132.983501
135.193040
132.833869
135.187056
133.637946
134.365529
134.277433
133.716662
135.081195
133.165469
135.550625
133.149038
135.494166
133.329854
135.855763
134.264671
134.566573
134.804437
133.540696
136.158766
133.390788
135.675513
133.677642
135.321519
134.116103
134.792389
135.060184
134.267022
135.673943
133.800853
135.787755
133.448876
135.521780
133.137900
135.478305
132.987640
135.325002
133.468537
134.717809
134.035437
134.366073
134.631896
133.913391
135.484010
132.983937
135.434163
132.926722
135.366994
133.463395
134.818993
134.266829
134.192826
135.069851
133.917528
135.854620
133.482737
135.909206
133.550995
135.660149
134.080231
135.043841
134.991082
134.058881
135.678680
134.043403
135.931961
136.391562
134.990684
135.696061
133.490742
135.553927
133.075207
135.487772
134.190288
135.066800
135.554526
133.774910
135.812871
133.504469
135.937993
133.833282
135.286221
133.521598
153.432588
133.216368
133.480096
136.767333
134.191468
135.712487
135.102060
134.462997
135.964850
133.359031
136.132703
134.293487
135.477401
135.303045
133.692278
135.894646
133.291542
135.726571
134.193537
134.561869
135.455645
134.532694
135.444302
133.667534
135.740908
132.824197
135.572033
133.357942
135.521470
133.603320
135.806532
133.289001
135.756867
133.300086
135.694742
133.680737
135.000435
133.546811
139.797160
133.332784
133.233810
134.535342
134.086399
133.909144
134.766708
134.009058
134.794821
134.461899
134.290057
134.902722
133.906145
135.545927
133.228774
135.823716
133.173679
139.006268
133.132281
134.059623
135.279288
136.149670
139.663862
133.213969
135.470826
134.015536
135.734442
133.279785
135.670506
133.589085
135.334842
134.750688
134.660593
135.141832
137.844644
132.867279
132.974324
135.455923
134.306872
134.412615
134.607154
140.639232
132.928060
132.980435
135.326890
133.026636
135.293809
132.763983
135.270377
132.947357
135.777191
133.582390
135.851489
133.634106
135.813060
133.807225
133.564859
134.040742
134.691165
134.581200
133.846230
135.305512
134.325592
133.636046
135.209393
132.778866
135.226547
132.795851
138.313797
133.126787
134.718111
133.823273
135.340849
133.173628
135.367021
133.018586
135.000545
133.486292
134.531789
133.651386
134.477482
134.321947
134.326375
134.246763
135.512782
134.288038
135.268043
134.308868
135.946890
134.286788
135.551788
133.851943
134.101977
134.858097
133.411821
135.439029
134.059320
138.694485
133.023679
135.116198
132.961204
135.185155
133.007312
135.342349
132.888460
135.084316
132.800087
135.257894
133.417589
134.207023
134.703585
135.518361
135.402388
134.187778
140.021020
133.515147
135.717728
133.152144
135.685785
133.171624
135.542224
133.594683
135.225813
134.265800
134.353541
134.922188
133.401063
135.295644
132.996576
135.801390
133.854180
136.068355
134.282993
136.315563
133.808778
135.939746
133.426273
135.734778
133.389667
135.675088
133.208924
135.355667
133.098539
135.400454
133.346085
135.700088
133.842964
135.478361
134.370960
134.557441
135.042048
134.253108
135.999649
134.290559
135.046196
135.110082
134.165264
135.618942
133.452465
135.779124
133.678751
135.886003
133.554003
135.551695
134.115428
134.776015
135.255294
133.565735
134.957822
132.541258
136.632643
137.114724
132.459678
132.779456
134.866366
133.833083
134.337212
134.437581
133.981961
134.879492
133.409186
134.789118
132.923373
134.489127
132.752955
134.621216
132.698908
134.673552
133.174675
134.807845
134.355408
134.101734
133.734436
134.629875
133.084920
135.772585
133.129553
135.283955
132.887452
135.243208
133.236830
135.244120
133.844580
134.794447
135.110964
133.846443
135.703287
134.053094
135.531445
133.678474
134.922219
134.818918
133.754709
135.933979
133.292087
135.766032
133.396565
134.496162
134.030890
133.571895
134.332169
133.124717
135.013635
132.757837
135.093754
132.782040
135.146011
132.786097
135.201986
132.748469
135.105400
132.992674
134.815388
133.687659
137.015805
132.880049
135.109229
132.756280
135.236369
132.938872
135.047431
135.266319
134.059375
135.661012
133.392386
135.518550
133.242244
135.702235
133.417027
135.298318
134.097984
134.377718
134.911293
133.681134
135.266858
133.026805
135.165568
133.826919
135.780329
134.754312
134.766213
135.486282
134.080762
136.153477
134.330977
135.171293
134.344394
134.621862
134.523474
135.345110
134.860297
133.826349
135.906040
134.108046
136.094031
134.297348
135.371135
133.971596
135.340499
134.533848
134.661861
134.107561
134.024302
133.794147
134.016265
134.423144
133.920874
134.943875
133.245066
135.204162
132.896625
135.222851
132.957895
135.235290
132.773033
135.121709
133.132962
134.692361
133.893560
134.042337
134.708156
133.522077
135.395101
132.908097
135.353852
133.261298
135.174359
134.281884
134.638103
135.268074
133.604804
135.608731
133.114881
135.540445
134.166560
134.986146
134.661822
134.634354
134.461117
135.102449
132.982459
135.289794
133.398358
134.638387
134.615444
133.405916
