100.000000
93.396374
85.203555
85.585224
100.755936
83.988098
90.646630
92.057378
96.168513
91.888606
102.376559
113.341215
92.288792
95.154758
104.937437
103.499825
96.442363
90.045953
82.101883
83.276545
89.234069
102.244453
105.278539
108.578485
104.423557
83.297229
87.700484
98.350628
109.919897
87.498717
94.534271
90.012115
88.447821
87.735592
94.411038
100.913917
84.232351
87.697363
85.112809
94.283481
84.181206
85.205689
80.720798
107.698316
108.552982
104.395673
97.794514
90.130355
88.156150
85.042972
96.588430
74.251486
80.108443
100.581172
98.146457
95.494769
85.274629
88.264365
93.719233
103.759794
91.778323
94.570086
94.166663
91.502992
101.041070
79.616790
79.259704
103.298643
103.075934
92.181234
95.700766
94.136347
90.166040
101.182313
109.762247
90.502790
85.965246
99.588737
92.647622
94.838609
96.643476
91.349199
105.735596
102.885172
97.542286
114.656994
114.164770
89.680016
84.023262
90.053815
102.582193
95.510197
91.402197
85.492220
100.274171
94.346342
93.039421
84.556677
100.913822
95.970599
101.682765
91.947857
76.886095
108.544347
100.353747
83.199719
92.734278
84.523271
91.617364
102.531979
84.941665
98.963718
99.810530
106.889262
93.021911
94.225099
81.870569
92.169243
96.843919
88.565402
94.588936
90.272794
86.967983
93.624677
83.692258
95.358349
88.145817
96.133471
78.357794
90.552867
100.834241
79.113356
88.249080
93.636518
81.597641
84.622023
80.312574
89.976682
95.456476
90.427201
92.577146
114.978813
104.999182
84.157467
86.190036
88.001773
102.016997
96.188923
90.758185
84.037448
95.860253
82.774794
97.060909
83.717164
110.850302
99.085160
80.137880
93.078087
95.954873
104.173461
109.370178
101.133248
107.095588
87.184995
87.286577
85.859684
97.974599
91.575495
100.738994
99.651718
114.328070
99.381940
97.363095
90.448982
97.866938
93.791600
96.047074
98.456820
89.041566
95.468652
87.686036
91.713965
90.468398
86.549386
94.659116
88.098711
96.527491
104.373145
92.153917
84.267267
90.883930
106.537653
101.950225
106.089037
93.767333
84.006314
90.054552
85.437144
93.246119
98.449548
86.646128
87.155602
70.330838
79.432739
89.765129
90.321283
84.422273
85.858486
84.362763
88.030928
81.529702
90.068193
93.120285
91.272482
90.507016
81.844792
98.580879
98.421118
87.231123
94.698148
103.119378
88.994021
89.688135
87.808261
79.868091
91.565446
79.214636
81.231241
89.798058
80.202585
109.156077
98.966159
107.596110
104.282263
96.190186
74.298456
100.271925
100.876273
102.430087
99.477201
107.518833
112.350393
109.761737
85.817567
108.001163
103.132362
92.710135
78.943746
80.102261
80.755949
84.805467
91.511045
109.455266
97.528675
90.439503
99.984086
88.788565
96.592956
92.374055
105.850145
97.168504
97.784904
93.784883
101.458128
97.480727
88.173082
95.224872
92.904481
94.344495
92.734422
78.382043
86.570671
103.930318
99.223689
95.500896
89.708297
97.545325
97.368779
112.373161
97.071453
107.897696
96.216363
91.562105
103.120080
104.426135
98.677481
90.307497
92.862490
87.473396
98.887393
103.151541
97.398932
87.239740
107.224593
106.287462
84.476093
97.831303
98.018652
89.481889
91.682748
96.051569
107.631981
93.967781
91.428412
91.046097
96.913460
103.913591
87.894171
88.531446
88.406647
85.934268
86.104246
87.366326
89.110085
92.654935
84.256605
101.607695
90.064033
95.917626
90.909491
97.808371
89.425305
85.803706
91.592387
109.217597
96.937381
92.651717
85.066907
84.119229
99.135662
94.042139
102.105081
90.699551
81.576203
102.338451
89.117319
89.731143
103.698089
87.063740
100.031330
86.716673
81.407423
91.359334
100.928130
88.353991
96.490953
93.287316
93.671131
97.073893
85.616378
85.883759
84.097139
92.301571
86.787302
101.054698
114.343204
110.991699
103.945553
87.705534
88.029601
85.358394
88.139145
94.737940
105.051120
84.129698
83.361430
77.252009
92.378646
77.905909
104.664063
87.285247
87.599504
97.953668
99.673580
99.930426
114.948599
101.408382
100.035336
93.561722
93.746750
104.496284
97.557670
98.672536
86.314510
80.491786
76.053378
89.511811
97.034085
114.369479
103.411310
105.136674
103.969472
96.146969
74.287497
86.004821
88.517055
95.879487
104.215452
86.413743
81.071183
83.082258
76.291349
93.591315
108.306647
103.347866
78.994148
84.400786
87.308359
88.049315
90.324794
100.502851
74.501807
84.262738
103.602070
101.559144
112.054843
93.714173
87.468858
104.571372
105.802759
95.774551
93.747782
107.599889
97.929884
100.949217
97.368972
80.816053
101.063616
97.069806
89.988808
90.665351
87.797236
90.157012
92.812781
81.507005
84.479139
99.786998
107.868978
100.063826
91.975670
86.891814
86.613560
85.234462
83.231219
100.992329
105.694887
103.315535
107.264085
99.015475
104.977111
97.525214
88.237753
105.620836
95.653623
93.604364
97.958025
99.570231
87.773722
85.352816
82.090837
77.819752
82.560663
103.912335
100.262273
88.236996
95.179732
97.317918
82.291305
82.335427
84.524265
86.126679
101.273105
92.254869
79.166243
78.971109
82.053419
93.215561
89.200782
109.038415
88.386673
83.266049
102.649859
112.782419
105.528550
102.382219
87.533836
106.325127
96.624487
89.290611
94.776794
97.876212
96.698873
108.638651
101.460394
95.169555
88.809930
100.917479
96.665380
106.707055
95.394125
81.559980
83.945945
90.856011
79.506551
93.581026
85.284081
106.531122
83.725265
93.355079
114.225854
96.797211
84.456999
97.481352
100.314743
116.910192
115.132364
101.909405
92.835545
90.526266
99.269298
107.568279
89.583012
92.234300
85.164884
90.977319
100.430333
99.361962
89.200026
85.802217
99.067133
90.131548
98.327653
84.867617
75.598560
88.689631
98.411472
101.023783
107.306562
97.536223
98.225166
101.848101
96.752674
96.483975
101.475056
101.599411
113.157070
91.272750
82.690114
103.597334
97.800506
105.675335
98.513300
91.647964
107.093799
103.372597
105.894926
89.869713
93.335972
88.873513
95.139116
80.960233
102.850927
100.198605
95.694008
107.325861
108.108674
105.593816
94.511701
93.421162
86.370371
106.357754
97.741838
102.320704
89.720485
101.765642
102.711183
87.221264
83.922059
95.603094
90.415573
82.531193
107.443792
103.595213
120.993524
123.795331
97.675080
82.584057
96.738803
95.830067
83.946864
101.420311
92.173435
99.364416
104.791426
97.649849
107.712779
89.884598
88.286130
100.959761
94.425181
106.303377
108.560678
104.465355
96.934123
102.646032
107.585264
102.253764
102.265939
109.341453
113.417731
97.484966
86.683078
106.380652
110.580541
97.812574
104.597643
96.480587
93.810279
114.766235
97.952228
94.823035
87.271205
84.953469
91.866659
113.818713
109.697392
111.696014
112.245999
96.664478
93.775127
108.239627
85.047585
89.208205
96.844766
89.833524
98.921403
105.994785
100.584598
98.714974
97.852119
105.526090
92.049752
103.117955
105.244684
107.183143
114.718937
82.952295
85.340491
112.577293
96.165399
95.572259
113.528558
107.291681
85.654722
87.743159
85.286274
84.483056
90.558056
103.066111
84.888886
87.893437
94.439249
112.416329
106.400133
110.204372
92.066838
120.229398
117.145676
104.553570
93.095264
88.481231
87.515058
101.777041
96.540646
97.298200
100.958995
104.331538
99.100205
104.274193
109.715765
102.865416
93.075645
96.046457
98.895433
101.874490
87.535984
101.923773
108.851680
87.663680
95.573513
103.988140
103.045556
91.056455
92.457768
96.052215
90.964249
92.939160
92.377030
105.745497
104.798703
111.661250
105.984707
115.447386
102.406861
86.201920
98.535758
109.683770
107.092543
102.104813
94.827711
99.840924
95.357830
101.964463
93.378243
98.135092
86.118608
96.423707
83.787912
93.061797
97.380119
109.558361
112.708360
92.151390
114.190395
97.866339
89.237024
103.770085
95.472984
95.479180
97.606641
102.910342
99.531496
103.138321
114.527156
101.512500
117.966432
93.873737
94.331638
97.620724
98.351827
96.711563
108.472694
95.962616
91.124452
93.834167
83.904620
79.810674
80.784437
109.067623
90.882200
98.126273
102.967855
98.068638
93.188754
108.164720
98.500702
102.079790
99.587328
101.414104
86.139787
96.965598
95.641053
99.799910
89.882550
97.918496
100.968916
83.081719
91.668784
113.715315
87.605717
102.260549
106.683739
103.711818
99.218484
100.220002
83.781819
79.034782
106.511392
90.235027
96.636614
105.695858
98.741077
89.719660
91.622051
92.529255
93.591276
95.464517
92.610920
89.628803
112.116366
95.969712
96.657810
93.878574
110.191658
123.516056
172.307193
186.687038
