50
41.639132
46.218264
55.872819
58.907328
57.511270
53.068114
45.787602
48.894389
58.130694
46.065840
53.608651
45.823680
43.285678
50.415529
40.959632
42.517136
50.968669
44.150361
44.215168
51.603363
48.650100
46.595094
43.181910
43.610406
48.478001
45.163113
50.646785
41.319930
47.485492
50.964678
48.327622
48.053129
49.574304
43.485206
42.951012
45.767594
43.835780
51.042672
61.879190
54.053598
54.972128
53.148895
48.791530
47.095255
44.489547
40.747469
39.892845
39.620694
44.754498
48.117225
38.004885
51.447739
49.689103
53.346399
35.129018
45.984965
50.359553
49.793460
51.112454
49.599783
48.622097
49.097377
47.639050
46.794814
42.717798
47.038134
51.796604
55.301695
49.043096
48.882121
46.034093
41.079161
49.955167
47.642439
48.016371
49.823190
45.565690
50.450581
46.781019
53.992118
53.913606
53.758760
51.361440
54.550454
51.537361
45.900688
51.314952
57.207565
52.579874
50.156265
48.588386
50.796527
48.613433
46.155260
48.886803
53.951336
51.928124
51.197454
41.616012
44.789342
53.978360
44.415943
51.086505
47.515793
49.286148
52.457139
54.118140
55.797128
54.039331
49.718954
52.047288
56.757736
45.312484
43.064645
47.376089
52.283440
54.419389
48.771889
52.541817
52.116702
53.925145
51.832757
51.552133
48.575747
46.509827
45.484524
56.469649
49.413634
50.661715
51.098146
48.921575
54.059367
53.714643
53.555887
51.725238
43.504738
50.199758
55.140692
48.978613
49.105235
52.086340
45.672896
51.676038
51.951382
54.985837
51.741162
50.900915
50.294091
58.419029
44.295619
51.231485
51.388182
55.904834
51.249639
51.306704
43.500247
46.364970
52.669878
57.112701
49.124716
45.651937
47.823273
46.972273
52.678503
55.005937
51.566435
51.096457
52.832306
44.696736
43.093449
50.145232
46.735065
47.492082
53.776749
51.609353
51.085733
47.731869
46.344138
50.859568
50.907424
50.266676
54.021439
43.461488
51.223231
45.654813
42.786563
42.934622
50.007672
48.689269
51.662232
55.170461
54.016361
50.745937
50.268255
47.414714
49.932474
57.922904
51.426649
56.558999
51.363041
44.792454
49.946207
47.018281
50.488525
52.061177
48.501717
45.857370
43.054430
42.438862
45.002076
46.431887
44.978397
45.257082
42.422921
46.781955
45.000466
44.784946
43.564877
43.368682
47.406391
43.415100
44.314502
43.481584
46.377169
46.529340
45.738004
49.866449
50.597206
48.146857
46.288774
46.775191
49.617983
48.298095
49.652579
49.130964
51.174607
43.530318
52.037101
50.545029
50.647483
51.598713
53.811476
46.936578
42.609884
50.068288
51.347977
49.018650
46.065187
45.847439
41.007514
49.931847
42.228426
43.462047
45.013487
47.215776
46.950248
48.274825
54.165901
56.779714
52.748582
47.782588
50.392102
56.093567
46.820460
46.757984
49.097524
43.842386
47.690942
51.151010
52.452745
52.031628
55.003322
52.540726
54.040178
46.666077
53.065592
49.278479
52.464559
52.217256
51.093281
53.630074
57.203371
50.908709
46.715991
55.557851
53.308698
42.891997
49.021019
53.459620
56.325127
48.209303
48.878859
48.306025
50.890850
48.672038
42.738621
46.986823
51.240211
46.485696
49.578249
56.408125
47.954116
49.915006
41.865792
50.739559
54.791814
51.575902
48.191270
55.180541
46.272571
46.026466
46.203442
48.326397
50.190561
52.810629
52.224888
44.211124
46.030282
56.192359
49.458715
50.782665
48.312987
44.387120
49.962647
43.928262
44.065600
50.872415
50.340574
49.587180
45.918619
50.209554
49.376806
41.654540
47.536347
46.794154
50.630939
43.421358
48.811289
51.961182
48.713699
50.636599
48.439491
50.782647
53.547078
52.578239
53.973252
51.983085
49.405421
48.137408
48.490608
51.763473
44.410140
53.252922
50.916496
41.431578
54.645228
49.220581
52.211194
48.474273
45.665116
48.097459
46.494452
50.618321
50.181282
53.503082
49.126318
50.648012
48.236606
44.313761
42.766234
45.654751
53.071023
51.369621
51.260309
46.116289
43.418744
45.875146
54.238170
51.996722
45.510678
43.530927
48.669937
46.021797
50.775847
50.801398
46.751336
45.763099
51.040597
48.049176
44.789441
50.390376
49.111261
45.894840
56.556644
50.100299
46.679995
47.810322
46.169316
46.596900
50.673222
45.718146
41.082592
44.788287
44.751778
40.936297
41.403157
51.868890
48.888577
48.269183
45.865097
47.695405
51.337025
47.518018
43.236751
46.129566
51.336817
46.023456
43.311620
47.512417
42.774660
49.637313
46.406180
45.487572
46.016888
50.209559
45.379320
45.400826
52.349991
51.878096
53.436495
53.289200
53.687442
57.818378
54.714427
53.892584
51.622194
51.549330
49.454879
48.961223
47.919687
45.890749
46.776104
43.184500
48.867008
48.266645
55.064627
52.192333
48.258935
49.023892
48.299803
50.323985
54.897431
43.002878
48.270184
49.573531
49.049645
46.323871
53.100732
50.867903
48.067350
43.494772
42.882592
44.182943
45.314994
46.988475
49.220416
46.808871
46.768513
46.142493
51.144773
53.874556
46.851224
57.868565
59.662316
48.702386
51.899015
48.941654
49.669735
46.955224
49.199387
43.178182
48.241545
48.059622
50.016667
49.665439
50.550966
55.987133
46.792342
44.925647
53.147569
51.023994
55.621370
53.318771
51.899646
55.886855
50.424339
42.043666
46.398668
44.208918
52.059568
49.958786
45.479110
52.748273
50.417096
47.595244
47.480940
52.739269
49.997406
53.287364
52.591302
46.883168
52.645207
48.299246
49.716489
49.488163
49.076011
51.561642
52.853850
46.382835
51.396526
51.314670
54.576442
48.149191
45.771867
48.371679
44.843519
48.311818
46.345049
44.731209
45.760256
51.639449
45.438734
41.389365
52.912179
51.564033
55.372438
52.641575
51.816165
50.699273
44.735637
47.671597
50.671451
52.022200
52.980352
58.972958
57.382375
46.326686
50.447550
48.802017
47.092439
50.081579
60.043727
49.640769
51.543872
47.410346
54.721537
55.368799
54.267808
41.748259
50.100166
49.012397
47.826561
49.033483
57.129259
57.419131
54.219464
49.263171
50.908408
54.151930
49.523552
49.525276
51.042539
47.769033
44.648313
50.207165
48.507551
43.604212
44.797922
46.191412
46.023303
50.938714
51.001406
51.159437
52.907727
49.823068
48.337667
50.735519
49.416979
48.412861
43.146467
46.257914
52.772628
54.896298
49.451853
48.135308
48.290671
52.748176
52.977070
45.903486
44.571201
46.846077
49.072582
46.829145
51.917382
53.101220
43.571611
49.817509
53.718585
51.658153
52.029971
50.183884
51.153306
53.911306
50.755962
49.543346
49.788885
53.828636
51.699850
54.286329
50.557468
47.426202
54.887912
48.330125
43.654918
46.635749
46.787948
43.153427
49.448721
43.316917
48.931009
42.353185
46.355117
59.955046
59.865360
52.647556
53.131905
47.813007
48.869295
44.191832
50.209967
56.293135
50.774165
41.262946
43.736932
44.232162
42.947489
49.305325
48.711038
50.439305
49.542086
43.962164
48.848966
47.894322
46.237598
45.704618
49.274081
47.386290
48.348963
47.903888
51.677667
43.971090
51.184956
45.465661
48.814179
52.900305
48.407401
53.231312
50.006343
54.349658
55.349914
47.949835
59.110070
48.373046
57.189062
47.308095
48.077765
48.100054
54.149118
50.438894
52.295981
52.952208
45.640246
46.254221
49.797930
43.528110
50.148655
51.090131
55.522828
55.508069
51.054096
43.700688
43.994359
45.482697
43.391470
44.255515
51.546266
52.047102
47.924480
54.652942
50.439269
47.414036
51.868278
48.786740
49.737512
43.443902
43.787989
46.103811
54.648537
60.349596
49.104175
42.825636
55.703906
41.050906
55.243058
53.663768
53.938620
48.443010
50.076917
48.267827
49.020456
45.004984
46.771887
52.965806
50.935436
52.320249
44.061046
51.964833
47.770193
55.044013
48.195645
47.438357
57.379475
48.431655
46.295506
44.457397
45.530502
59.322213
55.899209
46.132901
49.689539
42.910861
53.307143
53.286507
53.415546
46.031447
42.921026
44.707397
44.306587
51.183387
47.071008
45.143554
54.523562
53.845811
53.421299
53.218306
45.880398
48.688782
51.717039
49.566315
57.208266
50.624860
57.815875
53.525772
51.802700
48.331187
55.146580
49.808937
48.706511
43.312550
44.696229
44.008030
46.802612
46.027261
46.540618
54.437616
53.378366
50.933704
51.766831
47.466315
53.245026
54.061636
53.577585
48.189285
54.934429
48.425834
37.916026
50.116436
47.232577
49.259374
49.726453
49.419675
47.799653
51.040880
54.131566
48.371370
59.935503
73.591853
86.930235
303.127115
48.519006
50.070965
56.221247
57.809145
46.621079
44.095057
52.623327
43.816821
48.819698
46.520986
43.153507
39.916048
46.547748
44.704837
42.633050
47.404101
48.999166
40.358071
45.899303
41.318354
47.214857
52.984366
44.530882
44.402107
49.154154
46.568269
53.543611
55.752892
47.586281
49.923381
49.668217
46.425554
47.885448
51.605675
50.860336
44.899194
45.787202
46.454761
54.092418
47.961499
50.664147
56.604911
53.779296
47.004677
51.873663
47.786388
52.092409
39.826704
45.301189
40.922010
44.006191
42.597646
41.931992
46.536839
41.942540
48.949943
49.463401
47.846732
45.366387
50.365370
49.466153
48.353307
45.639223
46.546036
48.861989
43.368055
48.884967
44.169418
46.592826
45.775545
53.642381
53.384090
47.225886
54.426257
49.291251
52.304165
52.750023
54.759849
45.961403
43.979151
37.750126
43.794936
40.233923
39.846690
39.415118
48.029310
43.191015
42.626978
44.699363
47.193641
49.984514
53.875339
55.639942
50.621784
53.136481
50.290284
48.487030
46.582740
43.327111
54.567769
55.432455
51.540193
48.604858
43.772546
42.845624
42.827970
51.542089
47.625760
45.091116
49.289698
48.619204
47.284552
50.956383
49.355804
50.454590
43.123567
41.097349
42.167376
39.427659
48.536121
47.654263
38.649317
45.924582
45.076406
43.637996
46.867380
44.419944
39.428273
46.005138
42.403072
43.167335
45.987500
55.349539
53.950496
50.365796
49.553591
46.627185
49.414728
45.618283
42.128812
45.057053
50.756461
48.639898
48.316665
49.661112
55.230579
52.888297
52.366533
53.923161
51.521989
47.522365
50.770526
55.971840
50.777608
51.106277
46.366801
48.557081
51.650668
52.871887
54.215296
49.045179
47.325539
49.613689
64.439314
55.001576
86.894545
50.604075
54.850068
54.094835
53.286102
50.095173
48.062174
56.007023
49.181338
50.680531
47.357942
46.741133
55.206046
50.337852
45.632845
48.059428
48.326639
53.174876
43.911284
48.738125
50.660229
47.605539
47.163819
49.465851
54.803473
49.798136
52.061223
47.973176
46.303055
47.973184
51.248676
50.283159
47.473294
52.225833
47.918970
46.692664
49.143027
48.460655
45.889890
44.647510
46.364965
46.942975
52.274539
51.537510
49.928784
52.240127
52.983279
51.863433
53.929041
46.735874
48.112890
55.161583
52.616262
48.169021
53.840907
45.549157
42.284828
51.813601
48.323609
53.087446
49.853717
45.138290
53.265823
44.241420
56.106916
53.626099
55.654526
46.433316
47.554540
48.232382
48.520463
47.209676
53.131607
47.275191
44.424092
46.155160
44.793592
51.971073
53.746113
48.902165
45.437066
48.543412
44.560258
46.710251
50.870129
51.492566
52.478377
51.346193
49.571695
54.880223
54.703056
54.179275
47.935816
53.677372
47.434518
44.706777
47.387651
50.970223
46.011269
47.858822
46.764858
46.794178
55.481229
54.293872
53.203961
54.703185
51.486859
44.650464
49.768255
50.551821
45.535976
51.973859
44.291826
47.591919
43.573849
55.318532
55.729813
51.644472
43.994768
45.099094
48.582683
45.118553
57.758571
52.033244
47.109549
53.645460
47.413164
44.468282
53.611492
49.593091
47.098983
53.378522
47.501663
50.345679
47.087249
46.764377
50.715795
48.715576
48.257930
47.842310
47.790711
48.112905
51.014043
51.955701
49.764807
45.806056
55.138300
49.417641
47.118378
45.844257
45.984649
53.942506
53.609864
53.028135
52.677491
50.645928
45.713127
47.134079
49.969361
46.745960
52.273133
47.853417
47.856800
44.665972
49.138057
47.643914
46.577440
54.582513
49.378201
49.980926
46.128353
44.344857
56.450011
53.121501
43.351017
46.514499
48.930773
42.202460
43.088133
49.955758
47.475679
50.510102
51.908369
56.237584
50.325520
45.352169
48.325019
48.252606
46.599437
46.882761
43.657590
47.985973
52.697189
51.261735
47.464446
47.272334
48.201339
46.280792
44.213451
36.503042
41.435198
52.151226
48.938074
46.072170
49.873170
46.946249
50.710704
43.473805
44.303785
49.210090
48.232917
44.724486
48.557735
48.235796
52.563490
49.454837
50.149027
52.408891
42.732752
51.191173
47.734606
47.203472
48.060083
48.924902
49.628750
47.722408
51.608089
54.179544
54.285881
53.974356
56.838828
50.044837
51.932597
47.468513
46.111954
53.049521
53.290527
50.021331
46.106521
52.398190
49.284077
47.726835
49.982481
51.889905
51.212499
48.916656
46.747966
50.065908
49.726899
56.282522
53.983179
59.993973
50.040704
44.409131
48.125419
45.226113
50.520660
58.214618
52.192977
56.103149
43.642791
44.055355
50.088947
49.802145
48.139699
49.961218
44.306428
46.856884
53.378302
51.817434
51.036219
48.120350
47.261057
49.850291
47.933780
55.282351
45.056247
43.243154
45.071274
49.865006
50.839703
53.151498
54.304463
50.899153
54.910051
53.786775
56.159878
45.875945
43.430793
46.818923
48.871867
48.007784
50.430828
46.523511
55.943585
50.850215
50.967652
45.773923
56.982900
48.761973
49.155649
55.543132
60.342080
51.211901
44.050266
45.719681
45.181425
47.852559
47.416939
46.367076
49.825470
54.505498
43.524045
48.266411
47.251975
53.924937
52.022834
48.529980
43.956328
44.467220
46.764501
60.365126
47.828406
45.329557
41.762205
46.885979
46.348155
43.243423
48.539519
57.165083
56.674950
52.739425
55.366983
61.808582
54.663608
49.866075
47.745521
45.432819
59.360507
52.992258
46.917010
54.336331
57.242275
46.605094
44.464340
47.724299
50.537094
48.943092
56.502515
59.929943
56.431752
51.426870
50.585818
48.664297
51.420307
45.274195
50.703236
59.938178
46.691342
50.436683
48.385779
47.438828
47.112870
48.712207
48.809460
52.930353
50.049477
51.378890
47.335764
51.934954
49.574900
40.429431
56.315377
52.657836
52.746745
54.443210
48.869125
47.374148
48.163372
52.517242
48.603804
45.904167
43.979675
46.759969
42.437698
44.728687
48.075948
46.676627
48.185786
46.411367
46.279857
53.326800
52.913323
52.842483
49.341168
49.149456
52.774374
47.957735
45.398359
44.276641
45.295714
42.336342
44.953458
49.641822
50.390436
44.102775
49.929904
50.102303
48.836747
45.258616
46.924405
47.286706
49.902040
51.444641
47.329138
50.536765
52.145096
46.342680
46.111419
49.452992
51.007601
45.685721
48.087211
49.915177
43.522840
47.877146
50.542928
47.110714
51.883369
56.000942
49.682657
53.205042
48.589636
47.854458
41.568975
44.613378
40.750327
47.781909
50.599097
50.051281
54.945046
48.753959
45.945809
48.874966
54.067211
55.014373
46.046434
45.628373
54.229948
49.531518
78.008378
45.664610
42.061527
42.532679
41.131408
49.888891
54.701048
51.782499
55.339403
49.728138
50.955084
53.746737
52.812645
41.162820
49.118996
47.194657
42.629171
47.957955
47.388901
49.736775
50.999211
45.609722
43.702832
46.787348
46.596129
47.128189
49.583919
46.989412
54.651075
53.101581
48.722199
49.854589
50.071363
52.123858
52.089444
48.681833
48.182017
55.158996
54.141853
47.782874
55.275553
54.963266
52.712027
50.247805
45.389324
48.236782
50.159058
51.092735
50.100310
44.788680
48.244568
55.742143
48.271878
45.786381
55.295747
44.323449
45.451718
46.508361
47.095952
51.930977
45.839963
40.077806
44.366135
53.124305
51.428875
51.283189
51.860199
53.817614
51.183516
55.151017
52.786484
54.007792
48.459241
46.306136
44.029257
51.995605
46.778608
49.051172
50.796371
45.000434
52.049969
45.981020
53.842347
54.263989
46.796848
43.006343
46.212457
46.834280
48.699979
40.612117
48.438864
47.361476
54.954992
49.808801
50.817457
52.920598
48.493233
47.217891
48.731997
48.270184
53.994775
45.852311
53.306022
51.062586
47.715951
43.873724
45.347413
49.715904
56.273470
51.372834
44.852549
48.018688
52.902965
54.942773
56.969697
54.302254
49.593242
49.617149
49.331945
54.056262
47.764406
51.582060
47.506020
58.093417
55.593577
46.739044
43.868843
54.471471
51.005133
56.125659
60.223410
48.606742
46.086429
52.737706
55.914196
50.152048
50.692252
50.373812
48.510237
58.321043
55.947605
58.394741
62.584383
57.285160
48.693272
50.892377
44.713143
46.353988
50.806091
47.635737
44.659731
53.672546
50.822746
55.575632
45.820461
46.218642
57.246660
50.735517
53.661360
50.896122
47.703696
54.044381
46.674746
46.145516
56.979132
46.740416
49.381584
58.699491
56.543776
52.469672
53.761962
47.978056
49.915970
54.347809
57.972224
63.965324
65.129052
80.650325
148.480256
45.535565
54.229616
46.027713
53.560420
53.074034
50.214289
53.186836
42.873788
42.057538
51.957723
47.377865
54.692468
48.359989
51.641034
43.516255
49.728176
51.199322
50.765973
43.900144
44.574005
41.207736
42.187590
40.237446
44.528376
41.911673
39.675323
55.955920
52.185644
48.843852
50.189583
56.898446
50.305263
51.071477
55.295871
54.891792
53.385288
48.378244
48.274518
45.773218
50.977884
44.744573
53.576621
47.165830
45.078572
46.317441
40.339127
44.155723
45.063062
51.587680
48.793423
45.405980
52.775154
51.146267
49.835101
48.581715
41.464676
38.236983
42.079133
49.429138
49.673847
53.980186
42.051116
41.404100
46.084578
50.702046
51.779407
47.619038
47.568359
44.688327
42.876206
42.882929
46.591966
51.484503
46.496974
51.203662
48.602228
50.885381
54.013085
53.227560
49.772498
49.922576
50.520829
46.592118
45.314310
41.314647
40.850618
43.131760
40.580391
51.477111
51.748780
46.339813
46.322031
49.229871
50.604524
51.318995
50.272064
50.951580
51.199916
46.916568
49.161124
50.204268
53.588747
53.287752
57.807494
52.378246
48.417735
52.576687
52.783285
59.425371
53.981715
55.873627
54.002228
48.433257
48.337477
54.493670
51.212376
46.990801
49.970075
47.358158
46.012287
47.728814
54.250378
50.251225
46.096392
47.525932
51.379791
55.470999
48.567632
48.131537
42.988279
50.638611
46.126616
51.057247
45.849973
47.248764
47.197826
47.938129
47.567998
46.247856
53.514173
50.451370
47.410585
51.574202
52.477271
44.617820
46.859202
54.866387
48.448356
42.826049
46.491228
49.714462
46.753946
45.329319
49.118855
50.664854
44.594813
48.048884
51.083872
50.030565
49.357543
52.166299
55.798634
54.077743
46.964694
47.037770
46.830636
52.564001
46.719876
55.292015
48.728675
48.033704
46.269696
47.882100
45.943736
48.493041
60.266396
56.211663
50.668725
52.791742
52.898582
48.499258
53.709664
54.099806
45.573650
51.492984
51.962021
45.962474
46.646468
52.954551
49.977898
46.785676
52.015044
49.738672
57.374374
51.842285
53.429235
44.486642
57.129651
50.523858
52.271976
56.074909
53.364757
49.045796
51.520209
51.788691
48.511328
53.217830
46.829406
50.702601
55.753979
49.382386
51.398888
49.833314
49.655332
44.985673
51.400851
53.874465
43.659722
46.279306
56.324522
50.829695
52.517911
47.387693
41.076196
44.425514
43.874392
46.953989
46.129728
47.254959
46.656841
60.416417
49.701099
56.779268
48.611683
47.678989
52.103383
53.174202
46.760251
46.037285
52.221290
48.008787
46.553067
49.820994
46.959881
51.226046
52.148874
49.770648
50.232915
48.889740
52.697619
49.905984
43.767124
49.902681
43.154297
45.543445
49.729976
50.009097
49.191546
54.621541
51.642726
52.093933
50.185419
52.800084
48.916475
44.902349
49.384050
48.340599
49.170715
47.131625
47.304638
46.282225
46.794597
43.914735
44.795712
44.226148
45.804543
49.695331
53.962880
50.169658
43.626856
48.054547
47.156528
46.754893
49.046165
51.099660
48.258881
51.973014
51.505118
49.046205
47.247093
47.454820
47.740683
49.421219
53.790751
54.477005
45.041953
47.264689
50.847758
52.436018
51.516000
47.433991
46.097934
46.251172
46.099088
48.723625
46.217283
47.733944
46.764469
47.315821
46.731854
45.417197
46.510914
46.553917
48.943596
47.459114
48.948649
53.139284
48.146975
47.414008
47.733566
54.434658
49.034050
53.492551
57.359370
56.425746
49.499359
47.974683
52.040730
58.632734
51.640317
47.090960
44.864274
49.739381
43.424845
43.285703
48.867159
54.205119
47.977646
50.544899
54.035594
49.661230
49.160688
54.939611
53.928445
51.019972
48.868292
52.983459
54.428303
49.470196
53.496117
53.505556
53.310865
52.434256
56.485264
54.581401
52.031868
50.384383
49.502018
50.378333
50.471257
48.248395
49.784207
47.905177
54.115985
42.633803
45.442234
45.929933
47.898453
46.711397
42.630692
45.949498
56.272938
52.202719
47.931654
55.075083
54.628790
51.410063
52.315682
52.713445
53.798522
44.766211
48.045291
51.327220
49.183838
47.193414
58.050675
47.826823
42.993167
45.087996
46.872357
45.759237
49.407075
47.073987
53.388334
54.538281
51.691567
48.825991
50.156840
49.174453
44.921733
46.821666
45.504626
43.870586
47.250089
49.308398
44.158490
55.519562
51.886114
46.345504
51.268865
57.072500
50.629013
46.562686
51.368562
54.935941
52.124382
44.030994
46.118507
46.060906
51.103096
59.046676
50.923613
51.907477
50.398595
48.021635
47.483431
46.891471
46.091088
45.726865
49.853638
46.025091
51.512847
55.095930
46.531947
50.197958
53.586270
50.638949
47.683549
54.959034
57.846783
56.389558
52.290555
49.431836
52.550702
49.470168
47.330485
48.014760
48.111923
47.356463
44.992629
47.417475
55.539751
48.733904
42.745154
47.885020
45.539922
52.368859
43.529096
51.881455
60.111712
53.628022
41.417281
46.235258
51.864798
54.046349
51.746464
53.062058
50.978701
47.818814
47.028256
44.967131
44.022413
48.065431
38.006858
48.836163
50.086106
52.414124
48.887453
51.750224
60.537052
59.759622
47.014412
49.249705
50.955132
50.442284
47.536908
51.047484
51.343052
41.609636
42.807205
49.833192
55.302611
51.563028
42.866561
48.929357
51.492458
52.315421
46.233636
44.709175
52.900991
46.133845
48.239038
47.457446
47.696686
48.470943
47.212848
45.665774
48.550052
48.473395
48.693011
55.875665
52.400162
56.318878
51.527429
55.541249
46.925543
54.883362
57.753412
55.166291
51.573534
47.440206
46.217690
46.603508
38.956252
45.547143
50.229666
50.841598
51.640637
47.573163
48.234030
40.878731
51.029894
48.213248
44.824908
48.949273
42.954910
43.425468
46.951777
52.097839
54.293149
46.284283
50.145128
49.020330
58.424489
55.230668
49.691784
49.074888
47.944499
49.915492
48.968924
57.504780
56.837608
54.827525
47.505994
51.547958
54.194084
50.888230
50.627684
44.148998
44.378631
51.216376
53.265281
52.382802
47.210295
53.460133
56.977217
55.966954
54.748649
43.293306
47.732116
51.337219
49.184303
44.454071
52.186850
52.273075
45.251531
49.044859
43.293574
46.312482
52.326585
49.478439
53.691159
53.382299
47.880794
43.907346
42.458398
43.709817
47.304569
46.324367
43.983499
48.837387
54.651489
55.029983
50.928785
46.725577
49.622742
51.194080
49.289541
53.207515
52.053896
52.175048
51.382211
54.140560
49.757425
52.500214
52.678083
47.897219
42.634331
46.759283
49.591033
51.797530
49.465543
57.192101
50.291045
52.899042
52.616704
49.703223
53.956004
46.070797
44.122226
42.570249
43.175142
50.929557
52.197077
51.925708
55.291103
53.951548
51.359586
45.080461
45.857762
49.985051
51.517362
52.229413
50.905247
47.960711
49.221400
39.404491
46.120897
51.248598
45.900799
53.528605
53.297678
55.302504
55.901476
51.770556
51.072671
48.798491
48.489328
57.689677
54.090995
49.885806
48.124247
58.115710
50.928897
50.835277
46.284247
44.430634
48.656485
48.437916
39.466316
51.639497
48.140242
44.811954
47.610164
50.043254
52.154683
43.654062
43.394902
46.335257
47.105292
47.780141
53.570555
56.242114
50.979184
47.998116
51.017206
51.210254
49.930348
46.198740
52.000467
54.476014
45.441496
48.422509
46.342155
46.955327
49.860056
51.115863
51.779806
48.375022
50.818479
44.627959
50.597654
56.397404
48.235208
48.662175
51.553080
44.374237
45.178885
63.776773
53.014828
54.038142
49.206688
50.781188
50.941886
47.002415
50.861889
50.001891
45.457332
45.276524
45.399774
43.591934
42.013407
49.224290
43.921810
49.813702
50.055080
54.680396
51.814934
54.889698
49.997495
49.730136
52.913497
50.271977
50.582035
53.449699
50.883466
47.749861
50.599262
54.130445
52.348174
44.160913
45.512804
44.222476
43.888511
41.480702
41.651756
47.599605
52.079309
49.474674
53.745092
52.233190
44.865401
53.306472
46.776587
50.660916
50.384527
46.358303
43.127120
48.205521
51.278410
54.240663
54.959079
54.562400
47.855621
52.394696
46.925243
46.620825
48.832798
51.776029
44.788468
58.302530
45.285200
51.597617
48.778247
48.563226
54.913887
48.998687
56.286563
51.676516
52.916577
56.477286
50.736261
50.503875
55.689818
52.161773
52.128016
46.207007
49.124631
53.241817
50.183238
57.901190
59.854163
53.255311
54.430118
54.916558
66.647489
63.613277
60.655384
71.823505
78.848450
126.471646
391.160738
1189.022511
56.202098
37.507903
43.283225
38.087082
48.468539
51.413432
50.975412
43.916229
43.402978
44.857340
57.539975
58.142920
60.826586
57.790986
58.893891
53.912813
43.820951
49.270136
56.697022
43.710682
51.013475
45.239563
46.895597
38.611323
45.836704
45.617696
44.091761
44.410226
52.723023
52.562021
44.757616
41.376963
46.559552
46.102769
45.818495
43.932821
43.641739
46.041391
46.022210
47.561087
49.256477
42.806689
43.742066
49.083727
45.681001
46.116465
51.357855
46.226437
41.208920
48.673645
53.376944
47.703709
50.877097
47.874628
52.530408
50.768121
47.803411
47.327971
43.512367
44.503320
48.148653
49.316676
38.554801
41.135726
41.555960
39.932057
51.193452
48.463965
54.151528
49.440054
53.284156
52.623124
40.286693
41.890812
50.973324
50.383674
50.802696
42.109925
50.528255
48.485125
49.517059
55.670097
52.010609
54.254860
52.551294
49.327327
45.590635
45.347911
50.299726
45.157772
46.102062
45.017396
53.012467
44.981992
50.578203
44.796388
51.022843
48.762723
47.251283
47.566310
48.012457
50.012309
50.097798
45.891851
45.311153
49.659698
44.024572
43.370373
43.845402
39.324057
48.673174
52.599536
47.180511
43.879946
48.954326
55.586305
41.505341
45.114851
43.180657
42.633902
50.244023
51.115433
53.345137
52.933242
44.702469
42.066259
40.536369
41.520289
37.624640
41.335597
44.718653
45.575078
43.431269
49.979087
55.217488
52.244998
45.743583
43.823610
43.045102
49.076920
48.351930
43.859505
46.430595
43.062867
47.263951
46.932578
46.322195
47.080533
50.666900
52.374006
48.509286
52.780838
44.482682
47.116534
46.040825
42.763037
44.330432
42.168800
47.147346
49.710769
48.263170
47.250013
47.261827
45.520195
50.698250
47.585842
47.406909
46.455018
44.544174
44.155740
44.362379
42.027451
51.904267
53.991195
47.497695
50.529417
49.529491
49.932129
52.120068
49.655720
44.905551
47.586972
54.739354
54.750216
54.064070
58.705918
51.930105
51.472835
51.654072
50.871661
50.037890
52.983865
55.104608
53.390851
44.872088
48.958435
53.253385
50.190775
52.546370
44.727094
51.476226
53.636755
52.390437
51.071229
52.152732
49.693715
45.844338
44.119252
54.884944
53.558138
53.004361
42.230732
53.593340
49.001559
51.976044
56.217948
54.971473
55.114019
53.799848
57.352582
50.464386
46.042039
45.648005
45.257446
45.340067
45.020015
42.247975
46.304071
47.315170
49.325103
45.899695
43.141907
51.025830
46.319971
43.737009
46.823698
50.286131
54.352092
50.819025
53.434472
50.756567
47.046015
48.505822
47.550651
46.440313
46.182489
41.077857
50.713289
45.689324
52.482024
59.283642
53.272541
50.724568
53.133608
56.305393
47.904592
48.471140
48.891017
47.271858
44.071556
47.519192
45.006988
45.247516
48.708018
48.803245
49.245789
48.038624
49.441159
47.495629
46.125407
45.999779
50.139175
46.712513
50.016570
50.860691
47.212607
50.280892
47.507152
49.783841
52.693211
52.056135
52.694277
48.073689
48.712809
51.884829
49.028742
52.219519
54.606419
51.157645
50.242603
53.195163
50.633773
49.339491
53.867436
52.124829
49.743853
49.253640
50.902596
43.911131
43.315405
44.398458
45.008087
56.078220
51.980006
53.969985
48.598053
56.205685
47.274057
46.830944
48.703268
51.765574
53.431068
53.444914
44.637049
43.262987
44.343627
48.765875
55.446653
58.059826
50.526182
49.309187
48.206419
49.430858
49.772105
44.454861
49.743204
49.846305
42.318580
46.793474
51.260480
49.843371
48.598672
44.165774
46.216681
42.779072
49.558371
46.800155
48.784850
51.041154
48.980190
48.655421
52.758792
48.422793
50.395327
51.818597
49.510814
49.924144
45.863668
49.028276
50.871158
49.573573
50.278260
50.834765
50.929004
46.147333
42.532853
45.776865
45.611287
53.011205
51.978015
53.612424
49.477095
52.133703
51.134296
50.192561
50.921443
51.523134
45.845823
46.394686
56.851264
51.733156
49.455656
53.817753
55.965401
52.599779
47.431619
41.933310
42.825325
49.026022
48.897106
53.476013
54.248518
57.568094
56.766067
53.526864
51.185121
52.129295
55.366540
55.201141
55.346406
56.830140
43.972213
50.645850
43.522548
50.242028
45.026513
50.980492
56.049202
51.642971
51.803983
51.151842
55.806901
56.079889
48.002352
45.583430
46.682747
46.176652
43.726478
45.133233
44.412913
51.505898
49.721116
49.901857
51.391921
48.574279
48.607849
46.648034
57.248429
50.479230
48.232797
54.100480
51.707859
52.507584
47.578349
58.134228
50.617675
49.439618
58.593507
55.591497
48.814260
55.863998
51.958461
52.073040
45.564171
49.216182
45.709136
46.699513
48.286814
54.276184
51.456505
50.261708
52.521484
53.328767
56.123589
57.781301
53.130386
49.715314
51.675645
49.551056
44.779169
49.077363
52.154869
55.091513
49.218208
45.349938
49.675117
49.313477
55.470779
50.944277
50.640326
44.817267
48.390690
44.616812
49.736913
55.355522
50.664665
47.833095
51.564081
54.198593
49.014000
53.644396
52.546356
55.392877
53.855846
50.729918
48.409938
48.587188
61.696853
49.611961
55.597560
49.882881
47.922928
43.551267
45.367975
53.365003
47.302518
48.907778
48.665585
46.581384
47.716946
50.945440
47.995474
50.156487
50.292156
52.624061
40.781066
46.782136
50.320063
43.228416
48.440171
50.377561
48.721692
48.767505
50.898062
50.940823
54.298834
56.202452
53.461315
53.454802
56.619125
49.761657
50.537888
45.494179
54.945052
49.371820
50.145907
48.905260
44.275487
45.807992
50.856056
42.481641
45.889307
48.385880
46.816662
48.704427
47.295033
44.619546
46.463716
47.874302
53.186184
52.355312
52.275280
45.214820
48.486210
50.875999
49.479100
47.410058
48.571769
49.777543
43.733610
43.030216
41.538803
46.747338
45.454612
52.882107
49.528106
48.354025
50.461349
46.999795
50.066668
48.383759
51.599143
49.839530
49.288923
49.778959
53.384738
53.740311
50.405782
53.168396
57.581642
48.172653
51.038864
50.368558
48.157056
46.038909
52.380067
51.531154
48.458985
50.902965
46.517721
47.628049
55.341682
52.823839
48.191841
50.836559
51.329849
53.415078
48.396179
48.820217
48.730635
45.835106
45.742691
46.450331
50.713657
52.479625
44.185345
46.219552
43.298501
45.188475
52.449513
58.988986
50.664866
50.104287
52.655095
51.619954
46.445818
50.348719
45.916599
50.882439
49.160380
45.708301
49.065711
51.693076
49.545189
45.836016
50.532642
51.823569
53.155241
48.719541
50.985160
43.722882
56.443604
47.293234
46.119174
53.976791
57.736824
48.554825
43.159670
46.992222
50.182282
50.246182
51.701068
53.569030
46.203964
46.835865
48.668319
51.065034
56.961219
45.897197
40.803626
51.862322
51.202909
53.302265
50.608038
49.440161
44.941286
47.248222
49.381921
50.752365
53.264008
49.641513
50.812114
51.563745
52.264837
51.646974
48.559716
52.589496
50.884547
50.412610
50.261345
53.278571
46.601353
43.115233
58.337180
43.974144
50.079644
49.511145
49.274203
49.438431
56.016342
53.878490
56.421978
50.686355
52.866107
49.793264
50.191390
52.682047
52.424653
46.108719
46.741239
41.786160
44.852249
50.253575
49.291097
47.859688
47.883708
50.272100
43.772049
44.657334
47.088878
46.148943
45.527467
51.374381
55.446111
47.879061
44.771457
46.282486
48.621455
48.310439
51.859877
50.808042
51.513914
49.908695
53.229016
51.783468
52.029922
52.738974
52.165372
51.204162
48.700722
51.915746
55.082168
55.917063
49.039519
55.968381
58.865636
55.394155
48.312119
50.130980
44.077239
53.348719
48.144618
47.800057
50.041826
49.489925
46.852001
45.422930
44.472457
47.645673
49.741783
49.667189
53.477849
49.082193
48.504967
52.109342
51.824182
48.811312
44.769018
46.750001
50.221211
50.589657
52.248160
49.737690
58.452690
51.574510
43.071463
36.753052
43.485080
54.282347
53.014643
53.471822
48.330002
51.238570
55.120710
51.769493
42.935737
47.954448
50.027097
58.700414
52.176727
54.744413
49.794931
44.376191
44.935364
52.513424
50.305369
56.465674
47.602679
46.613426
50.410151
50.391649
42.946926
47.049916
47.189371
50.576588
55.195392
48.561819
46.725609
38.456523
47.028786
50.476285
52.630139
51.500581
49.184026
49.851342
46.469848
52.726856
49.087688
50.667594
49.281727
52.093315
52.129261
54.852504
49.001446
51.219424
54.711579
52.242849
58.668632
71.827620
75.541258
77.963130
82.502799
84.924458
