50
61.606747
63.049649
63.144406
63.903241
64.668940
64.704570
65.934577
66.397893
64.771325
66.047014
66.437430
64.841571
65.771244
66.380928
65.157109
65.588790
66.385911
65.643293
65.238264
66.520658
65.291276
65.697329
66.463153
64.587846
64.868197
66.355361
65.897973
64.579697
66.275404
66.012821
64.644808
66.474112
65.906849
64.853724
66.382663
65.536439
64.923307
66.371557
65.819867
64.612766
66.322954
65.578598
64.905991
66.344779
65.499159
64.909804
66.355727
65.256945
64.874741
66.362596
65.237403
71.280424
66.180818
66.178276
64.861232
65.312531
66.165889
64.563317
65.710890
65.844641
64.523296
66.150716
65.881570
64.555536
66.129017
65.698780
64.497719
66.236706
65.444507
64.497701
66.278689
65.423709
64.561601
66.453238
65.347308
64.908791
66.426501
65.316559
64.825220
66.450150
65.509460
64.620177
66.328026
66.078554
64.774677
66.348937
66.033106
64.639283
66.408528
66.340904
64.613520
66.005825
66.030970
64.682407
65.963746
66.393985
64.703118
66.093101
66.337993
64.693155
66.052409
65.423702
64.611687
66.084926
65.529989
64.673417
66.223246
65.633691
64.719567
65.745421
65.874010
64.762738
66.100512
66.365691
64.770529
65.060657
66.045988
66.527232
64.965315
65.724245
66.437769
64.713514
66.070409
66.026973
64.580146
65.871137
66.275295
64.584552
65.694159
66.053124
64.702342
66.368789
65.696392
65.018722
66.430566
65.414772
65.267586
66.692387
65.422933
64.934147
66.609339
65.220858
65.248818
66.516347
65.091876
65.446007
66.612813
64.862215
65.438194
66.328239
64.544645
65.604807
66.285006
64.858185
66.033768
66.510717
66.558830
66.154774
64.729466
66.259917
65.816897
64.903731
66.501266
65.851558
64.483622
66.046643
66.145522
64.488263
65.979129
66.180279
64.481350
65.971205
66.326224
65.704386
65.758028
66.378271
65.067800
65.670077
66.407234
65.462518
65.435286
66.435157
65.927308
65.082285
66.410272
65.772834
65.189459
66.554858
65.860629
65.025237
66.525330
65.870926
65.243034
66.509519
65.573337
64.898866
66.440296
65.695810
64.839056
66.469430
65.595730
65.128457
66.422955
65.795694
64.929875
66.574701
65.507323
65.209458
66.495759
65.529343
65.030121
66.451768
65.484696
65.104491
66.511760
65.444724
65.011107
66.537128
65.528329
65.185246
66.485063
65.003530
65.563985
66.233235
64.537992
65.771853
65.623168
64.572812
65.776293
65.690959
65.251722
66.503400
65.189659
65.804202
66.486573
65.037302
65.590622
66.480364
65.433511
65.316765
66.474550
65.293365
65.313091
66.522394
64.964821
65.656006
66.409549
64.734194
65.851968
66.205312
64.747071
66.142696
65.761939
64.807085
66.405169
65.815069
64.741677
66.282223
65.766743
64.802738
66.368564
65.725804
65.185331
66.512080
65.509807
64.918035
66.411794
65.069151
65.261698
66.402011
64.771621
65.899453
66.258495
64.740630
65.895818
66.066728
64.618753
65.988082
65.965735
64.733095
65.827166
65.708794
64.692845
65.947742
66.014281
64.762280
65.378130
66.361017
64.676864
65.420883
66.062943
64.677042
65.531419
66.211639
64.651598
66.425360
65.704181
65.177123
66.470985
66.019517
66.157051
66.477908
67.001146
68.068795
66.417731
67.510031
68.344631
66.743376
66.491163
66.907600
67.694041
66.504452
66.484349
66.485267
68.208434
66.318031
66.607128
68.011131
66.464491
67.660217
67.732522
66.452710
68.068959
66.820999
67.275381
67.932799
66.223759
66.231156
67.924871
66.272206
66.646575
67.382597
66.395952
68.055785
66.484171
66.440131
67.813505
66.196762
67.811843
66.388963
67.222476
67.133420
66.145705
66.227302
66.696880
67.329739
66.178431
68.016735
67.368908
66.195798
66.146375
66.153414
66.157679
67.505544
66.393048
66.250150
67.345735
67.702851
66.337477
66.353659
66.730369
67.610370
66.356202
66.323017
66.333631
66.890404
67.545191
66.634296
68.202555
66.908577
67.487222
66.901543
66.337790
66.322720
67.087427
66.889842
66.148195
66.158203
66.124549
66.195182
67.786087
66.337491
66.319793
66.301978
66.356541
67.485457
66.862518
66.331617
66.377467
66.711665
67.770266
66.329716
66.293610
66.843780
67.581699
66.303599
66.402472
66.357103
66.299518
67.282096
67.076608
66.408459
66.305970
66.268724
67.509956
66.820196
66.618782
67.096833
68.316770
66.693547
67.872997
67.081182
66.359936
66.686867
67.830372
66.912833
67.603745
66.261002
66.380722
66.319051
67.959191
66.335385
66.348730
66.351063
66.378873
67.997820
66.325360
66.301340
66.357786
66.929506
67.239732
66.148503
66.237763
66.562685
67.603585
66.206166
66.183149
67.317581
66.814174
66.274735
68.099172
66.569042
66.254728
67.572438
66.645416
66.214636
66.852212
67.186609
66.007862
66.967605
68.055423
66.492755
66.167942
66.206328
66.109407
67.027032
66.905116
66.189007
66.198176
66.261709
67.452408
66.756993
66.373921
66.562151
68.041282
66.217167
66.126335
66.184706
67.070310
66.953233
66.154103
66.142767
66.142869
67.847626
66.294370
66.197788
66.224577
66.205542
67.861056
66.171471
66.162190
66.343931
67.002060
67.057892
66.214842
66.184877
67.016479
67.118165
66.214333
66.165922
67.351708
66.683308
66.226417
66.184194
67.597144
66.568632
66.102046
66.584127
67.428160
66.184879
66.150620
66.972760
67.183648
66.230488
66.110528
67.469270
66.697926
66.180425
66.171882
67.824585
66.336068
66.188614
66.108981
67.604261
66.480917
66.117885
66.123050
66.499306
67.639001
66.160078
66.680097
67.676556
66.170290
66.183502
67.075775
67.768373
66.129062
67.616204
66.461612
66.163202
66.147977
67.458803
66.707048
66.173805
66.133536
67.620634
66.533491
66.247600
66.157677
67.848693
66.203609
66.152692
66.195749
67.841892
66.288891
66.203309
66.782947
67.531955
66.139441
66.150055
67.800189
66.308044
66.286804
68.071960
68.050251
66.527133
66.199165
67.264249
66.881322
66.116065
66.264516
67.125233
67.239094
66.296981
66.245127
67.514426
68.116859
66.311232
66.325289
66.388133
67.714274
66.614654
66.342980
66.297623
67.168929
67.344911
66.291411
66.352057
66.320898
67.858261
66.394377
66.373934
66.311919
68.149444
66.335785
66.335301
67.244391
67.939615
66.539541
68.263240
66.825975
66.280620
67.580280
67.101005
66.728229
67.954518
66.315306
66.343314
66.942263
67.454648
66.296026
66.271633
66.319419
68.202344
66.347281
66.355148
67.259375
67.214798
66.355137
66.366649
66.369555
67.720477
66.581958
66.269060
66.318603
67.745656
66.613532
66.346345
66.285855
67.409084
67.097985
66.330682
66.359265
67.564423
66.706961
66.126681
67.107543
66.987719
66.114168
66.229540
67.277381
66.863718
66.120688
66.139036
66.481848
67.554465
66.186948
66.213547
66.119935
66.916388
67.129131
66.172751
66.220253
66.118286
67.696106
66.192447
65.968389
65.956258
67.290930
66.545350
66.144331
66.112189
67.534070
66.388741
65.918627
66.004231
67.591137
68.024008
66.253771
66.196371
66.173707
66.766830
67.182597
66.160029
66.105437
66.163977
67.319949
66.676716
66.188094
66.155147
67.665471
66.364997
66.143366
66.309822
68.089355
67.110257
67.792067
67.301603
66.114958
66.132571
67.286631
66.899775
66.170427
66.151017
68.039387
66.225426
66.570999
67.602745
66.154414
66.351093
67.975177
66.184919
66.213110
67.623174
66.408148
66.119632
66.169668
68.082612
66.229698
66.219647
67.291735
67.652671
66.342228
66.380511
66.595985
67.801747
66.330537
66.511182
66.576742
68.242628
66.463724
66.400527
67.244701
67.967128
66.453405
66.756000
66.334085
67.998975
66.328444
66.298561
66.371934
68.028265
66.523350
66.256025
66.344367
68.678434
66.263821
66.336934
66.408085
66.309676
66.346758
66.376737
66.447128
66.343536
66.326161
66.398298
66.955115
66.922008
66.397638
66.347183
66.353809
66.317268
66.350506
66.550881
66.576294
66.490472
66.532753
66.444309
66.246317
66.283022
66.319317
66.360388
66.347008
66.367891
66.343814
66.365631
66.312826
66.310503
66.372926
66.293923
67.973633
66.939945
66.319967
66.296232
66.255410
66.362994
66.340759
66.307994
66.323500
66.378533
66.320499
66.329935
67.628308
66.305968
72.312263
66.679791
66.889442
67.199752
66.359670
66.287558
67.656201
66.901968
66.374829
66.326511
67.955030
66.686442
66.471903
66.497459
67.816260
67.428326
66.865900
68.043404
66.455172
67.686971
67.853801
66.533994
68.066828
66.987278
67.187279
67.946071
66.463901
67.217078
61.283892
62.598659
64.234004
64.625131
64.706792
66.410544
65.510431
65.212591
66.388468
65.306099
65.582552
66.365505
65.256125
65.359814
66.424585
65.126148
65.609404
66.410512
64.654095
65.869665
66.416205
64.676067
66.207725
66.383638
64.586553
66.398067
65.583714
64.613920
66.272918
65.534786
64.592516
66.255582
65.224522
64.695015
66.334360
64.965947
67.201794
65.223695
66.388252
64.631851
65.216423
66.440717
64.624339
65.802781
66.360139
64.790297
65.570521
66.429012
65.254481
65.126455
66.302375
65.248128
65.270403
66.363516
65.694111
64.854136
66.355245
65.952260
64.685853
66.374876
65.828103
64.728770
66.402279
65.696042
65.150874
66.353484
65.128224
65.258909
66.412148
64.909630
65.330389
66.347956
64.531804
65.526369
66.366504
64.646805
65.760839
66.339216
64.905786
65.776576
66.360383
66.389900
72.248400
66.102631
64.479879
65.560490
65.785063
64.444737
65.569318
65.975917
64.623581
65.990259
65.535992
64.744910
66.391454
65.306777
64.768990
66.357374
65.152940
84.227972
66.449071
66.592793
66.722846
68.391118
67.130507
67.047571
67.630476
66.527333
68.253609
67.758516
66.843429
68.398097
67.018035
68.035676
67.870348
67.010149
68.534897
66.928034
67.973277
67.899666
66.820672
68.473662
66.724608
67.287133
68.456876
66.707735
68.368462
67.406070
66.480898
68.253780
66.425726
66.365313
66.354571
66.405782
66.409117
67.630039
66.770993
66.356163
66.328321
66.271311
66.901014
67.468329
66.369597
66.378656
67.264689
67.535651
66.521818
66.559371
66.365510
66.500418
67.730815
66.221470
66.283163
66.245141
67.530090
66.480727
66.221069
66.224050
66.155074
66.193207
67.827830
67.144617
66.175594
66.294811
66.368200
66.375225
66.450489
66.386784
67.285453
67.157042
66.658518
66.664391
67.480169
67.707000
66.634838
66.593824
66.561617
67.857161
66.987810
66.562067
67.260364
68.386584
66.558273
68.279540
67.543777
67.692056
68.575200
66.953126
68.446683
67.745298
67.454745
68.545561
66.870047
68.348012
67.624238
66.754822
68.129087
66.700356
66.941161
68.179386
66.683031
66.790808
67.156591
68.638385
67.228663
67.824647
67.628896
66.727328
68.464347
67.333781
67.611515
68.612051
66.712789
68.357979
67.652513
67.498827
68.650297
66.953961
68.032973
67.054977
66.717880
66.750969
66.644772
68.344588
66.694393
66.828317
66.747821
66.687950
68.152127
67.745607
66.678762
66.665710
66.671801
67.139597
67.849513
66.829829
67.112014
68.353747
66.815183
66.899014
67.334785
67.900124
66.651332
66.560522
66.506953
67.613415
67.155474
66.501102
66.529815
66.499409
66.979995
67.794300
66.588157
66.549327
66.545057
68.176811
66.550525
67.437133
67.631059
66.649209
67.616123
67.203616
66.570902
66.549287
66.730106
66.652191
68.306248
66.730866
66.675850
66.682067
66.636434
66.635504
67.079737
67.850536
66.642090
66.717608
66.716930
66.699412
67.729653
67.174379
66.607029
66.180308
66.179383
66.188796
66.944352
67.104356
66.177148
66.183641
66.132834
67.733360
66.223978
66.167160
66.192757
66.236619
66.151294
66.207962
67.842550
66.355691
66.379669
66.411103
67.526168
67.133315
66.376737
66.424825
66.388898
66.850560
67.574777
66.367220
67.734832
66.951045
66.415034
66.697965
67.850742
66.324854
66.389185
67.093749
67.573476
66.444913
67.907359
67.379211
66.992104
68.102573
66.405572
66.399145
66.344842
66.312183
67.802770
66.518562
66.360529
66.514723
67.881767
66.395313
66.612848
67.919968
66.358116
66.402264
66.318345
66.446616
67.856494
66.463438
66.524892
66.288947
66.314929
66.397339
66.608993
67.762117
66.359149
66.293701
66.400011
66.331189
67.625965
66.628169
66.330638
66.325065
66.385042
67.734623
66.657132
66.292839
66.391154
66.362786
66.371287
67.310978
67.308135
66.833841
66.538737
67.937498
66.710860
67.068947
67.965266
66.512818
66.532479
66.533254
67.999313
66.683883
66.587414
66.469342
66.495294
67.342208
67.359368
66.517030
66.631285
66.511703
66.785988
68.444440
67.486611
66.587211
66.824803
67.714861
67.341784
66.768465
66.766058
66.764846
67.134531
67.908563
66.738373
66.683683
67.885877
67.236226
66.490152
66.496666
68.114316
66.893250
67.100293
67.896368
66.510840
66.470102
67.149417
67.589383
66.496068
66.492269
67.306697
67.514473
67.235885
68.390936
66.875193
66.371052
68.064380
66.582212
66.535261
66.584201
66.513162
67.581727
67.084766
66.605470
67.484796
67.281693
66.605341
67.588085
67.480713
66.433211
68.193046
66.780451
66.993528
68.277204
66.752258
68.621514
66.956613
66.688601
68.320003
66.986958
66.512149
66.499486
68.122795
66.490551
66.523218
66.547483
66.583050
67.964140
66.858154
66.504992
66.564895
66.520576
66.441422
66.428084
66.357691
66.688199
66.469819
66.436238
67.992077
67.298130
66.542118
66.564855
66.513882
67.744164
67.009897
66.535007
66.571585
66.571727
67.547206
67.196700
66.165558
66.498706
68.136081
67.070296
66.243205
67.927224
66.315915
66.304461
68.107167
66.895592
67.063945
68.219847
66.433992
68.043203
66.526329
66.388235
66.352395
67.391552
67.296392
66.559814
66.956745
67.840860
66.572954
66.526904
66.593596
68.039463
66.621986
66.590950
66.593370
66.503011
66.608649
68.101555
66.678532
66.718191
66.696449
66.681463
68.324074
66.717577
66.703709
66.661463
67.405123
67.564252
66.644787
66.674821
66.631368
67.075233
68.404296
66.568387
66.633982
66.589167
67.217003
67.530082
66.586068
66.545255
66.574676
67.830316
67.100933
66.867838
68.460254
66.935156
66.479835
67.464940
67.483206
66.490303
66.476517
68.314971
66.462129
66.591309
67.630794
67.088183
66.378503
67.003945
67.673229
66.388873
66.518417
68.349988
67.777355
66.420210
66.496580
67.555543
66.849106
66.342698
66.384913
67.046037
67.498421
66.356123
66.378376
66.341047
68.098372
66.385191
66.365724
66.678520
67.669356
66.285061
66.421722
66.399146
67.950825
66.318723
66.282074
67.956520
66.589875
66.473490
68.251399
66.449621
66.567303
66.541805
66.593383
68.164428
66.597861
66.541212
66.591977
66.538404
67.049250
67.641654
66.508077
66.616526
66.571216
66.938231
67.786682
66.493997
66.514647
68.063086
66.529639
66.567044
66.559722
66.411380
66.429793
66.375070
66.346660
66.415169
66.351418
66.339598
66.320242
66.351346
66.433302
66.519188
66.542802
66.608407
66.585033
66.475424
66.485923
66.442451
66.534887
66.581056
66.522294
66.615173
66.597924
66.551583
66.558183
66.428682
68.079598
66.573973
66.456195
66.551392
67.063232
67.762123
66.597094
66.554984
66.542223
66.591040
67.617374
66.950611
66.596639
66.552059
66.366465
66.424121
67.761231
66.526225
66.406332
66.474029
66.329139
66.364091
67.695812
66.594166
66.443594
66.542066
66.435067
66.329286
66.767768
67.603262
66.368270
66.437622
66.324712
67.588022
66.878846
67.592540
67.779347
66.406296
67.408921
67.288871
66.497842
68.212921
66.335486
66.856919
67.672027
66.390915
66.386450
67.884789
66.860648
67.004433
67.654712
66.373916
66.351367
67.615159
66.745051
66.340804
66.464314
66.356334
66.591600
67.812444
66.400572
66.383500
66.355247
66.358682
67.784357
66.417775
66.530334
66.532728
66.558102
66.593933
67.715804
67.252241
66.551492
66.545583
66.567078
66.522600
67.583895
67.069021
66.510666
66.593850
66.589914
66.472490
66.499460
66.594374
67.821181
66.815173
66.592514
66.588653
66.488899
66.654889
66.667251
67.123175
67.972738
66.716666
66.665417
66.697994
66.672968
66.669544
66.625721
66.668289
66.544541
66.575806
68.087613
66.682382
66.597665
66.555288
66.538946
66.568616
66.737103
67.969676
66.552547
66.704062
66.703232
66.657065
67.778315
66.909929
66.481701
66.527899
66.498284
66.466034
67.067681
67.640422
66.544923
66.549850
66.596781
66.714325
67.997755
66.690734
66.701909
66.682764
67.230754
67.802117
66.660442
66.591659
67.929052
67.053843
66.592977
66.525181
66.825881
67.839429
66.503839
66.392253
66.350398
66.732888
67.683293
66.392824
66.344462
66.372649
66.501316
67.993050
66.559390
66.506894
66.387008
66.191089
66.186820
66.252544
67.896778
66.237772
66.236065
66.228291
66.416902
67.671615
66.282314
66.233827
66.220983
66.821230
67.275251
66.136458
66.310337
66.853710
67.784283
66.572848
66.594616
66.709624
67.478171
67.548436
66.680608
61.459724
61.621204
62.300224
64.037594
64.839608
64.627082
65.143476
66.447323
65.114707
65.364054
66.581357
65.035463
65.816463
66.517728
65.438582
65.459445
66.490546
64.807423
65.931004
66.037997
64.869030
66.479421
66.505136
64.660790
66.273243
66.174464
64.815097
65.976454
66.423369
64.755292
66.033778
66.245115
64.781609
66.312326
66.358506
65.624274
66.646829
66.607440
66.489527
65.879062
65.089879
66.623701
65.363977
65.525020
66.724066
64.917238
65.819633
66.318185
64.865625
65.822103
66.478768
64.782441
65.735215
66.311374
64.691483
66.065897
66.226628
64.672627
65.913355
66.071395
64.724263
66.215673
66.042403
64.687472
66.470001
65.566864
64.968396
66.628696
65.412811
64.976741
66.659809
65.614054
64.838807
66.537333
65.675827
64.889062
66.485513
66.598881
65.417055
65.180975
66.493035
65.605400
65.098494
66.478784
65.691752
64.810699
66.501849
65.340477
64.879181
66.476926
65.038405
64.701415
66.425674
65.097794
64.774539
66.382765
65.240577
65.010410
66.540553
65.669150
64.702967
66.451822
66.325195
65.440976
65.454147
66.446850
65.608853
65.195625
66.567713
65.654634
65.333368
66.722273
64.979041
65.710909
66.511097
64.708643
66.095567
66.101155
64.684234
66.563961
65.772002
64.779163
66.541059
65.757396
64.989637
66.436366
66.338257
66.385380
66.168596
64.678933
66.217192
66.215522
64.691294
66.412448
66.415252
64.724354
66.359650
66.487260
64.875112
66.172970
66.740079
65.667221
65.299727
66.330157
65.416025
65.436968
66.482995
65.731036
64.739736
66.362082
65.581662
64.879460
66.384257
65.474681
64.600551
65.695969
65.850642
64.741157
66.378523
66.421689
64.658915
66.096003
66.445241
64.815019
66.486106
66.180805
64.895597
66.624894
65.833733
65.436143
66.605105
65.243594
65.811673
66.609661
65.003288
66.261478
66.658822
65.061357
65.592083
66.517791
64.677644
65.588831
66.170016
64.767328
66.018823
65.894344
64.845725
66.731218
66.375175
66.308594
64.706815
66.514692
66.485320
65.181111
65.822154
66.535054
65.175195
65.696468
66.551150
65.433616
65.918124
66.503878
65.142512
65.820504
66.456725
65.377568
65.258792
66.478912
64.995457
64.775878
66.408733
64.728586
65.044527
66.415666
65.432289
65.613607
66.177203
64.493276
65.819926
66.214251
64.898414
65.691978
66.193293
65.604122
65.032143
66.230147
66.215403
64.835015
65.671157
66.277784
66.227408
66.217924
66.218750
65.250052
65.362610
66.245922
65.939773
64.748144
66.243298
66.214508
64.737130
65.670167
66.220745
64.895093
65.723102
66.389777
65.287517
65.562662
66.404897
64.868527
65.746497
66.328548
64.920511
65.839630
66.504662
65.447163
64.997145
66.388077
65.662941
65.368627
66.406448
66.408966
65.025770
65.824289
66.382115
64.854986
65.606593
66.224838
65.395998
66.362733
66.345703
66.317107
66.299947
66.311881
66.325947
69.375852
66.278785
66.334975
66.354391
66.300869
66.380792
66.294984
66.340383
66.359492
66.301078
66.290241
66.318245
66.301244
66.304369
66.258008
66.365913
66.317022
66.555451
67.679322
66.354459
66.440551
66.341150
66.283125
67.573262
66.768278
66.357384
66.302347
66.283691
67.077031
67.199801
66.328413
66.313644
66.294123
67.971017
66.348559
67.890625
67.745415
66.352525
67.254180
67.217376
66.309096
66.473521
68.042003
66.272643
67.656379
66.914182
66.276428
66.378960
66.786745
67.527516
66.323801
66.335313
66.342326
66.581365
67.624670
66.391774
66.285503
66.429400
67.058992
67.414328
67.045930
68.176893
66.402574
68.182230
67.049210
66.214541
68.829126
67.684907
67.263677
66.422363
67.628529
66.886857
66.463929
66.490201
66.444072
66.456152
66.520500
66.448771
66.507327
66.346455
66.381467
67.803918
66.304816
66.296046
67.702693
66.337506
66.346873
66.291245
66.346258
66.376814
66.309794
66.243289
66.303384
66.212628
66.097345
67.516488
66.249040
66.120568
66.107326
66.437738
67.239623
66.084511
66.760146
67.130434
66.136190
66.961514
66.982013
66.101630
66.103691
66.507651
68.074170
66.262688
67.280065
67.252188
66.361156
66.276809
66.992153
67.386319
66.367048
66.394102
66.757550
67.490549
66.270259
66.331637
66.350040
66.791140
67.454503
66.279632
66.420596
68.052438
66.372593
66.270527
66.322960
67.421655
66.901351
66.325052
67.949859
66.648157
66.324501
66.322142
66.932275
67.224999
66.299877
66.335471
66.377948
67.889373
66.337101
66.276797
66.371229
68.025122
66.393272
66.396404
66.443965
67.956279
66.326698
68.164877
67.294662
66.354375
67.811734
66.521582
66.389066
66.331870
67.188021
67.040836
66.275068
66.325711
66.381161
68.019764
66.374316
66.377153
66.354912
66.395840
67.958921
66.326491
66.305197
66.303368
68.026924
66.276644
66.294593
66.546065
67.767855
66.365727
66.362229
67.296545
68.008862
66.479451
66.507698
67.067590
67.636759
66.478595
66.804644
68.133621
66.458195
66.489043
66.455709
68.313968
66.517841
66.453694
66.530175
67.997809
66.698366
66.436879
66.441339
67.859700
66.783780
66.524046
66.493244
68.094247
66.454004
66.526627
66.407446
68.150457
66.369233
66.398261
67.975697
66.284076
66.323349
66.881378
67.439706
66.306724
66.318767
66.277069
66.711878
67.569092
66.258280
66.480042
66.499960
66.641474
68.017959
66.467027
66.487019
66.426775
67.810467
66.560160
66.329379
66.288224
68.153270
67.309271
66.380006
67.355672
67.382419
67.591735
67.860137
67.032119
68.388456
66.756233
66.496169
68.113643
67.038669
66.912772
68.061225
66.555129
67.695140
67.078372
66.451932
66.414786
67.657755
66.994467
66.490910
66.504421
66.477555
67.806251
66.547127
66.256858
68.158349
66.988572
66.408515
68.124699
66.240832
66.273419
66.316977
67.321133
66.997709
66.270324
66.621402
68.147494
67.253474
68.427438
67.570846
66.500130
67.994943
66.724830
66.475104
66.564384
68.191994
66.486421
66.457991
66.535617
66.557477
67.949578
66.636164
66.502328
66.575026
67.661122
66.979665
66.467028
66.525953
67.003556
67.699111
66.518900
66.472245
67.873716
68.392288
66.382718
66.330731
66.354446
67.495082
66.841939
66.286147
66.376041
66.444712
67.963425
66.321296
66.295256
67.981542
66.533805
66.350039
67.540619
66.797322
66.349997
67.694179
67.096715
66.329948
66.397054
67.963308
66.420972
66.520736
66.455749
66.740785
67.983244
66.486906
66.446342
66.426637
67.949857
66.444969
66.357626
66.364129
67.991210
66.422310
66.304555
66.517375
68.158449
66.898973
66.999957
68.197559
66.656668
66.295502
67.235602
67.311561
66.261126
67.601900
67.133645
66.318934
66.206306
66.294412
67.704834
66.141553
66.154025
66.177342
66.935766
66.949932
66.239834
66.253469
66.082016
66.170513
66.794950
67.084152
66.154322
66.154258
66.327279
66.320549
67.290818
67.038834
66.313953
66.338466
66.434194
67.894909
66.329860
66.358206
66.294903
66.322283
67.320864
66.955276
66.337443
66.332444
66.291397
68.093158
66.404020
66.288158
66.338559
67.764204
66.551813
66.292123
66.323869
67.566698
66.740042
66.460454
66.496806
68.136516
66.863966
67.672120
68.220132
66.450512
66.466269
66.476747
68.133067
66.470713
66.497804
66.533259
67.826746
66.920649
66.447339
68.123003
66.802021
66.571025
66.499342
67.647545
67.046332
66.519222
66.695621
67.238435
67.255418
66.507181
66.468747
66.578076
66.431356
67.271510
66.958242
66.384152
66.337384
66.540693
67.668414
66.420939
66.332132
66.846923
67.592563
66.292824
66.317330
66.788962
67.733095
66.242748
66.277900
67.641514
66.818907
66.322502
66.311058
67.768548
66.675722
67.748887
67.608498
66.249643
67.692786
68.194617
66.344537
67.895826
66.681042
66.262221
67.839366
66.890262
66.357095
66.779624
67.714614
66.306031
66.287508
68.046422
66.340402
66.304636
67.779428
66.933077
66.353284
66.283516
67.735940
66.694069
66.283425
66.354088
68.051893
66.310813
66.367740
66.500276
67.758953
66.343822
66.272245
66.292527
67.867699
66.227140
66.121706
66.307757
67.738090
66.199623
66.160543
67.368067
67.903322
66.246264
67.972589
66.811093
66.209772
66.613439
67.434486
66.211425
66.360187
66.774186
67.772177
66.424653
66.287993
66.458522
67.222618
67.131517
66.111234
66.547115
67.561249
66.136393
67.006490
68.062489
67.732144
66.134883
66.160021
67.046762
66.963533
66.457912
68.050096
67.122879
66.730786
68.021123
66.580430
67.225570
67.066783
63.765121
63.820967
63.783263
63.766929
63.559536
63.685359
63.732442
63.634885
63.724178
63.752730
63.958599
65.865428
67.138525
67.292023
67.620039
69.092801
67.364890
68.427660
68.896723
67.083194
68.573066
69.030744
67.075296
68.366285
68.715710
67.772436
68.860884
67.671989
67.782362
68.993470
67.316686
68.168190
69.105897
67.471826
68.227537
68.612035
67.154966
68.702401
68.119143
67.283611
69.004619
67.901253
67.490378
69.081784
67.835998
67.723433
69.085986
67.613481
68.076177
69.011817
67.200835
68.410483
68.674951
67.153854
68.585860
74.750722
73.695096
75.497689
74.420160
75.070311
76.676583
75.828443
74.941762
76.033267
75.717189
75.557529
76.383485
73.344895
68.076605
68.982955
67.143949
68.375414
68.849004
67.108189
68.369871
68.375768
67.020584
68.235345
68.635089
67.045365
68.375149
68.379071
67.005817
68.950459
67.484486
67.688269
68.862220
68.804354
68.820320
67.640341
67.543624
68.879112
67.627813
67.848834
68.909905
67.217438
68.283790
68.844743
68.322315
67.441411
68.860238
68.913587
67.235065
68.292744
68.815776
67.753798
68.048652
68.866530
67.412587
68.336400
68.874850
68.935639
71.831204
74.995015
77.493100
75.464608
76.251103
76.140943
75.187698
76.809050
69.950881
67.905694
68.896284
67.583747
67.847895
68.831675
67.318918
68.122552
68.704672
67.260616
68.854760
67.478017
68.045082
68.921368
67.264606
71.287992
76.269925
75.181433
76.869420
74.751973
75.759699
73.058827
69.820640
67.460120
68.807479
67.929043
67.607923
68.790822
67.517247
67.792897
68.853921
67.378054
68.380194
68.859487
67.726187
67.768794
68.950975
67.452986
68.322438
68.963888
67.612974
68.347188
68.817651
67.428633
68.002775
69.545535
71.587147
76.044714
75.833000
74.154828
73.875654
67.679121
67.466724
68.842994
67.568281
68.055905
68.812866
66.916644
68.574070
68.696549
66.993762
68.569968
68.563481
67.024066
68.663842
68.781238
68.835091
68.905305
67.540684
68.039870
68.950401
67.189036
68.214720
69.130457
67.694889
67.312728
68.956119
72.596978
75.603364
72.471595
66.983694
68.268238
68.336701
66.902246
68.839677
68.657764
66.976471
72.602737
75.663290
75.004710
76.553661
75.037643
68.843723
68.886242
67.579629
67.870231
68.787999
67.320865
68.294533
68.571985
67.043024
68.748903
68.396025
67.042821
68.426949
68.218850
67.237241
69.012465
67.834477
67.509608
68.934125
70.807857
67.263463
68.147054
68.859460
67.268419
68.373160
68.764356
67.404441
68.396885
68.292925
67.245634
68.750233
68.231760
67.222852
68.995545
67.813327
67.938217
69.312654
68.001251
67.588580
69.275861
93.606059
63.636366
64.408085
65.835056
67.190687
67.271971
67.299220
67.927879
69.038301
67.452758
68.354002
68.830467
67.469681
68.077260
69.044223
67.473128
68.181399
68.962034
67.502375
69.405475
69.341165
68.737481
67.452928
68.702652
68.292715
73.726800
76.248241
75.388126
75.178990
68.887830
67.211894
68.327616
68.818131
67.410056
68.780300
68.506408
67.516341
68.337372
68.568500
67.630530
69.229564
67.667952
67.871214
69.382999
71.264806
74.972613
76.615261
76.039456
76.251672
75.353427
68.553536
69.064961
67.929190
67.774648
69.198875
68.924882
67.448027
67.836213
69.095038
67.261470
67.827934
69.494044
74.288454
76.445656
69.643255
67.074153
68.971843
67.889563
67.457529
69.142173
69.452331
75.477848
76.383344
75.251434
75.878912
75.855017
75.026183
76.990728
75.071127
75.153782
68.726339
67.172762
69.167938
68.274477
67.561933
69.207862
68.186733
70.583809
76.931717
74.704348
67.973549
68.836840
67.261457
68.914982
68.253681
67.910159
69.344472
67.627882
68.292208
69.225412
67.374937
68.465532
73.871144
74.919367
76.727801
75.569056
75.415625
76.553881
74.918865
76.732959
76.117277
76.530841
76.398274
75.165235
71.974837
68.300423
67.484263
74.204091
71.746845
67.577379
69.179235
67.812782
67.932581
69.420011
67.639720
68.208156
69.394579
68.578221
67.483544
69.038746
67.997684
67.912837
69.242460
67.625342
68.245892
68.868369
67.364248
68.149012
68.769579
67.316000
68.437613
68.768865
67.481650
68.663887
68.409352
67.362725
68.839965
68.382592
67.283676
68.749398
68.511788
67.513917
68.535535
68.785219
67.604414
69.235468
68.093882
67.648256
69.031735
68.095542
67.391273
69.008781
68.089006
67.526096
68.623717
68.540472
67.510909
68.392348
68.845320
67.532275
68.163665
68.929782
67.573591
68.311841
69.060617
67.563067
68.819474
68.459012
67.473496
69.071299
68.009030
67.692600
69.319664
67.641414
67.570352
69.345377
67.791486
67.608295
68.466611
68.594370
67.508021
68.589438
68.842826
67.538902
69.238272
69.255744
67.393349
68.592208
68.669203
67.550840
68.568444
69.226696
67.975779
67.624433
69.405786
67.535567
67.885949
69.396710
67.652439
68.198733
68.886908
67.339620
68.766618
68.235871
67.529976
68.481983
68.591975
67.455455
68.532095
68.652476
67.643785
68.911439
68.314119
67.642832
68.504429
68.846504
67.735643
68.481514
68.803776
67.630273
68.900577
68.415272
67.594812
68.664002
68.901890
67.707716
67.595231
69.294688
67.701326
67.675475
69.352735
67.721957
67.521761
69.339707
67.778100
67.615509
69.389995
67.678959
67.387238
69.291506
67.845660
67.466402
69.339453
67.665032
67.710813
69.403390
67.671131
67.702428
69.384229
67.654546
68.063789
69.365654
67.450459
67.846908
69.008712
67.420816
68.370763
68.735574
67.479860
68.164667
69.294125
67.623199
67.782089
69.247588
67.606622
68.187008
69.011429
67.675458
68.427315
68.780582
67.701406
69.434800
67.856030
67.455442
69.157488
67.954700
67.459638
68.807212
68.240159
67.398300
68.836086
68.112804
67.575071
68.347156
68.849615
67.599504
67.767748
69.400380
67.605010
67.449936
69.350873
67.850209
67.545647
68.959361
68.131482
67.419569
69.108284
68.909245
67.324412
69.176408
67.870385
67.386540
69.240923
67.474037
67.463534
69.337184
67.796772
67.458155
69.199014
67.304425
67.340709
69.037438
67.977169
67.885300
69.286843
67.476774
67.536999
68.879670
68.032422
67.461697
68.598386
68.330453
67.420951
68.710481
68.193292
67.340529
68.654022
68.091250
67.449606
68.929320
68.004631
67.686513
69.220336
67.798828
67.526571
68.892663
68.189461
67.532552
68.877289
68.312120
67.490621
69.044623
68.239979
67.509128
68.791678
68.328044
67.449723
68.346333
68.452343
67.409530
67.606099
69.218597
67.408586
67.729975
69.124672
67.302058
68.114040
69.095557
67.205676
68.433671
68.556419
67.210043
68.516082
68.224358
67.163255
68.971495
68.044041
74.292502
76.901265
75.449451
76.924170
75.575813
68.249173
69.003556
67.259631
67.694802
69.069150
67.435334
67.821741
68.996220
67.537169
67.665391
69.299689
67.530132
67.461652
68.937281
68.277903
67.545402
69.062232
68.177704
67.453248
68.707910
68.236226
67.423004
68.466948
68.513139
67.431811
68.041228
68.853971
68.262503
75.303343
75.283919
67.151377
69.134118
67.770967
67.483568
69.184111
67.890512
67.551033
68.850317
68.225606
67.915015
69.392977
67.699519
69.416982
68.452278
67.471595
68.347129
68.635157
67.571589
68.220681
68.847740
67.556341
67.711709
69.266416
67.548271
68.176138
68.927896
67.446686
67.529012
68.791348
68.083820
67.436061
68.421379
68.316164
72.305963
75.212553
69.381795
67.314014
68.551988
68.587331
67.366248
68.741663
68.132558
67.524006
68.193297
68.906335
67.489436
67.212939
69.000572
67.655740
67.399200
68.665471
68.157716
67.573504
69.141030
67.355394
67.632650
69.249929
67.598699
67.463647
69.246098
67.569309
68.245221
69.024004
67.476200
68.837234
68.193716
67.514089
68.338317
68.769627
67.597379
67.548862
69.296392
67.502983
67.415533
68.731640
68.005647
67.521956
68.156301
68.625275
67.373212
67.512862
69.231998
67.349634
67.348415
68.890569
68.396177
67.380832
69.272348
67.562999
67.428658
69.153668
67.751180
67.322015
69.029295
67.842519
67.452145
68.909508
68.121656
67.444066
68.368013
68.547313
67.447785
