50
110.443812
110.439811
110.419737
110.503555
110.502244
110.404223
107.891076
107.998553
107.772788
107.942496
107.866006
107.955829
107.881272
108.340740
109.003672
109.381045
109.980361
110.374639
110.331546
110.378073
110.392823
110.418810
110.396078
110.361365
110.351522
110.338946
111.225451
110.379486
110.082769
110.469973
110.477927
110.520460
109.443902
108.093431
107.961047
107.930264
108.349675
108.176342
108.038179
108.138953
108.144093
108.049703
108.019785
107.964663
108.287387
108.024937
108.033453
108.043951
108.068205
108.141029
108.062825
108.018132
108.292209
109.124141
110.385711
110.545280
110.469012
110.993836
111.329255
110.604317
110.410103
110.293925
110.245855
110.184535
110.189134
109.950907
110.126001
110.573609
110.549830
110.425879
110.372698
110.327745
110.066436
110.494082
110.496822
110.134233
110.344388
110.132711
110.386764
110.600337
110.270138
110.491892
110.404233
110.379322
110.400644
110.735084
109.785168
109.824040
108.537221
107.958939
108.001677
107.935145
107.967111
107.950948
108.089392
110.875681
108.962348
108.209331
107.934704
108.120755
107.941436
107.930638
107.986815
107.963773
108.544009
108.078431
107.815032
107.795767
109.415126
110.356074
110.372206
110.393852
110.456287
110.384203
110.429971
110.329403
110.446923
110.395773
110.396323
110.403064
110.388627
110.330983
110.539956
110.389679
110.406780
110.383027
110.359553
110.341879
110.453332
110.094111
110.190818
110.362346
110.407414
110.363177
110.307771
110.303067
110.416634
110.291240
110.361138
110.371510
110.474430
110.354980
110.353122
110.346435
110.384069
111.064546
109.265527
110.056960
108.885460
110.787062
110.329486
110.315678
110.388280
109.895630
109.148596
109.685501
109.767670
109.965443
110.164074
110.144989
110.346463
110.400116
110.351459
109.635367
109.617700
110.364169
110.405801
110.029317
110.302494
109.147728
109.464446
109.814246
110.361103
110.377218
110.358124
110.336531
110.350467
110.552327
110.370302
110.358858
110.307612
110.365633
110.357339
110.336609
110.351983
109.933038
109.620637
110.245182
109.834541
110.363002
110.353805
110.353779
110.358043
110.424951
110.239523
109.854293
108.736589
110.426869
110.117896
110.384715
109.846667
109.257070
110.229989
110.313828
110.398785
110.369862
110.370217
108.685708
108.312384
108.399276
109.145170
108.038682
109.261340
108.323753
107.942619
107.805197
108.356059
108.852644
109.438900
109.456740
109.856397
109.768379
108.581173
107.901011
107.914082
107.779124
107.853333
107.947625
107.916714
107.809229
107.848176
107.972254
108.011083
108.754706
110.231457
110.336930
110.342645
110.323342
110.378727
111.061007
110.374122
110.362985
109.111575
108.299694
107.900393
107.868519
108.467429
107.859451
107.941447
108.133187
108.757701
110.421482
110.291326
110.335855
109.455055
109.438880
109.530506
109.447888
109.416138
109.342758
109.674158
109.701718
109.448158
109.442507
109.280753
110.097325
110.367650
110.142557
109.231229
109.857539
110.376927
110.362299
110.387928
110.320650
110.383657
110.415935
110.386350
111.017523
110.213938
108.000155
107.991684
107.847772
107.830610
108.068080
107.880241
110.187025
108.810680
110.894152
110.609094
110.560981
110.579666
110.591945
110.570810
110.227071
108.644933
109.348315
109.080613
109.452585
109.789016
111.094985
111.439724
109.658573
109.663248
109.345124
109.767696
110.439705
110.259410
110.359701
110.399159
110.318464
110.439391
110.394335
109.351124
110.411748
110.380625
110.359669
110.428398
110.357193
110.362026
110.387104
110.668400
108.562946
108.068143
107.972643
108.096797
107.836836
108.076849
108.040030
109.230335
110.420509
110.400540
110.342673
110.444144
110.380638
109.730734
107.789922
109.862811
110.407404
110.374511
110.419195
110.388920
110.536467
110.378505
110.335054
110.423026
110.371960
110.382818
110.325726
110.353271
110.330322
110.389700
110.342562
110.422520
110.343187
110.313652
110.365529
110.379657
110.329212
110.332554
110.431771
110.375228
110.408923
110.281824
110.291523
110.413511
110.404869
110.351104
110.347560
110.424750
110.340993
110.429629
110.356916
110.406711
110.416268
110.356904
110.407420
110.388736
109.766886
107.729851
109.067830
109.661396
109.666976
109.578474
111.133217
109.399954
109.889104
109.309557
109.832056
109.723914
109.872606
109.745925
110.092271
108.927738
107.985144
107.811714
108.548463
108.034534
107.839597
107.819650
108.179043
108.058376
108.106787
107.952191
108.114514
109.608097
110.393670
111.146373
109.366666
108.141684
110.384525
110.330131
110.397506
110.372028
110.382213
111.125918
111.869204
112.195560
111.760866
111.455615
110.360968
110.412367
110.387705
110.395655
110.384964
109.018652
108.956146
109.432969
108.667259
108.721460
109.516438
108.295392
109.611424
110.694156
111.508479
110.343097
110.396286
110.416699
110.124639
109.138924
109.210487
109.138927
109.218136
109.180388
109.345288
109.347276
108.023638
109.102702
108.510347
108.006755
108.657663
109.028506
108.467668
109.210921
110.337991
110.921942
109.520205
109.710032
109.247481
109.691490
110.980005
110.413788
109.305303
109.343561
109.692428
109.652709
109.863918
109.092128
109.609553
109.521629
111.438843
111.830326
111.848761
111.916499
111.841239
111.815388
111.726113
111.175977
109.630865
109.327779
109.576413
108.372785
108.559225
108.392497
107.996808
108.154449
108.815333
109.096231
110.439005
110.430186
110.400170
108.834755
109.206642
110.062302
110.483733
109.731296
109.555097
109.692168
109.649741
109.717966
109.857380
109.452018
109.611167
109.464179
109.739401
109.420692
109.699048
109.445252
109.602560
109.686260
110.479204
110.532200
110.326049
109.503662
109.632460
110.434169
110.205254
109.701010
110.005889
109.700186
110.200424
109.678277
109.785904
110.512843
109.916109
111.450163
110.304435
109.803012
110.157473
109.651403
109.487386
109.487080
110.415175
110.102002
111.208088
111.477315
110.337351
110.267497
108.394437
108.402702
110.463507
111.366767
110.670932
110.657166
110.676441
110.199005
109.233182
109.277736
109.481402
109.453266
109.549368
109.679989
109.421199
109.719534
109.410994
109.442030
109.048038
109.536722
109.220776
109.408942
109.244480
110.161474
110.850219
111.687296
111.930034
111.887462
111.960864
111.819868
110.713780
110.444693
110.367531
110.364795
110.191710
109.066787
109.713281
109.297877
108.593524
110.084722
110.087936
110.424675
111.754829
111.887085
111.893721
111.645989
111.979056
111.860969
111.930429
111.193709
111.478223
109.695315
108.090423
108.901847
109.096791
108.915089
108.582918
107.698742
107.729148
109.020664
109.453942
110.104551
110.228896
109.966414
109.959832
109.855804
108.129661
107.757791
107.786039
107.885495
108.046048
107.685266
107.813063
107.887579
109.240158
109.903759
109.483156
109.821230
110.368338
110.101272
109.184726
109.669142
109.534654
109.470482
109.477263
108.454111
108.156175
108.522837
109.460613
110.629255
109.865546
109.584534
109.816880
109.665298
109.973483
110.239326
110.646025
110.572716
110.448099
109.777803
109.604271
110.373756
110.521080
110.522721
110.527401
110.611378
108.830456
108.555532
109.301285
110.662134
110.525543
110.552460
110.529408
110.533751
108.472784
107.888777
110.483021
110.537632
110.552832
110.513130
110.524035
110.503583
110.685375
110.531268
109.636964
108.000632
108.144818
109.611148
110.612321
110.552137
110.595103
110.620115
111.109636
109.111974
110.346739
110.461378
110.392413
110.428806
110.567463
110.356284
110.525763
110.635865
110.471847
109.114827
108.105519
109.120034
110.264455
109.814934
109.739835
109.497502
109.746363
109.517297
109.623108
110.617046
110.492578
109.704155
109.369385
109.262471
109.659717
110.074212
110.409457
110.530480
109.777034
109.405098
109.612673
109.670682
109.729428
109.611796
110.615155
110.081585
111.663170
112.060833
112.043491
111.916930
111.972332
111.840484
110.452284
110.024144
109.828337
109.495270
109.621943
109.397042
109.551032
109.416971
109.633653
109.818874
110.067403
110.813760
109.701701
109.411160
109.504248
109.514893
109.367081
110.166081
110.412136
109.479183
109.588865
109.700801
109.574775
109.433210
109.551814
109.398521
109.582746
109.349566
109.420708
109.370200
108.402058
109.046220
108.198757
108.074051
108.411371
108.444068
108.189169
108.300086
108.157529
108.278184
108.231558
108.078722
108.345662
108.034339
107.877002
108.544831
110.706487
110.814182
110.706900
109.985885
110.357038
109.775273
109.799771
109.779287
109.837321
109.997886
110.127665
109.885657
110.182237
109.687977
109.570783
109.838935
109.818869
110.158554
109.799534
110.408020
111.947052
111.811896
111.926627
111.904610
111.887909
111.940400
111.277236
109.445132
109.968730
110.050452
109.739409
109.959999
106.447317
106.241650
106.440675
107.409110
106.734930
106.120936
106.379045
106.171405
106.270793
107.026886
108.566324
108.412447
108.260648
106.816091
106.872191
106.479409
106.157902
106.161802
107.687125
108.511326
108.395161
108.758061
108.794455
108.868144
109.006971
108.353302
106.928808
107.254014
108.011250
108.321129
108.120065
108.232315
106.820657
107.523319
107.611276
108.739304
108.755308
108.759445
108.749977
108.738593
108.746054
108.747519
108.766904
108.745887
108.726680
108.721531
108.760252
108.761849
108.745800
108.744436
108.769274
108.745278
108.755594
108.749142
108.736234
108.757782
108.753880
108.762621
108.758015
108.776601
108.767345
108.757020
108.762454
108.753484
108.769214
107.941906
107.393778
106.745963
106.905094
106.363500
106.210632
106.103628
106.498982
106.419075
106.125401
106.651234
106.254207
106.103719
106.267136
106.242257
106.293205
106.131309
106.519092
106.174088
106.186934
106.086902
107.415151
106.280484
106.183554
106.354815
106.293401
106.435173
106.157102
106.240271
106.679047
106.236996
106.090002
106.081349
106.089393
107.878904
107.938409
107.804802
108.447064
107.617200
107.978564
107.701893
108.503029
108.729167
108.757892
108.767793
108.740210
108.770921
108.778017
108.781868
107.938675
108.881748
108.777130
107.065144
107.291865
106.844245
106.190971
108.717346
108.828861
108.804158
108.758895
108.754081
109.464010
109.812745
109.516961
110.158172
109.713344
110.219830
108.823349
108.804383
108.745685
109.254492
109.737536
109.473143
109.363572
109.396376
109.331711
108.285184
106.418173
107.288715
107.440906
106.549546
107.072948
107.052785
106.671031
107.189034
109.855216
109.384468
109.628556
108.764360
109.225125
110.116367
109.043822
108.782021
109.092417
109.848235
109.129004
109.251963
108.802570
109.510161
109.466027
109.659065
109.174428
109.397961
108.956873
109.074984
109.957752
108.685226
108.756465
108.629044
108.749103
108.740637
108.864997
106.827379
106.126957
108.221762
108.552444
106.917951
107.833158
106.461743
106.701109
106.228087
106.968937
107.293936
106.400476
106.171754
106.076753
106.177290
106.205533
106.558920
106.164148
106.579813
107.476238
106.986649
106.138144
107.389949
106.069668
106.704550
106.541439
106.960731
106.178293
106.304262
106.381348
107.521302
106.488750
107.031091
107.755149
107.941146
106.164103
108.216541
106.887154
107.747880
107.483568
107.471125
108.196057
107.672228
107.653875
107.795297
108.181930
107.793946
107.535234
108.329189
108.752828
108.739975
108.734376
108.735521
108.738481
108.749080
108.735023
108.726569
108.759219
108.745272
108.760275
108.743299
108.741388
108.730859
108.742451
108.787412
108.739382
108.680111
108.766927
108.938856
108.764099
108.754950
108.764000
108.723059
108.744735
108.751742
108.741261
108.731553
108.745699
108.767596
108.785865
108.777095
108.758275
108.788648
108.797342
108.813331
108.776772
108.780518
108.803048
108.787688
108.787342
108.804452
108.805443
108.791557
108.807576
108.793798
108.779473
108.769616
108.802002
108.819449
108.796756
108.818281
108.298280
107.328146
107.446571
107.626890
108.251420
107.938898
108.285967
108.177530
108.096722
107.874762
108.264434
108.624160
108.462300
107.397727
106.159258
106.145945
106.049920
106.775748
108.212498
106.102406
106.317393
106.172521
106.804134
108.471229
108.337501
108.053014
108.612153
108.770222
108.289168
108.866428
108.475864
108.441511
108.327845
108.327885
107.734098
108.671241
108.479255
108.595724
108.406112
108.336219
108.195253
108.643678
108.352515
106.530408
106.292664
106.159216
106.247930
108.919568
108.867710
108.662435
108.883569
109.166172
108.692585
108.205282
108.767118
108.348616
108.278536
108.560136
107.969110
108.302565
108.623341
108.053648
107.603754
107.554010
106.504332
108.873003
108.722910
108.750078
108.719757
108.739859
108.732837
108.734353
108.743656
108.740736
108.739963
108.740673
108.706794
108.737637
108.729990
108.736336
108.726757
108.283357
108.649345
108.731439
108.734145
108.746933
108.745494
108.755782
108.749552
108.740663
108.734088
108.742968
108.759662
108.758900
108.729327
108.749535
108.749218
108.740142
108.760966
108.756105
108.742538
108.787350
108.734655
108.744518
108.744366
108.738939
108.724407
108.434888
108.789190
108.835529
108.842416
108.753538
108.737911
108.778812
108.654186
108.757540
108.583467
108.570901
108.596971
108.451058
108.792021
108.743945
108.733853
108.749601
108.721764
108.726760
108.738087
108.744431
108.730058
108.775047
108.703565
108.721969
108.751890
108.770946
108.762210
108.746978
108.740796
108.722795
108.723375
108.709866
108.715267
108.727289
108.716649
108.634748
108.370282
108.614054
108.842931
108.796296
108.736473
108.742672
108.442751
108.793348
108.759749
108.387517
108.735202
108.324858
108.019931
108.287646
108.728327
108.500343
107.752313
108.120888
108.407765
108.275732
107.713929
108.200891
108.193937
108.569681
108.729318
108.677016
108.822969
108.862091
108.766265
108.834707
108.794764
109.045418
108.760898
108.759656
108.768020
108.751046
108.771232
108.762826
108.748903
108.756944
108.769634
108.788660
108.805441
108.753518
108.758814
108.793360
108.609747
108.667122
108.727862
108.744242
108.763769
108.748036
108.755056
108.770722
108.766908
108.770794
108.743346
108.765864
108.752523
108.757171
108.717231
108.740071
108.730550
108.729376
108.717688
108.714965
108.730597
108.854012
108.773445
108.775313
108.769678
108.767963
108.760019
108.761490
108.764385
108.764682
108.749952
108.741020
108.745248
108.762786
108.740734
108.750908
108.744077
108.742983
108.727394
108.719262
108.729622
108.735818
108.731004
108.712805
108.725186
108.745341
108.754683
108.747784
108.758635
108.884192
108.783580
108.757312
108.763021
108.757959
108.749382
108.753640
108.759581
108.764394
108.778167
108.770809
108.763607
108.763631
108.760301
108.756543
108.765652
108.748565
108.744448
108.792391
108.765182
108.776795
108.779801
108.796419
108.769843
108.770191
108.739434
108.754462
108.756638
108.775960
108.766142
108.764746
108.760539
108.746052
108.744832
108.784475
108.761989
108.761286
108.753300
108.762306
108.756449
108.757816
108.791159
108.798426
108.792565
108.772513
108.797463
108.818915
108.767843
108.771954
108.776847
108.772054
108.766069
108.788289
108.757534
108.754677
108.764171
108.739465
108.763995
108.757001
108.755045
108.755896
108.756724
108.762090
108.756184
108.757308
108.750550
108.768972
108.760849
108.745104
108.746196
108.764426
108.761857
108.775598
108.761464
108.746390
108.745036
108.739708
108.746934
108.736136
108.763550
108.732464
108.733750
108.740251
108.733842
108.741620
108.737784
108.747633
108.743945
108.760412
108.752103
108.763494
108.734031
108.748487
108.737131
108.746222
108.746763
108.741287
108.780305
108.793256
108.766606
108.753248
108.749379
108.717773
108.735591
108.739365
108.737221
108.743796
108.765125
108.737189
108.844717
108.742275
108.693179
108.764234
108.729999
108.716250
108.705053
108.706782
108.727536
108.746048
108.730771
108.728424
108.730746
108.737990
108.742047
108.736987
108.758965
108.746194
108.704958
108.734069
108.736463
108.750686
108.767026
108.749854
108.733799
108.757704
108.759266
108.744796
108.724915
108.867950
108.733207
108.762762
108.753865
108.745137
108.730008
108.765137
108.793465
108.765346
108.793454
108.769299
108.774821
108.786082
108.777994
108.748561
108.729278
108.732893
108.755725
108.728305
108.737999
108.725337
108.734107
108.760528
108.731540
108.751686
108.769913
108.727680
108.578127
108.768892
108.584553
108.360279
108.651910
108.684030
108.044242
108.198422
108.196578
108.564097
108.548940
108.695955
108.718715
108.691667
108.716005
108.685856
108.708460
108.697125
108.701151
108.698424
108.706764
108.709751
108.676533
108.715730
108.699195
108.704849
108.709310
108.701896
108.705020
108.695963
108.694673
108.703073
108.714187
108.714892
108.709855
108.761946
108.741590
108.732342
108.725835
108.712089
108.736100
108.727882
108.734086
108.748716
108.757818
108.751228
108.758200
108.839021
108.753959
108.755876
108.712138
108.715241
108.723144
108.725405
108.744638
108.737757
108.762297
108.764871
108.758217
108.763033
108.750742
108.730799
108.738730
108.723816
108.733247
108.722669
108.724857
108.729393
108.721929
108.725734
108.709517
108.724853
108.739386
108.751433
108.746267
108.723478
108.742818
108.737439
108.720367
108.725308
108.747500
108.722800
108.729617
108.792755
108.737064
108.747268
108.738584
108.731025
108.750316
108.725785
108.800720
108.742054
108.671409
108.484878
108.571726
108.731462
108.731211
108.743181
108.743791
108.743553
108.725545
108.735402
108.734548
108.730476
108.746749
108.753958
108.750833
108.739858
108.756256
108.754778
108.758170
108.754481
108.742092
108.738714
108.714375
108.718111
108.718219
108.722962
109.093147
108.760832
109.187729
108.781530
109.176429
109.323063
108.770169
108.762527
108.822407
108.831800
108.871013
108.744383
108.747739
108.996678
108.746419
108.741793
108.747283
108.880552
108.925984
108.896555
108.784960
108.739750
108.723842
108.728453
108.739998
108.762233
108.791374
108.786333
108.835005
108.732173
108.743175
108.746482
108.748498
108.758507
108.750798
108.743679
108.752721
108.719762
108.752116
108.710373
108.714745
108.709311
108.707281
108.713473
108.719804
108.737635
108.703887
108.733183
108.719292
108.750183
108.756815
108.742118
108.772781
108.753864
108.764424
108.758319
108.785780
108.744263
108.757959
108.756611
108.749545
108.754998
108.754781
108.748688
108.776242
108.758581
108.744886
108.758506
108.778180
108.776666
108.838675
108.768863
108.760122
108.790463
108.785742
108.735372
108.738232
108.753552
108.716591
108.762441
108.781193
108.794185
108.748698
108.771091
108.749318
108.755469
108.784074
108.780115
108.758875
108.743782
108.744520
108.752991
108.761661
108.676240
108.501729
108.513519
108.510643
108.513200
108.503707
108.545741
108.802193
108.759082
108.873461
108.746352
108.784172
108.732778
108.760705
108.760827
108.752572
108.758113
108.745013
108.742107
108.712779
108.727900
108.727103
364.021212
109.057951
108.770773
108.781485
108.809361
108.783296
108.772081
108.770016
108.776049
108.781390
108.832477
108.870074
108.854458
108.846318
108.778565
108.783390
108.798420
108.826321
108.781878
108.809132
108.780917
108.777476
108.785400
108.794995
108.778986
108.806645
108.795401
108.777423
108.765491
108.789424
108.768417
108.795166
108.782839
108.780869
108.778785
108.803787
108.807789
108.823299
108.814468
108.822058
108.964229
108.780797
108.774762
108.779506
108.802783
108.800935
108.766066
109.684000
108.539267
108.579038
108.780041
108.801729
108.746670
108.788560
108.829653
108.824021
108.780972
108.786554
106.750213
106.351584
106.247712
106.393219
107.117091
108.802472
108.811264
108.822422
108.797294
108.788213
108.787313
108.802144
108.789742
108.753011
108.793289
108.764707
108.781114
108.791918
108.764089
108.777602
108.775729
108.797992
108.766204
108.868639
108.859894
108.766006
108.893683
108.799297
108.800368
108.808182
108.803320
108.790254
108.792960
108.738074
108.815129
109.105587
108.850532
108.726597
108.771464
108.850197
108.777305
108.784528
108.939209
108.824691
108.778795
108.784774
108.772717
108.779632
108.791546
108.740082
108.755987
108.750534
108.742176
108.793930
108.770807
108.827308
108.812223
108.855370
108.808870
108.775345
108.773219
108.764012
108.768909
108.762518
108.768779
109.002352
108.768374
108.767124
108.771879
108.769271
108.766333
108.774270
108.783189
108.770248
108.761071
108.764989
108.764928
108.769132
108.776800
108.785755
108.773641
108.755584
108.757237
108.739126
108.741410
108.745186
108.779361
108.792193
108.759335
108.756926
109.416656
108.691669
108.545148
108.803614
108.565623
108.655739
108.749223
108.630130
108.813335
108.327026
108.363005
108.610932
108.668701
108.773378
108.849806
108.766841
108.714314
108.730730
108.657810
108.786586
108.769603
108.749329
108.778884
108.922388
108.848201
108.767853
109.310990
108.908506
108.879832
108.855973
108.751709
108.733303
108.902436
108.547431
108.501691
108.774454
108.822838
108.755083
108.716376
108.761078
108.738516
108.752193
108.741744
108.749421
108.767006
108.739894
108.749033
108.761833
108.797285
108.469853
108.805986
107.987333
108.138192
108.554700
108.757738
108.850894
108.022477
107.291335
108.738156
108.756233
108.767691
108.757529
108.780167
108.762332
108.785515
108.787554
108.790259
108.799967
108.794377
108.792301
108.796723
108.796561
108.764366
108.785497
108.819391
108.813727
108.789135
108.812519
108.880513
108.763645
107.915802
107.772629
108.002684
108.390740
108.220097
108.340206
108.133387
108.742428
108.807523
108.438222
107.744985
107.953706
107.801346
107.967571
108.439362
108.552149
108.532989
108.337954
108.541509
108.239878
108.321669
108.189134
108.026282
108.565830
108.769354
108.768480
108.766610
108.774741
108.760684
108.741493
114.535160
108.855896
108.791319
108.784004
108.804141
108.810554
108.799262
108.789330
108.835348
108.811233
108.812008
108.823708
108.812606
108.798574
108.786117
108.806924
108.797185
108.810133
108.808692
108.810692
108.806722
108.826945
108.795250
108.785864
108.781513
108.786225
108.793136
108.784973
108.792941
108.805930
108.820059
109.273786
108.824976
108.861332
108.851564
108.826006
108.794549
108.849013
108.810485
108.788919
108.801286
108.846037
108.805840
108.796487
108.807294
108.825044
108.791941
108.779231
108.850619
108.873184
108.843946
108.795833
108.793362
108.802498
108.807116
108.822170
108.832122
108.818977
108.830905
108.777669
108.765091
108.800140
108.805348
108.796016
108.806278
109.491058
108.784023
108.797186
108.826179
108.826050
108.802602
108.814404
109.215732
109.401576
108.925811
108.948079
108.904322
108.831026
108.853092
108.832960
108.840843
108.832102
108.830652
108.819155
108.819663
109.110118
108.858120
108.803934
108.808866
108.796776
108.822815
108.823615
108.677270
109.061778
109.052257
108.612701
108.255316
108.782614
108.788013
108.822847
109.030182
108.922147
108.830387
108.909766
108.848230
108.815006
108.821157
108.812541
108.822604
108.839878
108.822156
108.828457
108.811711
109.635395
108.472445
108.087913
108.166760
107.743173
107.937722
108.207786
108.755076
108.749688
108.799909
108.794257
108.795280
108.802578
108.818053
108.818989
108.838467
109.588321
108.728150
109.062879
108.528773
108.478728
108.579483
108.210765
108.621118
108.432950
108.247623
108.222419
108.158677
108.316428
108.346956
108.347807
108.419007
109.301324
108.900099
108.800321
108.841253
108.822779
108.843747
108.856617
108.853101
108.854283
108.848815
108.841431
108.859501
108.842851
108.845580
108.831009
108.821383
108.815446
108.915431
109.201159
109.250359
109.268577
108.832650
109.469773
109.006372
108.823517
108.793339
108.801874
109.091311
108.813156
108.844023
108.804170
108.797235
108.789406
109.409307
109.244524
108.417848
107.673838
108.169186
107.877808
109.094012
109.668847
109.278032
109.232855
108.800962
108.801668
108.814470
108.807873
108.802950
108.796658
108.888461
108.813961
108.639362
108.275815
108.099876
108.331750
108.235992
108.536460
107.857516
108.780613
108.788859
108.755113
108.759900
108.769533
108.766849
108.813085
108.795264
108.775074
109.142394
108.793517
108.791921
108.787906
108.787629
108.781244
108.790883
108.801522
108.784155
114.663518
108.810387
108.764542
108.783328
108.795466
108.778458
108.777937
108.815569
108.923357
108.789280
109.573076
108.974625
108.807158
108.782061
108.754442
108.769091
108.777151
108.775779
108.778453
108.799594
108.806722
108.788676
108.773181
108.797362
107.841874
107.951940
107.464323
107.497690
108.068701
107.943059
107.577821
108.039677
108.632166
108.774904
108.818505
107.817836
108.566717
108.280496
108.175631
108.387862
108.201579
107.785692
108.150949
107.596019
107.516432
108.190014
108.103794
108.747742
108.601281
108.101620
108.163444
107.837374
107.657824
108.235725
108.790766
108.791625
108.836650
108.804129
108.801863
108.792824
108.797399
108.797731
108.814416
108.804546
108.800406
108.810776
108.781586
108.769574
108.814773
108.799025
108.792815
108.796551
108.811442
108.815240
109.034464
108.795949
108.776283
108.777388
108.807610
108.774379
108.778894
108.775415
108.780805
108.794293
109.148753
108.813697
108.817049
108.828067
108.785948
108.771563
108.795486
108.771412
108.762957
108.789829
108.780975
108.766084
108.763827
108.759637
108.783790
108.786078
108.763823
108.789495
108.347651
108.744698
108.692818
108.779025
108.932644
108.949288
108.544908
109.119804
115.172029
108.739179
108.568555
107.620014
106.354082
106.228670
106.290255
106.283089
106.415667
106.630945
106.557204
106.768930
106.749351
107.217156
107.144465
106.662614
106.492458
106.647633
106.446610
107.461406
108.686272
108.765145
108.762180
108.773569
108.747747
108.776388
108.770071
108.787518
108.780980
108.799814
108.771675
108.786572
108.573513
108.824962
108.998475
108.832393
108.788811
108.796133
108.793718
108.800397
108.782799
108.787416
108.787560
108.798931
108.776892
108.790923
108.769597
108.752623
108.775661
108.844527
108.915260
108.786839
108.776526
108.777054
108.785813
108.768440
108.762847
108.827368
108.789011
108.789289
108.797079
108.806328
108.788512
108.830511
108.793555
108.894590
109.359010
109.166482
109.344545
109.117388
109.160588
109.638766
109.740715
109.827623
109.332687
108.774530
108.753126
108.781723
108.803062
108.794920
108.767781
108.783508
108.784806
108.810728
108.803341
108.553497
108.537177
108.634600
108.786369
108.801098
108.821918
108.822331
108.820966
108.599475
108.607199
108.819161
108.834204
108.810806
108.813918
108.828622
108.818593
109.002713
109.026610
108.940071
108.819720
108.833748
108.819399
108.832085
108.924704
108.865000
108.868069
108.840772
108.850690
108.848419
108.884428
108.811765
108.858960
108.847541
108.848048
108.862812
108.833453
108.423012
108.537304
108.853423
108.825086
108.836958
108.843884
108.847526
108.873373
108.824733
108.773557
108.741774
108.679310
108.840527
108.832308
108.862851
109.345235
109.692535
109.092755
109.034501
108.756026
108.478038
108.671787
108.531751
108.462472
108.698004
108.873903
108.682025
108.279534
108.413808
108.595226
108.531913
108.655861
108.651300
108.913554
108.800777
109.154365
108.802878
108.830262
108.840070
108.783273
108.438453
108.952531
108.804838
109.066287
109.213511
108.984137
108.991044
108.754078
108.658939
108.541839
108.328672
108.818492
108.548023
108.795386
108.417178
108.522921
108.816263
108.857519
108.500727
108.575421
108.195774
108.463939
108.560090
108.779511
108.352867
108.586269
108.914838
108.901958
109.527337
109.158841
109.213667
108.830783
108.679183
108.607530
108.797058
108.828423
108.592986
108.480554
108.592321
108.900309
108.836727
108.820727
108.867204
108.525331
108.726136
108.608119
108.718733
108.521137
108.937458
108.800770
108.893878
108.597764
108.711164
108.716823
108.841783
108.588518
108.572196
108.153837
108.497288
108.716801
108.813622
108.535676
108.870289
108.595610
108.147501
108.561505
108.637102
108.646166
108.317625
108.802562
108.997372
108.842702
108.631832
108.933640
108.862540
108.844591
109.358364
109.212422
109.176027
109.388373
109.430905
109.020702
109.254236
109.075402
108.927059
108.757696
108.586878
108.540614
108.559982
108.777492
108.517205
108.468041
107.998478
108.373063
108.548441
108.609555
108.818283
108.322706
108.462610
108.548743
108.329197
108.707838
108.713977
108.576380
108.717971
108.420654
107.967283
108.315065
107.614173
108.357630
108.317955
107.732627
107.784729
108.177128
108.497573
107.923862
108.512934
108.945276
108.836140
108.573295
108.599973
108.738946
108.811460
108.625973
108.571783
108.739589
108.605931
108.763897
108.828400
108.880918
108.863256
108.840940
108.847995
109.657352
108.823966
108.861783
108.863809
108.841941
108.842252
108.851673
108.826763
108.827165
108.808901
108.827486
108.846695
108.838159
108.852582
108.827949
108.666925
108.795009
108.874919
108.864102
108.836264
108.852460
108.840732
108.818637
108.829369
108.859287
108.840426
108.832449
108.834497
108.829658
108.849941
108.829877
108.761135
106.948520
107.689924
108.634179
108.405512
108.559127
108.068318
108.173553
108.165242
108.216103
108.119269
108.027172
108.357922
108.573793
108.360866
108.808512
108.502291
108.405212
108.371254
108.096812
108.529974
108.578989
108.458398
108.511678
108.073590
108.225217
108.793984
108.693118
108.394982
107.845141
108.534848
107.869771
108.227893
107.782551
108.826727
108.819342
108.824023
108.829558
108.836226
107.617099
107.538214
108.160445
108.320293
109.089711
109.218853
108.812939
108.136207
108.544616
108.443615
108.699637
108.445655
108.171868
108.798537
108.536784
108.849673
108.491821
108.330897
108.216704
108.310274
108.823835
108.848493
108.845648
108.843292
108.843397
108.854572
108.585912
108.346299
108.361589
108.098791
108.248009
108.809238
108.737699
106.832596
108.081358
108.351385
107.802200
108.340251
108.112710
108.816292
108.852435
108.810720
108.849371
108.820007
108.899772
108.685302
108.654135
108.805084
108.848862
108.821709
108.819687
108.818981
108.859698
108.827991
108.863799
108.739122
108.831074
108.821918
108.826177
108.824011
108.841209
108.843668
108.838485
108.859959
108.803255
108.820881
108.815597
108.972899
108.833155
108.826208
108.808748
108.831680
108.829499
108.813189
108.783670
108.692413
108.755940
108.858591
108.722681
108.735325
108.881361
108.799331
108.837007
108.832663
108.874137
108.771599
108.849128
108.838329
108.833227
108.794333
108.843943
108.472067
108.623298
107.767558
107.402244
107.534695
108.555044
108.304872
106.918573
106.888142
108.147159
108.349732
108.117737
108.325086
107.723568
108.165280
108.826705
108.842218
108.821373
108.854808
108.755045
108.805605
108.816264
108.810298
108.866112
108.325575
108.030666
107.488493
108.527150
108.996493
109.046881
108.983349
108.977322
109.033359
109.003672
109.008790
109.008910
109.002989
108.978806
108.993652
108.960976
108.961675
108.973838
109.000530
109.008163
109.013279
109.002502
109.025413
108.979936
108.962879
108.990540
108.990597
108.985328
109.009868
108.928239
108.968933
108.949762
108.839425
108.827180
108.836169
108.871516
108.874508
108.833497
108.852149
108.839635
108.829687
108.823164
108.835657
108.832802
108.827414
108.862818
108.816702
108.853322
108.827913
107.687004
108.463585
108.760951
106.392501
107.820310
108.842448
106.590269
106.847474
107.361636
107.275880
107.579846
107.627329
108.341089
108.313514
108.452288
109.008936
108.642587
108.708575
108.753332
107.033774
108.171799
108.021255
107.777719
107.849369
107.617593
107.283407
107.948285
107.715551
107.201654
107.623770
108.159426
108.702906
108.335382
108.648408
108.346665
108.308140
108.791102
108.044588
108.410945
107.775169
108.124940
108.173547
108.846942
107.339196
108.256453
108.370867
108.391977
108.485007
108.600899
108.514548
108.646131
108.337251
108.133052
108.128670
108.437032
108.587465
108.762509
108.088421
108.343368
107.986556
108.501295
108.586276
108.038790
107.877340
108.026386
108.311266
108.645863
107.571620
107.015276
107.194416
107.990498
108.819862
108.839747
107.800547
108.206126
108.774199
107.990825
107.217263
107.273544
108.060541
107.208188
107.301250
107.497317
108.537957
108.263727
107.478198
108.856915
108.857732
108.875273
108.931301
108.847502
108.840889
108.860002
108.857739
108.832618
108.867185
109.256801
109.047949
109.025198
109.001237
109.056384
109.027102
109.003857
109.047017
109.006755
109.029074
109.105248
109.056019
109.016025
109.018017
109.021310
109.017955
108.961917
108.951821
108.989454
109.016432
109.027805
109.025220
109.043406
109.010362
109.018277
108.703554
108.826683
108.992231
108.974650
109.057988
108.982303
108.933329
109.001446
109.004873
108.967303
109.004928
108.994910
109.000099
109.009828
108.958278
109.004813
108.982482
108.969194
108.903813
108.877013
108.984557
109.010705
108.991193
109.007942
108.958568
109.027622
108.983887
108.968545
108.988717
109.001765
108.957858
108.980529
108.964572
109.022579
108.963291
109.008346
108.984935
108.995469
108.717931
107.628599
107.420639
108.325586
107.934821
107.495986
107.161009
108.109423
108.989579
108.970848
109.006893
108.992636
109.031252
108.976256
108.993192
109.012044
108.997257
109.004029
109.032378
108.958872
108.971775
109.311719
109.086138
107.821886
107.697308
107.977197
108.247694
108.063525
108.183758
108.704901
108.476306
108.961444
108.178189
108.110944
108.157952
108.729827
107.483355
108.095423
108.120183
108.557581
108.405427
108.272777
108.504110
108.352426
108.424494
108.190390
108.314869
108.159887
108.259781
107.880179
108.442661
107.299269
107.380329
107.576606
108.446515
108.985866
108.831012
106.884920
108.014058
108.368674
107.184947
108.601643
108.485482
108.950602
108.279867
107.818020
108.135420
108.888800
107.210383
108.973051
108.006956
108.088292
108.182356
108.323330
108.729582
108.252077
108.733469
108.806271
108.155505
108.407240
107.779421
108.122205
108.507361
108.396361
106.960007
108.283258
108.869712
108.429654
107.483468
107.365777
107.893697
107.121461
108.103567
107.220993
107.827644
107.771636
107.714902
107.782566
109.062872
109.008798
108.986630
108.280109
108.639248
109.002063
107.012507
106.824593
106.385097
108.652414
109.031220
109.058430
109.050772
109.038414
109.028346
108.990139
108.983273
109.024642
109.024054
108.992372
108.998807
109.206438
108.980671
108.984814
109.019325
107.527044
106.782192
107.172522
108.010755
107.868489
107.865604
106.735983
107.098944
107.021533
107.581108
107.676352
107.517313
107.756305
107.349535
108.461483
108.163415
108.454908
108.099337
108.590619
108.826114
108.614922
108.434732
108.708895
108.661592
108.253979
108.144497
108.494615
108.451084
108.769800
108.848836
108.855910
108.885212
108.845191
108.836283
108.246792
108.788109
108.594929
108.862061
108.852820
108.877783
108.094572
108.771774
108.858222
108.325452
108.255566
108.823279
108.876337
108.985790
108.965711
108.813386
108.707798
108.332393
107.990192
107.739910
108.362259
108.870634
108.891177
108.910125
108.897812
108.882847
108.885086
108.790386
108.048196
108.469265
108.365031
109.101844
108.305286
108.005418
108.808582
108.444610
108.634135
107.907564
107.877765
108.707453
107.976101
108.478224
107.792072
107.726625
108.691362
108.818781
