50
31.098852
30.968651
31.741759
30.152508
29.579751
31.529200
30.429669
31.139880
31.870052
36.358039
32.650352
24.588232
27.237623
30.526434
32.175956
33.802238
35.365420
32.500291
32.878532
31.698898
29.048577
25.210530
24.300886
29.442712
31.205738
30.342762
34.702108
29.686558
24.767133
30.610779
30.705132
31.587170
30.378382
31.955688
31.324828
31.602075
31.913133
30.937676
31.524065
30.964734
30.806195
25.079123
26.618822
23.375893
23.444936
30.566824
23.607112
26.396724
30.372436
30.997324
40.622655
36.710902
31.182551
34.663952
30.649968
28.720087
31.162911
31.614261
30.731010
31.752790
30.330866
30.279680
31.534179
30.651202
29.811698
30.873127
28.104123
25.489341
23.882523
25.067963
24.690542
27.383442
23.596103
26.235155
38.142749
35.385567
30.360243
30.634361
28.448065
25.199032
31.495756
37.033141
30.748025
30.671644
30.571822
31.495881
30.609796
31.390163
34.086136
40.035596
30.075298
31.536214
30.500980
32.807836
41.127086
34.591377
31.368697
31.176398
30.663635
30.810462
32.823222
28.928390
24.448233
25.261532
24.568487
26.447395
30.911724
32.181385
30.522618
24.642212
24.771065
24.354153
26.950219
25.406971
25.803726
38.063303
39.468841
38.995000
42.058073
31.101519
30.456072
31.568668
33.723930
31.121334
31.068505
32.058587
25.128607
27.129032
32.365642
31.365885
30.859579
31.439408
31.346827
31.312363
29.577224
30.615936
30.679728
31.664532
31.672141
29.464449
23.969887
26.992348
31.316716
31.453700
30.920148
31.148063
31.057177
32.240456
31.185586
30.425938
30.790280
31.739493
32.055458
41.573147
29.529478
38.670814
39.635493
30.233265
30.913324
31.485233
32.709667
27.371536
30.695147
33.593244
31.541791
39.819555
32.303129
31.123883
23.731122
23.239581
24.289999
30.042729
25.517022
24.002053
24.225621
24.645419
26.193285
23.955352
24.307647
29.431529
31.780195
31.779917
31.826735
30.436475
32.125346
35.611372
23.980976
29.415247
30.342069
35.280402
32.982306
31.360584
32.410114
42.616286
40.974643
38.352442
28.703470
24.894657
23.917541
31.075509
31.387676
33.180947
31.592148
33.138739
32.792073
40.491513
33.379179
32.947576
34.253773
34.613685
42.023660
39.916657
35.009647
32.062860
32.740449
32.541471
33.301563
31.281616
31.407577
37.151661
38.125676
32.546308
27.223132
26.802226
26.671795
27.599752
33.919664
33.664678
34.194508
28.426836
28.278743
28.248079
27.345515
28.961113
35.521298
32.105833
32.209029
32.373057
33.297541
32.951163
39.209475
35.185365
42.960879
32.368463
34.568569
32.379486
32.497085
33.186610
33.239896
37.815950
36.352334
32.478513
32.845144
39.570983
43.242044
35.071129
31.957250
32.609990
40.189447
42.901980
41.277499
42.051593
38.200973
33.126153
33.034511
31.902626
33.245315
32.551712
32.698430
34.472196
32.905464
32.891275
32.540255
33.706941
27.588157
27.452611
27.142839
28.779900
32.280422
27.277768
25.518293
30.954459
31.186602
33.976702
34.224909
33.546016
29.502868
32.345145
32.665723
37.966817
42.378076
33.033437
32.463298
32.627117
33.034290
31.527211
32.044069
35.737902
31.729787
33.887894
38.651690
39.044265
27.255669
37.975378
36.283004
28.525278
31.563537
34.503880
34.624670
33.240407
40.386097
37.899154
32.523270
33.306060
30.811074
27.882363
32.226901
33.461012
33.678106
39.806441
39.008132
25.610445
26.475576
27.543647
31.412030
26.603391
28.488804
30.112597
25.810117
26.754965
30.838456
39.198727
38.017689
33.109047
33.009722
32.936908
33.835199
33.551524
32.875994
33.102034
34.944949
35.500247
33.340375
32.852508
33.889774
35.735742
34.055942
33.313463
31.932773
34.126343
33.565864
34.027743
31.774854
32.276447
32.092991
32.670743
32.692282
33.237026
35.324073
34.138780
33.199292
33.954850
32.667794
33.589414
32.568878
33.238526
34.846602
33.721614
31.772412
30.795552
27.936434
26.491540
40.681779
37.329135
32.836433
38.067941
37.118641
34.107375
32.466153
32.981386
38.555682
42.020162
42.844985
38.340358
33.032019
26.798372
29.244451
33.173201
33.904728
31.465831
34.600483
34.655681
32.958092
33.023847
32.589313
33.025489
33.251801
32.383856
35.312159
33.278763
31.622463
26.715603
28.550631
36.325698
32.687473
30.925414
31.327101
33.443745
32.470551
35.861108
31.248110
33.299999
29.800194
27.481999
27.738790
27.617508
33.777040
33.332975
31.870461
31.073921
42.038251
31.024796
39.085140
32.116185
32.622636
33.558382
34.148516
34.678918
34.676965
32.691815
33.678123
32.257167
33.554125
33.754843
35.343922
32.389938
34.953822
36.262046
41.229396
33.727692
32.667445
30.091163
27.459614
26.854456
26.376288
26.413951
27.020868
32.377236
32.378598
32.135542
32.303443
32.366934
30.923025
32.310461
32.741780
26.374818
25.355959
32.617639
32.043580
41.042073
36.286337
29.942285
28.256394
33.744437
33.654717
31.446381
27.577106
25.737812
24.954686
31.034950
31.153436
32.737400
32.868218
38.484155
34.533141
32.063297
34.210147
32.511265
34.391718
32.434776
32.313988
32.542227
33.013845
41.118276
38.362151
33.775724
32.498141
33.215912
32.302623
32.826493
32.350008
32.893907
31.731108
33.022367
33.533103
33.548995
32.495078
32.177172
33.335329
32.857807
33.662205
33.155979
26.298174
27.035200
34.178301
32.492853
33.997988
32.372227
33.226387
33.522525
33.850854
33.770165
34.050934
35.182222
32.171095
30.139112
33.226623
33.606506
32.482891
33.117978
32.286312
33.845872
31.323268
34.970189
32.618631
34.256092
32.540547
32.501645
33.028596
31.912142
33.077655
32.505970
31.924485
31.362502
27.468999
27.575013
27.060533
30.523382
31.061387
26.161252
34.095494
34.332565
34.444748
29.311364
27.379444
30.851523
35.732622
33.833797
34.817513
34.314111
42.405506
39.380933
32.804100
33.163814
32.300023
32.230765
34.319229
43.555886
37.817436
32.491302
33.442584
31.371117
33.629623
30.589446
33.994366
33.867936
34.603573
29.751981
27.283970
26.565462
26.827452
32.884885
34.126192
32.902579
33.578627
32.813856
33.107523
34.834653
32.712497
34.273617
32.719057
32.675458
34.006010
33.197698
33.588692
34.052155
32.579720
33.017734
32.969915
32.538091
33.158100
31.150161
34.630459
33.571750
33.402975
33.566855
35.908624
27.480153
26.958109
30.891140
32.843851
33.013961
32.378026
32.178935
33.435898
33.101979
32.018024
32.281972
29.568072
33.633999
32.755051
32.830012
32.475650
31.350402
31.229415
29.431378
28.813925
32.333138
29.137863
26.328562
27.396467
27.708574
30.356576
38.190972
32.743292
33.838618
32.925395
33.578830
34.271977
34.182081
34.261972
33.281978
28.402254
27.100544
31.379689
28.718945
28.597887
28.132169
27.906324
30.060172
43.053333
43.320196
32.788975
33.242761
31.668970
33.498492
32.426617
34.828482
32.355535
32.062872
27.548239
33.623256
32.727736
32.673140
37.426775
38.424723
32.952307
30.092762
33.858089
35.107281
33.063850
32.503145
33.051469
39.534096
32.942755
32.898410
41.291669
36.226655
32.717234
34.499804
42.665308
28.064564
26.857755
26.543626
28.668073
33.118189
31.395765
31.566443
32.793187
31.580920
31.705856
32.626487
34.067060
38.085467
40.069469
31.653010
34.537803
34.651599
43.232923
32.071471
42.878526
36.800001
33.402228
33.316061
32.266386
30.083957
25.840187
34.261646
37.115788
33.837957
32.517263
31.824191
33.617017
33.884052
38.710837
32.495572
34.574797
33.721024
33.561555
32.191005
32.394634
32.814486
34.963485
31.788964
34.443362
33.341041
33.354083
32.534777
32.198471
33.353973
29.004528
30.692556
28.676715
26.488765
30.043622
33.621007
31.377946
27.673050
31.703322
32.313795
33.118528
32.698271
34.318103
31.520203
31.375494
26.891278
31.701656
32.637379
35.529570
39.871748
42.355193
36.854162
40.828613
31.922671
32.528783
33.385941
28.343063
32.724193
32.716074
34.091666
32.351434
33.290997
32.986322
32.632048
32.110136
31.735244
40.250934
41.261248
38.298142
34.190556
33.972909
35.252099
33.072267
31.974095
32.704912
32.511157
34.506578
32.444178
26.887141
28.700110
28.008983
32.021694
32.630411
33.766674
31.435587
32.358910
33.385463
33.309479
33.358604
31.313952
35.397191
32.258021
39.214432
41.323656
36.064338
32.531853
41.742686
34.863778
33.502751
32.896014
34.144629
35.422579
30.021165
27.794123
33.450340
29.113746
28.504114
32.634472
36.085364
34.279103
34.408720
33.316260
36.451548
43.238573
71.756533
29.941098
31.430868
31.531594
40.825250
32.119588
30.157347
28.862981
24.365360
35.591107
35.736600
29.965841
26.704257
30.525985
27.143204
29.314769
31.497057
30.559816
30.099595
30.294697
32.501370
31.349963
31.055545
31.370241
30.957099
24.654328
32.720488
30.839939
32.578577
35.677599
36.012093
31.329690
40.459329
31.471064
32.128468
31.121458
32.955107
31.139591
31.664904
32.266885
30.875720
31.304781
31.139548
32.286757
30.907220
30.921407
30.877054
31.150556
30.887271
30.543176
30.741560
30.555887
31.607878
31.701275
30.756348
32.673050
41.989581
32.494318
25.738246
28.346966
32.107231
31.994352
30.982328
32.041209
30.937021
30.435457
30.655250
31.749818
27.005893
29.457837
30.691745
30.497984
31.499100
30.628870
32.554170
31.411960
31.045671
30.548916
31.561312
31.155092
32.129656
33.886707
33.262959
32.797371
33.224642
32.985706
33.218869
33.859589
29.446628
26.684485
33.804058
32.389961
33.501691
34.935345
33.434798
25.506015
27.062569
32.138140
33.547811
32.373801
28.034507
28.192640
27.744920
30.332507
33.078135
28.273700
28.375188
32.031973
34.322065
31.370741
30.893708
34.182496
34.461769
34.068228
33.458473
33.257243
33.321172
31.445700
33.600900
34.139555
33.748265
33.938544
33.270067
32.598064
32.630028
34.371613
31.467396
26.795820
32.436289
32.592384
33.675201
34.751885
33.490543
33.590965
34.883303
34.340549
26.150663
26.930094
26.878699
26.476434
32.067375
33.910753
33.391139
41.347142
43.429546
42.515555
42.348651
41.779719
36.177939
30.767956
32.291018
27.011276
31.402721
32.345117
35.146533
41.567184
30.832007
28.697369
33.677281
31.811165
31.319633
40.227026
32.876406
33.179654
41.354777
42.815037
38.653950
34.892295
31.942035
30.952646
31.856378
33.914139
32.256124
32.419327
33.574110
32.652547
33.278462
31.744995
32.691319
35.259313
32.382219
31.344853
34.975513
33.702615
33.521521
33.518527
33.565413
33.844876
32.991331
34.223438
34.821569
30.865215
30.629928
33.722380
30.629032
27.694699
28.938876
33.456067
33.493010
29.142950
28.133288
31.165590
33.593397
32.744137
31.412817
35.694883
37.949040
33.495740
31.209981
37.907803
37.113488
31.369890
34.033895
33.571747
32.182412
33.262637
33.445853
33.689125
35.309821
33.926505
33.809385
32.047924
32.593943
32.695833
32.214082
32.270597
32.787082
34.227466
30.460124
26.914224
26.251283
26.833347
26.318601
31.678504
32.413088
30.753559
32.854044
26.832448
28.413503
30.754496
25.638753
26.109079
32.350905
29.053443
27.217665
32.200573
33.802850
31.682697
33.757652
33.478477
33.793103
31.938840
31.724787
33.887160
31.323512
30.618607
32.011225
28.284188
25.641201
32.060828
33.211871
27.460989
32.035402
34.521658
39.376705
37.301302
36.984311
37.516449
31.711615
32.240821
31.273517
33.459314
30.115166
25.497985
25.930072
26.367410
30.448199
25.960575
26.740218
33.419628
32.712052
34.057465
38.517791
32.487397
31.570642
32.822058
32.997610
33.974564
33.556203
34.533610
33.192020
32.979005
33.457482
32.306777
34.492141
33.153113
33.547268
38.591723
38.847146
33.781848
29.810743
27.500460
29.430368
32.824873
30.808399
41.940003
33.148765
31.626658
41.393476
42.617359
32.592776
26.853668
28.292697
33.719358
33.373676
32.849479
32.904708
32.281352
33.040061
33.603139
32.907614
32.797598
33.594902
33.840186
33.835444
27.954606
27.008139
26.453310
32.350467
39.188388
37.181953
32.988411
34.534300
33.718131
35.551689
34.409965
33.266234
32.144737
30.949613
31.127243
32.766775
31.500578
33.694770
32.973462
33.698319
32.998266
39.275603
38.801781
35.328550
42.155756
43.702173
42.895392
42.648447
37.444043
34.280848
32.658885
31.555541
31.587407
32.094235
32.898178
33.043162
32.845812
33.529747
33.071687
39.364486
34.607157
32.955212
26.500161
26.432013
27.580399
39.555041
36.285740
33.611129
32.046818
32.745745
38.403351
35.803502
32.635734
33.112926
32.984905
33.887371
33.362315
32.911028
29.121976
31.597092
32.332466
32.661523
32.817589
31.184819
32.430959
33.051656
32.709178
33.583468
33.615413
33.071456
32.500561
29.847268
26.900801
28.054702
30.297529
32.564885
32.051105
30.356947
26.483266
40.764599
34.331300
35.317084
32.537111
38.146108
40.897461
34.483363
32.536043
33.053811
40.073928
32.261997
36.875451
38.410364
32.538492
32.586669
31.741388
32.717593
32.743691
30.420071
26.457370
27.292713
29.988643
32.943489
32.757905
33.416390
33.184475
33.832599
33.331081
32.105767
29.629944
26.809691
25.764085
29.071988
32.589769
34.799247
34.049758
31.293158
39.328998
36.333137
33.744610
33.517122
31.847326
32.947091
33.342733
33.660688
31.884623
32.662360
33.053082
34.438202
33.886855
37.223801
42.646649
33.144337
33.188618
40.971451
42.612354
28.658059
27.307872
30.724085
34.415350
32.777657
32.146808
34.127382
33.259443
38.366491
32.863265
37.306402
27.953512
29.392788
32.432007
32.501084
38.235480
36.318805
25.731376
29.108254
35.357628
31.988108
32.013050
29.705269
29.804841
33.009240
32.832658
33.144826
32.037987
34.087999
42.406653
43.632939
39.186760
33.032931
33.401256
33.079024
26.791724
31.838170
31.984617
31.867920
32.142372
32.830829
33.096000
29.863259
27.116235
40.288598
37.507062
38.681119
33.049205
33.700164
32.100654
47.368750
35.030385
32.902447
33.208604
32.208121
30.146829
31.546318
35.395336
33.733151
31.890988
32.106171
26.166229
31.852666
31.382529
27.613806
30.112543
38.224575
33.866822
33.648014
32.791457
30.346081
26.881459
29.393315
33.387801
32.470638
31.707578
32.552563
26.584560
33.142315
35.248665
33.172699
39.634027
38.883382
31.977842
31.994441
32.299204
33.582338
32.830550
27.789334
28.628000
32.979060
31.991554
31.843395
31.537109
37.071417
42.831658
40.891484
33.317006
33.033345
32.176289
33.929150
32.575000
32.298459
31.140129
35.182146
31.806345
32.206664
33.027394
32.746244
33.641860
32.466328
32.398040
32.784105
33.233280
45.205275
37.671525
48.363553
37.948431
42.573492
32.637390
31.948119
32.520820
32.549787
33.109399
33.142726
30.797892
27.076779
26.913228
31.564357
31.826955
32.435158
31.478444
32.351107
32.053735
27.033088
28.663061
32.496020
34.454876
33.713075
31.879467
31.510749
33.251516
33.803816
34.225501
33.058179
33.468621
34.635736
33.620603
34.484701
30.057902
27.112537
28.055660
26.000517
29.597892
28.560301
28.646003
31.633940
33.631374
34.641935
33.290512
31.960913
30.764701
27.715381
26.772699
29.948542
26.607500
25.711371
26.832948
33.102321
32.972053
32.891826
31.303758
31.565501
32.030591
31.730663
33.925861
32.218818
34.256160
34.679481
33.620784
32.159302
33.279540
31.884708
30.879750
27.622227
29.887973
34.463304
34.704235
33.575537
34.730538
39.937091
35.673459
33.483135
33.645738
32.433378
36.995018
43.107309
35.402403
33.226845
33.180362
31.912181
32.125427
32.478326
40.574454
41.516660
34.725937
32.797147
33.192848
32.265047
34.436405
32.822623
33.109750
32.490375
33.661973
31.713948
31.712927
31.608055
26.994248
30.623257
33.313398
32.453963
33.014234
31.133341
33.789510
32.784037
26.857039
28.756834
32.682997
42.732406
45.164317
33.107709
32.999718
33.743910
33.140395
33.163903
32.940013
31.370023
38.277137
43.084632
39.672298
42.077452
34.977963
26.773568
28.900073
30.988130
31.281069
31.137317
27.336608
29.329144
26.743194
27.935170
27.311474
28.533878
27.606335
31.201659
31.911770
31.965413
33.888004
34.587137
34.636097
38.942486
40.312230
34.418522
32.619634
33.957322
35.405660
41.114151
32.415988
32.228978
27.221120
28.613919
27.478066
29.710275
33.083152
32.465893
33.703599
32.744956
31.911607
32.659148
32.701659
32.687792
32.197224
33.282967
32.875954
39.214991
31.583262
33.424074
27.642869
30.153429
29.928173
26.296395
27.228523
30.498098
32.285109
32.817689
31.314576
32.035762
34.636131
27.600081
26.765769
27.537860
33.583910
33.459293
32.726245
32.784422
31.135771
31.928684
34.146023
32.717816
32.943834
39.057751
38.945091
36.248940
41.863746
32.557277
32.150561
40.082564
36.876561
32.627878
32.656626
34.265117
33.310960
32.180637
34.095558
41.777822
39.859806
42.368127
37.529601
27.028557
27.542005
26.651256
28.524869
27.269994
27.565024
33.600171
34.508890
33.391789
34.615420
42.393505
70.399526
27.842647
31.560850
29.346352
35.836727
27.975284
37.846373
30.290841
30.418135
30.591545
30.596295
30.348070
39.271126
34.520382
38.948900
30.016562
30.834263
29.979106
30.662100
31.564458
38.822226
33.585392
30.407809
29.906162
26.881812
25.143045
29.741623
30.773200
32.868216
30.254495
30.269298
31.150317
31.418498
30.726818
31.184636
26.855793
30.855521
26.843447
24.351807
28.276706
30.888794
26.818357
23.200473
29.205576
25.135237
24.735922
30.531931
30.611642
31.625434
31.780108
30.989306
30.544062
31.637167
30.573019
31.255277
32.079927
31.352657
32.423101
39.575560
38.659300
40.193970
38.375669
34.425489
32.718623
32.286116
38.384654
30.598766
31.687224
23.890903
23.187973
33.736241
37.282601
39.021465
33.657522
30.450538
31.260803
30.692322
31.410441
32.902425
30.591407
30.662371
30.356626
30.393049
31.028756
29.271455
30.302957
31.231939
31.477448
27.010639
26.460597
29.476501
32.582435
29.568122
23.608244
27.330329
30.211208
42.354365
36.052990
40.713202
40.565323
31.838267
30.424574
30.085972
36.424575
38.724825
37.920918
39.367100
30.364704
30.714713
31.180752
31.054168
30.381872
31.044489
31.362816
30.959257
32.470300
32.250538
32.918347
28.712140
28.012391
32.072926
29.649528
25.326234
25.999575
30.774707
32.815098
32.526071
31.643294
30.388225
30.839902
33.738029
32.965460
43.231043
32.557573
32.443380
40.220098
30.931211
30.525219
31.378914
31.265070
29.725809
33.676621
27.133241
28.309676
31.640617
30.669193
31.209350
31.889265
30.075436
31.097555
31.872004
31.264942
35.716785
36.754451
30.887544
30.157331
32.298592
29.950329
28.382799
25.369158
23.842252
29.582531
30.971518
33.820288
42.325203
40.593669
41.608726
33.988485
24.891154
29.815915
30.831296
24.423751
29.107459
30.422737
30.780975
29.962329
24.772806
28.730007
31.462568
30.385647
31.355659
31.571822
30.258920
29.485033
24.342788
27.141752
33.714797
28.381121
27.589181
27.954032
26.486933
27.222834
30.987789
32.794140
31.661289
29.783524
27.396071
27.922823
29.252311
32.954570
29.847760
30.736230
30.597003
30.771652
33.863734
28.928960
26.842020
28.991875
25.877636
30.723727
28.601777
27.121271
30.513531
33.813560
33.367801
32.638108
32.934727
32.289402
32.185397
32.518987
34.243461
38.991464
36.145046
37.112349
35.248841
32.954315
33.594423
28.088225
27.859456
29.171667
39.796370
36.740971
33.463684
33.384229
32.830421
32.938378
31.596766
33.192043
32.205928
32.532522
30.932586
27.976919
27.983598
26.437998
33.007602
31.305821
34.350102
34.162146
33.175002
40.401344
42.804650
33.090559
35.522165
38.881601
31.537523
34.645333
32.289036
39.494426
36.663922
36.607092
34.446229
33.044097
33.467101
43.117038
41.171666
30.930405
28.524937
26.811551
31.926676
31.831751
32.514946
33.792086
33.460733
31.720361
32.963206
35.053299
32.689110
33.720547
32.911574
34.193423
25.881240
33.219182
34.918255
33.198900
32.100485
32.750500
33.214592
33.643439
32.920689
33.509339
33.767574
33.548758
32.279340
33.079953
31.424164
26.481479
30.001969
31.618072
32.359347
34.366841
33.768205
34.147310
33.865010
35.202257
33.247910
33.455960
34.364527
33.185735
33.650484
32.083255
31.883382
34.401928
31.969429
33.288518
27.634919
28.684602
32.951300
34.202602
37.508434
42.261747
38.354171
32.047561
31.107734
32.486136
34.770132
33.728836
32.979464
32.030071
33.985670
34.572366
33.462891
32.538383
32.407471
34.253714
32.929834
35.927355
34.375805
30.837530
34.396867
40.274251
35.309097
32.357189
34.724018
34.389852
34.381701
31.452201
34.996872
32.319318
33.076274
42.260404
34.201916
31.948461
33.305887
32.579095
34.659868
32.636360
32.175758
33.858749
32.379851
32.024065
32.785726
33.173011
31.796348
31.214415
31.944712
33.879840
33.928527
31.499448
32.445657
32.053285
31.493191
35.091708
33.581258
41.998424
33.399360
42.006629
31.973567
28.980121
35.008924
34.140663
33.161220
33.272637
33.861269
33.189132
33.659269
32.389883
32.440772
31.618417
32.751855
27.205953
31.073013
26.795946
32.231145
29.714453
26.076875
26.743672
32.921730
31.429614
32.914627
31.526329
32.340399
42.116322
32.852196
33.998286
38.331198
42.513256
42.156470
29.902471
30.999135
25.955587
30.972362
33.082829
32.841230
33.205638
31.714129
31.319004
27.167999
26.706716
33.563155
33.234160
33.490067
33.568327
32.410876
32.172064
34.986137
32.922995
33.021331
31.559266
33.810445
34.132789
34.853385
33.572924
33.279500
34.777281
32.097332
29.793538
25.955664
30.075276
32.967493
33.518174
33.297559
34.937271
37.706824
40.838589
29.953030
37.457641
38.335797
33.545253
41.170118
32.373573
33.472367
33.507667
32.601568
34.225825
40.313885
40.318472
32.072662
31.566388
33.879732
33.062209
33.606677
33.463778
33.511445
33.484631
32.413790
33.782257
33.366829
32.804403
33.468441
32.789915
31.721673
32.078046
27.020862
27.102779
30.963101
32.742969
34.255958
33.994155
33.016474
34.484271
32.282851
37.487329
34.496970
40.718968
40.371792
37.590401
33.447654
33.023645
32.332834
32.027918
31.347552
33.914792
33.211046
32.439203
33.162867
32.788666
32.713789
33.237279
33.259405
36.088384
31.649396
34.769562
32.666512
28.124291
25.236760
27.844856
32.296442
32.236535
32.565927
34.288615
34.410356
33.263493
33.404636
33.941152
32.970860
32.810583
31.458759
32.620029
33.084491
42.156158
33.803812
31.978062
33.608289
26.290650
31.770071
32.851635
31.790145
31.342654
32.850165
33.518080
33.421929
33.868503
35.691534
32.629501
33.241959
29.825384
26.163518
31.413610
31.440888
34.231444
32.403973
34.295062
33.058526
34.074333
32.652409
31.937097
32.058929
32.554953
35.422314
32.928297
32.290525
33.082805
31.863862
33.565126
32.314930
34.206931
32.808928
33.451597
32.078918
33.081214
32.891530
33.396434
33.444809
33.179317
32.760415
32.163242
32.742383
33.714570
35.508286
34.274383
39.730585
34.721426
34.258804
33.360396
32.223640
29.477920
27.678676
41.939085
34.967658
32.152755
39.567168
38.920647
42.694090
38.200256
33.321318
35.894460
42.622433
38.620310
33.137613
26.980322
31.301115
32.941722
32.995738
33.692749
33.724552
37.143566
39.486390
33.539814
32.590661
28.820357
26.188623
26.924633
28.267713
33.111964
35.278862
32.389732
33.908926
34.174763
34.691986
29.378835
28.053508
28.252669
27.602667
28.188506
29.060292
28.630031
36.038469
37.631450
34.914844
40.869460
33.937526
29.233014
31.068442
26.739445
25.879613
26.655884
28.971204
31.994316
31.766884
34.389626
34.342305
36.185025
42.399863
42.490223
34.421596
41.747513
27.515914
29.694668
33.983538
32.343407
32.250915
32.196030
43.025655
37.149260
42.326856
39.959232
42.236718
34.227538
31.889333
34.019315
33.764039
32.605010
32.272195
42.002946
32.162606
31.780459
32.919253
41.991644
41.852734
32.801673
33.749191
31.556575
27.551005
28.999219
30.471681
31.682632
32.520203
33.241117
33.625515
34.517859
32.923148
32.896919
33.735680
31.706358
26.896483
26.679415
31.852156
33.068664
31.751782
32.183366
33.972757
33.225751
35.391913
32.788415
32.349322
32.402498
31.556410
32.582235
33.470913
33.330881
36.461111
32.909898
28.694615
27.173255
31.905320
34.017052
24.952595
38.085533
34.962039
31.693159
32.681412
31.983398
28.484414
32.248435
33.145082
33.013990
35.112858
33.541154
27.114197
28.434992
27.034070
26.103098
26.136289
25.655160
27.000884
28.174826
32.045580
29.384432
26.789564
27.904614
26.964208
31.782180
33.881415
32.294946
32.073661
32.704545
31.918213
32.734715
35.201988
42.098325
35.106499
34.275622
34.819511
32.780163
31.828543
32.402725
32.195079
33.077075
34.719066
34.558417
38.948740
34.052749
32.195798
31.412746
28.794348
26.499940
29.089577
26.464507
32.710468
35.509736
38.041529
32.742792
35.019997
26.933714
27.347401
31.255777
35.375877
32.789284
33.236452
33.801447
31.183459
33.178073
31.721365
32.434744
27.238951
25.374372
27.075460
28.783294
25.829001
31.714759
33.077637
33.797358
34.580875
33.234811
33.048678
32.948562
29.722876
29.070003
32.536038
42.401456
46.392543
33.386668
33.051070
32.741331
32.511424
32.330181
32.458391
39.664771
34.415104
32.390906
33.164023
33.552984
32.957054
40.708295
32.951222
32.617365
36.550468
35.859537
36.350723
57.227233
24.743979
28.559520
31.675447
34.134939
42.599802
32.644916
30.041285
31.744771
38.752199
31.115788
35.535907
39.173205
24.829917
27.502929
34.082984
36.198790
30.993853
30.109501
29.090481
23.582124
25.036207
26.781190
31.520804
24.049411
27.092258
32.329749
29.580341
25.114601
29.985542
29.390962
30.803638
30.760599
31.932556
30.371071
29.357973
30.112585
30.980324
31.989048
26.810917
24.225572
26.207855
32.671829
30.977798
31.855322
27.471207
25.349305
27.567494
33.842427
30.785876
32.757693
30.194146
30.574463
38.071493
35.121772
32.201582
31.367211
27.056650
25.416175
31.040716
31.662339
31.548133
31.801177
29.252177
31.423487
34.387912
41.564773
37.210381
31.245594
37.773861
36.784431
40.907266
41.572032
32.900565
32.251455
24.391376
24.166714
33.324319
31.520785
35.210469
32.678747
30.907293
31.002014
31.477393
29.703081
30.946547
32.023638
30.581528
31.541413
30.868708
29.325835
29.996543
31.048899
31.238542
32.801729
31.501660
32.248108
30.943216
33.156620
33.079782
33.574054
29.590801
25.751569
25.451449
30.391609
31.812427
31.611594
38.162892
35.026722
30.381329
31.830888
31.863000
31.019143
30.427181
24.598456
24.932173
29.672187
31.219752
32.270572
29.484243
26.528564
27.443788
38.175468
31.030486
31.274757
32.066064
31.829411
31.723107
30.722040
31.636521
39.522343
34.467852
29.983111
30.891013
31.573393
29.436297
30.884097
32.368130
33.179183
27.332577
29.954194
31.657321
33.823681
32.980912
34.290564
32.728790
31.820023
34.802151
32.993935
33.050138
32.004459
31.724502
34.793194
32.742402
32.194083
31.101325
33.442194
32.470408
39.922865
37.304418
36.254434
44.846851
28.306104
28.285369
27.933906
30.938058
31.157364
31.367538
34.189132
33.409456
34.394704
33.273076
32.169830
32.437261
33.987320
33.241987
33.676126
38.753534
37.310177
39.373350
33.347328
33.686636
34.765032
33.192668
34.131422
30.916117
31.649411
32.840984
32.287718
26.542375
27.443281
29.026975
32.492221
26.895676
26.311098
27.116533
27.629176
26.808632
27.674872
25.958287
32.843042
41.520804
36.062640
32.610699
34.188127
32.739912
34.872611
35.540701
32.645630
34.003871
32.296414
33.869129
34.051406
32.428064
34.404348
33.232219
31.931987
31.203653
32.952689
32.325493
31.896735
26.839486
26.697943
33.825583
35.353123
29.956966
27.163025
27.121088
30.089409
40.536602
41.117903
38.431908
27.333115
27.278757
26.935660
27.840042
31.041819
34.037161
32.196030
32.540207
41.712863
42.817646
37.469525
31.544161
33.026729
26.885266
26.377263
27.078108
33.089266
33.763644
26.655578
28.834591
34.263619
32.981241
32.844042
32.949207
32.248525
30.991418
34.274615
34.241501
33.458781
31.986107
32.519167
33.175084
32.079013
31.130062
28.027535
32.893417
33.401341
32.947082
31.969736
31.756383
33.211605
33.689934
32.621193
33.034444
33.337773
33.746164
33.909973
33.067499
33.906934
32.740197
34.336514
28.369429
27.096095
33.254510
31.830798
29.860425
32.568103
33.026265
28.675599
36.402652
48.467495
48.858770
32.193234
33.238606
34.695540
41.576106
36.435986
32.788277
33.168358
31.128612
26.937736
27.763549
34.286711
25.918634
26.446066
31.354495
31.031649
28.562971
33.086866
33.656846
27.635695
29.311895
29.102846
26.932012
27.711146
29.870374
34.357824
32.594887
32.883693
33.775622
32.967224
33.245807
34.182763
34.871823
34.217830
32.587888
37.416783
33.724908
32.724726
25.391449
31.079954
32.199552
34.490878
32.186499
32.192884
27.284449
30.033177
42.521383
41.687930
32.058872
26.961533
26.374515
26.618517
31.949173
32.081511
29.007499
26.595466
32.864170
28.623287
27.773556
27.831945
31.921160
32.458771
32.759559
32.992653
37.974734
38.014593
34.967508
37.375338
41.805372
35.210666
32.332762
32.086952
30.319836
26.749252
31.186798
32.621119
27.460910
32.468066
33.862138
34.634717
33.660152
37.390143
35.392084
31.729856
31.942226
35.088442
33.931055
32.385521
38.800377
37.759661
29.385219
33.052950
32.876380
30.753038
32.716012
30.990293
31.059628
28.674376
33.176191
33.093119
33.167975
33.826440
33.329010
31.539811
32.985950
37.480725
30.576051
32.466547
34.417513
44.311103
39.648394
30.973240
31.481887
40.733002
43.593715
42.975427
43.170587
39.399690
42.140632
32.074484
31.188663
33.412969
39.546841
34.120430
33.580746
32.819486
32.297356
34.386860
33.703642
31.749708
30.993635
31.963074
33.961272
33.381110
34.218360
47.228572
34.625140
33.310625
33.451879
33.391400
31.692102
33.354989
33.621491
33.181036
28.353289
27.641519
29.737272
29.401553
29.154771
28.637225
34.333241
34.963960
26.380027
28.435743
27.794918
29.862890
27.896879
26.985959
32.518978
30.740179
27.265943
25.975532
25.625573
26.062342
30.118157
33.697757
33.896274
33.064848
34.030698
33.011886
32.499365
32.266791
32.797537
31.567733
32.006585
34.050456
32.991719
33.318335
33.656156
33.190398
32.897051
32.127750
33.925526
33.212002
33.204352
33.491917
34.058298
31.739178
26.415162
27.718508
32.071950
32.789870
32.509919
33.491265
31.129764
33.499892
41.560119
32.620083
33.417074
32.646405
26.275314
26.013690
25.709677
25.105931
25.422996
31.531253
26.663478
28.041000
33.600848
31.841706
32.978108
35.670813
39.839715
39.436694
32.566983
26.633801
26.509605
37.550751
42.398968
39.736273
35.043071
27.432337
26.268549
28.518740
31.793016
34.000500
35.040390
33.573987
33.392474
33.830704
33.346305
33.050973
33.041233
32.726218
33.398462
40.056043
39.588218
32.852037
33.148054
35.091157
42.230427
32.904774
41.027001
34.921629
33.048806
36.630901
33.038982
35.833013
39.063293
42.334028
43.189199
34.330533
42.773526
35.255890
33.733292
33.195940
32.804694
35.397446
39.894611
34.332030
30.155948
26.305035
29.127679
33.798449
33.077150
32.132276
32.450167
32.664460
32.778545
32.919130
31.642459
31.242744
33.231875
32.557267
33.680163
36.609927
34.680282
36.189340
41.280361
31.205430
30.973413
33.327112
34.626101
32.507537
33.669200
33.421314
33.986274
31.770618
33.246903
32.476428
31.063580
32.094841
34.111295
32.432419
33.907215
33.528502
41.713461
42.309550
32.676195
32.865155
32.178860
26.734318
27.840394
29.196690
27.718388
27.055656
27.401544
27.430885
29.904422
31.936546
39.981838
37.883173
32.972850
34.519535
34.873978
32.485982
31.972345
32.970091
41.070424
32.877343
33.680425
32.402008
27.051855
29.771839
31.419151
26.699693
27.156436
26.868122
31.631581
37.289875
42.687956
38.538052
43.013616
42.071095
33.199070
34.053704
37.765420
41.415938
36.182173
32.718761
32.602493
33.652185
33.615310
33.308672
34.736398
31.636720
25.926588
26.702009
30.149897
32.620254
35.177756
33.064463
31.875247
33.307975
31.583662
40.625926
47.453635
36.180483
43.596527
32.738203
32.722623
33.364395
31.671465
32.104533
31.528113
31.928669
32.398076
33.879548
36.769272
39.206497
32.221220
34.157963
39.903014
34.450688
31.436503
32.859907
32.621983
33.180051
31.954540
33.442995
31.183416
31.576162
31.972982
32.994240
28.594024
27.921521
30.479956
32.697373
32.598778
30.449349
35.933663
41.896690
31.832177
33.074337
33.919080
33.545111
32.941803
33.072414
31.967146
34.262743
33.453628
33.552314
38.214350
32.898734
31.594146
34.258459
31.591730
29.292627
25.757393
32.300686
32.019591
31.778504
33.506611
32.613818
32.252213
34.633176
33.002142
31.876922
31.691935
32.123719
32.947856
33.948237
34.404152
32.483568
33.992986
33.073129
30.656455
31.180525
31.656532
32.648367
31.719951
34.481310
34.445730
32.570043
33.629549
33.029003
32.025486
32.272315
32.790287
34.397239
34.165239
32.547559
32.986700
33.886527
33.688620
31.576205
32.152099
32.733777
33.045582
32.632382
34.489168
32.229848
33.948176
33.688598
31.653269
31.496796
33.766581
35.051839
31.395715
32.179451
33.994486
32.465342
33.090708
46.492866
33.077267
29.584592
28.813283
34.150987
43.264771
39.081549
42.194548
32.690118
41.117325
31.291731
31.911987
33.217685
35.007769
33.080628
32.655257
33.505972
33.475667
32.285410
32.027297
30.419493
33.039498
35.202300
39.256545
33.839152
33.439608
33.980411
32.250075
42.847691
41.383041
38.074704
28.838001
27.954345
27.966974
25.982628
33.196417
32.766753
31.756684
32.651999
31.615312
33.348894
36.331917
41.210894
50.006532
