50
47.090855
46.201914
39.301301
46.452579
48.064580
40.440850
36.595407
44.391120
44.083482
42.820657
53.728459
53.163179
52.940760
49.887656
42.542183
45.684504
47.900927
43.703541
50.808404
44.127798
48.571573
54.041022
47.154422
38.727410
44.710077
50.787131
42.660933
46.277096
47.541316
46.962088
41.070181
40.866852
43.960482
50.883475
43.710786
52.959713
46.801436
46.072536
51.767710
44.425804
46.796092
45.575913
47.690591
48.339274
56.087074
44.045126
49.332652
47.810957
52.667425
45.046819
45.474702
44.840853
43.027954
48.260388
45.621035
46.659830
50.921641
46.794540
49.583882
39.472903
42.594228
56.714986
53.940557
49.163393
51.187488
54.536296
52.220230
51.820243
50.289059
48.568395
42.169009
45.616728
49.973322
49.828972
37.412681
49.393562
42.253646
43.056986
46.504291
49.419945
45.374280
44.292306
37.858744
42.121670
41.146785
47.134444
44.082811
39.585219
47.744950
54.041461
46.494757
52.356617
51.094180
41.826372
51.705187
48.799597
51.159147
42.668791
38.892555
49.410022
43.575469
50.982699
49.713125
40.950413
42.095882
43.429432
40.478386
39.176785
41.580423
42.794357
44.424385
48.432191
48.679213
43.628676
44.288965
41.500641
45.124778
44.565893
47.735670
46.157344
47.301062
45.916812
48.041846
42.242151
43.790784
42.046996
45.449961
44.131329
49.347045
47.204086
49.948528
42.348093
45.433549
47.825208
41.598113
48.337794
48.351124
52.608220
48.223464
47.793221
51.718968
47.261969
43.952093
47.404676
51.289472
45.981237
45.732604
41.328763
42.469503
43.897744
42.767445
47.102016
42.010688
48.618106
44.233622
45.108640
45.282961
48.629314
47.097265
47.967587
48.354897
49.499113
50.821925
53.308858
46.780489
39.522718
43.021428
47.911744
45.141883
43.269024
48.483595
44.135060
41.191962
44.338203
38.186836
40.519200
38.802336
48.640587
45.409509
49.093246
53.096410
50.306817
44.767291
49.782487
48.347440
47.712339
41.066722
38.372012
45.118542
46.180361
46.237692
41.434145
48.991170
46.375140
44.121517
44.596185
49.324083
41.225172
46.853063
42.240168
52.730788
48.306424
44.901048
39.876095
46.001531
52.414868
48.102680
45.809373
46.825341
45.451031
41.219555
50.492084
43.758181
44.074008
40.333177
44.551832
50.251324
44.355803
50.884312
49.447916
49.251256
52.436245
45.786432
42.548148
51.643472
46.719901
48.788262
41.933153
47.074161
48.661808
48.256267
47.831319
38.648723
41.336251
49.350525
44.816464
42.370713
43.126144
44.135559
39.940304
42.378440
52.093741
51.979845
53.229617
50.664275
46.787698
51.664288
45.585610
54.349053
51.848338
50.223357
47.131465
43.654607
49.733503
51.126487
47.994261
47.655204
42.060422
45.396993
46.010124
46.567060
46.345439
45.348154
53.750939
48.312214
48.321150
47.585578
47.547319
49.171877
47.822268
44.863198
49.754209
49.139280
48.614173
39.576165
43.267153
51.749697
50.947061
50.476475
51.646630
52.226392
48.218081
51.126589
43.279497
44.598155
50.307174
46.563460
44.996901
45.613542
43.412334
46.614663
40.807560
49.263747
48.579172
47.477531
51.017780
43.482278
40.066330
44.583446
50.369684
45.382022
49.716688
42.869447
45.777991
38.358694
50.566112
43.819346
46.639321
44.946374
48.666186
48.768368
45.725099
46.974542
47.450204
51.902198
48.787345
41.717883
46.505892
50.205928
44.842002
39.521434
49.201274
52.825913
50.146039
45.519982
47.165943
49.204694
53.448324
48.024922
44.461908
46.750146
50.743957
50.387261
53.926969
49.077622
49.706062
49.561310
42.430743
48.946447
44.506023
39.804805
46.809486
45.916163
46.815585
45.426592
52.645291
48.112084
40.740644
41.300073
39.980501
38.463063
42.161203
45.269406
42.371961
41.973834
44.633913
47.960276
39.772882
41.492989
38.895693
39.566874
42.839901
42.778071
51.003778
49.403147
43.487244
48.386570
46.896964
44.915207
51.007067
44.605710
53.393794
49.236729
52.165395
49.732949
48.872397
45.728432
45.856513
45.184286
46.150168
46.922235
47.158795
45.737583
46.599785
46.357567
42.832374
49.083631
45.798374
40.515500
40.933550
39.557571
39.155821
49.062694
46.699951
45.486929
44.822050
46.818934
47.510232
45.275813
45.613642
41.752964
38.800437
41.911157
44.027019
50.221188
43.469943
46.185108
42.567073
45.440119
52.747706
48.976405
43.025949
46.117669
36.743140
39.043510
42.974024
56.316205
46.230267
40.614873
45.217472
55.532809
53.262603
48.940892
47.310397
49.170517
48.737853
43.654018
37.957812
51.964777
50.603457
49.540168
43.765339
43.882196
46.589034
44.764147
43.124617
49.760231
44.312033
54.171911
54.540598
45.164728
44.005422
46.223905
51.425000
50.155837
48.692305
49.987649
45.699297
43.122374
50.730916
41.634607
45.231681
44.353189
42.086130
48.514685
44.864717
43.481023
41.329612
45.744474
44.551976
41.064772
42.382326
45.118404
40.476687
47.267760
45.033991
59.334307
55.995916
49.103216
50.256898
42.372460
43.583864
47.105707
42.420452
57.483850
49.992544
40.978281
42.464963
43.364047
53.520456
43.482814
38.519858
51.579776
45.838376
47.480546
50.824867
50.059002
56.349417
55.955124
51.585563
53.280050
49.727005
46.678257
45.258864
45.061139
42.076794
46.423153
45.679226
50.445722
46.754633
48.507644
45.520196
48.927981
58.782222
54.941978
52.890516
55.573400
54.967825
48.008550
44.437797
48.730664
46.294385
52.406899
48.064945
42.396002
49.221664
48.833391
43.680852
52.102366
41.715226
36.585724
40.487163
42.875342
43.495142
47.725286
49.704877
41.849278
47.417372
42.437263
41.950793
44.166766
43.922655
42.457359
48.189763
45.869457
47.657429
41.819809
41.862702
43.653498
47.266621
45.379187
42.079799
43.199343
45.305443
49.577745
44.373715
47.565309
47.303182
49.260948
55.003446
50.925296
56.708135
42.379592
43.309448
47.943890
54.720840
48.420789
41.655894
48.825842
49.178539
49.296245
51.068141
47.969067
47.375714
43.643238
41.931450
53.485510
47.287436
43.988092
50.017570
56.122020
45.236924
36.720076
46.646719
44.876213
46.509198
49.721658
43.488449
47.732645
49.818470
52.592984
48.832237
49.020970
49.912794
51.426847
49.276201
55.345233
51.249788
50.778153
43.245899
46.019505
55.673112
52.171024
53.127837
44.541035
45.636631
42.479134
41.657024
40.511173
41.341067
38.259656
38.500628
50.111227
47.826083
43.072377
46.733876
43.881487
47.858349
54.318657
46.883689
39.111644
42.668303
41.728823
51.983710
47.866621
52.069613
47.088416
41.738953
41.151273
44.147994
53.074957
46.994073
52.295339
52.836601
47.247703
50.604442
47.130189
45.701220
43.678130
41.386306
46.618357
51.219967
51.869649
47.392659
47.300966
41.151480
50.454079
48.540104
42.515412
43.136212
45.098251
37.709707
49.389292
42.999973
44.884177
44.594530
46.909454
52.813307
44.926156
46.391529
46.562904
49.351494
43.984678
44.005814
42.549632
48.686080
49.771356
41.671462
42.857591
52.603613
46.970472
47.310233
39.398334
43.677557
43.860959
43.363695
46.854236
48.208100
39.159924
47.743575
46.372213
46.090163
44.946447
45.412796
45.470903
41.561387
41.050748
42.891228
47.709695
57.271019
50.508310
44.072391
50.460537
48.640246
55.544363
39.169230
44.024245
46.069487
41.250345
51.300998
58.397748
48.950812
53.127763
44.809621
38.741043
45.132110
51.557022
52.936134
53.379850
46.151594
46.956770
45.555785
55.433509
54.802017
50.524082
49.826679
52.704330
52.210780
45.885185
47.786185
50.138092
43.707296
47.597116
42.985166
47.441631
49.756133
51.529774
52.922993
42.739660
45.423544
48.388330
45.944595
42.555263
49.475404
47.724643
45.010614
47.198934
47.596044
47.534129
41.884357
50.384468
45.549142
44.746157
41.220220
40.551462
36.793460
39.380016
46.799739
51.550249
54.625894
49.999311
44.839634
51.247768
47.682899
47.584459
47.523270
44.989678
41.590571
42.334907
41.379295
44.580884
49.365938
45.633361
46.103970
47.816901
43.897807
45.116487
41.767167
41.018849
43.933534
49.290580
55.239343
55.191066
47.735098
47.003438
45.303451
43.299715
46.259459
47.688879
45.119343
45.504321
39.479076
39.916788
42.095634
53.630139
51.022838
53.060607
53.038979
48.814464
46.771269
49.035168
44.139294
50.256537
49.162974
43.208097
52.861821
50.564734
46.597481
46.542419
45.421717
45.515024
43.328134
46.172162
59.107292
64.181665
69.050457
92.792217
172.229360
44.862272
42.081307
40.616244
45.348493
45.806675
47.228980
46.686887
41.293821
41.243031
44.955691
42.293872
45.853435
45.487281
45.082278
50.763983
54.602246
48.451513
43.952723
41.829639
41.924403
41.019388
41.132448
43.675991
46.603755
41.929518
47.780367
44.981533
50.299608
47.531073
48.479159
54.767214
48.741625
51.909913
49.673550
45.435633
48.800841
51.762671
50.715672
45.958391
42.704406
39.232646
40.138420
40.490394
51.598854
52.332612
49.720634
54.850784
53.743674
53.618485
45.524754
49.846372
43.203725
46.766892
47.045847
48.219783
49.214104
47.129190
49.512707
52.216122
49.870386
47.250545
52.133195
48.840675
50.211699
42.950309
51.832318
48.594075
48.915489
43.167557
45.718637
45.814551
45.814526
47.003745
42.910725
43.261128
48.344387
50.376634
48.354440
44.925087
50.087339
45.330296
49.505244
40.563847
42.070810
48.180960
45.845447
53.284233
56.953896
51.517335
49.953987
49.264453
48.950978
49.733765
52.255751
52.636786
52.033362
49.633865
42.628113
40.804794
41.403369
39.039330
37.934700
38.683130
35.997081
38.856312
41.516613
38.292917
35.513630
40.844783
44.771481
43.699784
38.558643
43.669377
45.734763
43.859089
42.165953
45.044257
43.656141
45.828751
44.766858
45.720631
50.954553
46.956604
44.022446
43.453637
39.001624
41.051619
45.599615
56.807459
44.896705
47.268220
46.047275
42.700010
40.820705
37.905751
50.636818
51.397695
56.811350
51.262354
43.592357
43.070347
47.442328
50.942167
46.533235
48.233738
43.266960
41.008392
39.896964
41.583048
43.633215
41.856574
40.003160
39.914683
46.140077
41.880461
48.882499
49.248420
45.332694
46.002780
48.326891
47.046893
36.511461
39.918069
52.419230
47.345656
43.199187
48.518257
47.823110
48.213297
46.690337
48.597777
45.245164
46.515005
46.916471
48.427392
52.812559
49.031461
45.290305
48.411122
54.118939
41.835659
47.169744
50.648670
46.406350
49.543196
43.942317
44.396321
43.379170
52.059426
53.471474
51.522558
44.391670
47.551733
44.368267
45.606105
46.775563
44.129340
43.494938
50.732173
49.182767
51.522744
54.477623
46.606262
46.111682
47.259895
41.926534
39.805457
40.569214
44.040310
45.081404
44.115030
44.840297
45.646109
45.887022
44.682507
47.514335
56.005498
41.233377
43.819032
40.699017
42.836691
42.779521
49.170364
43.453507
43.119994
51.970310
43.077245
43.078554
44.793122
41.348923
39.923070
44.768064
51.571292
47.674780
53.869116
44.415436
42.951825
48.475047
44.879561
41.458291
40.669301
46.753504
42.366750
50.046068
48.549902
49.989462
37.062284
43.002507
45.134074
48.129841
43.632142
50.426367
45.436157
47.463863
47.069235
43.543843
38.825275
47.993491
41.608620
45.125647
44.912047
48.411292
47.595637
53.910457
54.831374
50.695862
49.955788
52.594913
45.400923
44.188394
44.135902
42.461638
46.476394
42.627452
40.460265
44.258721
39.982510
46.015974
38.906659
37.797634
40.489849
41.675812
44.324861
40.428440
39.995807
43.850807
46.892204
45.440684
48.157082
40.329168
47.384204
46.476652
47.259661
45.006243
49.755959
45.412166
49.606912
47.805106
51.622663
49.218676
46.313267
46.794040
53.138989
54.199871
48.113086
49.972754
40.812800
44.170511
43.332182
46.544607
43.890704
45.532004
42.141235
42.728727
42.017490
42.775384
44.069257
40.969925
44.196784
40.605580
43.012745
45.412119
46.708714
47.643736
41.553522
40.866111
46.506800
38.989149
48.365805
42.115270
45.523892
38.569724
47.145470
47.068100
50.683767
56.281358
53.990109
49.681867
50.922394
54.412515
46.418903
45.390574
39.668730
45.503686
41.790301
46.669983
44.439919
41.712767
47.997031
50.210580
50.903421
46.116278
50.408501
47.753742
43.678140
45.144920
51.904741
49.592106
47.077109
46.399565
48.317423
50.296859
46.953787
51.954907
50.724695
45.212030
45.485789
51.363063
48.598721
44.665362
41.790418
44.191842
46.086971
46.430678
44.883775
47.814758
46.958520
49.240568
48.154338
51.752382
44.844658
47.331950
41.849215
47.804197
45.539843
41.588901
55.978165
46.234958
46.485792
44.903367
49.143643
48.871803
44.797742
53.341957
46.031433
48.588453
47.393756
50.483629
44.829154
45.491580
51.007272
39.820458
41.126044
43.918376
49.053075
50.067085
50.141942
45.955008
48.200899
45.932062
48.829680
48.280228
47.170496
48.446175
48.906300
47.521051
46.651788
43.664188
54.140695
49.034449
46.720812
45.600439
50.826264
45.810560
49.947770
46.099375
44.429511
42.419095
39.226087
39.713562
40.351964
45.356938
41.855127
44.585940
46.566981
45.549486
47.773151
46.999165
42.413726
49.213242
47.758857
47.572276
41.987751
50.147383
45.088519
42.823360
45.101079
45.879552
48.453417
44.861755
38.764532
41.176870
50.487265
43.215963
46.414207
45.270414
37.909377
42.966370
41.097068
56.180118
53.233542
46.996714
42.538662
38.519279
38.966112
50.472031
42.536650
46.023163
49.288920
51.360172
44.782346
45.753144
43.672431
43.082686
43.493006
45.232633
49.468514
48.632084
43.282828
47.075086
46.397684
43.811550
50.812410
50.784782
45.311700
43.697384
41.264721
41.830123
46.790485
51.211309
48.337005
43.966773
43.827146
49.561530
51.307133
47.918483
50.531418
42.150881
41.646360
44.497813
44.302829
50.996943
47.541392
51.143148
50.828819
52.051238
51.372742
46.717083
47.366766
46.056284
50.223156
48.843646
45.469072
43.666342
43.838400
42.021085
47.796545
47.851664
49.159742
41.871271
51.558351
52.487734
50.394546
52.757405
57.283744
47.696840
50.831557
51.310380
46.120942
44.888396
43.403912
52.883229
51.000979
57.402864
52.600088
47.293936
47.746835
50.035573
45.912760
47.034067
41.115087
47.511113
44.528022
44.704819
46.066795
48.309594
48.850862
47.352221
46.810677
45.751492
53.470276
43.630928
40.210921
42.467931
47.544737
40.639862
46.253280
45.296902
53.845629
45.222988
42.780131
51.643838
45.116953
56.410327
54.907500
45.915296
39.619176
42.384199
43.311705
43.486707
39.400591
45.141761
50.121979
45.353074
46.586367
43.119643
40.079594
43.503676
43.137845
50.012866
52.062904
52.942486
50.740792
47.336215
50.998179
41.585387
48.892132
53.686164
49.896744
48.336080
43.331584
45.368287
43.271351
48.559122
46.713983
46.634414
43.425195
48.233375
47.569592
47.636695
44.719887
46.634979
42.657681
47.946031
42.369784
44.015479
39.286777
42.654750
52.370269
55.025139
51.163680
46.395453
49.074793
48.644108
41.765451
46.102058
51.791694
46.788123
48.383248
46.000880
45.980206
41.734197
45.892380
50.980329
48.714308
51.559169
45.540840
48.508654
50.811801
47.399719
42.417668
43.020887
44.774946
42.174346
42.487221
47.646087
46.013163
48.640075
52.201490
40.780049
43.455441
40.170883
44.871750
48.706051
47.643999
47.141003
42.872144
45.892242
44.107820
41.299376
44.509272
42.991511
47.853799
45.289210
41.245957
50.320434
56.055579
58.025096
50.866358
50.965561
45.097708
43.150885
44.827448
50.525246
46.615065
45.621490
52.266793
55.680880
60.494565
37.011449
44.874319
49.130800
41.091139
40.550323
36.806410
53.060631
42.193151
34.416954
44.588126
43.189929
41.026187
46.743722
48.175531
46.932262
56.587432
48.653377
42.393910
53.106698
45.600261
42.307915
42.018882
41.361193
45.018898
51.899526
43.641827
46.944272
47.268169
57.095414
45.485122
40.184563
38.344090
37.254003
38.610957
45.525959
43.586830
41.291190
39.725716
43.518661
46.789311
47.728991
43.515308
42.057408
38.539263
38.139777
46.441120
44.998697
40.572022
48.939907
54.251248
44.424691
45.802441
52.823403
48.810681
51.207676
55.662838
48.753025
45.073182
52.256467
53.589849
49.797015
46.413857
49.777078
44.486609
42.020106
53.845167
40.288110
49.623022
47.043249
48.381028
47.160300
52.472292
47.952794
47.083977
45.385373
46.523551
44.956614
47.996888
50.789897
49.438043
48.527811
53.805902
50.349045
44.512039
39.490710
47.663485
48.461446
41.690036
41.403998
42.493614
45.578967
47.134425
45.350800
47.713315
39.838227
44.935022
45.575541
51.630779
51.379730
54.335351
54.740034
45.968435
42.654815
44.804724
47.509193
49.974535
49.993558
47.127677
41.061565
52.588419
52.426573
46.293651
49.944107
49.919093
50.226110
40.844166
41.812274
46.506160
42.864035
41.519715
48.410842
39.036398
43.810604
41.333964
50.150501
60.807827
54.999530
62.811735
61.280649
74.462172
92.559402
127.999139
40.832252
39.420098
48.096196
49.811974
40.682131
37.652656
36.384252
47.500494
50.751937
47.642929
48.636765
42.147609
48.994379
45.886385
51.542827
47.111051
46.704942
53.473264
41.985807
39.961307
40.290863
39.097959
49.672980
46.467562
40.598048
42.325556
42.989445
43.626559
37.028262
46.647029
48.562518
50.091485
54.725073
49.588933
44.790096
48.013215
49.688979
44.788343
43.528014
46.637131
52.324677
57.143775
55.550185
45.376898
43.380325
43.314104
40.860425
46.286699
50.062361
45.853596
52.086766
52.095339
51.180611
48.517224
51.242227
50.089910
44.992871
49.275961
49.340003
47.145464
40.510434
40.958329
44.222575
41.273936
40.063885
40.590217
51.566917
50.423402
50.605459
44.357705
42.151070
45.118529
38.965638
45.331671
44.551147
39.544781
42.128896
43.869778
44.353382
41.861223
48.996359
44.218244
42.601107
44.175628
44.824267
47.874009
42.479783
41.850915
40.945281
44.682230
51.303128
46.926028
42.089106
42.752337
49.917699
52.461509
44.952442
44.194949
47.656989
45.090647
49.093000
47.272948
50.229530
50.495843
46.720817
41.468334
38.026723
39.202707
42.519954
47.599687
53.674530
46.782926
44.961868
43.606749
45.379608
44.611844
45.953866
47.619356
52.840242
47.962560
47.055622
47.328268
46.528228
43.649554
43.205282
41.846035
43.368668
40.405941
41.789770
42.097952
45.555640
44.643423
40.863425
41.236975
39.463507
41.973299
47.973629
50.020463
48.234013
50.755923
48.938051
42.745335
41.508757
48.057488
49.297057
48.860788
46.902539
47.297396
52.862566
50.695106
46.422060
45.936213
47.575722
47.712648
55.199888
47.508431
51.188411
53.171551
50.515464
44.590462
46.698292
48.748797
49.596019
51.215612
54.482696
53.547987
51.457893
49.682754
50.436635
46.526900
46.108397
49.012574
44.352744
44.157359
44.855393
42.338263
46.671102
44.994322
50.891451
46.943195
41.802839
42.546353
41.447830
42.777156
48.846917
44.834172
45.551961
44.868123
48.225223
50.460886
47.194242
49.820855
46.962111
47.790400
52.847635
52.789008
50.100308
39.572729
44.370201
54.535178
49.233500
41.491322
51.391838
46.422526
50.495562
49.916410
51.289809
52.214407
50.393875
46.481690
42.233039
45.819690
50.565828
42.157791
44.095214
42.400523
44.721137
47.350951
45.697979
43.072602
50.646502
44.832418
50.505256
51.936880
47.987191
50.556577
50.080450
47.130047
46.412895
42.667949
44.438546
48.098520
45.815779
48.649464
53.927349
53.782313
50.389169
51.060336
53.481975
50.516233
54.388843
48.101768
52.358369
51.586459
45.958477
49.219001
44.454045
49.473763
48.895815
51.796385
44.052316
54.422347
47.612751
42.166538
42.561276
44.376173
43.131968
43.845758
44.274642
45.916652
49.505584
40.780046
47.332218
53.636584
40.636382
48.095779
48.411091
44.727360
47.836549
50.837551
45.672278
44.860254
41.602394
45.788353
47.260640
45.797792
45.026136
51.247270
50.820138
46.050201
47.412142
44.021666
41.057607
42.346910
50.902201
47.804887
50.591449
42.292286
47.488699
46.876541
44.465977
41.517794
40.969542
41.402181
45.612510
49.602809
48.676426
45.707273
42.338763
39.043599
43.470212
44.477014
43.243180
45.135956
45.111749
46.600122
40.832989
40.107218
43.451562
44.035720
55.273438
53.316036
46.551162
50.389952
52.639392
47.835087
45.125457
47.712957
46.784295
50.531268
51.403159
49.123311
37.458426
37.554637
40.103862
43.182529
43.549378
44.674537
45.601402
47.965740
49.668090
41.137936
45.142908
42.162290
43.947577
40.922103
42.128404
44.693603
47.288847
43.456331
45.766589
48.683272
45.961240
49.414558
49.102774
46.571446
50.260272
48.668911
53.186715
44.685053
49.242972
48.720229
45.432624
46.433646
44.906853
47.618266
50.425235
49.391514
53.499301
41.797163
40.888633
47.935412
41.868547
46.871128
39.973713
43.317790
45.657304
50.926118
52.413084
47.749149
46.809543
44.946027
49.034286
52.187211
52.169311
48.223628
47.475574
48.587846
45.298506
46.534957
49.086092
46.205383
39.735721
47.732352
43.609019
50.539308
48.222651
41.457617
50.816913
48.945125
53.536878
47.699561
45.107282
44.683619
43.265309
49.196527
44.181311
45.085697
38.604791
49.156223
47.087357
46.756616
48.183513
43.923647
43.118820
45.147546
50.357404
43.760409
44.696875
50.168126
40.818471
43.232294
37.213114
47.089966
43.765738
48.678097
45.573408
42.240143
41.341578
41.137058
42.444065
44.697027
49.660758
53.288445
57.214967
51.449469
50.650289
50.170561
51.324454
51.976793
49.763421
52.787416
47.653961
50.332316
51.641028
45.361163
48.145486
46.681874
46.832450
42.957371
43.852865
40.945495
41.925893
44.587668
48.545741
43.479468
49.929651
49.505526
50.917395
46.553839
49.331785
54.580791
45.331987
46.941955
46.634881
49.660193
44.365509
44.640153
42.753609
43.472094
46.278773
48.923922
41.203034
41.903693
45.842423
42.601820
50.067719
52.509533
48.742877
44.587472
47.180084
43.644763
43.092030
45.485288
43.124661
47.817159
44.156547
40.260464
43.815372
44.295347
46.287372
50.022130
44.678973
46.204068
47.626002
47.692786
49.586203
46.999593
50.023383
52.779398
50.067122
55.590835
46.718602
48.335475
52.553319
40.620273
44.618821
49.579463
44.670059
50.898922
48.828870
44.272026
46.070576
45.020213
42.626298
45.011187
44.323395
48.920178
42.356054
46.579221
43.679580
50.593517
47.299004
46.327115
50.950036
46.176784
43.351410
42.599652
44.965424
48.572140
50.707633
50.915246
48.521352
44.306642
53.512703
53.182901
54.390042
49.794579
48.582092
46.229854
53.774550
46.488137
50.730926
43.155596
42.256919
43.676753
40.822449
40.739707
43.389919
42.443174
53.825691
56.441692
45.791940
41.281732
46.367158
51.584931
44.815609
42.466452
42.327661
37.545934
42.902840
44.317134
56.223160
45.846176
47.107140
45.111591
45.119926
47.855575
37.349501
41.745187
43.461873
45.750631
39.830333
44.346963
43.156358
49.985010
48.896774
50.771096
47.203958
48.458594
44.501548
46.512286
48.431808
45.146685
47.890756
44.227999
47.129483
42.842517
50.726122
39.221955
44.908405
44.394865
43.018942
46.149867
48.801399
51.306329
43.593034
43.658806
44.392742
45.744902
47.740236
40.437920
42.590438
39.080498
42.613992
49.925991
39.967220
44.495587
43.393668
48.010757
52.106715
52.343305
51.842945
47.339940
43.128197
41.827934
39.818173
43.587812
52.070193
52.333649
53.224849
54.187744
46.716393
40.318850
51.393081
49.097246
48.308802
50.938263
46.494536
45.377637
48.161404
43.853918
45.679243
46.378059
48.732882
46.421956
41.800644
43.018318
46.170414
50.581330
48.954154
49.488466
50.399314
42.239003
38.955652
39.422316
42.997373
41.516481
37.953073
44.270325
47.830874
45.430247
47.430974
46.954006
46.673415
45.325697
42.185410
55.318212
48.296825
50.010582
42.153288
39.120604
48.120442
43.642153
44.324711
47.293064
47.394398
43.794635
46.761733
48.888941
44.552105
44.673818
46.267034
47.226406
47.318371
47.362992
46.487850
41.263328
44.022759
45.111542
40.873756
38.872424
39.690753
48.690371
41.885413
49.104796
45.649103
36.587886
43.680921
41.368726
39.760368
40.410945
54.165444
48.779901
47.037271
42.687668
42.663173
44.978661
45.658328
46.147203
48.007287
56.947185
43.252243
44.516331
48.448170
42.914769
55.761881
43.997245
49.955600
50.178784
47.217970
45.124293
40.690900
44.466610
44.863360
49.730022
49.429555
43.199993
44.684196
47.553969
47.824651
47.749673
47.506302
43.568810
48.696274
46.362340
40.042109
45.973461
45.618744
48.189755
53.793895
50.192703
50.120167
42.301690
49.240718
50.306294
52.621587
47.363783
48.410701
50.262530
41.646699
46.380477
39.764744
48.877440
50.141506
47.894503
50.444371
53.687822
51.831614
49.989812
48.937184
43.386969
44.158534
42.535262
50.919219
48.292628
41.294989
49.284612
44.053742
45.419580
44.879687
48.353781
42.863816
47.252736
49.443849
43.539057
44.032145
45.970305
41.644780
48.081729
51.446653
50.194238
42.473949
43.471667
47.095831
40.088126
41.184201
43.593982
44.828149
49.202579
43.375902
39.092915
52.490981
54.636589
52.746362
43.084658
39.925240
41.145209
47.899159
51.818965
54.852894
50.561259
45.947394
44.807986
50.949639
45.960864
49.036351
47.880914
53.932117
55.569458
48.701341
58.609078
59.568265
75.502058
76.319215
76.727638
71.629276
75.459388
103.232618
39.584494
48.278196
45.710990
38.576492
44.840113
47.087366
46.563207
45.266390
46.128552
47.081620
40.418685
42.493719
45.491944
45.969081
45.430139
49.785458
41.988236
43.952133
41.434920
51.787647
42.161237
41.292306
51.226075
49.016766
47.393167
46.222490
50.027143
47.818704
51.141497
51.216321
55.666906
50.718092
50.327586
45.390513
44.483327
47.902462
48.690439
52.477917
49.207334
48.178464
48.147885
42.598224
49.559832
47.596732
52.357429
51.786063
49.114541
57.852146
50.834540
51.550385
53.376809
52.164608
53.475028
42.337652
42.669039
41.034708
47.202927
46.308083
44.363899
43.233855
46.860378
48.985971
44.029059
51.878410
48.934149
50.021329
42.047739
52.571259
49.009293
46.401597
51.106260
45.593147
42.037997
53.126782
43.914376
53.240902
46.884800
50.336450
42.050767
43.694995
38.923433
44.176319
51.009433
47.643602
43.747632
41.903122
42.401901
45.685942
47.634030
43.160256
36.796325
43.591939
42.998981
46.411757
50.111442
46.535182
42.702646
40.807708
47.770466
45.625197
41.706597
44.057215
42.880558
40.882169
44.771664
43.014149
40.903843
39.907823
41.350811
47.553788
51.811787
46.762381
44.027559
53.145943
49.719036
50.418102
42.891500
40.581987
43.812661
44.612419
45.980473
42.404280
40.060124
43.224680
47.050888
38.839996
40.464724
44.323520
47.354259
45.166284
42.833099
44.315331
47.844549
46.609630
48.943536
43.726682
52.240050
48.383591
41.195231
42.968247
38.590853
43.094712
43.812816
41.114504
40.457389
43.006476
43.621629
49.263679
48.579646
48.850228
47.163678
45.451005
48.773991
50.065926
48.219106
50.293925
47.257751
45.399588
40.524390
45.729417
40.332259
42.590948
47.586514
44.101385
42.987992
45.373210
43.341465
41.473958
43.676381
44.535241
47.225767
46.462061
40.621362
47.245213
51.336472
51.838300
44.326675
42.403450
37.634449
45.058258
47.208398
51.230013
53.528204
46.706988
46.027516
44.589621
48.350508
53.583990
50.882279
49.155701
45.834537
47.916270
50.851405
52.972995
49.433201
50.876677
49.588570
46.676635
47.120226
46.515576
49.991367
43.746317
41.983570
47.094567
48.736055
46.771342
41.964484
40.120487
41.890090
42.493640
41.522899
47.496095
45.209220
44.614070
40.311791
40.924677
43.030836
49.158581
50.173029
43.909981
47.514650
47.027733
42.522176
46.733576
52.762628
46.987117
54.145134
52.012011
50.023641
45.836276
49.920413
52.613657
54.508422
49.531193
51.284312
48.298708
47.944733
46.789959
44.419315
41.852350
41.700724
46.605690
54.550713
42.676067
36.986725
41.588191
47.206282
54.918178
52.095764
48.776614
45.061647
43.303247
41.035482
41.504539
46.556084
46.745573
50.883550
50.415696
43.388121
42.945184
52.518456
47.419685
46.859958
55.059678
44.939740
52.555990
52.243621
55.067388
48.011131
51.925315
43.460643
38.253032
43.975596
47.531851
48.353332
43.913400
48.488084
46.868268
52.123252
44.534403
42.471031
43.570177
44.228124
46.648669
46.282971
44.108559
49.181499
52.903710
50.961534
47.036752
42.841037
43.654224
43.808027
41.770008
55.819581
48.758345
43.456808
49.378516
47.118798
47.408474
45.364416
48.168185
49.822439
47.911295
41.729556
42.422077
39.911820
45.704934
52.884997
52.927651
43.880707
47.213723
49.846765
47.498276
51.673370
52.112304
50.079192
48.685555
47.585280
45.145842
46.160412
45.442346
48.595095
43.965940
46.033449
49.298099
45.008925
45.285640
47.710780
50.349583
45.918472
42.917244
43.270825
45.841259
40.646523
47.130470
44.801703
48.474495
43.792034
47.975812
41.706613
41.725031
51.177207
47.283871
50.795418
47.291820
44.790373
44.450778
46.266452
50.212795
48.194129
49.232349
49.019327
52.043339
52.675773
42.520712
42.513598
47.734148
48.018681
52.857180
50.779995
41.347051
40.376696
42.211095
44.250932
45.059425
44.816112
39.110011
46.946232
52.809043
45.515009
40.109904
38.383991
44.446520
45.432305
45.733510
52.196239
47.509012
51.791166
50.040431
44.713636
38.884276
40.179225
48.156019
49.518987
47.056400
50.353291
44.239057
42.359415
45.362557
46.459316
46.655550
41.932160
43.028965
42.159161
41.448336
38.264207
45.430551
43.552742
44.832247
45.652191
41.971335
42.023955
43.327369
47.378786
39.313658
39.870120
53.144568
47.448077
46.611744
47.745428
44.690851
41.912527
46.801534
51.901558
46.591334
51.401431
49.463680
53.776370
42.437281
54.839056
54.199198
41.071180
43.273430
50.809429
48.100089
45.789625
42.880688
45.093387
47.467580
44.959965
41.584499
42.674493
44.534418
54.012177
55.269233
46.488983
44.176854
48.368217
37.927325
36.170937
38.749941
43.059636
42.604545
43.681291
46.978722
50.853787
47.066937
41.622456
53.146806
54.040095
55.280977
49.868427
53.065354
56.408047
44.216296
37.409874
39.907518
47.184762
58.151516
58.477392
44.281576
41.188005
54.612437
52.241041
49.757994
47.497275
49.240245
52.507756
50.301142
52.522103
49.726065
39.902464
45.806912
45.686609
48.105164
48.194233
41.488234
49.331110
47.136976
49.450033
43.372515
49.271388
46.763416
45.408482
48.132547
44.808495
46.627321
39.746044
39.930328
40.335088
44.765376
44.667057
49.317611
50.248083
44.735720
47.548780
48.880057
48.466364
50.975911
54.079133
51.974114
50.284504
51.426460
43.685434
44.896445
47.631576
49.248018
53.365715
42.944709
40.551168
39.863209
41.990999
42.773424
43.000358
46.225576
43.919825
47.454458
49.505371
43.550933
44.255705
44.734550
44.412514
48.370068
50.162620
44.035684
47.530885
47.756027
42.404323
44.727329
47.740093
50.824139
51.315493
56.228203
48.643896
41.087196
44.225085
42.780512
42.153935
50.121444
42.197477
48.522545
42.770318
41.570979
49.954797
49.837469
41.101973
44.137987
37.612485
43.208021
43.234414
47.497084
50.360031
50.112248
45.289965
47.432611
44.601595
42.946179
41.741734
46.121739
54.845199
50.973498
46.572657
41.369319
40.046317
41.274304
43.186128
46.177804
45.890673
52.166192
44.155379
44.655541
49.586769
46.878282
41.596174
43.509945
45.236453
51.530454
50.158912
52.529415
46.703845
49.084316
51.014524
48.227709
48.331769
45.982817
52.070127
48.691216
49.050014
44.471002
48.336687
38.806123
48.393629
43.569867
46.987193
44.374312
40.427842
43.879484
44.152708
41.669985
49.920238
56.967437
51.250848
52.449790
40.927806
45.578881
40.698957
45.752512
50.518955
45.831761
40.686959
44.526849
40.083193
36.818714
44.999128
45.363599
44.339826
52.837449
48.816407
53.688064
47.161459
48.883537
45.872206
39.323767
45.684966
47.176367
42.721620
44.723108
46.593911
47.535812
38.523848
44.515877
54.834790
48.801820
44.878052
52.193302
50.179489
52.442370
42.565965
46.556348
46.937621
42.986507
43.707397
48.398337
53.708575
44.186183
48.232980
42.223398
40.048469
47.038937
45.783745
45.385722
47.453987
45.583545
48.844289
45.202678
43.123036
44.564046
45.832905
45.329903
47.610846
40.057134
46.824809
48.834295
36.728822
43.184376
47.063595
49.607249
44.542133
47.031964
40.036958
45.776331
50.662617
53.384254
49.975300
50.365243
49.871386
49.384660
48.853383
47.454531
44.857845
42.668622
44.390881
47.978430
50.974099
50.025018
45.376263
39.732035
41.637635
51.959992
45.128080
50.310792
42.993709
47.332397
55.792434
50.440783
46.347428
44.722471
43.166852
38.811949
44.935913
39.484272
52.158012
48.513078
55.354510
45.921855
38.641459
44.219289
51.348039
46.376711
39.168558
45.529208
44.112322
45.786450
47.805217
47.071186
47.442269
48.876036
55.517093
49.271431
43.789359
38.800070
50.191256
47.293149
41.970043
48.153135
45.823500
39.674256
42.881532
43.899929
46.722838
46.308239
51.826791
42.338702
43.656793
55.198003
47.481622
46.431038
55.762935
55.467888
57.369595
51.571093
50.108534
45.548658
47.247324
46.051990
49.176169
48.538256
48.986902
46.365183
40.641256
44.011039
43.297483
40.042826
39.913039
40.640707
44.133722
50.368247
48.760305
54.157824
45.626391
54.488682
43.887030
45.937295
45.247107
47.059071
43.580046
51.539206
43.864576
51.462373
47.792681
53.243200
53.143177
50.969170
45.973881
47.585658
45.234893
48.860668
49.363440
54.419117
44.652462
56.867691
50.732587
47.492668
46.803041
50.744652
54.339799
48.243836
58.837044
57.637617
55.251273
54.221259
53.438539
69.493209
73.989698
65.629282
78.899207
