50
35.234265
35.285052
35.239314
35.285768
35.296078
35.235033
35.061896
35.139061
35.180060
35.164026
35.201479
35.181814
35.205602
35.182758
35.195744
35.198640
35.050586
35.021410
35.052919
35.018468
34.894148
34.986767
35.175069
35.412821
35.337083
35.329871
35.318393
35.422970
35.189770
35.196173
35.124637
35.276208
35.353590
35.233977
35.175523
35.111630
35.186967
35.188496
35.158429
35.145700
35.595802
36.117946
35.145271
35.085459
35.019942
35.097598
35.065598
35.148848
35.047649
35.021073
35.162726
35.169026
35.106892
35.030306
35.018203
35.023044
35.043298
35.089364
35.203529
35.054644
35.027497
35.028625
35.047750
35.019624
35.044698
35.145916
35.152552
35.011878
35.068444
35.034374
35.027326
35.018699
35.159465
35.179298
35.183906
35.203497
35.292393
35.064239
35.259322
35.162046
35.240227
35.130392
35.161627
35.059245
35.023858
35.064177
35.028730
35.081873
35.164296
35.186658
35.092952
35.083896
35.033760
35.043156
35.181679
35.086854
35.637423
35.198011
35.293420
35.214113
35.190289
35.118026
35.107657
35.172415
35.195381
35.208677
35.098017
35.194857
35.346053
35.368794
35.408266
35.238805
35.282667
35.169151
35.127509
35.230886
35.232902
35.196907
35.347254
35.194702
35.104344
35.147186
35.209254
35.218912
35.306130
35.242348
35.193428
35.332713
35.362838
35.384042
35.287547
35.183464
35.235783
35.316093
35.329097
35.202875
35.103109
35.055104
35.126345
35.040436
35.123499
35.163162
35.370003
35.324551
35.244464
35.150948
35.165203
35.205914
35.167319
35.164778
35.251662
35.188080
35.095204
35.209256
35.200154
35.263315
35.164859
35.167197
35.480920
35.173584
35.033500
35.025605
35.182956
35.156584
35.156910
35.168144
37.062882
35.765905
35.048895
35.160782
35.183574
35.220868
35.726834
35.486683
35.545597
35.446655
35.469925
35.533770
35.513367
35.687109
35.540086
35.284818
35.562488
35.631726
35.626558
35.454593
35.591891
35.630754
35.595476
35.546110
35.473780
35.382925
35.236711
35.199149
35.040871
35.434335
35.339884
35.521730
35.188874
35.097750
35.357952
35.267991
35.387701
35.481557
35.482329
35.606954
35.853351
35.746233
35.581537
35.531420
35.629298
35.682655
35.704931
35.703472
35.776547
35.796774
35.781449
35.713511
35.604112
35.765710
35.563000
35.507345
35.649973
35.819088
35.843152
35.770832
35.812439
35.737370
35.732966
36.091597
38.982448
39.502279
39.513398
39.642279
39.480520
39.553238
39.235905
39.718929
39.577331
39.812132
39.635282
39.590675
39.609841
39.783272
39.766804
39.818743
39.462506
39.465544
39.409636
39.254928
39.370090
39.490665
39.410978
39.017398
89.315560
67.122756
55.539400
49.601749
46.086872
43.585401
42.075029
40.979195
40.175772
40.188121
39.110796
39.020930
39.115742
39.060318
39.028240
39.151697
39.093451
39.211391
39.211985
39.195616
39.113788
39.036230
39.139261
39.195093
39.234515
39.344231
38.648641
38.527092
39.221123
39.196853
39.167737
37.957577
38.672012
39.227055
39.210081
39.209452
39.111505
38.021045
38.116326
39.106670
39.133767
39.030997
39.144860
39.254926
39.355697
39.356035
38.616904
38.481055
39.027960
39.027814
39.037508
39.038055
39.042918
39.039432
39.198268
38.335124
38.201969
39.270635
39.206457
39.195046
39.204539
39.203166
39.181697
39.037820
39.010757
39.043097
39.043035
38.731295
37.955105
38.098953
39.309747
39.033005
39.054373
39.034180
39.051316
39.030165
38.656697
38.088377
39.032369
39.181546
39.089899
39.032844
39.038173
39.040654
38.769098
37.948493
39.014806
39.032915
39.024781
39.098057
39.038531
39.021269
38.429614
38.455840
39.179296
39.187056
39.164300
39.170400
39.174890
38.694180
38.284799
39.037010
39.031945
39.015354
39.004627
39.063792
39.029381
38.007980
38.647372
39.027792
39.020183
39.040266
39.042750
39.065815
38.157632
38.492199
39.035626
39.013768
39.022857
39.044553
39.024700
38.872181
37.940518
38.965070
39.075287
39.043920
39.028336
38.293950
37.967725
38.562913
39.015656
39.014432
39.034353
39.010353
39.022914
38.051074
38.553821
39.021457
39.119008
39.195608
39.172809
38.953138
38.139749
38.887594
39.175083
39.203962
39.186695
39.182654
38.970462
38.100537
39.272705
39.367381
39.352132
39.256978
39.206862
38.252548
38.498288
39.169690
39.173593
39.022385
39.029419
39.006382
38.064350
38.736203
39.044565
39.019610
39.011100
39.020853
38.280493
38.305696
39.009300
39.010771
38.906184
38.101235
38.108995
38.490992
38.992475
38.791105
37.960148
37.951434
38.573621
39.050504
39.021284
39.009879
38.147394
37.921818
38.909595
39.038422
39.022711
39.025335
39.010133
38.266878
38.129995
38.911884
39.168591
39.215604
39.206254
39.209875
39.182860
39.196560
39.080508
38.249209
38.436030
39.031679
39.008752
39.023942
37.931616
38.709532
39.024891
39.021537
38.022449
37.959166
38.615864
39.025818
39.035912
39.032445
39.034987
39.007470
39.006571
39.020817
39.003165
38.207906
38.509674
39.059174
39.138976
38.095616
38.090225
38.894581
39.182538
39.214811
39.214344
39.188413
39.193506
39.086456
38.163829
39.259765
39.208686
39.207378
39.203493
38.052711
37.941857
38.519338
39.043849
38.752414
37.953725
38.883961
39.048044
39.064012
39.037154
38.690821
38.133905
39.202158
39.180034
39.205758
38.265302
38.087470
38.173960
39.170545
39.078081
38.168872
37.956788
38.960374
39.028100
39.060424
39.242302
39.291582
38.721650
38.476436
39.208028
39.185099
39.202093
39.209379
38.257076
39.058024
39.207152
39.213026
39.302406
39.348650
39.226275
38.980873
38.245742
38.921901
39.334978
39.280031
39.365690
39.241558
38.484121
38.397602
39.058779
39.087804
39.142693
39.082326
38.016507
38.735861
39.214276
39.169822
39.015428
38.989046
38.530084
38.041086
39.051948
39.025681
39.053151
39.021006
38.611744
37.942792
39.019530
39.048140
39.033688
39.043212
38.890442
37.965854
38.864773
39.036416
39.158670
39.230333
39.207468
39.051165
38.100204
38.738513
39.185023
39.054648
38.076537
38.986079
39.168802
39.184933
39.191532
39.127842
38.271377
38.621455
39.154946
39.029670
39.016003
38.997303
39.057959
37.935935
38.508100
39.038654
39.036314
39.026640
38.797222
37.941722
38.961466
39.180519
39.158863
39.048086
39.054981
38.161260
38.450007
39.061538
39.021749
39.042088
39.191032
39.207209
39.190980
38.095444
38.941980
39.076140
39.029171
39.036552
39.134805
38.860756
38.251880
38.608246
39.329517
39.103985
37.957664
38.714589
39.012730
39.145123
39.186395
39.056525
38.855216
38.146810
39.178351
39.196403
39.246716
39.203652
39.276116
39.219065
39.187817
38.943807
38.108894
39.088382
39.178829
39.168468
39.187127
39.198291
39.046717
38.115996
39.054428
39.206642
39.206517
39.321790
39.184197
38.636027
38.106576
38.007566
38.871422
38.856835
38.873464
39.015166
39.026858
38.655915
37.955346
39.028858
39.047280
39.037215
39.035279
39.054705
38.191922
38.950488
39.189409
39.194284
39.226454
39.210407
38.529166
38.327175
39.185408
39.208761
39.205106
39.210423
38.735181
38.198214
39.187655
39.201466
38.795220
38.100260
38.633152
39.196624
39.204596
39.163470
38.928533
37.983729
38.818469
39.028972
39.024985
38.762807
37.935376
38.880882
39.032166
39.029127
39.059961
38.093303
37.918403
38.618117
39.011523
39.015759
39.007201
38.142446
38.415071
39.014089
39.033292
39.028228
38.896516
37.949645
38.918798
39.126099
39.116056
38.444569
38.114659
38.255715
39.184688
39.149409
38.902241
37.937754
38.845548
39.026046
39.010095
39.027997
39.025317
38.358980
38.196820
39.019973
39.008030
39.029011
39.020432
38.982119
38.114393
38.929367
39.208209
39.085994
38.859315
38.865556
38.403808
37.943472
39.059029
39.012993
39.047133
39.020883
39.042377
38.562741
38.316085
39.203652
39.089522
39.010556
39.026301
39.052025
39.069361
39.019092
38.190034
38.430690
39.070975
39.045248
39.017406
39.156851
38.138275
38.209800
39.197565
39.204766
39.201339
39.219973
38.572204
38.177322
39.047875
39.035531
39.056236
39.017895
38.522178
37.979160
39.007961
39.003265
39.023409
38.996618
39.014413
39.009740
38.263217
38.507520
39.203094
39.180872
39.190277
39.180815
38.110582
38.778409
39.190227
39.067941
39.008399
39.034395
38.145964
38.652467
39.100205
39.060943
39.169286
39.193316
38.441930
35.205374
35.117073
35.034302
35.112395
35.062050
35.066117
35.059977
35.050704
35.046394
35.106758
35.112682
35.196976
35.199767
35.084932
35.063401
35.046124
35.172147
35.100757
35.189099
35.187040
35.232856
35.262316
35.335404
35.289462
35.183286
35.178929
35.175533
35.074484
35.058460
35.142754
35.090622
35.056289
35.184017
35.080401
35.064515
35.061667
35.176992
35.118927
35.214616
35.242399
35.276439
35.210470
35.212685
35.264971
35.295507
35.292804
35.187000
35.207555
35.230684
35.201838
35.191150
35.314013
35.271537
35.163167
35.036668
35.029791
35.513248
35.616617
35.126599
35.189089
35.059446
35.162783
35.070673
35.101282
35.174274
35.213136
35.278479
35.137338
35.086627
35.122654
35.136655
35.253298
35.248218
35.094005
35.161073
35.122824
35.020346
35.147424
35.042809
35.048445
35.079273
35.174284
35.043883
36.131140
35.048826
35.084427
35.197625
35.066709
35.147638
35.158363
35.073104
35.054888
35.034820
35.034270
35.195038
35.277542
35.304091
35.205884
35.190298
35.357306
35.365428
35.248419
35.200863
35.202145
35.212019
35.183167
35.193371
35.151232
35.133934
35.194036
35.140931
35.091269
35.214631
35.252878
35.279292
35.317439
35.229411
35.097294
35.062244
35.062534
35.029128
35.291214
35.045875
35.052094
35.171997
35.187160
35.192716
35.156586
35.192768
35.079862
35.016714
35.044381
35.063842
35.046525
35.066759
35.040793
35.152244
35.058046
35.038250
35.047467
35.042045
35.040887
35.027339
35.037330
35.055653
35.634804
36.174667
36.102953
35.617619
36.819037
36.055670
35.199392
36.327632
35.278673
35.184097
35.922669
36.839068
35.207357
35.181270
35.065128
35.021542
35.063213
35.040144
35.042943
35.366670
35.185621
35.217594
35.046499
35.042705
35.039813
35.387332
35.058747
35.051191
35.031574
35.211339
35.118103
35.070229
35.046765
35.194374
35.132049
35.056166
35.050959
35.097305
35.282130
35.236426
35.184944
35.557851
35.200641
35.150875
35.063910
35.260120
35.254176
35.185737
35.223265
35.193784
35.314884
35.463938
35.172540
35.167027
35.269624
35.300590
35.274918
35.586421
35.485577
35.264065
35.478157
35.170434
35.159936
35.345027
35.279432
35.188131
35.102505
35.331576
35.344048
35.271859
35.310674
35.317756
35.173150
35.233821
35.269621
35.255777
35.290639
35.440490
35.166829
35.236988
35.659894
35.546059
35.862748
35.859022
35.529175
35.126665
35.224194
35.102794
35.170346
35.593448
35.938825
36.466877
36.463224
35.114735
35.157385
35.061627
35.087695
35.174331
35.103452
35.077967
35.322833
35.985241
35.197019
35.219956
35.251321
36.272067
36.494965
36.116279
35.413382
35.188333
35.204535
35.439193
36.130066
36.318957
36.506051
37.096414
37.656488
38.129699
38.007998
37.959068
38.096824
39.140158
39.236639
38.784619
38.245615
38.165802
38.052229
37.955758
37.997923
38.092261
38.974954
38.455805
37.980772
38.061445
38.122864
37.957719
38.826199
39.047091
38.871818
38.067952
38.124767
38.120344
38.061666
37.957948
38.111295
39.124971
38.270896
38.093026
38.109117
38.112376
37.948116
38.303601
38.092097
38.247730
38.266246
38.298249
39.190653
38.831773
38.236731
38.285147
38.265094
38.081278
38.006391
38.136942
38.127733
38.143500
37.989283
38.104097
38.115294
38.126745
37.992631
37.987980
38.117205
37.975685
38.115908
38.117026
38.098958
37.966291
38.095611
37.996167
37.959149
37.965476
38.035067
38.012593
38.000129
38.028014
37.993526
37.949119
37.960112
38.051026
38.145517
38.163030
38.169609
38.875883
38.886024
37.972041
37.955485
38.006149
37.960339
37.967684
37.989290
38.038866
38.110151
38.266845
38.233401
38.107076
38.106178
38.021762
37.973786
37.969606
37.984643
38.259335
38.199670
38.598173
39.057737
37.973401
37.969683
37.984049
37.986093
37.985397
37.973166
37.961077
38.136957
38.203390
38.201115
38.258632
38.112085
38.096057
38.103104
38.237563
38.221709
38.114360
37.989094
37.960138
38.142644
38.147211
38.146039
38.289126
38.498493
38.164788
38.186651
38.134016
37.966527
38.047661
37.965556
37.960246
37.976175
37.973026
37.952175
37.988668
37.963029
37.986835
37.985538
37.965750
38.020979
38.005664
37.982917
38.165804
38.280743
38.191525
38.123312
38.116597
38.133162
37.990927
37.979360
38.096185
38.188499
38.030431
37.957210
37.970363
37.980029
38.139077
38.121744
38.137421
38.156377
38.125841
38.109658
38.173167
38.249500
38.273703
38.209791
38.134014
38.293334
38.168359
38.246315
38.247165
38.156314
38.095360
38.051606
38.189831
38.085560
37.982929
37.995200
37.986491
38.033506
37.996476
37.977687
37.993754
38.078692
38.091797
38.100740
37.982592
37.986768
37.972580
37.981730
38.036858
38.037959
38.068166
38.142250
38.120766
37.081290
37.778651
38.140516
38.139515
38.135961
38.128804
38.086226
38.188579
38.185008
38.132279
37.985751
37.959866
38.062385
38.114184
38.109917
38.104258
38.146723
38.117417
38.149802
38.160049
38.121323
38.145614
38.124911
38.148281
37.257093
37.504506
37.897816
37.787672
37.770976
37.766509
37.825876
37.974843
38.105070
38.105641
38.018970
38.018590
37.981647
38.046467
38.118000
38.004862
37.952399
38.010904
37.950361
37.948560
37.984980
37.960115
37.968705
37.979069
38.105501
38.007761
38.072027
38.163310
38.215862
37.990601
37.525931
37.103701
38.040582
38.052060
37.966181
37.946940
37.979904
37.971680
37.966546
37.946792
37.967998
37.951626
36.956366
37.671559
37.964047
37.947728
37.968912
37.973063
37.981743
37.982571
37.961188
37.958404
37.968971
37.986129
37.986510
37.980804
37.950892
37.965654
37.973637
37.985580
37.942394
37.975166
38.014309
37.100622
37.333571
38.057774
37.978137
37.961271
37.966901
37.975155
38.136541
37.142701
37.024513
37.953245
37.943964
37.974891
38.122569
38.107217
38.279337
37.980074
37.978666
38.064473
38.108774
38.144639
38.137558
38.136998
38.148036
38.134335
38.135656
38.087437
37.978991
37.974834
37.978936
38.007927
37.966911
37.971627
37.979891
38.003676
38.108636
38.222858
38.132608
38.096348
38.102112
38.020687
38.050416
38.123723
38.104603
37.259367
37.241093
37.962904
38.087133
38.136364
38.103053
38.121909
38.269959
38.079462
37.979641
38.011246
38.131495
38.157885
38.037178
38.191894
38.247706
38.128193
38.112473
38.712789
39.272240
39.417270
38.242248
38.107108
37.974564
38.691438
38.971035
38.065465
37.951275
37.977446
38.106422
38.047267
37.946156
37.969081
37.959641
37.961288
37.969299
37.961099
37.986690
38.104282
38.118982
38.070133
38.100979
38.096494
38.084586
37.993152
38.091064
38.116013
38.096329
38.042629
38.104366
38.125857
38.143190
38.231404
38.221601
38.019606
37.987537
37.964620
38.106912
37.330080
37.494845
38.286685
38.110171
38.213392
38.272459
38.293182
38.077614
37.742518
37.169112
37.985901
37.970437
37.961995
38.008588
38.047853
38.026383
38.155010
38.296689
38.097396
38.130533
38.043711
38.086076
37.764700
36.998726
37.873800
38.093368
37.998269
38.110918
38.020023
37.984843
37.754432
37.061174
37.768188
38.120042
38.121501
38.110036
38.088542
38.088193
38.126208
38.198739
38.030247
37.959561
37.963520
38.000499
38.048223
37.980157
37.965138
37.964233
37.969991
37.966781
38.037173
38.121206
37.968498
36.960344
37.756875
38.123162
38.133831
38.123242
38.028063
37.971411
37.982511
38.054370
37.994125
37.075602
37.835000
38.089990
37.984707
37.949322
37.972554
37.966087
38.154150
37.959783
37.978955
38.103847
37.442163
37.228157
38.131728
38.140162
38.119822
38.238810
38.002471
37.196775
38.008493
38.206384
38.085491
38.126304
38.278256
38.203776
38.160105
37.982507
38.001718
38.046455
38.114591
38.060983
38.225980
38.238365
38.155618
38.171816
38.128282
38.130369
38.101973
38.029609
37.982473
38.180470
38.147921
38.235406
37.605968
37.002944
37.923574
38.410856
38.195547
38.266031
38.205625
37.194802
37.577781
38.186231
38.175588
37.826122
37.905919
37.944774
37.819518
38.177890
38.220941
38.100347
37.996667
37.968610
37.991687
38.129426
38.191682
38.163917
38.139716
37.285185
37.803474
38.135093
38.089077
37.970043
37.939600
37.963650
38.016831
38.207019
38.113061
38.054657
37.087125
37.230238
38.081408
38.128523
38.126292
38.112836
37.312058
37.016079
37.969467
37.972394
38.018498
38.083019
37.740429
37.189654
37.796597
38.026077
38.069693
38.099202
37.650634
37.030256
37.462441
37.980410
37.959529
37.951549
37.509728
36.944971
51.998434
34.933839
34.909320
34.915763
34.897037
34.901665
34.898203
34.918653
34.902536
34.896502
34.909951
34.891389
34.900279
34.897507
34.925566
35.038625
35.175305
35.047057
35.038711
35.083546
35.194768
35.186340
35.224448
35.068993
35.057415
35.056430
35.163018
35.266832
35.428617
35.345219
35.657925
35.136195
35.064968
35.248484
35.063682
35.056701
35.157079
35.206665
35.185188
35.198593
35.192448
35.190542
35.141817
35.179485
35.049536
35.084650
35.056728
35.060390
35.049787
35.062164
35.060310
35.039394
35.155408
35.195346
35.189514
35.651653
35.956095
35.695600
35.072424
35.131073
35.323294
35.187625
35.238317
35.203756
35.066013
35.036091
35.183057
35.157663
35.199464
35.192409
35.190138
35.168117
35.035701
35.133216
35.188538
35.194773
35.197512
35.546526
35.192293
35.243698
35.192038
35.204922
35.218965
35.309028
35.217300
35.239448
35.231205
35.220808
35.251291
35.289816
35.239075
35.225266
35.241616
35.246442
35.458273
35.203679
35.209074
35.093535
35.862396
35.981819
35.545707
35.100477
35.164691
35.087144
35.085639
35.068262
35.260974
35.798069
35.780672
35.082656
35.148598
35.408581
35.231903
35.218743
35.224214
35.203607
35.071510
35.162739
35.217750
35.213358
35.212906
35.317251
35.695436
35.306214
35.213451
35.283604
35.355503
35.386830
37.684530
37.149070
35.276380
35.238519
35.366232
35.362903
35.495873
35.221877
35.215104
35.270413
35.367551
35.402178
37.820108
37.217228
36.535829
35.174027
35.268550
35.214657
37.030458
38.278341
35.411654
35.187599
35.116060
35.085647
35.311235
35.372926
35.228316
35.267381
35.104762
35.048799
35.077813
35.192386
35.226089
35.179001
35.144723
35.235660
35.176247
35.324794
35.231186
35.246375
35.285394
35.213865
35.189047
35.219435
35.222207
35.239953
35.496981
35.365277
35.255925
35.852845
36.147347
35.146908
35.262482
35.378926
35.278958
35.257191
35.966279
38.056265
35.282206
35.254792
35.094249
35.204665
35.054393
35.167687
35.257365
35.241673
35.231909
35.320085
35.238175
35.399260
35.099499
35.063255
35.070971
35.075007
35.120377
35.126125
35.221319
35.248193
35.576110
36.165567
35.194464
35.126407
35.222689
35.104477
35.627309
35.089241
35.073219
35.076570
36.008992
37.155391
37.846692
38.169352
38.157563
39.089734
39.256498
39.257614
39.290243
39.280200
39.263720
39.276662
39.273129
39.147804
39.130959
39.106656
39.139108
38.196706
38.227421
39.278607
39.233982
38.973728
38.177012
38.228588
39.111627
39.083709
39.164839
39.243250
39.267322
39.244842
39.269858
39.102964
38.547176
38.631527
39.261201
39.258264
39.339945
39.160111
38.926161
38.016820
38.002784
38.698615
39.101882
39.073344
39.117669
39.175328
39.241679
39.258288
39.225057
39.101425
38.295702
38.653991
39.086726
39.112445
39.110134
39.102735
39.095347
39.120695
39.095315
38.843443
38.152225
39.262996
39.283821
39.274623
39.255598
39.110581
39.106485
39.103707
39.109211
39.106342
38.930656
39.100992
39.073054
39.052950
38.012826
38.807291
39.102274
39.097763
39.081936
39.103255
39.093245
38.006899
38.864432
39.066996
39.424787
39.120055
39.139679
38.483346
38.026335
38.400923
39.128854
39.095582
39.089656
38.864899
38.029147
38.016794
38.620588
39.107947
38.948045
37.808525
37.810269
38.582535
38.903550
38.532473
37.844132
38.910278
38.904842
38.521757
37.820689
38.896239
38.922570
39.224641
38.446258
37.849652
38.294496
38.957360
38.916322
38.905857
38.908155
38.900228
38.904682
39.111836
38.189380
38.196461
39.105917
39.093173
39.087407
39.080802
39.085066
39.081498
39.094771
39.105480
39.103253
38.771144
38.019134
38.527039
39.128067
39.008399
38.170319
38.178275
38.619036
39.091646
38.907211
38.183744
38.157705
38.404257
39.253712
38.982695
38.173636
38.178920
38.412547
39.139496
39.277351
39.131610
38.644830
38.011534
38.031080
38.873806
39.107462
38.699539
38.004090
38.677785
39.112347
39.226732
39.052129
38.151388
38.167286
39.252081
39.279057
39.269166
39.194478
39.109261
38.161850
38.462153
38.818253
38.814700
38.802911
38.809478
38.654699
37.816864
38.701848
38.894582
38.895592
38.907753
38.899021
38.178959
38.129846
38.923161
38.920470
38.914684
38.897175
38.915545
38.363393
38.020193
39.059130
39.098671
38.819479
38.023330
38.748021
39.109050
39.083204
39.081522
39.095967
38.966685
38.033972
38.426018
39.105805
39.123213
39.102706
39.114455
39.087080
38.627833
38.077805
39.117102
39.089563
39.101059
39.101415
39.111037
38.572174
38.036573
39.107434
39.069669
38.023713
38.447718
39.102731
39.087406
39.014225
38.002659
37.994774
38.446988
39.105764
39.106780
38.357445
38.015501
38.059902
39.088883
39.096638
38.850029
38.040013
38.016267
38.022998
38.963516
39.109029
39.116305
39.107504
39.036518
38.024751
37.996302
38.514243
39.082319
38.572751
37.990872
38.021153
38.568887
39.104277
39.085273
38.116121
38.167386
39.130171
39.100765
39.076664
39.099363
39.000964
38.010775
38.400996
39.081223
39.068022
38.441212
37.999884
38.016007
39.101681
39.121514
38.944214
38.006973
37.980773
38.024559
38.804304
39.030824
39.086015
39.084787
39.091086
38.468143
38.183573
39.081909
39.085208
39.099873
39.076451
39.085045
38.837029
38.013553
38.897988
39.078747
39.091057
39.093325
39.087099
39.005388
38.009800
38.619670
39.080574
39.085759
39.084161
39.086757
38.231518
38.018678
37.998799
38.931536
39.063553
38.015392
38.016457
38.032518
38.878203
39.101903
38.072975
38.012484
38.004869
38.181133
39.084977
38.731697
38.015816
38.029142
38.044956
39.104993
39.091475
39.079734
39.106329
38.448869
37.999189
38.013268
38.169298
39.102702
39.088723
39.101612
38.181680
38.490726
39.102073
39.084453
39.081517
38.591565
37.978312
38.873074
39.068372
39.104720
38.510736
38.006054
38.024199
38.308446
39.098686
39.082273
37.997611
38.012091
38.851999
39.109696
39.108137
39.119275
38.216776
38.330773
39.076474
39.097915
38.594428
38.007814
38.637893
39.098908
39.109160
39.090439
39.099594
38.725225
37.974070
38.908346
39.131538
39.089115
39.098794
38.950580
38.026667
38.137409
39.101677
38.793012
38.012523
38.008423
38.736486
39.100797
38.949466
38.911509
37.882124
37.819926
38.655710
38.912342
38.736287
37.814869
37.801518
38.191280
38.885553
38.885531
38.905518
38.898917
38.907811
38.315792
37.931354
38.949652
39.102096
39.091502
39.096737
39.087552
39.082691
38.543421
38.079276
39.090016
39.084426
39.097324
39.086983
39.091226
39.114063
39.083401
38.006225
38.602251
39.080540
39.097067
39.103228
39.098946
39.105333
39.120685
38.147723
38.003141
38.213549
39.088255
38.823689
38.015982
38.026400
38.897362
39.113996
38.045833
38.006156
38.066735
39.091321
38.889614
37.997473
38.176602
39.075071
39.083944
39.099004
39.081308
38.178675
37.985649
38.071502
39.301727
39.134131
39.105438
39.115745
39.096927
39.099455
39.097401
38.341054
38.322156
39.109574
39.105252
39.102101
39.074211
39.078159
39.097165
38.748513
37.995696
38.649227
39.111317
39.102501
39.083779
39.092519
39.108669
39.098280
38.234913
38.439111
39.088454
38.841586
38.008091
38.622937
39.108920
39.111153
39.108243
39.100046
38.472674
38.057139
39.086499
39.079769
39.099564
38.065942
37.994467
38.610522
39.089299
39.071595
39.116474
38.597681
38.020520
39.016915
39.082487
39.102251
39.084344
38.126926
38.481444
39.099028
39.237128
38.596696
37.994673
38.939534
39.077014
39.090598
39.272943
38.618827
38.184641
39.164534
39.282406
39.277693
39.273568
39.525288
39.288608
39.274188
39.270095
38.424909
38.284377
39.139424
39.132987
39.252061
39.261931
38.558128
38.170245
39.051959
39.109473
39.110005
38.602427
38.016538
38.010375
38.183721
39.104531
39.079677
39.071408
38.199169
38.014988
38.034212
38.065131
39.094610
39.025290
37.987252
38.149334
39.080127
39.091552
39.076605
39.081464
38.299189
38.232304
39.073389
39.088242
39.089921
39.093012
39.033212
38.014540
38.559588
39.090863
39.071979
39.077320
39.085289
38.444519
38.066863
39.076227
39.088535
39.066344
39.079631
38.313268
38.274855
39.094394
39.074760
39.078235
38.930861
37.985870
38.595405
39.091252
39.105314
39.094857
38.596879
38.015654
39.042948
39.112834
39.106805
39.061741
38.426469
38.857248
38.909491
37.639044
36.770069
36.924238
36.904631
36.895724
36.868184
36.774312
37.052380
38.481764
40.437171
38.855783
39.205516
38.865737
39.066136
38.849243
39.291156
37.291501
36.898007
36.834235
36.856731
36.891734
36.849207
36.853339
36.858321
36.853861
36.944070
36.997947
36.958034
36.928545
37.498026
36.940521
38.004358
38.233679
37.034999
37.115972
37.359051
38.609785
37.439201
36.913171
36.970620
37.039194
37.022719
37.068008
37.854633
39.230962
37.884136
38.158102
37.035574
37.021089
37.116674
37.173995
38.237430
37.383643
37.525121
38.670068
38.567691
39.080458
39.776974
38.969323
38.906247
38.967543
39.714235
40.465611
39.093573
39.851900
38.972524
38.885282
39.388824
39.016669
38.955980
39.036450
38.967854
38.979635
38.734282
38.641527
38.567402
38.749109
38.888494
38.762006
38.903543
38.830056
36.849300
36.863929
36.879965
37.317264
38.396715
38.817932
39.157111
37.706995
37.063391
38.811650
38.089803
38.758145
38.387560
38.329697
37.327793
36.957505
36.933253
37.914714
36.917629
36.940916
36.931833
36.942282
36.939751
36.957232
36.940106
36.963240
36.998372
37.048280
36.953873
36.963704
36.955933
37.069043
37.069503
37.337023
38.147189
36.961287
36.942871
37.124496
38.925444
38.945665
39.431422
38.349700
37.527135
38.480302
38.263575
37.269942
36.790844
36.891227
36.867469
37.001816
36.832460
36.898022
36.796166
36.771106
36.852499
36.849579
36.864835
36.845227
36.906687
37.180720
36.870419
37.092495
38.135787
38.710763
38.554914
37.708677
36.840835
36.848653
38.263539
38.428683
38.586024
37.989897
37.861087
38.523348
38.967012
37.505493
36.855496
37.013149
37.806459
36.820667
36.897061
36.999480
38.245402
36.924219
36.890289
36.863410
36.828929
36.883723
36.849101
36.908233
40.382593
41.027125
41.048240
39.274680
39.590669
39.686847
39.101585
39.125382
39.172962
39.212102
39.514158
40.284550
40.710017
40.932099
39.321109
39.177065
40.384803
40.866430
39.900150
37.055276
37.529192
37.418979
36.860896
37.354976
37.061807
36.962406
37.236542
37.249008
39.254223
39.395379
39.357679
39.432362
39.193177
39.478476
39.385480
39.436558
39.269933
39.155492
39.238443
39.184341
38.673219
36.840595
36.894434
36.976027
37.086971
37.079042
37.012184
37.651462
39.045318
39.119837
39.203564
38.944833
36.861167
36.913681
36.961589
36.969040
36.975439
36.945375
36.948306
36.976400
36.931518
37.236284
36.934937
36.965442
36.973843
36.959444
36.950282
36.898543
36.933462
36.925681
36.815775
36.782491
36.832651
36.865940
36.908187
36.819620
37.683472
36.776715
36.777789
36.733743
36.826109
37.390946
39.330083
38.189198
37.703608
36.864787
36.833116
36.843936
36.837014
36.747598
37.612034
37.218897
36.849897
36.872982
36.984055
37.862965
38.682609
38.809145
39.112404
39.952757
39.976711
39.943215
39.947883
39.968077
40.011712
39.885643
39.925427
40.016235
40.765847
41.129283
40.801059
39.964388
40.865340
41.130043
41.054858
40.119124
39.987020
40.306391
41.035632
39.969614
40.003617
40.397971
40.996122
40.471788
40.015269
39.962478
42.195805
42.533710
42.519574
42.383013
39.888931
39.843666
39.880344
39.807800
39.909634
39.839952
39.944407
39.907798
39.956846
40.164217
41.027986
40.224920
39.784049
39.821924
39.897035
39.985146
40.000318
40.133922
41.189043
41.195642
40.282667
40.001726
39.999774
40.030372
39.983344
39.971211
39.694380
39.833380
40.010023
40.035668
39.986800
39.975442
39.828652
39.900731
39.963661
40.007346
39.861003
39.985378
39.985874
39.996734
39.988384
40.117411
39.814105
39.989256
40.026407
40.051562
41.026195
40.990346
39.985542
39.975791
39.888657
39.937860
40.993468
42.473262
42.870733
42.605481
42.456399
42.486338
42.370967
42.455558
42.475407
42.442606
42.340890
41.896483
39.875190
39.984324
40.027140
39.991764
40.780014
42.357988
42.340700
42.399818
42.438486
42.317353
42.368006
42.382852
42.343067
41.228183
41.867960
42.423372
42.410011
42.278814
42.305622
42.316265
41.688360
41.505157
42.447492
42.453048
42.369319
41.400513
39.913226
40.015938
40.185155
40.392210
39.718070
39.947724
41.333366
42.152919
42.043902
42.328654
42.008325
40.999106
42.255281
42.317576
42.446907
42.443450
41.958826
38.939362
39.528093
39.962734
39.981915
39.945775
39.908668
39.895040
39.992613
39.939624
39.985679
39.910853
39.994983
39.975679
39.867396
38.885095
39.697585
39.964296
39.959624
39.912762
39.951013
39.975546
39.944785
39.946824
39.970547
39.988893
39.504517
38.882263
39.950050
39.998657
39.956169
39.943078
40.021410
39.989525
40.016889
39.932460
39.953494
39.953792
39.903895
39.873251
39.975441
39.965817
39.944542
39.893957
40.000387
40.332146
40.042329
40.062085
40.067770
39.891409
39.861374
39.945550
39.963732
39.997891
39.984294
40.031445
39.826039
38.920675
39.658141
39.996027
39.971025
40.012878
39.990857
39.970629
39.970917
39.992960
39.920245
39.918140
39.949474
40.020909
39.955372
39.940904
39.934937
39.706993
38.834422
39.796793
39.951080
39.920766
39.928127
39.880399
39.927279
39.955767
39.942167
39.836748
39.990100
39.954836
39.982531
40.087711
39.965036
39.435523
39.177413
41.740435
42.419609
42.400812
42.421983
42.190375
41.166605
40.599143
39.850726
39.994620
40.058315
39.995597
39.972099
39.618798
38.860291
39.947447
39.976043
39.973496
39.857542
39.994345
40.212307
39.953090
40.008620
39.884802
39.981336
39.953918
39.978972
39.978327
39.980937
39.972487
39.983443
39.949290
39.969958
39.995457
39.953144
39.966486
39.992715
39.890820
39.932584
39.971326
39.253180
39.146980
39.967998
39.937361
39.982456
39.939752
39.964133
40.040036
39.941668
39.963437
39.982186
39.989870
39.955141
39.919807
39.807646
39.955736
39.002910
39.381475
39.956610
39.894694
39.901554
39.963918
39.999816
39.940444
39.866978
38.808820
40.997724
41.966206
42.172024
41.842074
39.994943
39.993043
39.548744
38.987481
39.970309
39.980802
40.007588
39.963371
40.008950
39.983490
39.976366
39.934894
39.962497
39.900033
39.902547
39.953232
39.934993
39.906069
39.980220
39.959291
39.942591
39.902928
39.944623
39.987650
39.961097
39.915647
38.931119
39.757991
40.001979
39.941044
39.967788
39.937033
39.944475
39.979566
39.974718
39.977293
39.934521
39.963541
39.954551
39.319599
38.969399
39.959749
39.958174
39.945819
39.951962
39.938743
39.938611
39.928977
39.935954
39.953194
39.319157
39.180713
40.041819
40.081820
40.053042
40.034606
40.487010
39.377981
39.576570
40.176638
40.207191
40.204432
40.209338
39.938769
39.099401
40.042062
40.339549
40.332848
40.267206
40.269189
40.239349
39.706472
39.130872
40.193239
42.963201
42.940897
37.111342
36.849956
37.381803
38.087195
37.986392
37.991055
37.988991
37.958083
37.998541
37.975819
37.965630
37.984414
37.975735
37.987146
38.117968
38.160441
38.173828
38.122659
38.143842
38.142405
37.118733
37.569360
38.158023
38.067761
37.988618
37.998738
37.990849
37.988190
37.992127
37.992728
37.990081
37.188855
37.186600
38.076547
38.109386
38.003746
38.001477
38.002893
38.276227
37.996297
37.918684
36.953676
37.557536
37.979469
38.006356
37.980219
37.968818
37.996764
36.944439
37.201442
37.969277
37.980556
38.105569
38.004589
57.915154
37.461240
38.034560
37.992389
38.020344
39.105165
39.220484
39.215680
39.179430
38.284229
38.217650
39.073134
39.070070
38.518490
37.956339
38.992800
39.065860
39.046720
39.083450
38.490271
38.236018
39.045838
39.051967
38.984588
37.960301
38.456721
39.216427
39.214639
38.097489
38.157414
39.071242
39.102441
38.564473
37.967778
37.985670
38.755613
39.106532
39.064255
38.137891
38.115347
38.250703
39.247631
39.233986
38.141906
38.392106
39.238988
39.250551
39.242270
38.614759
37.979559
38.115455
39.105375
39.091824
39.073270
39.099361
38.950408
37.992652
38.770835
39.084210
39.075953
39.081043
39.073039
38.043362
38.499810
39.065014
39.100093
39.230375
39.260345
