100.000000
96.510507
108.632816
94.661461
86.843500
98.722659
102.097462
91.220621
97.267206
108.443594
82.160903
98.171703
100.568797
82.825093
83.566161
82.130222
96.935094
95.045075
82.597136
81.664852
85.739546
86.557675
101.221072
83.803611
125.225542
109.190827
96.969187
94.640567
88.657832
102.536586
109.548127
82.290643
101.534409
89.927074
89.208380
92.623761
102.349127
102.471185
95.667528
96.741521
98.625318
94.062505
94.422752
98.441529
90.562715
115.075477
84.417925
102.731573
108.744801
99.973383
111.064641
102.381372
95.727665
95.338941
107.038953
101.898939
94.331468
86.955118
84.379312
84.164765
87.919084
94.678842
102.960362
100.705872
96.698953
83.564380
104.656730
94.124331
91.659015
97.243869
102.475578
94.829862
86.602165
92.737220
95.365705
96.572586
94.650491
114.056300
103.773725
105.552628
85.535570
90.510068
95.153162
107.334329
109.077363
95.001278
103.322218
104.761024
98.294873
83.649062
88.227151
85.406278
115.043282
86.662516
82.488640
98.256838
105.029554
108.288229
96.419169
89.912523
103.450956
105.391568
97.915864
96.484211
87.911769
99.020341
107.931633
103.428946
110.625289
108.405936
100.286878
101.877390
90.643550
104.008525
100.164716
84.506589
102.383354
108.696293
87.873545
105.355201
108.687631
101.964265
102.422737
103.978156
102.577145
108.113233
98.184263
95.889989
88.387304
88.009301
95.723413
105.275701
103.068779
109.364286
95.700260
105.505546
108.703103
111.814362
89.755271
84.295401
92.556209
101.336093
92.235689
109.482610
101.848472
98.776672
95.308688
99.694146
95.856647
106.130004
97.580081
93.363238
100.556264
115.801629
106.303997
111.758271
101.376747
98.190083
111.256222
108.071463
107.038548
103.883821
95.625392
110.605459
103.264126
107.724562
103.327112
112.347438
99.235088
98.773890
99.056609
90.825632
93.601002
89.657739
86.134047
99.952893
91.185974
82.393961
110.095475
107.748767
102.670530
97.106736
90.758624
97.141955
99.170929
98.703938
102.001781
94.754273
89.431335
103.635489
93.308303
83.988335
95.979592
120.597684
118.022350
113.773805
113.808375
99.034053
119.079608
96.951877
102.052272
97.459279
100.583438
99.087819
105.059656
96.559707
96.629705
97.597761
85.856458
94.476863
107.537583
93.229745
101.910658
106.009550
108.068390
100.417152
97.806199
90.461968
96.152626
91.503912
96.077506
112.176536
94.646944
81.054663
106.951475
101.071329
94.135360
101.407164
94.642813
90.213650
98.989215
103.018278
103.057403
91.662374
105.636200
90.929247
91.349694
95.959659
98.561219
100.032853
103.241178
93.218722
91.418003
107.804400
113.244722
80.953408
88.820339
92.462673
102.913345
114.667522
93.718841
88.842026
83.233985
94.484683
92.764266
108.166435
112.666859
110.922365
102.354926
107.330392
92.449968
107.182041
107.192476
108.043723
103.776063
108.895102
102.160621
101.432778
94.956278
92.436202
91.579193
94.319956
84.823564
91.398132
97.308963
102.419458
96.492975
91.371801
102.523111
98.155288
112.537825
107.900764
96.418205
92.871478
89.486695
104.435792
96.581446
112.932052
96.121868
99.011353
108.996575
97.164616
108.016856
107.981017
98.832936
95.641379
101.216401
87.772889
89.651441
99.619758
103.042307
114.970171
103.257220
106.309290
109.081705
97.283568
101.191735
108.275525
104.902780
87.635306
88.749736
101.437155
89.149592
83.721340
95.091978
101.239375
111.526248
117.900197
106.014387
92.907243
94.811683
90.201342
98.598783
94.245538
101.559914
102.790010
91.220667
104.601998
96.719423
107.884489
115.025910
105.168711
94.440689
103.301621
86.160185
98.597759
104.891012
100.634965
93.254932
85.394828
93.124447
96.169169
102.888593
105.531100
118.282439
107.401528
86.535547
102.798852
117.990017
113.642339
97.353296
92.020840
97.154784
106.174321
92.169646
118.407364
105.970093
101.467324
108.496349
97.160004
88.586603
86.866937
86.482742
104.025651
100.379898
99.682129
111.136768
109.062976
107.352882
96.900709
107.488759
104.912856
110.580954
85.528598
91.396933
77.542389
98.157358
100.811960
113.913331
107.129137
87.131352
89.155767
105.355368
104.140730
101.578256
99.914943
90.266296
98.237782
104.955827
97.268731
96.679603
90.751647
105.108030
104.168374
92.475093
86.846493
89.670881
92.755142
101.253032
116.055368
112.963518
84.460094
120.468639
112.201352
124.089628
103.919021
111.679221
107.828184
95.508010
83.407570
100.969410
98.107153
97.031489
97.330355
86.505063
83.360069
89.082659
94.046025
99.778927
106.247245
105.867050
106.705112
103.141273
97.568949
108.113300
110.873339
99.724364
90.676500
96.982292
99.877720
114.058653
108.416198
97.936566
97.399966
90.668341
111.604098
103.902698
100.942150
89.512672
103.785488
110.847354
95.286042
106.395524
95.126608
96.063067
106.152175
87.791443
91.006015
82.338834
86.989057
88.409137
111.596954
105.873183
88.489922
88.706990
99.369963
90.493055
93.479898
100.902489
108.148104
100.278451
97.937534
94.766450
112.120734
91.286585
90.377534
95.409264
107.530337
99.437821
100.303348
97.969835
95.358515
90.822201
102.921959
101.574735
90.202036
96.322909
96.552140
96.296587
97.462727
88.118347
88.799765
104.590047
107.382325
109.405162
77.866364
89.782550
109.782291
109.110296
89.226440
94.098738
95.122848
113.911625
98.279735
92.837360
115.456741
113.105218
100.809577
89.302363
109.392955
105.307153
89.317783
90.238849
99.490694
87.993288
92.190091
100.369304
102.018750
87.379218
94.768687
92.911531
93.438108
98.266708
120.315203
119.463402
103.876167
96.060228
112.705539
106.758462
113.202442
91.982346
97.122956
88.567187
96.169301
104.331490
109.598845
97.899825
84.034308
88.447835
97.686709
97.074429
94.619563
105.272475
85.252076
97.669844
100.257533
102.951197
104.625942
116.066961
104.365244
86.170042
84.387101
102.093590
111.919192
111.643859
111.098141
112.410593
111.736280
105.572377
103.249294
96.603255
91.723811
91.184821
95.401931
94.422523
94.319311
96.434390
96.878117
107.503377
98.435833
97.535528
92.631074
87.463679
96.358546
103.897014
106.116899
97.513843
100.903893
107.459311
100.243020
91.919576
96.679199
91.134967
88.878510
84.803804
104.734213
101.871526
100.601040
98.137458
91.540465
87.871171
87.211917
91.142737
110.312145
114.787997
95.680438
97.089276
81.404006
88.562463
93.384168
97.640834
93.393439
98.628504
79.284676
104.208438
106.775188
87.676113
90.171722
90.136495
114.630818
102.706357
86.217132
100.645468
111.847630
108.940880
84.263902
100.987479
87.322868
87.608542
106.541542
96.650839
98.568090
89.089561
93.719633
93.371857
103.440208
103.993744
102.300785
95.299110
91.832625
106.875748
107.766036
99.698745
92.518717
101.465709
99.407322
90.765134
110.139358
114.010259
95.256419
101.930789
95.034801
97.149936
89.743740
102.684880
104.341404
100.106760
99.119597
93.482195
88.001302
106.582053
96.779972
90.763040
91.272735
105.614236
86.376548
79.461581
101.262876
108.704118
96.857182
104.444219
96.417043
110.843935
103.955822
114.647087
98.766053
95.488025
92.838288
101.140139
103.604478
101.295907
101.209657
102.179543
108.977851
109.504671
87.346412
89.989291
97.311117
106.589016
94.366987
96.169413
98.779313
99.046236
97.202058
89.205276
118.175549
101.894795
89.287445
108.181081
115.282223
108.210835
94.113002
100.864730
102.492137
95.311527
94.540887
105.432300
115.457211
109.502000
111.893935
96.380525
91.947059
88.046434
83.808980
92.242755
98.756642
97.853926
92.501923
95.051120
97.203386
89.076951
94.316348
90.282735
112.266362
111.748449
92.767005
104.800517
111.105858
120.455470
91.846462
105.847992
86.792867
81.709487
85.623393
89.526934
91.513046
100.422779
101.922364
102.854501
113.837396
94.914349
89.893155
98.460009
111.254725
104.172868
98.096449
93.852095
91.186584
98.104770
104.107557
93.358971
98.415692
90.520636
95.528045
92.689212
98.470295
87.679369
116.438567
103.289773
99.772132
100.818000
97.858062
99.937436
97.782178
104.323350
96.099265
102.823916
107.850097
91.797521
91.803831
90.051286
99.614676
105.072576
106.532282
104.771533
106.389660
102.471870
99.568005
92.561685
100.486597
106.608747
109.474882
110.965236
107.143706
96.156624
95.369668
87.524065
90.885595
106.480463
114.891429
113.113045
94.756601
98.425337
99.640731
103.782415
104.510168
96.864436
99.421621
91.016763
100.970016
101.672623
94.616282
89.923843
93.103281
87.340760
100.333640
99.379427
106.433781
119.838556
109.821415
106.827919
122.617131
129.267134
149.961434
174.783643
177.850551
