50
35.735818
35.763769
35.760614
35.783506
35.795113
35.739342
35.737103
35.782222
35.761288
35.740809
35.776416
35.801062
35.791981
35.778405
35.780542
35.782257
35.805709
35.757151
35.753291
35.799359
35.751226
35.743272
35.777037
35.745604
35.774351
35.733642
35.716818
35.732797
35.734307
35.770585
35.782437
35.766559
35.761899
35.784749
35.731136
35.726268
35.771183
35.747945
35.757547
35.805223
35.739143
35.726757
35.773287
35.772414
35.778091
35.801262
35.775832
35.772565
35.790300
35.764576
35.803686
35.781753
35.752505
35.774102
35.774461
35.734804
35.777954
35.767751
35.778406
35.753776
35.798026
35.769588
35.755427
35.772695
35.732634
35.752866
35.748196
35.744171
35.756686
35.780500
35.735126
35.758367
35.730501
35.721996
35.771440
35.751747
35.752230
35.787657
35.803969
35.816768
35.783349
35.733210
35.738119
35.760916
35.725415
35.749432
35.776878
35.768973
35.801845
35.781070
35.814012
35.756622
35.754366
35.732962
35.735431
35.763957
35.737837
35.750475
36.137145
35.755798
35.806182
35.761607
35.736151
35.748647
35.769272
35.782576
35.750156
35.784939
35.779705
35.782225
35.801307
35.788923
35.773622
35.769291
35.741111
35.826720
35.739896
35.742102
35.778222
35.766184
35.747654
35.816384
35.760885
35.783595
35.789838
35.780741
35.779371
35.807012
35.765038
35.756979
35.777239
35.753084
35.741182
35.754495
35.752906
35.776022
35.764220
35.746392
35.783291
35.737904
35.743500
35.779046
35.794185
35.777847
35.763926
35.763647
35.772885
35.749000
35.733239
35.740858
35.746176
35.732400
35.742888
35.756558
35.791014
35.776969
35.757649
35.761686
35.758533
35.794695
35.796494
35.749784
35.744885
35.760374
35.763035
35.780145
35.724320
35.726703
35.743529
35.721949
35.731756
35.768823
35.789829
35.799133
35.727820
35.756429
35.784943
35.741845
35.715482
35.759125
35.762568
35.760557
35.787590
35.755170
35.756424
35.785829
35.811325
35.778344
35.766539
35.768376
35.742600
35.746487
35.724070
35.788041
35.778491
35.717207
35.764532
35.765533
35.728427
35.727723
35.804162
35.729530
35.741434
35.740293
35.726606
35.766237
35.761119
35.725336
35.769512
35.720913
35.741543
35.749519
35.757223
35.757028
35.763135
35.787803
35.768560
35.765929
35.744242
35.729900
35.785848
35.762100
35.737241
35.735974
35.737543
35.752061
35.754518
35.745110
35.742333
35.780405
35.776410
35.771017
35.786837
35.727316
35.743498
35.827121
35.792436
35.778313
35.792759
35.737308
35.750049
35.779155
35.728115
35.735438
35.780858
35.747227
35.731340
35.753469
35.755207
35.769773
35.755427
35.761777
35.794846
35.718812
35.773904
35.791068
35.755079
35.773216
35.991093
35.803778
35.770708
35.770754
35.783139
35.799113
35.770931
35.736372
35.745988
35.742700
35.736574
35.789624
35.799215
35.776538
35.758176
35.805642
35.755240
35.751208
35.763393
35.727866
35.796466
35.835058
35.813337
35.760883
35.756661
35.766063
35.797806
35.764335
35.751140
35.742407
35.786833
35.703554
35.716003
35.745317
35.758410
35.763682
35.746512
35.752828
35.748357
35.795371
35.770642
35.788845
35.732492
35.748904
35.799254
35.776847
35.790726
35.783978
35.734894
35.729240
35.791537
35.765863
35.775182
35.784415
35.811834
35.753622
35.788781
35.829413
35.727255
35.750947
35.747846
35.786174
35.757225
35.737724
35.777130
35.755785
35.736840
35.738480
35.780529
35.801508
35.749806
35.766591
35.738351
35.770156
35.771648
35.762558
35.774699
35.747378
35.748217
35.765279
35.777988
35.744258
35.798920
35.738246
35.778150
35.778715
35.789717
35.739197
35.765308
35.769508
35.768004
35.804166
35.758046
35.754448
35.778380
35.737183
35.756596
35.760486
35.754276
35.746364
35.742289
35.742075
35.761798
35.750109
35.746784
35.757879
35.783005
35.794819
35.759723
35.751396
35.767879
35.769655
35.771229
35.731984
35.779815
35.766479
35.762004
35.806918
35.795275
35.746397
35.765326
35.720155
35.751674
35.836372
35.776158
35.764844
35.802733
35.775699
35.769157
35.756153
35.751037
35.749251
35.832947
35.767408
35.771436
35.770940
35.768517
35.814161
35.813504
35.758165
35.752291
35.773331
35.754090
35.790463
35.777634
35.752148
35.787004
35.740629
35.748991
35.773739
35.803793
35.786822
35.800289
35.752666
35.737630
35.779791
35.744869
35.786953
35.783521
35.751452
35.713117
35.765134
35.725416
35.775412
35.783632
35.726838
35.750402
35.768353
35.928859
36.008101
35.914296
35.899101
35.897782
36.085954
35.776390
35.797086
35.730033
35.744169
35.788878
35.793668
35.760551
35.780866
35.769399
35.773173
35.791928
35.719632
35.760859
35.803249
35.763452
35.761077
35.821210
35.773614
35.756265
35.824601
35.746476
35.728315
35.744497
35.761544
35.738293
35.786099
35.764292
35.745395
35.806466
35.750050
35.747830
35.789762
35.744224
35.772825
35.767735
35.757837
35.766900
35.790089
35.772952
35.781004
35.765030
35.748562
35.774084
35.718212
35.735136
35.795821
35.788723
35.766081
35.811767
35.788216
35.784174
35.749578
35.795429
35.751315
35.792439
35.734299
35.779009
35.765855
35.732010
35.733523
35.749852
35.772758
35.763179
35.787657
35.778695
35.737331
35.794614
35.762643
35.738872
35.787497
35.736770
35.751662
35.787659
35.728669
35.766936
35.744074
35.784252
35.783947
35.780741
35.739840
35.754583
35.791300
35.758315
35.774178
35.804156
35.736413
35.751489
35.752102
35.743573
35.766144
35.770777
35.766855
35.808597
35.773985
35.779493
35.795858
35.751835
35.766922
35.773997
35.827050
35.757076
35.774830
35.742675
35.760454
35.954155
35.760168
35.787717
35.670623
35.662011
35.691513
35.671421
35.655602
35.744876
35.750187
35.743691
35.758854
35.733027
35.733131
35.804440
35.776068
35.752537
35.793242
35.776079
35.748453
35.784815
35.780240
35.760707
35.751103
35.758361
35.784484
35.779371
35.783175
35.800388
35.802813
35.800685
35.785195
35.784774
35.745905
35.733886
35.834932
35.792108
35.766109
35.784512
35.775103
35.776990
35.766523
35.761791
35.794114
35.775535
35.741995
35.748551
35.812624
35.760624
35.763084
35.773604
35.741861
35.759727
35.806188
35.776835
35.797466
35.768788
35.740497
35.814557
35.764388
35.795947
35.794788
35.789782
35.794941
35.819223
35.791857
35.764229
35.798695
35.783392
35.778773
35.816818
35.766936
35.782342
35.827042
35.763233
35.810326
35.780561
35.797907
35.779094
35.785854
35.783440
35.789653
35.785647
35.808825
35.796001
35.741124
35.753431
35.813082
35.757641
35.743842
35.803848
35.750691
35.757792
35.766829
35.755413
35.786466
35.766629
35.737702
35.795551
35.762064
35.727850
35.785843
35.805539
35.764537
35.779382
35.751978
35.733322
35.746421
35.770770
35.761687
35.769753
35.763588
35.770331
35.793794
35.815593
35.804294
35.804599
35.770098
35.786373
35.801733
35.772065
35.738466
35.770590
35.752089
35.775151
35.784364
35.739821
35.770585
35.808910
35.786755
35.767977
35.795645
35.776427
35.785347
35.828719
35.789530
35.761427
35.762903
35.742375
35.748659
35.778298
35.751134
35.768669
35.787627
35.773163
35.772801
35.790066
35.817132
35.800430
35.791602
35.762012
35.763649
35.767672
35.780630
35.797494
35.777692
35.766329
35.806853
35.806722
35.749951
35.819121
35.792456
35.786455
35.811518
35.754260
35.748022
35.802497
35.779703
35.770283
35.803618
35.777094
35.778994
35.781952
35.748838
35.743345
35.813374
35.754941
35.745994
35.777233
35.751581
35.771400
35.808867
35.781401
35.770056
35.801360
35.757937
35.757378
35.747145
35.738796
35.751475
35.766341
35.785577
35.804280
35.758831
35.732731
35.761161
35.760979
35.948394
36.075749
35.746721
35.656094
35.785976
35.781981
35.782951
35.790716
35.773813
35.761102
35.778505
35.776845
35.755518
35.790432
35.779346
35.770536
35.797284
35.755231
35.768679
35.763187
35.798894
35.810099
35.788364
35.755472
35.803439
35.789474
35.799249
35.815076
35.815727
35.797945
35.767907
35.745676
35.764006
35.787753
35.771146
35.744112
35.820836
35.784324
35.780500
35.782936
35.781686
35.752412
35.806100
35.783115
35.754825
35.791701
35.768905
35.746953
35.816940
35.776830
35.774881
35.792050
35.776490
35.778039
35.807805
35.778644
35.787495
35.779020
35.749759
35.781042
35.769635
35.785402
35.893631
35.845618
39.526781
40.052679
39.862567
38.569966
35.806057
35.763991
35.756040
35.796486
35.794869
35.802998
35.784866
35.791204
35.792361
35.759931
35.772642
35.819090
35.821902
35.820686
35.813155
35.774562
35.772853
35.810052
35.829951
35.801195
35.801802
35.802117
35.774242
35.810212
35.803638
36.579380
35.854728
35.789536
35.801252
35.805267
35.809375
35.782870
35.790574
35.850912
35.772776
35.775064
35.798345
35.799261
35.789867
35.774880
35.803604
35.830893
35.821914
35.812049
35.835745
35.793469
35.789673
35.831648
35.820883
35.808042
35.820307
35.798243
35.853210
35.808509
35.798142
35.813177
35.819710
35.787472
35.807844
35.827223
35.805724
35.851292
35.841599
35.828440
35.801034
35.766595
35.775564
35.799438
35.813446
35.775635
35.832032
35.805823
35.787130
36.397046
35.778548
35.767510
35.884511
35.792566
35.786844
35.782624
35.781845
35.894662
35.783531
35.791683
35.764325
35.769105
35.788612
35.777929
35.774685
35.797369
35.769993
35.795310
35.785259
35.780751
35.790548
35.790669
35.783765
35.832031
35.776166
35.778667
35.780123
35.779253
35.779456
35.785416
35.770703
35.769354
35.782698
35.821953
35.792025
35.819776
35.801305
35.798598
35.815996
35.775653
35.826971
35.829199
35.824430
35.796831
35.783407
35.791662
35.793610
35.790229
35.826660
35.792216
35.762526
35.793180
35.793914
35.787949
35.811532
35.858437
35.806437
35.818842
35.822115
35.803977
35.793142
35.792875
35.790950
35.910241
35.770958
35.799600
35.775165
35.760348
35.832468
35.825589
35.794912
36.325698
35.894963
35.803240
35.818852
35.769751
35.855323
35.852552
35.758287
35.755906
35.765190
35.811491
35.786166
35.787827
35.787490
35.807200
35.792060
35.783100
35.769156
35.785631
35.831901
35.798940
35.836517
35.769214
35.757431
35.813212
35.764072
35.814848
35.812499
35.792261
35.823157
35.792700
35.778737
35.806675
35.819748
35.789968
35.803835
35.780341
35.791196
35.809431
35.781237
35.802832
35.759543
35.760033
35.802806
35.799356
35.802236
36.168352
35.787989
35.827583
35.817864
35.795312
35.811310
35.808779
35.803376
35.810520
35.850458
35.801828
35.756948
35.796819
35.799861
35.789799
35.779323
35.779732
35.833067
35.761878
35.766817
35.793750
35.782965
35.819420
35.812189
35.803320
35.816671
35.841718
35.827792
35.797237
35.816387
35.848239
35.772183
35.782080
36.500082
35.948880
35.811672
35.808897
35.759614
35.788341
35.785595
35.802268
35.782530
35.760840
35.832791
35.765643
35.820420
35.770606
35.769942
35.800863
35.808519
35.777574
35.772651
35.801570
35.805666
35.806265
35.788743
35.774331
35.784715
35.877562
35.831534
35.769554
35.779760
35.781192
35.798599
35.800412
35.845364
35.802720
35.807101
35.777360
35.771897
35.769238
35.773815
35.784308
35.778900
35.775730
35.777427
35.779220
35.818145
35.801162
35.820187
35.797639
35.812775
35.812598
35.804811
35.790289
35.779716
35.777918
35.803091
35.819464
35.805946
35.802981
35.790857
35.786349
35.783484
35.815043
35.793344
35.784355
35.813509
35.802170
35.772553
35.771476
35.806704
35.798384
35.786698
35.777347
35.813403
35.786928
35.793683
35.789406
35.792090
35.780462
35.786585
35.807418
35.775770
35.786522
35.768021
35.832075
35.800384
35.763010
35.801503
35.775049
35.777329
35.808978
35.800099
35.818979
35.761340
35.776913
36.322812
35.816515
35.819139
35.809160
35.802394
35.767334
35.801027
35.793216
35.792255
35.794544
35.802537
35.803341
35.805096
35.787756
35.830255
35.771853
35.770211
35.778206
35.811532
35.789338
35.801235
35.802183
35.796905
35.795414
35.802624
35.800875
35.853713
35.766837
35.774446
35.811125
35.762821
35.778960
35.770001
35.797855
35.774327
35.772058
35.788544
35.795161
35.785124
35.810643
35.797537
35.799560
35.809789
35.795611
35.784969
35.821155
35.796403
35.803449
35.799624
35.790564
35.783018
35.807746
35.767979
35.840099
35.805231
35.799353
35.791937
35.810932
35.772091
35.811644
35.804937
35.818658
35.818734
35.888069
35.804432
35.799338
35.808774
35.812544
35.812269
35.796327
35.818489
35.806764
35.813394
35.825489
35.808585
35.825821
35.855566
35.787714
35.819712
35.785787
35.782284
35.781875
35.762540
35.813249
35.805158
35.806456
35.795030
35.795879
35.825415
35.773894
35.771483
35.780883
35.786876
35.824107
35.807680
35.774339
35.789142
35.829787
35.883135
35.803380
35.765911
35.793734
35.797608
35.799426
35.801462
35.808765
35.859084
35.788533
35.801689
35.759437
35.776329
35.764403
35.793290
35.810827
35.767456
35.749106
35.764952
35.794841
35.834629
35.786093
35.771949
35.790133
35.790680
35.799877
35.809137
35.825861
35.774942
35.771777
35.772728
35.777260
35.815579
35.771344
35.982124
35.772588
35.776852
35.764920
35.793416
35.789766
35.779374
35.792046
35.803175
35.799310
35.811448
35.810938
35.772373
35.793424
35.805104
35.780306
35.802976
35.806408
35.794127
35.764603
35.762483
35.806924
35.806397
35.846565
35.816717
35.815543
35.793047
35.809632
35.823657
35.792476
35.792599
35.779311
35.774967
35.759233
35.786391
35.810339
35.788071
35.765778
35.767713
35.775796
35.793734
35.791734
35.787074
35.770608
35.779607
35.757883
35.764546
35.759152
35.783716
35.787950
35.798960
36.097802
35.809897
35.814839
35.814978
35.796525
35.791926
35.818256
35.798854
35.789252
35.798430
35.800311
35.802101
35.813396
35.809564
35.807634
35.797030
35.800379
35.802296
35.783738
35.809929
35.802525
35.795821
35.802162
35.845921
35.820041
35.844550
35.856925
35.819855
35.829194
35.799386
35.788039
35.820844
35.800720
35.811514
35.800332
35.813785
35.811703
35.809476
35.821394
35.827936
35.819908
35.804793
35.801555
35.808898
35.787563
35.796723
35.810726
35.829436
35.817956
35.797012
35.812217
35.809051
35.806381
35.786444
35.802374
35.806156
35.832564
35.816090
35.812297
35.810895
35.806621
35.809275
35.713742
35.703214
35.695440
35.727136
35.685031
35.699470
35.711502
35.700051
35.682514
35.719222
35.694515
35.707537
35.694619
35.701181
35.682640
35.709474
35.681807
35.705985
35.689559
35.707561
35.715140
35.678717
35.705011
35.688786
35.700222
35.695186
35.687133
35.685749
35.680041
35.704341
35.692480
35.702199
35.707565
35.695502
35.681182
35.694117
35.696260
35.688759
35.735616
35.776806
35.689846
35.713030
35.673710
35.686238
35.706625
35.695119
35.692480
35.661369
35.713453
35.690550
35.679052
35.694119
35.693609
35.678342
35.695810
35.727983
35.811507
35.777608
35.790066
35.816646
35.786620
35.799725
35.771640
35.774365
35.791887
35.804291
35.829597
35.781161
35.774042
35.797918
35.759285
35.786666
35.765968
35.812849
35.811591
35.760054
35.852289
35.806481
35.801264
35.795700
35.794347
35.774467
35.779549
35.783925
35.850634
35.761631
35.831716
35.844991
35.767071
35.794526
35.767896
35.761015
35.820321
35.803754
35.802169
35.816873
35.790313
35.795397
35.795113
35.827196
35.800412
35.789991
35.758990
35.798853
35.800603
35.816826
35.755144
35.791868
35.815385
35.818537
35.796614
35.806398
35.768984
35.778817
35.815908
35.797450
35.772579
35.770377
35.808891
35.797382
35.796175
35.783603
35.796565
35.781163
35.773267
35.797012
35.791695
35.792584
35.793141
35.809128
35.779041
35.819400
35.783371
35.772512
35.776370
35.824654
35.779151
35.763393
35.793152
35.789566
35.751386
35.773325
35.774714
35.784377
35.768542
35.758085
35.759485
35.833925
35.783519
35.789233
35.810352
35.810928
35.809222
35.798340
35.800474
35.788570
35.790285
35.793412
35.770857
35.761332
35.966000
35.822481
35.799175
35.819623
35.828963
35.810147
35.811358
35.805542
35.813334
35.781320
35.805443
35.817131
35.802044
35.841738
35.779030
35.792211
35.796312
35.804239
35.815358
35.794639
35.794526
35.798194
35.817629
35.801614
35.796736
35.805349
35.799364
35.819116
35.819145
35.796260
35.808790
35.788248
35.801539
35.817112
35.823292
35.788400
35.804301
35.809707
35.779935
35.810201
35.813664
35.785907
35.798707
35.808288
35.826481
35.794338
35.824726
35.815382
35.819328
35.802980
35.799204
35.799876
35.839098
36.058041
35.808473
35.787458
35.806032
35.801640
35.802768
35.828966
35.827606
35.801074
35.814403
35.806961
35.793429
35.789249
35.800388
35.807194
35.794733
35.807190
35.794522
35.971226
35.960979
35.978673
35.970097
35.980290
35.982298
35.763564
35.813199
35.967783
35.973599
35.987614
35.971635
35.992191
35.969321
35.962561
35.972764
35.963948
35.984931
36.001185
35.989658
35.982372
35.971826
35.955900
35.989262
35.957279
35.948555
36.295812
35.962372
36.003743
35.969721
35.975757
35.966750
35.967999
36.064531
35.939730
35.959158
35.932699
35.975608
35.983951
35.981400
35.989881
35.965987
35.965490
35.969852
35.984912
35.978799
35.971921
35.971375
35.962870
35.963255
35.980684
35.739774
35.709423
35.728895
35.973711
35.980217
35.966821
35.960367
35.945014
35.951666
35.969942
35.963055
35.967269
35.967952
35.973786
35.951721
35.959497
35.973524
35.423297
35.592201
35.840057
35.900777
35.986515
35.739963
35.974457
36.061627
36.166539
35.871426
35.888028
35.876965
35.883335
35.880897
35.883391
35.862656
35.883788
35.871643
35.874014
35.870610
35.861919
35.875167
35.867955
35.873657
35.858374
35.846653
35.866051
35.861326
35.863960
35.857875
35.872799
35.868612
35.840010
35.860727
35.867028
35.861403
35.878600
35.886745
35.858149
35.852881
35.854147
35.858065
35.877451
35.875452
35.877482
35.881780
35.866465
35.862485
35.870816
35.859190
35.872784
35.861551
36.194436
35.854566
35.855942
35.872609
35.853717
35.837831
35.845440
35.838735
35.826619
35.837879
36.074350
35.825163
35.845484
35.823198
35.858135
35.836554
35.846760
35.846873
35.865862
35.873000
35.825438
35.832703
35.822219
36.094399
35.847447
35.842702
35.762853
35.839452
35.825111
35.835587
35.814392
35.847279
35.839026
35.826376
35.844422
35.837072
35.853500
35.861688
35.864373
35.861495
35.888543
35.881773
35.870087
35.856510
35.853230
35.865403
35.861159
35.873923
35.863402
35.869789
35.869478
35.865285
35.743360
35.231206
35.176283
35.283287
35.087124
35.267185
35.452491
35.845624
35.823584
35.835867
35.843134
35.823125
35.836389
35.831462
35.814136
35.825195
35.828158
35.824224
35.839520
35.832996
35.840776
35.811524
35.824767
35.844708
35.830485
35.847508
35.840144
35.871610
35.871918
35.855280
35.826750
35.830416
35.813927
35.829420
35.821473
35.814653
35.811105
35.844963
35.821951
35.831064
35.832298
35.832458
35.834663
35.836490
35.809594
35.808928
35.816487
35.817614
35.829196
35.822781
35.830086
35.832661
35.836174
35.834047
35.831250
35.781588
35.808333
35.829389
35.831928
35.815621
35.889612
36.239466
36.171563
35.863613
35.828644
35.880848
35.864805
35.850696
35.876057
35.855800
35.869950
35.858347
35.855122
35.873734
35.884084
35.862962
35.865442
35.864158
35.865566
35.829677
35.860968
35.847781
35.842165
35.852933
35.869878
35.883803
35.827705
35.833737
35.820921
35.842252
35.874408
35.846273
35.827952
35.847187
35.856605
35.840757
35.854485
35.845374
35.824068
35.840751
35.830251
35.812864
35.860258
35.860070
35.840587
35.843510
35.842736
35.884808
35.871244
35.866826
35.871486
35.880870
35.878922
35.871942
35.840204
35.867960
35.859228
35.836775
35.859847
35.826743
35.836813
35.829316
35.848190
35.855690
35.829818
35.863461
35.872861
35.842644
35.725726
35.826526
35.762547
36.478648
35.842708
35.835416
35.885442
35.682247
35.672398
35.026398
35.080701
34.947780
35.132712
35.083521
35.155458
35.035909
35.762230
35.813255
35.873318
35.847771
35.760640
35.692699
35.226884
35.220818
35.826168
35.875828
35.857569
35.868690
35.865274
35.773698
35.856191
35.872495
35.864477
35.257375
35.318451
35.637725
35.748490
35.866829
35.460465
35.187922
35.478124
35.463748
35.423889
35.493117
35.656755
35.865745
35.881979
35.595884
35.625460
35.848218
35.851120
35.825217
35.855467
35.802814
35.840056
35.835382
35.803377
35.867830
36.066350
35.851057
35.831038
35.849307
35.856928
35.881571
35.879420
35.879060
35.870561
35.839790
35.854799
35.830597
35.823028
35.834528
35.845358
35.839716
35.831287
35.836286
35.826602
35.841759
35.834308
35.851914
35.871959
35.846864
35.908212
35.884780
35.855560
35.859317
35.861802
35.857413
35.861589
35.878721
35.873155
35.882637
35.884711
35.870431
35.865778
35.874894
35.874295
35.859919
35.877422
35.870524
35.865628
35.851092
35.851034
35.827199
35.865036
35.855457
35.865182
35.854182
35.877229
35.857098
35.854974
35.863137
35.856760
35.843657
35.863495
35.854914
35.849070
35.851470
35.838923
35.838015
35.858092
35.848666
35.858836
35.820869
35.829028
35.849584
35.845253
35.838335
35.842609
35.832405
35.882196
35.887782
35.834826
35.842591
35.867567
35.851417
35.870206
35.863160
35.864503
35.886164
35.848993
35.862457
35.870135
35.858958
35.876119
35.879693
35.858317
35.860026
35.808705
35.319085
35.062630
35.105350
35.123130
35.099996
35.147996
35.209026
35.157864
35.207020
35.818207
35.850145
35.830721
35.817632
35.832873
35.831087
35.832070
35.838369
35.837038
35.833886
35.832465
35.836314
35.833830
35.833482
35.834448
35.897640
35.797056
35.836410
35.839196
35.727292
35.659209
35.401097
35.109492
35.207355
35.074152
35.381177
35.207315
35.202864
35.084627
35.117376
35.108074
35.140703
35.224734
35.207534
35.361233
35.857894
35.870416
35.859782
35.866174
35.861465
35.852071
35.868970
35.690065
35.859529
35.908238
35.871431
35.916048
35.441885
35.360165
35.636239
35.649919
35.860139
35.648844
35.689864
35.894265
35.883760
35.945934
35.399701
35.843930
35.820950
35.840089
35.922791
35.783459
35.843568
35.851370
35.847113
35.883226
35.872574
35.858032
35.859609
35.880006
35.875283
35.854999
35.857769
35.894859
35.874688
35.869827
35.859824
35.862223
35.852086
35.863520
35.882625
35.853023
35.875618
35.422268
35.079897
35.239959
35.235801
35.155701
35.184011
35.371064
35.241376
35.195346
35.629701
35.862175
35.863615
35.865977
35.866271
35.868433
35.883527
35.868496
35.866315
35.883480
35.901153
35.866953
35.852769
35.890478
35.865054
35.867126
35.845434
35.841694
35.840474
35.853869
35.821612
35.807565
35.806695
35.816897
35.816616
35.870842
35.830644
35.828422
35.840640
35.832495
35.821645
35.822290
35.849687
35.855976
35.851513
35.833303
35.831367
35.824833
35.836193
35.845696
35.844046
35.843205
35.857287
35.885778
35.845565
35.889104
35.976989
35.972169
35.984959
35.973967
35.982341
35.105721
35.265252
35.554671
35.194759
35.358241
35.357969
35.274023
35.254155
35.274587
35.168927
35.277691
35.281594
35.272651
35.317152
35.391721
35.295232
35.594026
35.505605
35.626213
36.139739
36.144572
36.119344
36.168348
36.111596
36.101126
36.090510
36.078751
36.117580
36.120544
36.103732
35.490923
35.247258
35.259990
35.208396
35.252560
35.225770
35.253753
35.338571
35.224625
35.239652
35.343378
35.260939
35.402017
35.192119
35.395976
35.338740
36.078315
36.006866
36.031427
36.000914
35.998207
36.014815
36.007508
36.007383
36.010455
36.004058
36.011392
36.005601
36.006320
36.068192
36.090263
36.147975
36.039879
35.844345
36.039673
36.036275
35.988199
36.020254
36.001808
36.090979
36.123613
36.130968
36.146431
36.137028
36.139219
36.143897
36.113695
36.121392
36.114344
36.134260
36.147917
36.112987
36.129257
36.093590
35.997958
35.988583
35.991471
35.972886
35.962797
36.021954
35.996014
35.983946
35.999234
36.003012
35.972583
35.986569
35.980841
35.981958
35.984274
35.967877
36.008233
36.017828
35.994633
35.989711
35.982247
36.005493
35.990120
35.980710
35.985458
35.983180
35.981637
35.976802
35.972417
36.011983
36.000584
36.078840
35.982867
35.995996
35.980558
35.989294
35.985054
36.190685
35.933509
35.929786
35.837431
35.820206
35.938378
36.044892
35.935151
36.002908
36.006461
35.915164
35.874289
35.834922
35.836578
35.697405
35.456798
35.251957
35.234430
35.451749
35.231354
35.304585
35.467274
35.594194
35.363118
35.523492
35.840800
35.826648
35.829762
35.826974
35.820183
35.842697
35.843222
35.845464
35.826172
35.853927
35.825066
35.849215
35.837327
35.839621
35.827312
35.836939
35.840375
35.348084
35.104846
35.364584
35.065891
35.076613
35.185332
35.297458
35.197147
35.371297
35.175690
35.109179
35.235492
35.105743
35.076697
35.367517
35.225411
35.626748
35.849022
35.845515
35.858747
35.839339
35.844358
35.842701
35.841843
35.830319
35.847922
35.823504
35.811911
35.846040
35.832132
35.846593
35.835496
35.821646
35.842219
35.858321
35.833047
35.963800
35.484488
35.552780
35.652136
35.677513
35.450123
35.442090
35.567402
35.574668
35.333027
35.685648
35.386182
35.560435
35.682769
35.598282
35.539000
35.620177
35.321523
35.249326
35.479789
35.579917
35.198481
35.373357
35.895151
35.896735
35.869447
35.872347
35.866892
35.893959
35.886002
35.804170
35.803672
35.798969
35.808461
35.812845
35.799685
35.795725
35.786329
35.799802
36.040804
35.825853
35.797370
35.823331
35.799724
35.806376
35.779973
35.806180
35.814763
35.796183
35.798957
35.795752
35.807904
35.786699
35.783185
35.803244
35.811141
35.792476
35.782109
35.824120
35.790382
35.789632
35.808718
35.793154
35.807121
35.851176
35.797667
35.824651
35.833895
35.806075
35.835474
35.800834
35.796075
35.812015
35.806508
35.806107
35.285660
35.145876
35.203506
35.198909
35.800466
35.808282
35.831937
35.800316
35.797046
35.798556
35.821714
35.787481
35.818352
35.809025
35.802104
35.807946
35.807726
35.821519
35.801846
35.731900
35.843598
35.811450
35.814201
35.793802
35.793943
35.810338
35.800187
35.803920
35.807617
35.833724
35.797957
35.827123
35.821477
35.819833
35.814162
35.788946
35.790547
35.803949
35.804923
35.808545
35.783529
35.797607
35.808972
35.804848
35.841473
35.952907
35.809004
35.988229
35.861926
35.801614
35.815575
35.808678
35.805381
35.793590
35.792281
35.807648
35.818564
35.797047
35.798910
35.818810
35.803231
35.797673
35.779494
35.797331
35.793794
35.793727
35.798082
35.797757
35.785985
35.811930
35.799335
35.796000
35.782439
35.785660
35.792469
35.814036
35.808832
35.804796
35.867927
35.812185
35.802004
35.809443
35.800805
35.777395
35.798473
35.801859
35.529952
35.885645
35.527628
35.578928
35.791904
35.805702
35.266304
35.046507
35.293219
35.649597
35.784783
35.582258
35.792188
35.788522
35.840286
35.784804
35.783136
35.800584
35.810206
35.951846
35.850555
35.836246
35.817271
35.823538
35.865564
35.819132
35.837266
35.917807
35.831277
35.983637
35.854830
35.844873
35.839388
35.854073
35.843303
35.843178
35.848630
35.839606
35.830781
35.822318
35.829978
35.809065
35.832724
35.809987
35.822990
35.821939
35.832971
35.821168
35.821567
35.827440
35.847781
35.831277
35.808930
35.872636
35.807743
35.788671
35.777907
35.793531
35.794667
35.787752
35.798182
35.782919
35.783907
35.780160
35.795752
35.782602
35.800673
35.791548
35.798519
35.793244
35.794615
35.782121
35.783096
35.785395
35.797900
35.788649
35.795445
35.799969
35.780396
35.792701
35.793349
35.785392
35.600942
35.327429
35.193870
35.109181
35.073489
35.608063
35.476241
35.496762
35.576068
35.798387
35.771041
35.801354
35.795282
35.766830
35.784372
35.775509
35.789759
35.781030
35.792912
35.801244
35.789897
35.786438
35.802417
35.793917
35.782614
35.780841
35.785081
35.788769
36.152652
35.950962
36.000673
35.861025
35.780628
35.798139
35.797896
35.801576
35.784940
35.783572
35.784535
35.793836
35.792406
35.792839
35.795426
35.788387
35.783610
35.778885
35.801822
35.790146
35.779783
35.804597
35.791367
35.790839
35.779941
35.785920
35.788058
35.826167
35.784381
35.781231
35.775027
35.805472
35.826805
35.786345
35.803538
35.760717
35.790855
35.790003
35.794992
35.794382
35.804738
35.788940
35.775852
35.792942
35.796826
35.793410
35.791066
35.814435
35.795237
35.793075
35.784265
35.796158
35.780161
35.794165
35.788783
35.798672
35.791537
35.774026
35.768806
35.782383
35.796758
35.797871
35.777961
35.781641
35.778062
35.777144
35.819804
35.787672
35.768990
35.805833
35.812831
35.806318
35.799970
36.000338
35.829987
35.777845
35.793590
35.390068
35.392457
35.382464
35.337027
35.481279
35.143306
35.147402
35.227133
35.325352
35.290120
35.368745
35.378931
35.192711
35.381610
35.569686
35.495755
35.528342
35.727119
35.522396
35.513968
35.687310
35.516033
35.557664
35.716751
35.314248
35.609258
35.598934
35.496929
35.568313
35.778572
35.405220
35.528672
35.786962
35.806027
35.809819
35.892718
35.769921
35.777512
35.788442
35.795438
35.788361
35.789653
35.795762
35.774405
35.797525
35.790309
35.790538
35.770800
35.788368
35.796556
35.802215
35.786745
35.792778
35.787408
35.782386
35.397379
35.013267
35.353028
35.275106
35.292869
35.292332
35.266967
35.042060
34.952385
35.284374
35.747711
35.781991
35.780030
35.780430
35.789383
35.924784
35.780393
35.816531
35.780391
35.818054
35.892448
35.837284
35.802353
35.798427
35.827636
35.827809
35.794980
35.853635
35.787554
35.803200
35.778213
35.798299
35.797301
35.777208
35.791212
35.813771
35.776326
35.794577
35.779519
35.777260
35.789384
35.786873
35.780847
35.775436
35.778761
35.792414
35.772838
35.799949
35.800716
35.772491
35.780674
35.801326
35.793113
35.792093
35.796366
35.871920
36.099077
35.840982
35.793370
35.779695
35.805155
35.785445
35.777120
35.824256
35.784464
35.795114
35.778606
35.777505
35.788568
35.783932
35.784717
35.791899
35.783799
35.789399
35.771511
35.796510
35.788824
35.777365
35.789910
35.814191
35.820111
35.804484
35.792069
35.840704
35.806031
35.789441
35.794026
35.804514
35.773641
35.783052
35.822071
35.808829
35.807951
35.809531
35.827201
35.756492
35.862657
35.804283
35.782203
35.817769
35.793082
35.786161
35.760943
35.774597
35.792941
35.792114
35.778671
35.779464
35.789557
35.805349
35.798072
35.850782
35.825445
35.895700
35.847983
35.779735
35.789936
35.917080
35.991836
35.968220
35.885215
35.827231
35.841541
35.833916
35.841301
35.822123
35.841431
35.781621
35.801268
35.811170
35.805264
35.807238
35.797912
35.795227
35.789515
35.832925
35.797377
35.786977
35.787425
35.834436
35.818030
35.837105
35.822779
35.848975
35.823176
35.823999
36.097977
35.867167
35.854926
35.835010
35.810464
35.793055
35.799154
35.801441
35.790109
35.826334
35.795956
35.805258
35.793203
35.789636
35.796164
35.849737
35.827300
35.803392
35.826809
35.802768
35.821738
35.797368
35.815158
35.813814
35.835832
35.795875
35.783311
35.788342
35.787322
35.780639
35.800149
35.820681
35.806743
35.815965
35.825280
35.815978
35.810229
35.806022
35.801731
35.826813
35.815737
35.825692
35.821648
35.811012
35.823094
35.828324
35.825280
35.817415
35.813284
35.833399
35.808538
35.827247
35.823979
35.814343
35.834382
35.801335
35.838002
35.834853
35.824140
35.815853
35.807796
35.821147
35.832740
35.805859
35.755176
35.793172
35.799660
35.805066
35.806069
35.783233
35.809412
35.790358
35.780135
35.781406
35.778869
35.774613
35.778811
35.780145
35.786279
35.793415
35.797711
35.774936
35.785686
35.790833
35.783259
35.815046
35.821453
35.823217
35.813218
35.823224
35.817423
35.809171
35.800005
35.818115
35.789662
35.773571
35.768719
35.776344
35.769913
35.786765
35.786679
35.790007
35.769767
35.767435
35.788852
35.808727
35.788928
35.787076
35.787514
35.778924
35.783926
35.240942
35.199326
35.516920
35.826644
35.801826
35.845698
35.143405
35.248778
35.240318
35.304586
35.227365
35.138710
35.039242
34.966397
35.075851
35.050193
35.117018
35.018530
35.095757
35.090914
35.036874
34.992296
35.140872
35.088746
35.722685
35.787947
35.766983
35.789443
35.780521
35.795562
35.776598
35.781361
35.791238
35.797321
35.769687
36.298098
35.787146
35.776522
35.777377
35.773293
35.771933
35.050874
35.238358
35.774784
35.788367
35.788815
35.773880
35.779945
35.768414
35.783401
35.812015
35.832505
35.786615
35.804542
35.799209
35.097859
35.111086
35.032023
35.090676
35.286659
35.782484
35.784283
35.787279
35.789928
35.794398
35.800750
35.768824
35.779245
35.807716
35.792954
35.791502
35.794745
35.783236
35.787426
35.792331
35.794839
35.779096
35.783950
35.797549
35.795465
35.825714
35.787568
35.800650
35.785501
35.803459
35.803194
35.811647
35.779299
35.866896
35.784735
35.800578
35.650723
35.676117
35.695850
35.679298
35.669216
35.694765
35.662571
35.681692
35.676468
35.671524
35.648900
35.688664
35.765357
35.803657
35.784302
35.800095
35.798657
35.783223
35.794243
35.782440
35.779613
35.809415
36.556395
35.807049
35.807469
35.832416
35.809445
35.820321
35.802549
35.799823
35.814656
35.855280
35.760639
35.827652
35.860330
35.790438
35.780201
35.786419
35.767266
35.774765
35.785226
35.770320
35.680327
40.766983
35.979972
35.974170
35.950442
35.955828
35.939439
35.971819
35.936354
35.970196
35.960490
35.940949
35.943940
36.078402
35.248147
35.176257
35.337093
35.225637
35.128378
35.183248
35.189190
35.911892
35.933666
35.949472
35.941590
35.939679
35.937247
35.902458
35.922172
35.962479
35.955318
35.947917
35.949296
35.969462
35.948803
35.940604
35.938310
35.939558
35.894486
35.910196
35.899044
35.882742
35.885142
35.896695
35.897814
35.879094
35.887052
35.881875
35.885347
35.892456
35.950025
35.909929
35.943302
38.341246
37.025179
36.974084
37.000657
37.026110
37.030866
37.004390
39.525905
40.601949
40.532879
40.536693
40.539658
40.623960
40.600567
40.640659
40.539482
40.589842
40.551821
40.631607
40.452011
40.386473
40.524136
40.649732
40.475307
40.503814
40.619310
40.543719
40.560717
40.582055
40.747895
40.693127
40.611307
37.813311
37.044133
37.046081
37.100653
37.064325
37.116163
37.089594
37.092638
37.067581
37.093785
37.067205
37.735203
40.589584
40.631847
40.761983
40.648764
40.745442
40.611391
40.681419
40.677207
40.736297
40.690369
40.676282
40.719367
40.755964
40.669877
40.646850
40.885519
40.594291
40.397208
40.662112
36.768557
35.800592
35.801034
35.791665
35.809164
35.739151
35.787755
36.139817
35.855453
35.822098
35.776053
35.936052
36.004780
36.123068
35.954199
35.790604
35.756461
35.751352
35.794849
35.769347
35.768158
35.827362
35.779902
35.781180
35.785027
35.772548
35.781975
35.808472
35.757376
35.748295
35.771361
35.784022
35.763036
35.820803
35.754831
35.767889
35.784581
35.782643
35.770144
35.767400
35.766027
35.886363
35.821623
35.839766
35.768166
35.769174
35.767972
35.762244
35.776592
35.747852
35.795975
35.753589
35.781644
35.810203
35.752554
35.788413
35.790184
35.770357
35.774441
35.788990
35.766569
35.778221
35.776226
35.784701
35.782052
35.774136
35.755145
35.772471
35.825239
35.755212
35.763809
35.785186
35.756709
35.767412
35.787442
35.761108
35.763752
35.798789
35.799495
35.770574
35.775539
35.790279
35.800883
35.811905
35.756565
35.808372
35.765447
35.756863
35.788717
35.767909
35.789045
35.788281
35.781110
35.763678
35.817956
35.766703
35.778677
36.247154
35.773094
35.776594
35.795004
35.773163
35.792455
35.805788
35.788851
36.079993
36.205342
36.045259
35.845563
35.658836
35.922597
35.781108
35.782913
35.774492
35.767683
35.782784
35.786966
35.776543
35.793830
35.756262
35.924701
36.104379
35.849403
35.848731
35.748075
35.965130
35.872808
35.743746
35.570657
35.475015
35.525826
35.445829
35.277539
35.772458
35.263023
35.696964
35.318508
35.758608
35.435278
35.552393
35.186346
35.723869
35.921745
35.577965
35.690295
35.335606
35.459521
35.368995
35.534210
35.469900
35.384079
35.160002
35.184533
35.555295
35.510038
35.215028
35.309552
35.365383
35.263701
35.535715
35.660465
35.715968
35.466099
35.262867
35.298082
35.262347
35.139081
35.255206
35.345569
35.268977
35.283259
35.314507
35.261124
35.348471
35.443588
35.252021
35.301845
35.770946
35.312972
35.275496
35.334772
35.256672
35.369193
35.637121
35.642234
35.339536
35.335798
35.352792
36.317230
35.941313
35.929674
35.945616
35.951938
35.982810
35.950848
35.924857
35.939345
35.961587
35.942653
35.925371
36.201378
36.101450
36.059485
36.079396
36.058439
36.064394
36.072040
36.044616
36.062849
35.965925
35.916457
35.931162
36.198843
35.921331
36.010243
35.946048
35.906113
35.414050
35.454311
35.651318
35.854846
35.750833
35.367445
36.124668
35.909345
35.971419
35.956903
35.950606
36.074070
35.973123
35.945218
35.955903
35.980460
35.801379
35.506706
35.394963
36.113395
35.919171
35.936337
35.930375
35.933248
35.922729
35.943592
35.920687
35.940243
35.936246
35.936463
35.922829
35.946526
35.955297
35.925158
35.912279
35.942745
35.913582
35.772383
35.805075
35.812350
35.782631
35.817407
35.762094
35.770938
35.800817
35.773264
35.826371
35.820873
35.764696
35.781766
35.797631
35.786956
35.768633
35.829860
35.785636
35.760582
35.803601
35.804940
35.808912
35.809026
35.788692
35.814504
35.776436
35.795872
35.793791
35.799217
35.790271
35.811548
35.772109
35.772435
35.778265
35.802330
35.801079
35.792761
35.770455
35.785122
35.804578
35.772689
35.773289
35.787784
35.764565
35.759507
35.788620
35.778378
35.795303
35.819618
35.791972
35.781290
35.804739
35.790487
35.819759
35.786438
35.782800
35.803436
35.763362
35.801489
35.786304
35.779037
35.782420
35.804576
35.763026
35.790293
35.795153
35.773942
35.791599
35.775504
35.811577
35.756121
35.801206
35.763021
35.756913
35.819065
35.789536
35.774268
35.798766
35.754176
35.779644
35.797377
35.778981
35.762544
35.792169
35.782507
35.774249
35.792528
35.779990
35.785357
35.817484
35.770629
35.801714
35.772043
35.760506
35.824632
35.785886
35.798426
35.796027
35.770475
35.776879
35.796398
35.786453
35.765048
36.096264
35.794237
35.785514
35.818679
35.803239
35.783384
35.787728
35.783892
35.777285
35.809732
35.775948
35.794039
35.828926
35.799029
35.776934
35.827292
35.801106
35.789540
36.043248
35.914563
35.925171
35.899835
35.926503
35.953854
35.947402
35.917490
35.888239
35.931686
35.952721
35.920883
35.935177
35.941913
35.952595
35.908603
35.931633
35.920593
35.944645
35.908972
35.912786
35.924858
35.930588
35.923053
35.927202
35.918326
35.984668
35.927821
35.950106
35.944539
35.935745
35.911935
35.952927
35.926930
35.921163
35.930418
35.914905
35.933631
36.108602
35.906130
35.913596
35.897207
36.014934
35.900905
35.921731
35.910682
35.932644
35.932216
35.939622
35.952967
35.921211
35.894630
35.942801
35.917009
35.918333
35.923477
35.943054
35.919066
35.861832
35.781292
35.773998
35.801535
35.794228
35.783376
35.805497
35.772695
35.784319
35.778427
35.764559
35.791604
35.811910
35.767501
35.810970
35.777751
35.779971
35.804001
35.842331
35.980318
35.855415
35.903078
35.756615
35.801399
35.781663
35.795581
35.819739
36.025905
35.860289
35.779690
35.796159
36.154578
36.384924
35.828820
35.600886
35.380225
35.486751
36.401366
35.878858
35.748388
35.831534
35.744677
35.725245
35.869114
35.846774
35.903540
35.824862
35.754973
35.785393
35.890116
35.869101
35.800147
35.755640
35.789717
35.895300
35.639787
35.196766
35.565630
35.114693
35.198198
35.117318
35.270095
35.645534
35.278777
35.082361
35.212125
35.197153
35.200989
35.113649
35.087099
35.151705
35.068224
35.083519
35.547547
35.452464
35.237944
35.457436
35.051219
35.067924
35.179394
35.160277
35.458078
35.479534
35.224401
35.130780
35.215437
35.144154
35.076326
35.246073
34.950709
35.639593
35.977774
35.773111
35.770131
35.794461
35.797947
35.787326
35.805953
35.765458
35.777254
35.785980
35.762953
35.779029
35.782727
35.765452
35.795185
35.779318
35.872045
35.858216
35.854897
35.768887
35.946402
35.884657
35.921697
35.915032
35.761341
35.818966
36.283488
36.129128
36.163256
36.052592
36.000180
36.086959
35.968515
35.999429
36.190158
36.176497
35.946453
36.011977
35.984894
36.077131
35.949167
35.920406
35.979209
35.926470
35.930823
36.093998
35.954347
35.979957
36.092135
35.971325
35.928729
36.017615
36.108108
35.971774
36.105444
35.981950
36.050240
36.015769
36.026459
35.941620
35.970249
35.961562
35.961356
35.948617
36.038107
36.043909
36.041912
35.943162
36.042222
35.969081
36.023024
35.985665
36.104371
35.943870
35.937804
35.935416
35.897752
35.905940
35.925549
35.942403
35.911727
35.935642
35.939822
35.926657
35.926891
35.932436
35.911872
35.951660
35.937165
35.919280
35.956999
35.918611
35.935364
35.954408
35.901607
35.928757
35.926127
35.907957
35.932035
35.907819
35.923230
35.908701
35.941401
35.925620
35.943388
35.918532
35.939471
35.936283
35.937864
35.901075
35.936585
35.931985
35.917339
35.959203
35.956961
35.921155
35.934801
35.927719
35.953550
35.920034
35.914043
35.945053
35.922101
35.923925
35.908499
35.933522
35.939244
35.929242
35.953529
35.926815
35.911469
35.933198
35.933069
35.948250
35.922095
35.934968
35.950783
35.931976
35.910498
35.916295
35.901762
35.918510
35.906778
35.958051
35.909637
35.928030
35.905370
35.933002
35.915321
35.941843
35.925045
35.941091
35.943507
35.918339
35.943754
35.917689
35.942295
35.939634
35.899320
35.924139
35.960136
35.905568
35.942659
35.932385
35.913298
35.910075
35.929205
35.912789
35.946337
35.921169
35.936190
35.927351
35.883306
35.914390
35.902232
35.918160
35.914742
35.920760
35.922326
35.940701
35.923764
35.925618
35.906631
35.933591
35.897050
35.946850
35.927071
35.915321
35.943393
35.924676
35.910358
35.933904
35.943808
35.919216
35.918832
35.942496
35.915750
35.957350
35.970473
35.910472
35.953948
35.937322
35.916557
36.215096
36.000100
35.949332
35.941160
35.918640
35.933593
