50
30.258701
32.304093
31.031572
30.651237
31.287407
31.885130
30.804007
30.843803
30.492226
28.827746
25.944616
27.464844
24.158665
29.987529
32.255293
33.167829
25.457671
27.860100
32.014483
29.946389
30.108003
31.325587
41.783057
34.369680
30.215936
30.243488
34.466751
32.995279
38.947989
32.061695
31.074813
30.167155
29.356623
30.642693
30.512994
31.364737
31.293606
31.276531
30.427140
30.108218
33.608364
37.444758
42.087987
37.594712
40.764664
30.801456
32.744299
29.088050
29.110067
28.498227
31.928882
30.669406
33.089853
33.765814
31.681221
31.070587
30.971471
31.506226
31.659036
31.533375
32.846014
31.464041
31.253645
31.477011
27.194659
27.176252
25.503323
35.102010
37.572890
37.994441
29.813248
23.303703
28.557978
32.779567
31.041409
26.859787
27.505648
28.338629
26.334205
30.868467
31.483589
30.767129
32.152236
30.065346
30.947597
29.520254
25.146834
24.944573
30.919061
30.916828
31.633053
29.509049
24.704547
24.706080
29.468967
31.611593
30.736836
30.864448
31.279084
31.033730
33.185026
39.574737
41.591412
32.244818
30.852564
32.102558
38.327145
41.980274
36.592333
42.124826
36.718762
41.617022
27.464807
27.071998
25.109818
30.630687
31.867343
32.030793
29.685794
29.973872
31.908748
31.850549
38.196533
33.339683
30.843649
31.545494
29.891482
30.663353
31.456325
31.261495
33.684062
31.752732
32.689765
30.698188
31.439409
38.834423
34.646584
31.195861
31.771203
30.983138
30.016339
32.111911
31.634992
31.131483
30.484782
31.485005
32.159510
29.913425
24.471879
28.511280
32.379867
43.204982
33.105874
32.156236
31.262007
34.134542
34.561560
32.058394
28.298737
30.623835
26.904933
27.083590
31.403190
30.476179
26.794154
26.264837
28.123748
35.862816
47.984036
48.674935
46.682086
38.856213
31.163580
31.084106
30.995658
30.665312
30.588539
30.308612
35.223292
31.939597
31.499453
29.317921
29.907946
32.742805
31.302294
25.381190
24.718906
24.091528
26.637534
24.205518
33.303138
42.157310
31.926550
32.117023
31.501255
32.755217
32.426455
33.187515
39.309722
34.935608
32.557703
31.806986
33.045024
40.517426
40.801760
33.063959
31.075462
33.310031
35.174354
33.956433
32.532200
31.624687
31.082197
26.449866
32.203941
38.497764
43.097794
43.297551
33.539037
33.016541
33.418188
27.623739
26.587935
33.250166
42.303179
34.931752
33.206375
33.399156
34.643055
32.675714
32.650065
31.877437
28.540307
32.298479
28.429875
30.791628
35.487506
33.223603
33.647321
33.664021
34.163976
33.464815
28.488779
31.651300
32.591553
33.196335
27.397808
27.769953
25.811451
33.313002
31.874226
35.502875
27.765290
26.909373
27.485321
29.046352
26.608294
26.043161
27.919369
31.832938
33.710491
34.102805
33.241060
33.078305
33.910394
32.038308
33.547409
33.613606
32.401900
32.052156
27.690112
27.237727
27.203409
30.846896
32.770296
47.396794
33.938930
33.569559
32.627910
32.119453
31.489908
27.925248
29.184440
34.070939
26.644475
28.294080
26.821551
31.664447
34.827143
32.675797
33.329672
32.233229
33.091322
32.929824
33.230188
34.966095
33.012829
28.949289
31.409675
27.960317
38.501842
44.330876
33.232213
31.964113
32.153181
34.767201
30.902562
27.364816
30.459260
34.065371
34.091831
38.526472
36.681616
33.199449
34.578598
30.636019
27.949336
29.034038
42.070803
41.435169
36.925990
42.292563
35.008117
41.410181
37.519041
30.430882
26.492198
31.929782
32.977837
33.774141
33.625759
31.635149
31.297374
32.118945
33.727872
32.553521
32.691941
34.346151
33.930932
31.856197
33.597532
33.175336
32.502844
33.541173
33.431814
32.304171
33.327318
31.941003
33.513181
32.617461
35.435163
33.447970
33.190394
34.114051
32.706291
33.130161
33.167769
32.464652
31.966177
33.658103
34.460276
30.680457
32.369670
31.887549
31.949401
42.388538
41.873832
39.868043
33.761665
31.578547
28.699800
29.525879
32.732766
33.382189
33.174624
31.630998
25.877424
26.245553
26.873737
26.594530
30.347727
31.566001
41.805155
35.357348
32.886676
33.724745
33.291238
32.048671
33.233301
33.123863
31.292788
32.567556
33.252372
32.271604
33.111720
32.072727
35.549635
27.987742
26.478117
32.211513
32.985969
32.482015
33.352020
33.018509
32.501528
32.431280
33.218719
34.278895
32.669066
42.803914
42.762633
34.729355
33.503745
31.380964
33.631530
29.015401
29.541009
36.714810
37.536398
33.760862
32.700070
33.684481
33.698401
31.699096
32.867514
31.523866
31.461777
33.991721
32.511472
32.727276
33.167286
32.962058
32.296625
33.044368
26.808177
31.944998
33.843011
32.458264
30.257358
25.497334
25.550111
27.537960
28.291338
29.967131
31.773040
32.926794
32.066130
33.065102
32.934520
34.504851
33.798854
44.230475
36.199604
32.572096
30.130937
27.889846
31.671205
30.271976
30.599651
32.875701
33.934200
29.670905
26.251634
25.827485
25.176140
31.898965
34.015041
32.638597
34.914496
29.348746
31.381864
32.131541
32.811070
33.784077
32.864882
32.363481
31.418109
32.167835
34.641236
31.796056
26.539477
31.939874
33.942365
32.597780
34.034602
32.743080
32.915174
33.961244
32.215445
31.454522
32.947178
32.731331
33.497083
34.557705
34.025024
33.484264
33.142452
32.078203
32.367035
27.747643
30.589772
31.982457
32.370396
33.669476
33.095665
33.527115
33.454282
34.026314
32.472555
33.385648
34.046443
32.273802
32.594649
33.226722
33.672923
33.303043
33.054053
34.698877
33.319404
32.513329
32.764695
32.346046
31.615731
33.160161
33.968682
35.578703
34.193885
33.240365
34.194164
34.037400
28.237100
27.232948
27.486098
28.456368
30.536844
27.017785
28.995908
32.897764
33.161311
32.386280
27.011884
27.456629
33.063569
32.843840
32.424387
30.199397
35.074067
43.393662
38.132957
33.544217
32.385979
33.070375
35.078946
32.455828
26.826271
26.782329
31.690491
32.010403
32.567942
34.082190
28.712060
27.944208
32.451602
33.266848
33.748596
39.746504
43.026670
38.432007
32.244910
32.466281
33.563631
35.102581
33.762167
32.983031
32.374156
32.579847
33.469145
31.583859
32.022733
32.967446
32.291282
33.905247
33.395467
32.379280
35.359040
33.271335
35.129701
32.300187
31.417681
32.794743
31.588566
31.457665
31.532861
32.007076
26.605438
28.594256
28.898060
33.199336
32.892327
31.681812
32.208760
34.784126
34.057097
33.971197
34.616324
36.654725
33.651786
33.924826
34.395299
33.525361
42.206085
41.242920
36.710501
34.120906
26.622578
26.699272
26.095693
28.049892
40.337685
35.962675
33.032689
32.686333
34.880405
33.036323
32.105696
31.170585
34.186831
32.363324
26.461501
25.810866
26.531091
28.903922
26.553518
26.957837
39.271087
30.988426
27.772893
27.871785
29.233266
32.729350
33.676534
31.211060
33.373744
32.673530
32.980968
33.336673
37.750552
36.280482
33.299259
33.134548
31.810901
26.342842
33.379272
39.262978
31.494543
31.957152
32.273189
32.013836
32.738432
31.099889
27.888286
37.802660
34.390832
27.619187
26.993257
32.254211
33.511944
30.367293
27.531708
27.744330
27.148306
28.206950
28.270441
32.547051
33.851566
34.416035
31.698802
31.744952
32.761787
34.695855
33.891477
28.907910
26.879214
30.258388
33.163443
32.462800
30.458113
27.393054
28.909877
28.943829
25.687045
30.066871
33.034692
32.790849
34.128011
30.828121
27.819870
29.416592
27.344321
32.297761
34.234606
33.321566
32.674531
34.058634
32.444727
33.727613
32.877860
32.078434
31.985858
33.336834
33.293072
32.202297
32.477135
31.780356
32.545154
33.308213
34.313645
34.429178
33.767105
35.059141
33.845505
38.262259
35.464812
41.560653
33.970354
34.173919
39.212758
35.965919
34.031027
33.707471
35.361693
33.787200
32.889375
35.858179
37.368783
34.502744
32.108792
36.872455
42.382751
36.805484
42.894152
35.292443
32.091450
32.363709
39.137978
34.218318
31.036780
31.565024
32.330158
32.600427
32.989530
34.029818
32.953944
29.895439
29.034422
26.698394
26.745144
26.505761
32.353676
33.270283
31.060399
34.110211
32.990775
32.225080
31.509365
31.775955
33.019838
37.030256
40.175610
27.652553
28.910022
33.067148
33.032327
32.640217
32.756648
32.639788
33.305866
34.428213
34.301097
32.124324
33.026262
29.999367
39.520062
43.126007
32.010893
44.208586
37.375130
33.562760
32.479215
33.005087
33.734287
37.989600
39.132629
30.224110
39.760399
33.267540
34.458683
34.602162
34.893382
32.047372
35.164737
43.714952
63.755156
27.139636
32.222756
31.730482
30.328546
26.059387
26.329831
30.973248
30.918899
39.518298
38.435181
34.156104
34.364844
35.398413
37.884517
36.424344
31.235157
31.208158
31.947020
31.539571
29.153446
31.077011
31.669602
30.579142
32.278507
36.960670
30.235497
30.782932
30.567186
27.931788
26.583595
30.083839
27.888513
25.421857
30.792618
31.333647
30.884886
32.708702
32.123650
32.755073
31.719655
31.965443
31.328384
31.719617
30.778032
30.547882
31.503705
33.344208
32.595088
30.442980
30.233257
31.834432
31.070919
30.464926
32.243549
31.220940
28.094428
24.274541
24.653915
26.389107
24.374507
30.156823
33.129053
31.938811
31.670086
30.128085
30.476004
31.267717
31.474711
32.145034
39.041835
31.638075
31.391382
30.575771
29.908509
32.289512
29.437552
29.903236
29.932502
31.310670
30.310439
31.612630
31.539589
31.698364
32.648125
33.484618
34.662862
33.333612
33.477549
32.625764
42.167752
31.659104
32.874691
33.500795
34.101656
31.373476
25.686404
27.350319
33.480232
33.607182
33.009862
40.342382
42.338473
37.716016
35.854038
40.160630
32.301277
31.987166
33.602791
29.581781
34.017323
32.782330
32.668382
32.814862
34.007900
34.081611
31.730370
32.392883
32.505831
33.269332
33.237091
31.854530
35.594506
34.072383
34.193326
33.650796
43.491700
32.309161
32.482198
34.258008
34.867348
32.091027
32.835171
33.622121
32.845175
43.113392
42.445207
36.223484
31.325815
32.712987
37.965547
43.352178
42.765245
42.265359
38.821137
42.460636
31.519946
32.571360
29.757587
28.765454
32.493362
32.676695
40.499986
39.214121
41.057780
33.225588
32.614376
32.005743
28.495941
30.826672
31.848923
30.317130
26.480473
26.276434
26.700979
29.438812
32.389772
32.992776
33.578234
31.955222
33.776372
34.204184
31.439875
34.068509
33.112955
34.058133
33.657129
35.004829
31.647468
30.721001
33.211852
33.471504
32.976085
34.206071
33.073722
31.720771
34.127756
32.767451
32.121639
32.320101
33.334209
31.880254
31.499486
31.036850
27.070770
30.483865
33.981159
33.346973
30.210371
27.350861
31.165215
32.791280
31.891600
33.559940
37.621684
37.155181
32.490735
32.711003
30.522315
29.379628
34.057481
32.989653
33.934549
32.765784
33.051139
32.868569
32.995885
33.885629
35.119447
33.051871
32.688072
33.754869
34.020861
32.644764
31.248218
33.861183
32.992046
31.765629
27.110200
27.808085
27.092077
28.429916
31.899381
31.699080
32.472323
30.829000
27.670563
26.650659
34.687498
44.348148
35.693167
30.110787
25.742458
30.376996
35.981384
32.370710
32.917713
32.665008
32.697390
33.592951
33.957201
34.141868
33.257289
33.104415
34.741401
26.754993
28.218402
33.351201
35.797625
27.017660
31.929757
32.784482
28.152944
28.214653
34.576511
46.526109
30.951270
32.497931
30.839238
32.402904
31.937554
27.705085
26.546405
26.577887
30.559183
26.772105
26.799710
33.444269
33.289976
33.551423
29.738893
26.898929
30.267224
32.465098
32.902569
33.160117
32.619107
33.523860
33.379773
33.198592
34.520646
33.591137
33.452934
32.952416
32.273307
32.894615
27.740161
25.864753
32.626751
33.317590
26.142869
27.229026
34.178104
38.953262
42.065798
35.110232
32.862194
28.553994
27.136975
26.846420
32.713625
41.534488
36.074378
32.825698
33.233757
33.301952
33.399237
31.427461
32.264186
32.529326
32.261557
34.190665
34.734589
32.290987
39.473176
42.496808
34.990875
32.537845
26.783117
29.877473
33.032350
32.680163
33.132358
32.212679
32.255401
31.314332
33.069178
32.261957
33.292414
34.214806
33.990607
33.326899
31.856324
33.627782
32.762736
37.048001
40.002606
32.103774
41.569020
42.668891
41.950324
42.626533
38.117347
31.255212
32.788307
33.840540
32.120577
31.936915
32.250076
33.472277
31.938981
35.539372
34.292763
30.194748
30.661938
33.652227
38.172025
42.814091
35.278848
41.790794
34.313883
33.538202
32.684943
33.385737
40.319165
32.819372
31.067528
32.382715
32.683150
33.397451
33.198238
35.728051
37.970426
30.910133
35.194775
32.606727
32.363427
31.585959
31.077830
32.542046
33.068413
33.968618
32.782546
33.563457
31.924315
26.650094
27.627322
33.058494
32.288311
34.172371
37.386346
42.687483
39.816219
33.734409
32.940314
35.028456
41.565299
35.147943
32.657690
32.344253
36.894889
36.784621
33.706009
30.239768
29.998615
33.624047
32.139414
31.854686
33.304792
33.768163
38.927239
43.042194
35.731258
33.312354
32.875388
33.458309
30.609272
31.250700
31.683385
32.467308
30.039467
26.303276
26.776686
26.106048
32.945222
31.194044
30.586662
33.349453
30.416756
25.356772
32.109906
33.191419
34.429469
33.348816
31.795505
32.125339
32.217288
32.752723
32.351079
33.852700
32.344926
32.212194
38.082750
42.113252
32.874171
33.067768
43.067727
42.414480
27.466849
25.950794
28.416606
33.222750
33.136657
33.851239
32.955518
34.934211
27.906354
28.459552
29.840448
31.561872
26.091428
30.488163
32.917553
33.842064
27.545692
29.529966
27.086692
26.917504
25.584680
31.488142
34.282087
39.453487
37.475732
33.398773
35.121879
33.114624
34.245790
29.001804
26.750072
26.133158
27.716828
28.159773
32.874967
31.905124
34.245203
38.764045
33.896896
32.764484
32.294209
32.361497
33.707786
34.458794
41.109859
32.489259
29.313708
28.944001
25.298065
31.334244
33.060573
33.233801
29.059028
27.130570
29.317708
33.704733
33.800529
32.649827
32.142934
32.369972
32.235388
32.513740
34.746771
32.933665
44.205329
32.724569
28.162966
25.425022
30.943742
37.789229
32.237349
34.395928
32.962561
28.665597
26.224826
29.972849
33.557242
31.875154
32.754802
31.104956
26.655827
33.173246
32.439511
33.491719
28.722568
26.050223
28.032322
31.873309
32.027764
32.088992
32.593720
32.596043
43.126595
34.044446
32.975597
33.542906
31.323590
30.962846
28.393533
27.451753
27.733965
31.817263
33.903908
32.517347
32.797655
33.923130
31.278644
32.187593
33.914189
33.259263
32.390160
33.748220
33.377472
33.606357
34.791251
33.284908
31.457637
32.356780
29.530140
26.756834
28.083250
28.625830
26.273591
28.634844
29.421529
29.500118
32.561903
33.216093
31.342087
33.122408
33.728212
32.488915
29.104785
28.094171
29.713259
34.194721
33.769771
31.708888
32.675807
33.659818
29.772802
26.741463
32.858174
33.915231
33.186444
33.128412
33.549525
33.200367
32.793532
32.288313
32.422648
34.018121
33.232770
33.529826
33.326639
31.634426
27.231670
26.996261
30.074407
26.654520
29.757150
26.776901
30.849856
33.104366
31.873166
31.386857
33.118576
31.762766
31.555568
41.570704
36.279959
41.234939
40.747392
34.147208
32.998846
32.759710
32.859291
32.738440
31.951875
34.332199
33.273637
32.264802
32.805757
32.000663
32.845119
32.596479
31.063678
30.470156
40.131843
41.722339
32.378858
32.859011
33.546987
32.943341
31.363225
27.187455
30.966383
32.775048
32.382044
33.212572
35.305474
42.649739
36.261026
34.088936
31.929622
32.970414
33.948918
32.079340
29.125697
30.609004
26.299186
32.121263
34.200891
34.520874
33.195732
33.472641
34.353774
33.952906
34.922637
32.799521
33.229212
32.711312
37.468088
37.201521
31.691600
32.552660
32.633862
31.671359
33.039164
32.323825
25.015764
26.133990
32.790736
31.505977
26.681179
25.961865
31.750853
33.105053
33.804954
33.044754
33.280433
34.441669
32.749641
30.420048
26.292165
25.868403
27.036520
26.829498
26.697188
28.238950
37.627649
38.288026
32.346436
31.591301
28.631199
27.259965
34.975989
44.110371
42.863076
42.693632
35.169434
33.135898
32.236103
33.019471
33.235036
32.416918
28.857188
26.402840
29.268289
33.362643
32.686805
32.382538
29.420914
25.280386
28.656687
34.485354
38.159652
41.987862
40.584511
31.620935
33.138392
32.435913
31.624528
31.952218
35.158701
32.414175
33.441657
35.120259
32.783259
34.312733
27.277624
27.370687
32.699804
35.797557
39.668794
37.024127
46.839553
38.607932
33.284065
33.267767
31.468263
32.462440
31.893323
44.158150
42.558432
32.526865
33.598588
33.873970
33.692066
31.870278
32.786479
31.743442
31.888437
33.869130
29.622169
27.138099
32.919296
29.215720
27.344138
31.805579
31.610398
27.981803
25.832682
32.873784
32.870212
34.164665
31.878959
32.544279
34.594405
33.293736
26.962678
28.866488
27.076206
27.650393
28.261986
30.606640
26.958301
27.376951
28.145441
47.898032
38.892905
31.505467
31.785220
32.788722
37.998253
47.290823
31.806432
32.407347
25.047301
25.024145
28.275244
25.249628
30.365136
32.325598
31.205606
30.602084
31.252752
39.329468
34.178898
38.870627
30.853808
30.416942
30.142611
31.846944
31.102340
27.225177
26.132067
31.319165
30.405766
37.881658
39.895079
32.139068
30.348296
30.896253
29.914312
30.279544
31.478454
31.534836
30.146109
31.216207
37.899085
29.409113
24.816501
25.681678
30.719255
35.120270
39.351672
35.973501
38.917266
32.051245
31.366258
32.840266
30.504491
31.006922
30.903758
29.656144
30.225231
31.366333
32.568825
30.323325
28.726219
25.080164
29.046315
23.435669
24.278456
25.335301
27.138543
32.202137
32.117440
31.471960
23.966981
28.573980
30.693271
37.004279
37.596446
39.581625
32.100065
24.080727
24.141267
30.283803
28.797914
31.158634
31.239784
31.396662
31.987336
30.422119
32.190447
32.180265
29.791073
31.340240
32.620508
30.867619
29.727325
33.970253
35.100391
30.972274
30.514465
37.009356
40.211695
30.225851
26.044742
26.047441
27.924382
24.236767
23.603491
23.190234
26.929156
30.278896
31.508917
32.128263
23.657647
31.693123
31.121298
24.114957
27.027880
30.751781
31.908790
31.511552
30.856685
31.067951
30.796509
31.840003
31.522732
30.092086
30.706084
30.102425
36.451235
31.858012
30.851199
26.289256
25.398954
28.526026
31.189789
32.610447
29.367954
31.616930
32.295380
30.135539
32.364043
28.004916
27.008275
25.773850
29.607727
35.713737
37.362439
31.244586
29.663207
29.897958
30.183006
29.592040
32.538072
36.145306
30.764098
30.353559
29.827930
31.409926
31.528446
31.725587
31.737353
31.905795
31.377190
24.669303
27.580177
32.436683
31.468724
32.518847
30.635275
35.896653
40.308434
32.182858
31.352701
27.622353
26.184911
23.584765
23.932018
26.047224
25.261211
26.875667
25.880655
26.840054
30.281599
26.097747
27.647279
31.064296
30.119446
32.145351
40.106236
32.075728
31.051721
31.263929
31.223037
32.162122
30.800041
36.170074
35.937457
32.307110
38.049336
41.813219
42.207575
37.467990
31.422464
33.005186
40.659237
42.127274
39.932300
32.978312
39.796920
35.373989
39.400704
32.957280
37.510283
38.610120
43.733639
32.868776
38.378967
38.160948
34.899493
34.165266
32.887335
34.474569
32.982066
33.254683
34.618687
32.960973
29.424988
27.354091
32.424504
41.584612
32.447756
32.118835
32.090531
26.958640
27.335990
30.757193
40.357005
35.026010
32.221131
34.167084
33.013778
33.808381
33.846493
34.072488
32.090111
32.434482
41.762286
42.762458
37.226122
33.532635
33.777888
32.919599
34.407838
39.379810
41.209544
37.023973
31.434534
40.830078
31.576403
32.239447
32.337453
32.464285
27.584442
33.080776
31.240039
31.646969
32.897738
33.073167
28.322972
27.136131
26.098246
30.840608
36.775586
40.199113
33.061776
31.612059
33.176442
32.632696
32.584385
32.391463
32.013861
32.238772
33.104609
31.989915
32.606123
38.571823
35.781039
32.196988
31.881953
32.753295
33.765308
34.065720
32.865996
32.485005
34.839468
35.453692
34.454113
34.503618
32.567336
33.842227
42.259072
31.977249
32.496719
33.413898
32.151366
32.348568
33.529810
33.482664
34.401293
34.019275
33.192309
34.197088
33.742862
31.527814
33.590090
32.261413
32.696854
32.530732
36.002881
40.671489
33.094444
32.802193
40.765915
47.835107
40.405202
32.234372
32.864784
31.685071
32.345873
32.458465
32.626333
33.016110
33.027249
33.792845
33.325166
31.717932
32.970341
33.315951
33.029953
32.125689
31.349824
32.270425
31.957256
28.104847
27.107128
30.662190
33.511055
33.300874
33.963926
33.315269
35.183943
32.572412
33.639404
33.619235
41.549608
32.005093
33.957565
33.085566
33.089481
31.860556
33.351634
33.728799
32.216137
32.723186
34.051262
32.648092
34.117247
32.609611
31.329101
32.932209
34.222245
33.984259
33.020980
33.012590
35.582427
34.653300
33.327830
31.111232
27.963907
31.443872
26.217408
27.797280
38.520541
31.680217
32.665397
32.325173
33.681080
32.499141
31.726369
32.700658
32.605955
32.825671
31.761480
32.712364
36.359027
37.149137
41.506219
31.400252
42.520703
42.022922
32.301672
32.993090
33.412651
32.731965
30.628294
28.415443
32.692944
33.556539
31.338668
27.339890
27.315653
31.962967
39.261622
35.426734
39.004747
32.987646
33.434317
34.006236
33.279073
29.205085
26.172398
26.120646
30.330758
32.663323
33.110971
31.930776
32.279822
32.608704
30.983010
33.891445
33.806965
34.367878
35.207863
34.780020
32.919970
32.990063
33.068805
32.422905
31.659088
31.972946
28.714643
26.744929
32.042243
32.473438
34.505889
34.061479
33.047198
42.683547
40.222612
31.421140
36.515282
30.156301
29.933823
26.660692
30.529831
33.531833
33.446673
33.407595
33.815408
32.082698
31.187875
37.102869
31.633934
33.365052
33.100341
32.052106
32.088137
34.291490
32.772991
33.211799
31.967997
34.130706
32.395757
33.897932
32.816429
32.489056
31.653309
31.942503
42.313808
36.010532
34.160405
34.680812
33.376653
35.401928
33.410277
32.655037
36.935277
31.899916
24.741007
25.259875
27.012015
26.937231
32.211281
32.798979
33.790434
31.482222
34.878277
33.562286
32.900180
33.581424
32.157841
32.394993
33.810103
33.893361
33.078815
32.316239
33.673951
32.739442
33.704343
30.888786
26.048895
24.953044
32.916728
33.104732
34.618404
32.542443
33.897470
34.664479
31.804410
33.437416
32.973495
34.556950
31.948111
32.534570
33.901429
30.232130
28.008603
33.493797
33.899180
31.680983
26.545709
31.614153
32.721297
31.354209
33.223567
32.925490
32.620872
34.136934
32.511083
32.308833
33.449453
33.559545
40.090037
36.078809
33.846962
34.229024
33.597990
32.995540
32.363649
31.932572
33.708072
33.396862
33.234472
30.898917
32.020338
33.574913
35.033641
33.959097
34.124389
32.442577
33.639063
33.893782
32.893693
30.997206
33.965955
33.551757
34.034276
32.958475
34.820186
31.920730
34.259009
32.961217
34.013571
33.842551
34.352409
33.533026
38.564658
37.033843
33.424360
32.115926
34.594979
37.338885
31.961576
25.247698
27.452380
33.568789
30.644789
26.839143
29.573747
27.182478
27.861512
31.854927
32.543265
34.084660
42.785076
40.179257
35.323862
39.244431
35.194343
34.807141
32.978349
33.393604
31.016435
25.680058
26.876015
31.304827
33.622273
29.088128
27.173406
26.515751
26.726786
33.638190
33.044778
32.552517
31.275531
32.604777
31.618577
31.845789
26.806405
26.887503
26.318009
26.780619
27.203588
31.675351
27.421017
28.766263
29.105315
28.455022
29.384441
29.459976
35.200249
28.736224
41.047904
46.829534
42.084046
31.490106
32.587756
32.120341
32.482150
32.731587
27.384861
27.586002
28.909553
36.749944
28.896963
27.715771
38.796806
32.558703
31.957519
33.361524
33.284854
29.806355
26.650483
30.868553
26.522143
26.435235
27.112497
25.556475
27.486887
33.230880
34.474660
33.487473
32.349485
33.173778
32.761879
25.923360
30.364847
32.428283
31.617283
32.149220
26.828433
26.268154
32.392661
33.355160
31.498837
28.717376
26.942867
26.683095
30.814584
32.781460
32.501218
33.374686
33.082456
33.040374
33.250577
33.073232
34.275029
29.658834
25.320187
26.683622
32.258241
33.967732
33.970733
34.324485
31.795717
32.138551
33.872564
34.146170
32.455248
31.781680
33.325712
33.344435
32.030733
33.643883
33.205569
34.227327
41.448303
41.283235
40.455262
33.181221
25.381280
31.244707
31.543962
32.536574
32.879492
38.376599
32.989451
34.235336
33.056797
32.245875
34.187621
39.829004
43.265619
42.305629
41.998612
39.862360
33.656855
39.700523
35.151497
27.753918
32.979843
32.405117
33.276930
33.206852
32.004016
32.453588
31.344361
31.714956
28.111793
27.326533
32.738905
31.889972
32.669464
32.739528
32.555287
33.106900
34.363996
34.138678
33.969687
34.104024
27.337577
30.003993
33.131909
32.222155
35.857185
38.376721
42.008522
33.616594
31.191935
27.339533
32.925187
34.168387
35.855526
38.023731
34.065691
31.956254
32.511332
33.399358
33.857514
33.840429
33.726675
34.189306
33.003976
40.737162
40.198279
31.001355
27.438635
34.212420
33.211032
31.886080
33.621054
32.672391
30.866952
31.881219
27.943993
30.904117
32.585253
26.344045
26.686860
27.803850
31.739612
32.576461
33.720407
31.725581
31.850649
33.859090
29.749568
27.241575
36.049220
31.884435
32.974320
33.390283
35.867709
39.528506
31.993362
33.395577
34.140355
36.600496
39.874485
93.741573
30.005102
31.234065
28.710644
25.109344
25.585867
32.024688
32.133698
36.800851
32.352238
31.123801
27.206001
24.014449
34.757986
33.311146
29.432514
25.649206
30.808569
30.828642
33.152825
26.181953
25.250295
25.652449
30.737507
25.447526
27.116592
31.251797
31.896723
24.421409
28.334532
30.157664
30.891692
30.896060
31.284241
31.513546
32.536157
31.336944
31.354532
31.279574
42.315323
40.106992
31.639905
31.646890
31.575671
37.431397
41.834093
26.553092
31.080081
33.949033
31.518714
30.360967
36.621594
35.792398
31.264009
33.193694
27.230157
26.010975
32.489505
30.352788
31.177552
31.190981
31.599383
31.228686
32.347200
41.718122
35.500818
30.165942
36.435902
37.971061
41.260859
42.752442
31.711355
31.153846
39.994147
33.726492
24.203927
30.681693
27.061817
28.391180
31.955235
32.366385
32.779900
32.108076
29.827088
29.429989
31.415546
31.287588
30.228978
31.471971
32.562568
31.610264
32.273811
30.851188
29.856649
32.138921
32.365778
29.058702
30.658395
33.826113
33.092641
40.191725
33.934171
33.174837
30.436625
36.266514
35.854581
29.239266
31.760572
32.123460
29.296949
31.586118
41.606902
36.075812
31.309709
29.333222
30.849327
39.479281
31.824434
24.867938
31.034002
32.543305
30.127808
31.234275
30.782951
31.423700
32.142217
26.732528
24.960257
28.384421
31.193965
30.466084
30.363627
31.733246
33.093592
34.467112
32.217997
40.138780
33.826659
33.105223
35.586846
31.794847
31.490788
33.273842
34.343508
33.858293
33.735067
33.232949
33.028038
32.849664
33.844509
33.006470
32.796079
34.520075
33.387178
28.690360
26.630909
31.314304
37.467884
40.067819
26.566817
26.552229
26.935076
34.011484
36.349405
36.379000
35.792337
33.043067
33.628514
32.368453
32.720999
31.776291
33.328970
33.885654
32.637906
28.402450
27.760806
32.164469
29.600833
33.617646
33.038563
32.713550
32.613800
33.667988
32.123060
32.469871
33.846387
38.237778
42.099298
38.469082
40.165376
43.055030
40.761974
42.384955
43.347924
32.737424
27.896809
25.853546
32.007507
32.562983
33.172855
33.813239
32.453716
33.123933
33.189093
32.990404
33.253230
33.607998
34.807213
33.530064
32.840729
32.717036
33.275600
33.321250
33.668443
33.256101
39.963121
40.264349
33.405368
34.140326
41.867572
41.284205
36.289554
41.801672
41.104506
34.232700
27.993206
27.154920
27.768260
27.590830
34.773628
32.371063
33.750810
31.847333
28.898877
28.510839
28.466128
30.475668
32.044835
31.898207
28.946903
28.386496
31.651979
33.261747
37.913404
40.893646
33.336105
33.882845
32.197650
32.289555
31.427300
32.993660
33.950870
34.009783
32.421944
34.307476
34.214229
33.888322
33.928067
40.182621
33.306249
34.483907
32.828562
31.151335
31.176468
33.481492
33.081028
31.643371
32.807203
32.945257
33.861512
31.193509
35.795260
32.265037
32.300785
32.097061
34.900357
40.070317
32.380607
40.182778
35.219062
32.860310
28.623609
26.771840
26.994104
27.135896
25.948211
26.756319
29.889006
32.171969
32.655447
41.689001
43.392032
32.974462
32.294054
33.483493
45.472348
38.452525
42.165838
39.277066
31.941975
40.424113
34.916151
34.267381
41.159893
37.142713
43.220859
40.480489
33.150798
32.728226
34.049663
32.193014
33.815704
33.342169
32.701339
34.477258
31.257939
34.755138
33.962177
40.517402
33.033838
39.920978
34.780629
33.280322
32.900955
31.521322
31.955267
25.090824
31.176821
41.917845
42.081198
35.991054
39.534519
40.838586
34.155571
34.248040
27.913134
27.976692
34.133602
27.634541
26.760071
30.730334
33.478373
31.846014
31.059317
33.678112
27.852284
28.913179
33.360604
32.852491
27.276786
27.153786
30.216667
34.067844
31.153259
35.146486
40.405208
32.607637
39.036257
33.890277
35.329401
31.960107
32.007409
35.638434
38.523484
31.384022
33.384889
32.237009
33.310031
32.018490
30.488250
26.924363
31.900993
37.215724
32.696137
32.315410
31.834205
35.588800
33.809232
40.439171
33.678355
32.594941
32.196464
32.344222
33.274587
32.423443
33.290993
28.145240
32.239022
30.814936
35.523418
26.749151
27.191887
26.641443
34.745930
31.023066
38.499809
42.936703
41.721676
42.253437
38.943806
27.649868
27.435783
32.091100
31.595871
32.082135
28.820710
33.035540
32.596657
33.492141
31.009308
33.748299
32.903037
32.602009
33.390274
32.049011
33.924656
34.391690
35.949272
28.968433
26.819730
29.464426
32.065266
32.989642
31.725070
31.444328
29.961341
32.375048
34.048562
36.954619
40.348329
41.704697
37.140620
41.577365
29.062235
31.686332
42.453713
42.238970
29.640707
26.532102
27.730861
32.227340
36.468497
42.945283
43.259281
40.321462
32.640008
32.287697
32.621606
33.888792
32.680458
31.622028
34.165794
32.430190
30.949683
34.258138
33.952490
33.543745
32.978296
32.516150
33.824038
32.119486
31.241259
28.747571
31.171363
32.445225
33.575973
33.130189
32.864514
40.078473
40.244481
32.113849
34.055117
31.461310
32.680631
33.989514
38.203827
37.361160
33.965469
32.603313
28.288530
27.387493
26.151897
25.547220
24.991842
27.468531
29.439421
27.867646
31.384047
33.900589
34.736089
33.077421
29.252963
28.655413
26.065844
32.234917
39.254384
38.379964
28.903559
26.771521
27.282158
29.836210
31.022370
26.766278
27.504655
29.667357
31.322515
32.180572
33.580901
33.216828
32.975364
34.367433
31.598546
32.665657
31.577021
31.104410
32.103015
36.280723
41.432543
32.942945
32.906862
33.386612
29.482932
30.031105
32.809569
27.838663
29.205756
34.138913
34.551034
33.895101
32.471496
32.705865
27.195113
27.320276
26.599708
26.686088
30.022824
25.815884
26.368341
34.593518
33.865956
31.842600
33.130949
29.827907
26.910363
31.566319
31.126878
39.225345
36.343309
33.842861
34.397146
32.991087
34.550447
33.983674
32.625356
34.471885
30.984444
32.974667
34.556294
33.000636
33.123299
30.039075
33.293507
37.435185
40.165283
32.107168
32.427997
32.614919
33.951189
32.450542
34.065588
32.992963
32.883166
33.351885
33.596138
32.584849
32.604607
33.962667
34.280737
33.036405
33.557464
31.681863
26.669581
27.174794
26.002073
32.871410
32.883509
35.040748
41.553588
39.234525
42.538163
43.019404
37.826629
31.360165
29.192711
26.534329
29.042452
31.983114
32.180522
32.423062
32.530370
33.851852
33.974690
28.219629
26.313284
32.616003
32.280065
32.190935
26.970633
30.288042
38.170705
42.810662
39.750013
31.391583
40.871077
37.926241
28.377691
27.123070
26.643600
27.653223
34.496455
33.449115
28.502376
25.011659
26.485879
26.584936
33.840685
33.602889
33.581388
33.973359
33.179819
32.536265
31.887246
39.510244
42.641245
32.622479
32.416975
33.593166
32.881148
33.016496
33.706894
30.459276
25.229637
27.900839
26.556525
32.911439
39.837593
34.475213
34.192048
32.430451
32.776523
32.433094
33.152202
33.783549
34.622611
31.368917
28.311805
27.077484
33.664650
31.730514
26.381134
27.599053
33.464497
33.126253
34.811198
33.873138
33.164562
34.657900
31.997224
32.259897
33.780367
35.043418
31.029522
26.910786
27.644259
35.293350
33.686805
32.262879
32.245831
26.065520
27.730508
33.019707
33.933205
34.259052
33.542009
33.498476
33.537847
32.395729
31.084145
32.819081
32.860443
30.565033
31.558744
35.338532
32.810183
31.447948
32.992455
26.084680
29.222974
33.038863
33.884847
33.278806
33.978933
34.313015
33.116922
32.751348
31.346570
33.742471
35.081793
32.196979
33.971664
33.460393
33.359230
31.749250
32.927509
32.017495
32.170712
31.886944
34.202566
34.105460
31.686410
32.131519
32.375616
32.271865
33.755173
32.603679
31.699428
33.016556
32.798482
33.051494
34.992635
32.994175
31.890217
31.599456
32.839800
31.845364
32.966614
32.800239
33.743585
32.274527
32.758795
33.558924
32.923678
33.782378
33.352094
32.137034
31.077604
32.162253
35.361423
31.422698
34.873750
34.753604
28.379481
26.015208
30.683193
40.193885
35.337388
35.429600
40.321720
37.337737
36.284927
32.451311
37.501400
32.293428
34.120314
34.886400
31.584629
33.627829
33.144926
33.658766
33.126651
33.082135
32.835365
32.850662
33.794299
34.178440
27.299840
32.916536
33.408173
32.740618
32.304512
26.536842
24.771748
25.695145
26.172006
29.975065
27.345894
27.338571
29.112632
37.598659
33.020530
34.106218
32.373148
31.248855
33.141521
34.647297
36.898406
43.181711
69.065342
