50
56.487487
49.486696
49.472630
43.884938
51.757730
42.612802
46.193403
46.825466
45.695617
48.790676
47.054676
41.952276
41.422172
41.770755
46.007206
47.529335
59.404512
49.132014
52.196225
51.029484
54.778745
51.475459
44.612786
52.139435
50.133402
43.914197
48.076708
42.709884
45.190432
42.517391
39.374472
45.005855
41.011466
42.350910
45.421854
49.515824
42.350628
55.210665
47.874334
40.373751
44.431233
42.955170
44.206511
48.898851
39.041873
51.680966
42.092823
46.490399
41.997447
37.922558
42.127267
36.851729
35.896363
48.608526
41.458303
49.918768
42.931819
49.862966
50.204310
48.739798
43.325863
42.985649
50.018311
47.411507
53.350431
53.224660
54.666902
44.729721
45.164801
52.414461
56.938235
52.158385
54.557814
52.163584
52.973423
47.672445
60.809137
48.242714
57.010873
51.032185
42.704478
44.848184
45.443503
48.820743
47.368302
43.156012
40.805192
41.007135
52.917350
51.455080
51.058363
53.574529
47.940464
48.480321
57.533440
51.339565
48.042623
46.164813
46.942256
53.128717
48.723180
53.982098
54.747029
48.482477
51.485270
48.750755
53.660409
50.148233
50.844293
51.168658
47.431744
46.584369
53.836104
52.749663
55.736842
56.730556
52.217382
50.342255
48.928554
49.004621
48.694524
52.919538
48.778731
48.667787
46.614737
46.357447
44.256952
44.075902
45.829545
45.142271
52.950844
50.046712
47.730640
53.057791
48.199242
46.172175
51.818856
51.726522
51.736030
47.177211
43.275351
44.023178
42.747274
51.490855
46.370524
54.297486
55.928222
53.581163
52.377044
58.410205
51.051208
51.412627
46.773081
44.992209
49.013948
41.270522
45.449523
46.667771
53.756338
43.501981
47.113755
54.717284
51.408487
51.825671
48.687376
50.753364
49.144014
45.696778
44.444665
48.231553
57.553658
57.032953
52.500512
46.430975
51.238516
50.392338
46.938108
50.909885
55.263177
49.048634
50.774847
48.724084
46.744516
53.678897
50.650637
49.060902
49.988958
48.646656
45.511561
53.577835
49.261850
47.209729
50.149477
46.697020
46.815895
45.578280
48.646428
52.017452
48.718393
46.117608
47.461243
53.576396
53.699020
52.158783
51.263904
43.616178
48.776308
53.870597
46.465874
48.301715
47.644853
43.192190
48.421398
49.214485
49.216117
47.472514
45.851400
44.283117
50.202122
47.849881
43.343200
42.328715
43.285231
51.721889
57.958708
60.269985
50.837202
51.958161
51.519508
47.137864
47.406591
46.938544
45.289888
49.983736
50.234209
46.362341
44.321631
49.163384
51.255100
46.814552
47.372575
48.347057
45.241093
49.641134
53.985360
51.938846
54.767362
51.824534
53.586159
51.195323
51.815227
54.100745
56.464686
54.310686
53.645212
57.332568
49.337445
48.096313
47.169318
41.878200
41.601797
51.247171
48.785793
44.260719
48.364036
52.305995
47.066085
48.010593
51.456234
50.638153
42.655952
42.964193
46.088551
48.919317
45.934863
45.390591
51.342672
48.677363
51.590641
51.059311
52.167727
48.058353
44.988769
45.448817
48.258040
45.836499
51.972676
47.662127
47.166143
47.853061
52.139118
48.090566
52.952323
51.418755
48.151866
55.776573
47.421859
48.424824
53.821370
54.066012
52.029634
45.262864
56.159164
48.231405
51.556064
51.933907
53.610068
47.215397
44.088642
52.827572
49.316640
51.718739
55.143382
54.867996
54.645874
46.932534
47.403308
49.114100
47.906043
45.472596
48.033323
49.259178
52.390229
55.166283
48.020797
51.803160
46.807834
51.173400
48.780274
49.512467
50.042006
52.488318
51.258596
50.022212
51.589955
51.215152
53.448078
56.193020
53.560920
48.526427
44.835680
47.780129
48.828123
43.671429
51.207285
46.810306
53.614246
49.057373
49.168966
48.800974
48.915990
54.298288
49.872249
55.751204
53.408530
52.837098
50.885209
49.062376
50.293345
52.574812
46.089862
53.145964
52.957172
48.886924
52.285896
47.922641
52.851338
55.751762
48.876787
46.123235
48.860904
53.692844
51.036805
47.316449
50.174698
47.271410
48.685252
55.728046
46.188284
49.566406
50.637467
52.338197
48.272823
46.760722
44.000002
47.337393
51.687436
53.187219
46.533951
45.925524
47.491666
42.269780
45.336293
44.271729
46.132551
47.471940
48.356706
56.859598
56.079457
56.161413
51.097608
52.023385
59.017191
55.455578
59.202396
52.049793
53.675149
47.665870
48.284307
53.830852
48.770613
51.294758
47.732994
45.140648
52.023062
45.264107
48.469617
49.964602
42.165121
49.494412
47.682106
48.772389
55.857303
43.685721
43.177480
42.180556
39.609542
49.630214
48.711761
44.215215
46.135498
47.148941
46.440452
50.621460
49.083250
49.037392
45.154623
44.112143
46.108517
46.782970
49.399913
52.340205
48.494524
56.435780
50.758965
48.377146
49.998599
53.064035
56.412802
51.661112
48.959004
57.883655
56.027700
55.416671
50.692392
57.869647
54.053365
51.838786
47.920291
47.068152
47.203318
48.006757
51.871594
49.024545
46.826948
46.299155
46.327127
48.576699
46.300651
47.169598
45.000755
44.089764
45.485264
51.039414
44.795239
47.272038
47.389303
49.420604
53.916541
48.872126
50.250745
47.721399
49.029447
49.912766
42.944277
44.157847
50.643423
49.517387
45.452996
48.101499
50.704470
47.278144
45.854026
47.189788
46.048568
48.421619
47.808561
56.569667
49.892129
46.281940
48.512424
47.462225
44.676207
45.019575
45.567375
50.112681
51.712104
48.030117
45.102380
49.128757
46.846943
47.604818
44.383533
50.702578
47.563489
49.858731
43.937150
47.180164
50.988903
51.809201
51.587385
51.151772
52.316754
52.689742
49.674718
45.054445
51.092476
54.836191
56.949278
44.961884
52.699603
49.041036
50.385890
48.281816
46.696114
47.311658
49.435302
51.592552
56.102589
48.181323
51.070588
55.433104
47.768448
48.081474
45.688104
48.179690
49.416495
40.027628
50.454023
51.760934
49.703321
43.812691
50.738565
51.803133
52.366004
47.558339
49.686982
48.063293
49.528285
49.591301
46.412346
51.867897
50.141320
52.940834
45.319071
52.826265
52.884029
55.844817
47.850196
49.840674
56.426104
48.080561
49.514515
47.740064
50.315849
53.651034
54.639543
53.888606
51.925531
48.356574
47.184955
45.951234
47.728051
55.760733
48.494772
53.628437
55.779207
55.235669
45.169583
47.810582
49.401278
49.389300
50.809733
47.759367
48.170053
47.458278
46.902217
44.200261
47.932795
48.147711
43.348244
43.207656
52.491772
45.365335
43.834986
44.085013
47.648501
46.935526
46.618613
46.751270
45.523688
50.940163
55.044860
50.876416
50.686179
47.807578
44.681528
47.229501
51.234633
53.166490
45.421223
42.932998
49.681925
46.191680
55.307780
56.563201
52.516666
54.697878
49.410317
47.199811
51.810642
54.386605
47.389113
38.873726
42.736189
48.509436
45.999735
46.991105
44.819253
47.072269
52.092402
49.886720
45.318201
51.860544
55.014747
55.158475
52.930148
52.296740
53.475526
45.386907
44.011199
49.491544
51.517057
53.755957
53.116503
46.199522
50.672637
52.196010
44.415552
49.645822
49.276181
51.433334
53.046447
46.114321
47.184246
47.743215
43.235353
52.868012
48.733977
46.406808
47.084785
50.579346
52.087990
49.939618
48.907459
45.294655
46.294652
47.268889
47.228284
47.648103
52.193471
53.349854
46.824725
47.889145
51.466178
46.067308
45.594104
49.227814
49.518085
51.763535
43.925876
42.568326
47.912927
48.436089
54.641649
45.263751
40.104283
43.878287
46.070265
57.512113
49.464642
54.427669
55.766219
47.739330
52.519326
51.579507
53.829138
54.384739
51.169427
50.862689
53.857486
48.343682
39.947866
45.493646
48.738778
39.694570
43.436048
48.395392
53.217533
52.086343
52.128346
50.922342
46.887376
55.563234
53.929986
58.118044
56.023815
47.490828
47.199977
54.859851
47.430305
47.476928
52.573281
51.088944
41.845289
56.308191
57.063022
57.477609
52.556947
46.101338
42.915952
57.107606
53.292485
47.877550
50.704883
46.150328
49.331048
45.840793
48.921299
55.031330
53.683207
53.122691
46.471227
46.785706
48.712271
52.072544
55.238547
50.978908
56.815913
52.950310
42.274827
53.047979
48.134451
52.277634
43.838475
55.294405
46.127691
51.983269
49.006362
48.876358
55.561166
39.562264
42.274756
43.610849
49.342158
48.486075
45.800504
48.820374
55.462323
53.369899
55.785431
51.997647
54.486632
54.337143
48.717929
42.679439
51.377267
44.384149
49.075400
44.548936
52.768604
51.875510
52.069872
52.543490
54.128895
58.299706
72.377557
75.835492
85.102336
47.656870
42.697176
44.175011
42.984595
43.358641
49.110169
48.201514
45.043339
39.611517
41.389012
43.789589
48.176539
45.047097
46.952252
51.452364
51.264577
45.828081
42.797562
40.642167
49.525412
51.638845
39.607697
41.300474
59.137828
51.811852
51.779558
41.791954
41.258595
43.905325
57.820375
47.406343
45.593955
44.874727
47.494606
44.058587
51.427905
49.308837
45.220369
45.111820
50.142011
55.398023
51.617166
43.741438
43.475203
52.800486
48.954229
43.577909
46.946209
52.872167
40.073031
54.814588
49.038666
54.635791
48.250980
51.545921
49.110940
45.163599
48.799331
43.383845
44.046785
42.295305
47.744462
46.639695
49.841798
53.159520
54.697846
46.523160
46.329274
47.505021
43.688851
42.518174
42.113433
48.431175
47.584406
50.109868
47.039114
40.575198
49.735076
52.898227
44.683880
43.913280
44.850933
44.903457
45.126137
39.779415
49.411457
54.413523
40.863164
41.709800
39.615563
46.044766
44.131591
42.733722
46.109629
48.711761
49.167042
47.777585
47.855948
47.110415
50.974025
48.215186
47.673262
45.595521
44.334915
46.517231
44.799025
46.030574
46.211200
41.902761
44.730757
43.421643
42.267123
44.306771
44.804617
41.583728
39.351053
40.469460
39.447754
39.651819
42.678625
42.675208
46.754334
51.712027
42.894221
43.441179
39.547681
45.236625
48.198204
45.349804
44.341479
47.867145
43.118521
48.926404
44.016568
44.476024
35.324441
40.021642
38.530261
41.544919
40.491348
43.782283
44.224302
42.752495
43.871470
43.675185
44.354555
40.083765
51.943662
48.047338
50.534915
47.516515
49.932965
49.894728
50.653300
50.009301
53.995897
55.267389
52.667287
51.176867
52.833749
50.396569
44.253270
47.297888
48.922229
55.062503
52.020363
51.966944
46.343760
51.882550
53.899904
59.934497
75.063314
53.791295
55.966096
53.004744
50.672472
50.721483
47.465226
44.483472
50.327337
50.833773
44.196560
47.139199
46.138598
49.372385
46.517935
46.284223
45.526505
46.587295
60.189557
46.940289
53.091703
49.326156
50.246109
49.047203
48.638396
57.781912
49.620465
48.908486
49.792504
49.602539
57.576808
49.466901
51.542382
48.004633
51.567702
49.676284
49.516150
55.985970
54.776777
50.505376
48.483364
46.979805
50.006614
48.660588
47.542899
49.053056
51.533021
51.917706
47.417585
50.580311
51.089065
46.266936
44.276888
52.630276
49.298815
48.305160
48.709034
49.763348
47.290294
51.986742
56.500235
52.046861
53.286303
52.108706
50.929673
48.806730
48.368165
52.106194
45.130588
48.670784
51.372000
48.995895
59.966076
54.889167
53.293214
44.493985
54.427539
52.694461
55.100889
60.027663
51.263685
51.631236
44.676963
42.702782
45.828139
49.932924
48.835806
46.586529
53.425294
46.882569
50.591535
51.394281
53.460522
48.927094
49.987731
48.867377
48.457083
44.201795
50.497053
48.996002
50.645540
44.930069
47.163594
48.524620
51.844691
48.124232
44.888667
45.755432
50.108594
54.563295
54.915518
54.504252
50.263568
52.283440
52.888034
54.909044
48.272116
42.184345
44.808513
53.284993
59.556633
47.354312
49.706736
50.904517
47.482311
47.199522
50.866070
53.222527
47.677361
52.925924
45.722722
44.514283
46.947732
51.332432
50.238206
50.802474
52.403979
49.021010
48.786034
46.200512
46.252601
42.397630
46.505099
45.598417
48.245895
48.048584
48.373732
47.342775
49.385045
46.977054
54.345360
52.592950
53.920254
49.082349
50.168504
50.619290
51.521117
46.937483
42.730206
51.004647
49.014913
52.152058
46.672917
51.114776
48.857816
52.641394
49.152108
52.611821
54.169307
53.441542
50.601242
45.490118
51.973146
53.728064
50.449972
50.535955
48.215877
51.850248
52.669838
55.268724
40.805953
45.268148
47.856302
44.997383
47.343499
49.112132
48.111448
53.508438
46.590007
47.264198
47.399826
44.788812
43.250329
43.201470
43.868054
41.956085
42.392981
54.856711
47.181226
49.789396
50.068573
54.364294
51.863236
50.746796
55.195405
51.440942
48.635420
46.070524
46.741187
45.767954
47.739056
52.817484
50.642277
49.817987
51.005455
50.509965
47.642450
52.647661
49.714706
49.337802
48.692161
41.360138
46.286720
46.858012
47.127947
45.444201
53.027411
44.521432
50.433529
46.745530
44.218887
49.159026
48.590063
48.861636
44.484605
46.522363
53.394879
46.075017
52.443713
47.436992
51.985980
44.200963
48.060788
51.904502
57.969935
50.393230
43.909527
47.738688
49.955532
51.081009
46.941514
55.533142
47.117433
45.725480
43.268068
47.257270
48.238874
47.455418
45.479828
49.379183
48.301902
51.699033
50.765393
51.652148
52.870799
50.971587
52.307610
48.359249
51.042138
45.941524
51.598260
44.998232
44.042014
48.571767
40.970462
42.384662
52.628091
53.230263
54.276819
45.472229
45.224351
44.479708
55.678439
50.159457
51.855013
44.859733
51.812613
51.283778
41.462210
46.915663
56.800600
54.241407
48.103456
48.082923
49.710586
49.781278
48.400133
52.331399
58.142035
48.057067
55.970568
50.533355
41.958127
51.181452
58.538302
50.869598
56.507470
53.222774
55.869013
46.564072
50.731960
51.559053
54.300048
49.243750
49.025359
48.911341
47.138729
51.789217
44.812815
44.321614
43.946858
46.092014
48.196275
46.360334
57.202993
59.772987
49.614748
51.492731
53.928182
45.760057
53.620843
46.446408
49.058867
45.300581
52.283659
46.011741
46.777562
46.714574
48.003671
51.128596
50.935094
48.679726
52.169514
52.057600
53.758462
48.214772
54.797857
53.956800
49.124615
51.128084
52.585003
50.079887
54.439527
51.730621
55.853662
55.187718
61.286156
48.552173
48.310137
52.227154
44.746047
57.607087
47.833954
49.166863
45.081172
50.728419
51.744287
46.938710
56.229917
52.953900
50.265510
48.791870
53.108368
52.104564
53.487393
52.191050
47.701143
45.462615
50.262989
51.539773
53.549714
47.957669
49.688399
45.738710
48.657806
48.882330
46.305429
47.548522
52.389438
49.682702
56.144764
51.248117
46.947868
47.035997
44.345496
52.844616
54.515961
47.370677
54.628490
54.530822
53.138488
59.058873
49.360921
47.197669
53.374765
55.329987
51.357280
47.596794
53.609022
44.910421
47.243350
51.708829
48.896280
43.402411
48.937132
49.838856
46.605472
50.508830
50.384844
50.259328
49.466599
43.362115
45.931919
47.708198
47.207622
47.938667
40.627183
48.161891
53.958193
55.916242
55.084765
57.358222
49.845729
56.181843
45.092875
48.769088
51.561853
53.901563
51.620081
48.536451
52.429803
53.888248
47.644733
44.421988
44.900138
55.468525
70.648225
47.623081
54.284029
54.642417
52.694626
43.514242
55.806894
55.102034
48.999542
47.845576
46.375478
45.177051
47.504128
54.471752
46.650251
47.616387
46.725922
44.544440
46.243633
51.898717
47.544278
53.176571
58.542648
52.197455
48.615176
48.228195
53.568726
53.318408
54.188354
51.004231
49.613531
52.810444
45.813050
51.609370
47.820134
46.737498
43.594868
48.313136
43.222133
48.126414
42.013827
50.080667
50.048970
50.985827
53.914814
47.814261
46.556915
53.946968
41.524614
44.205958
43.887640
47.443218
46.986284
48.905991
43.430702
51.784890
51.593560
47.736069
52.703012
44.044230
43.346474
52.522148
51.779567
45.320619
46.315895
49.492557
53.978787
46.567434
49.083327
48.137579
55.177474
52.058576
53.654327
49.854177
48.487745
42.331256
56.403580
52.391638
52.573595
49.074960
44.261345
53.662061
49.200621
45.945574
44.891391
45.720277
44.227033
49.650206
44.885557
48.004072
54.206305
50.383756
53.238386
49.952330
47.816542
46.286236
49.762271
47.330195
46.984188
46.394237
49.721542
46.590676
49.632560
61.029528
48.703203
48.748895
47.106301
51.340036
53.131978
52.227508
50.210109
47.534647
43.817665
46.197872
45.783450
43.200924
47.201520
48.047151
46.151336
46.427114
48.156994
49.815516
48.722207
51.085881
53.267936
58.045183
49.852949
54.531066
51.965316
46.894642
48.229473
44.319816
49.767024
46.551824
51.057869
53.394499
53.586800
49.519562
45.914717
45.044271
47.560126
47.065265
52.986692
57.195041
52.278725
51.037337
42.955553
45.349273
45.964213
45.970739
56.301857
57.258483
53.737284
50.193420
50.632955
50.648928
56.162609
51.367834
45.265388
44.279738
44.352175
50.856911
54.605176
43.977189
51.143247
53.826683
47.440585
46.808390
45.478014
44.534281
51.309675
44.082894
48.209818
45.819503
45.831127
46.165342
44.689538
45.812539
48.593735
55.557683
63.624449
77.970149
145.484030
49.967227
39.444499
42.271841
43.482157
43.065159
38.688522
45.949623
52.089020
50.801267
41.999159
47.191448
42.801193
47.651695
47.255722
48.257174
48.234636
52.267907
50.815880
55.332048
46.826042
49.974106
47.113964
47.307428
44.527575
48.696183
51.379055
49.214509
50.568277
47.229231
39.783827
41.638307
42.903841
48.141267
42.387207
42.842182
45.241723
46.680212
48.802064
49.600502
47.497188
49.139923
50.334684
48.497510
45.226086
53.414616
51.168401
48.409237
49.631421
44.598625
45.388829
46.036646
45.576942
45.044474
43.293275
46.500824
50.398459
51.625268
48.582997
49.222036
46.878726
49.856910
41.663947
49.682823
52.155179
49.285926
46.602209
49.952768
49.836356
46.513026
44.776116
49.038519
43.683649
52.502746
46.722787
41.003555
37.032236
38.489967
41.035263
40.155872
39.627224
40.713233
40.533810
40.835717
41.958592
43.232700
42.823228
48.968314
50.587134
44.407384
41.974148
41.527561
40.206024
43.435907
47.615098
41.060112
41.382896
41.187279
42.596684
47.670574
54.144204
50.299941
48.356907
57.378666
53.169623
51.326015
48.896568
46.025873
49.232649
48.835619
47.192975
51.853966
51.230917
55.230228
54.253893
52.957272
55.000937
50.155845
53.831990
53.220578
53.518215
54.340172
52.091435
51.354829
47.148235
42.412785
45.141015
44.338679
44.111107
50.262029
49.153469
47.044935
52.509325
47.123929
55.400992
52.410583
52.196857
50.358363
49.064648
51.106332
46.724508
50.196987
50.658748
57.724492
43.617803
47.425210
51.009596
48.867580
49.548215
50.415354
50.776996
52.004567
49.693346
52.515046
45.634790
53.821365
53.336119
52.121111
50.537056
59.177298
46.138590
54.760874
49.987557
49.752511
47.626804
46.194528
54.544905
57.895742
49.075805
46.972919
51.336251
52.606648
49.357808
42.921923
50.449443
51.661043
49.877453
48.647269
50.607120
46.356161
43.993308
47.486363
45.247534
45.391640
46.460285
47.687802
44.627758
48.997741
52.766338
47.277388
52.704811
48.368431
46.012209
55.084996
50.014745
54.095029
54.527843
52.817236
51.749958
53.751939
49.975981
45.687746
46.586510
44.841776
41.372999
43.502160
47.922918
51.675352
56.964498
52.861651
53.503345
50.200374
49.357350
55.662426
42.256811
44.504946
47.958217
46.101784
50.229210
46.513601
54.186078
47.127131
50.241438
54.950472
49.520013
52.761099
47.428667
52.318649
51.402388
47.727382
49.244005
48.904369
51.527821
49.949031
53.743313
49.984579
51.860953
45.282543
48.419415
52.113848
46.867018
48.963431
46.273506
49.984359
44.222926
53.946890
58.125288
55.624438
43.819951
52.455646
49.777491
47.026763
53.475074
49.990381
46.565163
51.936969
53.318319
48.668126
44.429742
51.903735
52.619457
56.869346
57.274702
53.967512
52.322773
50.593460
51.591731
46.603574
49.409824
48.575795
46.931688
49.257648
50.699343
48.841022
47.506725
43.971590
48.208101
51.187886
53.166140
51.725150
54.007386
52.402830
48.570668
51.900211
53.940101
53.437293
45.262564
54.762890
47.522256
53.628995
49.387562
45.751289
48.653508
46.790422
43.512552
46.169979
46.408410
54.243518
45.295031
46.386292
53.944336
50.097171
48.921504
55.949577
51.287087
49.924551
46.358272
48.266632
54.105615
50.384265
51.285659
52.641986
50.113182
47.829084
47.393705
46.981282
45.808334
42.926888
43.869570
50.705758
50.676316
50.595564
49.452818
50.294980
54.169554
56.831805
46.120041
46.396193
43.114665
51.326429
54.497939
49.442504
50.283263
55.234365
53.937458
52.049873
54.100192
56.433583
53.152603
47.653774
50.898121
49.215712
52.238541
46.784970
53.920349
48.607210
46.502960
51.295404
49.391848
50.725343
45.603770
52.738991
49.397977
45.439826
47.009391
46.143008
44.931007
44.703477
47.079198
50.297442
52.195061
49.392054
52.605332
46.122739
49.345761
48.064131
49.369819
51.986487
50.125398
46.143256
43.523270
47.440473
54.540882
47.302742
56.995198
46.510270
50.900947
45.306432
48.363493
57.565871
52.564852
45.253350
47.566107
47.045323
54.107306
45.528967
49.516291
54.604991
53.936401
51.764383
51.534413
53.667109
46.450502
43.222879
48.606742
47.430827
44.135656
44.998219
45.011006
51.268149
49.728892
50.634638
46.081604
46.586141
49.163729
51.733547
54.660756
53.402208
47.293420
51.276639
46.200761
49.526456
49.442816
46.658861
42.626295
44.511558
50.242750
45.305669
41.553306
49.426208
48.744699
52.231022
52.810862
52.295945
46.096973
46.890128
53.914668
56.451881
46.924173
46.879945
48.005196
44.541093
54.246990
51.057951
47.070658
48.515320
49.347872
42.626754
46.516496
51.889711
47.418027
46.372299
44.920754
52.347752
49.029329
45.850594
51.543679
49.589476
49.285289
50.062359
49.361284
49.598142
48.549337
46.046663
53.885127
45.421737
44.946867
52.313141
54.079891
45.259428
42.280145
46.444229
42.335646
44.870099
52.034533
47.172274
48.601058
48.332801
44.543446
44.781535
43.567409
46.466540
52.949522
50.937046
47.785824
53.695832
48.503307
50.450542
48.306857
48.094928
48.274763
48.047466
40.109076
48.657672
56.130519
50.270089
50.317318
51.640013
44.850272
48.738161
46.115257
43.990236
52.183977
48.377513
49.416239
54.132269
55.120090
47.488006
52.706093
55.916332
53.022613
50.037283
45.728046
40.769609
54.516780
57.246359
46.138430
46.865175
50.017205
52.492997
47.700492
49.467428
52.146439
55.754925
44.919546
51.714176
51.188414
45.471099
41.992718
43.924974
46.605672
56.555112
44.081595
45.587899
44.662354
41.670095
44.781907
50.878164
56.948350
57.977858
54.467803
53.345692
51.134644
51.389953
56.324273
51.187623
52.505787
53.272465
49.119255
50.970109
57.931312
59.705391
52.297194
50.564887
54.907063
58.611655
51.141972
52.711910
49.241359
48.791556
50.728890
50.344530
51.645210
47.379362
46.920578
43.120206
53.854934
42.264827
57.293768
46.339009
48.368739
47.550851
45.392624
45.607961
49.890737
50.224349
42.162089
46.810384
47.585171
53.384743
52.288176
47.684022
46.817132
48.693387
54.086975
53.262687
46.123987
44.191636
46.723497
46.604919
46.657269
49.195134
44.915959
55.748295
57.054045
51.698362
55.124762
45.485131
44.882394
47.701725
53.841823
54.124371
47.952946
48.625715
45.351620
46.855390
51.041254
44.961290
52.951900
54.219869
53.190975
46.907860
54.665931
52.794625
48.101761
51.352178
58.162011
50.965091
47.689370
49.350877
47.125957
54.030069
56.295402
52.528687
50.518816
47.854172
53.999458
45.631613
46.010230
46.409682
45.830819
46.901678
50.207861
47.896177
47.264669
43.303614
51.550892
53.103930
58.817874
53.474304
56.188210
51.594905
48.577646
52.175892
49.055127
46.650139
47.076033
56.797432
52.507803
55.607776
46.767113
48.181365
55.123042
50.462889
46.552635
47.703247
55.921198
46.667979
49.254978
44.532920
46.781210
51.415004
54.843432
44.905990
54.563898
53.390320
55.066627
49.821756
51.603270
54.416753
48.239210
50.025745
52.115382
49.291134
50.758541
45.866041
51.000355
53.958644
52.972637
53.217177
51.436807
52.011194
52.277289
51.357111
49.696930
57.057943
53.710946
52.307135
49.982682
52.018855
53.235312
52.833198
47.761883
46.895825
58.998537
56.998115
53.754297
52.536988
48.889512
53.944388
53.035002
43.077832
54.570649
48.935099
47.665887
49.206544
45.364664
47.891356
46.541417
53.295504
52.056355
43.308475
45.681602
52.548410
53.821520
51.985016
49.087492
48.646176
50.297855
54.050392
49.332561
52.397102
56.057399
47.115012
49.971020
56.070416
50.100682
50.194220
48.333254
47.610708
44.806577
45.517461
43.412364
53.532743
54.068576
59.597776
50.363803
54.587610
47.891938
47.745664
46.655734
50.097561
46.052739
46.835737
49.255726
47.886228
49.900627
47.582012
53.741435
49.463379
49.185445
57.524390
49.400693
51.371902
47.390590
53.057041
51.951343
48.680180
50.412305
50.996977
48.883785
52.704135
56.967961
54.223804
53.377761
48.288798
47.699038
48.103116
47.752843
57.527115
49.919270
44.448247
46.897558
57.061493
48.317452
55.073035
49.165110
48.770302
51.315521
48.327143
44.747299
44.673437
49.346341
60.464522
42.038653
40.695458
43.688103
43.878578
44.060792
59.144181
55.085360
45.835891
49.993540
52.932885
50.950713
54.160186
50.671349
52.006585
61.170833
78.861894
76.632728
80.111030
100.032827
154.208385
753.451804
53.190153
50.499302
44.612243
53.869785
54.124492
45.636074
42.755846
46.116341
53.376723
44.261649
41.539044
36.057580
36.323300
41.739668
42.521311
42.954173
44.026621
48.502742
49.216200
42.014235
45.132189
42.864586
46.582555
55.638687
42.018937
53.259574
54.009204
58.942234
54.099433
40.772682
45.928355
46.386682
44.002828
51.792767
48.921981
49.547411
49.504564
43.508031
50.944730
52.677036
51.970166
53.381482
53.323671
52.439066
40.925079
44.545730
45.937279
45.129827
51.277272
43.062453
48.586061
47.219883
52.096585
48.920267
46.196316
47.228506
40.428018
44.251073
40.340941
50.155692
53.478366
50.021729
47.098229
47.715945
49.250998
43.789480
41.754282
43.037036
45.979194
40.849042
50.318706
51.861224
55.912211
45.528832
40.837148
42.259009
40.440241
48.763216
51.136944
50.883869
48.699906
42.983814
39.141345
42.018906
45.311975
52.185720
44.097890
45.047331
42.699957
47.544514
43.623556
54.021722
49.347065
54.479211
48.408895
42.850205
50.118554
52.738424
54.059654
56.041083
54.789671
48.829206
50.935767
48.583915
49.350211
50.204781
56.117997
53.155578
54.415507
48.985804
47.487805
44.339293
40.372512
48.682772
48.343452
58.512102
52.957466
52.592829
47.347631
48.673558
45.761457
44.543380
42.942126
41.998065
44.146750
46.681014
45.907730
44.277956
43.335184
43.090650
43.477472
40.248701
48.089617
50.945387
44.878841
44.331218
48.516877
43.861057
43.396853
47.571510
42.355722
42.617766
48.087416
52.383102
54.846910
56.196689
51.360139
50.814502
51.664975
47.707602
45.897792
48.518401
48.963869
48.684109
56.000878
53.649887
49.021829
46.531290
49.566256
46.013046
44.299520
44.038931
48.011891
43.532078
44.848211
43.907816
48.337824
49.448819
53.127766
52.777523
53.002047
43.115412
41.551261
49.406885
45.489047
49.013614
45.029037
47.385627
47.671003
48.365349
47.528806
47.812520
42.481522
51.459632
46.276067
45.964639
49.722857
54.315756
47.356073
49.531316
46.776584
50.017225
49.019627
49.732400
55.705178
53.943831
49.404755
52.828012
45.416091
48.785471
50.284054
48.793426
45.698533
50.956859
50.468178
47.864109
46.606107
52.706981
47.532005
56.026679
53.174574
48.324940
53.272730
46.432804
49.243597
49.919157
54.701330
51.720762
47.802895
47.122080
49.004619
53.029473
56.670640
58.043267
54.401979
50.969205
53.878808
46.420315
47.452137
45.520689
48.350512
48.831810
43.211771
43.311882
44.204636
50.220249
49.435108
47.996882
45.748376
44.633544
45.891857
47.340819
47.766645
47.723446
45.483504
45.081172
51.419833
52.993661
52.325186
49.451765
53.470353
50.349560
49.162203
46.630197
44.979564
48.039249
50.716681
52.616702
48.613586
49.402649
46.298443
45.652478
46.982855
44.787289
46.074511
47.660649
44.442822
47.585101
49.419696
55.577612
54.604816
45.082925
46.529941
46.662205
48.970513
48.398004
51.998369
51.748457
51.785646
51.105322
53.125934
48.349133
48.514865
50.673762
51.393952
51.930764
57.185591
51.969140
43.903164
43.484203
38.622577
43.534779
45.937804
48.167029
48.017801
47.760132
46.842201
43.927891
50.496485
48.026488
50.640101
51.475410
56.443037
52.157129
50.145607
48.782322
55.597585
52.986522
50.222501
51.240930
48.133632
47.064533
48.821213
53.799643
53.016332
50.022587
53.366953
46.923158
42.331340
42.914566
43.519166
49.380036
49.506420
52.506263
49.820253
49.348566
54.051311
54.041098
49.731139
46.998650
48.752534
45.590239
50.697595
48.930367
48.067809
51.033240
49.704134
50.709009
47.935675
51.660237
45.816619
50.171080
53.913670
54.414197
51.184884
44.765503
45.492866
44.052958
45.689763
47.839050
49.584732
52.490336
47.090417
48.310857
46.899333
48.083699
53.761497
45.579017
46.604534
47.234833
45.873038
46.964634
48.159515
43.123714
45.279115
44.602780
48.910397
43.942116
51.565878
54.740103
45.695704
52.255473
45.772864
47.953409
47.548415
42.865894
42.943588
49.005588
45.650859
60.809647
52.287401
51.120330
50.893525
50.140454
46.281664
48.499798
50.248761
53.264065
53.121185
45.664082
48.369178
49.019917
43.732574
52.297851
45.918654
47.934646
52.417007
57.402688
51.643045
46.157644
47.653900
48.323675
54.975620
53.252075
50.470459
51.683343
52.311666
47.426644
50.354120
55.642671
47.036237
44.122966
53.640169
46.340818
46.234683
51.163434
48.568749
48.995259
49.503304
44.643378
44.206799
45.054017
50.467398
55.677358
55.960201
47.601126
50.838383
56.648191
48.845740
46.544276
54.197435
43.956573
49.407813
48.806467
45.194073
42.855419
44.222871
45.710105
48.220432
48.071829
44.212586
48.757469
47.507882
45.622750
55.850172
53.658463
56.060205
51.402753
48.783136
47.091025
42.297726
43.900529
47.601919
46.045869
47.818116
48.106374
47.502008
47.405891
51.788507
46.726229
48.552331
45.602752
44.811328
48.559457
49.032914
54.989245
51.423564
45.593281
48.076369
48.045869
43.190565
49.136108
48.619756
52.580348
45.119370
50.129349
44.964309
57.280272
57.054562
48.680883
54.821585
56.143971
42.646806
42.642261
51.055845
45.901290
52.232629
50.996810
52.113370
47.483849
44.658351
53.446118
53.261742
44.948483
50.072700
49.527981
59.898784
49.755859
46.224773
49.980826
51.302032
47.059681
48.336660
47.225251
55.710987
51.569651
46.629250
49.473552
47.659885
48.343589
50.059262
44.124483
48.327500
51.052248
46.111931
45.994998
48.097808
47.635025
52.856438
53.764854
54.743454
49.882678
53.985552
45.099320
43.267537
53.530062
57.860111
43.578381
45.838029
46.347330
54.620533
58.009390
51.416446
49.275600
47.530479
49.047250
51.960956
51.572381
48.206954
48.305657
52.533354
54.474393
48.159409
47.771452
53.993959
48.331976
49.507975
44.459280
47.142685
48.703610
51.188278
59.182770
48.990330
53.266412
60.251110
52.190581
46.472236
47.735034
46.446030
46.611265
46.859215
47.163653
51.349314
45.747170
48.370688
51.059780
50.902674
51.356626
50.765096
54.885299
54.372108
47.138315
52.260047
46.881075
51.499829
51.797099
40.466854
46.972575
48.866728
50.557057
45.313046
49.123870
50.819694
54.752642
58.465512
61.451808
56.841197
50.346201
49.560610
56.213307
52.225136
51.923673
54.133622
47.597672
52.300272
44.223406
51.019293
52.069155
49.825381
54.517957
50.087985
44.772218
52.036590
42.415441
46.856577
42.587823
45.560103
44.765363
44.571090
52.519687
54.377729
54.807098
48.933836
48.557768
52.663100
44.801480
51.393259
45.990098
55.165407
49.464834
46.950813
47.592108
44.689458
41.515754
49.617790
44.416571
57.548875
53.546870
52.039955
54.784735
53.258948
45.691521
55.217212
53.229346
50.178002
52.065263
57.173740
53.209549
63.895466
53.172865
55.950591
46.785046
52.796868
50.102339
50.351151
46.859154
47.986004
44.356566
45.802391
51.997186
49.884130
51.008936
48.961076
51.877473
50.055550
54.012261
57.850383
47.137050
49.675655
50.132328
54.600633
51.314578
57.052428
49.420968
56.792145
52.643498
52.477059
52.815671
51.522713
44.300011
46.203796
56.055887
56.101256
51.322165
54.404305
54.071557
50.047702
46.033292
49.460430
45.286412
41.278861
46.382209
51.976950
49.901065
50.276186
47.128495
48.988376
50.687734
46.615771
48.092994
50.966833
49.694773
48.914547
47.558470
44.913677
43.219457
46.420430
49.386379
50.414268
45.704788
44.803934
46.711414
43.636317
46.140728
46.069030
47.950066
47.352714
50.056081
49.481331
47.825245
46.829989
52.410804
54.283092
48.325818
49.763352
46.648515
46.259865
51.911656
46.837575
52.671758
47.911904
47.391472
50.137927
54.154427
53.572637
46.718323
47.342838
47.513483
42.585964
47.583537
49.404530
47.873824
45.817000
51.334401
47.263219
49.972277
52.951584
48.338250
49.305186
47.062393
50.352635
51.588137
48.748182
43.466437
50.397662
54.599550
52.589793
49.110337
54.953085
51.968469
50.810872
43.754831
45.491934
46.037345
50.633462
47.344024
50.865929
52.385033
56.829571
50.637199
48.575731
50.230714
52.286168
42.447418
53.066351
46.423802
44.972899
51.569077
51.355621
44.346233
51.435700
50.285157
48.696287
51.765106
48.212376
51.008637
54.243520
56.986215
55.162637
47.429958
52.002648
49.548158
51.513331
47.293396
51.418550
50.667710
54.066222
47.801330
51.223759
46.732480
46.606381
56.963180
67.685051
75.911007
83.884262
83.437216
99.217751
