50
65.725847
62.143901
61.681044
61.749687
61.763822
61.697251
61.728165
61.653927
61.842471
64.442004
68.966013
71.254709
73.063734
73.064376
73.273600
75.652138
74.031335
73.997699
75.677277
73.741949
74.166740
75.335476
72.991859
74.187956
74.983502
73.199041
75.061148
74.739633
73.491775
75.496552
74.336603
75.286959
75.587394
73.703292
74.933871
74.604204
73.331398
75.689414
74.670073
73.674187
75.623309
73.256878
73.881568
75.186049
72.985665
74.269866
74.891009
73.203099
74.763205
74.486341
73.280926
75.157950
74.323076
73.046347
75.250945
73.661835
73.622730
75.470957
73.313844
74.104262
75.390790
73.132014
74.405047
74.658585
72.914521
74.551155
74.187087
73.036154
75.275213
75.372070
73.323783
73.595431
75.443869
73.207410
73.936973
75.373553
73.099549
74.108883
74.961792
73.109442
74.236754
74.876453
73.269767
74.538470
74.967673
73.093134
74.337502
74.279735
73.113524
74.878100
74.625602
72.991954
74.943817
74.234527
73.194108
75.307815
73.750019
73.053109
75.446789
73.573780
74.655088
75.003786
73.044062
74.424878
74.682851
72.966051
74.621080
74.404048
73.412084
75.296457
74.605835
73.285617
75.489211
73.641120
73.097178
75.535285
73.884825
73.893997
75.649533
73.339814
74.277582
75.326130
73.734181
74.571787
74.063495
72.817752
74.692415
74.143480
73.017067
75.099618
73.880149
72.979068
75.369916
73.628190
73.474515
75.637793
73.731214
74.040254
75.390787
73.296069
73.904501
75.040549
73.209471
74.714021
74.944650
73.325545
75.211854
74.710479
73.343812
75.452143
74.250367
73.337592
75.564994
73.846937
73.733519
75.569957
73.248835
74.088777
75.390552
73.398385
74.368016
74.882220
73.212886
74.702103
74.827076
73.373347
74.979227
74.492271
73.000394
74.781800
74.100774
73.224898
75.379634
73.399088
73.016767
75.196943
73.881394
73.681820
75.495006
73.302797
73.880549
75.139257
72.955727
73.787124
74.694539
73.250468
74.538813
74.636222
73.226144
74.950268
74.532952
73.313693
75.111234
74.381678
74.305386
75.132230
74.314113
73.144024
74.586769
74.411879
73.228625
73.973750
75.003287
73.351078
74.172624
74.969816
73.311078
74.160390
74.832162
73.549740
74.284615
74.824929
73.335762
74.142132
74.682389
73.057389
73.947176
74.883712
73.286331
74.193851
74.685643
73.151096
74.077438
74.862572
73.377423
74.331020
75.154614
73.360335
74.290613
75.115289
73.506023
74.730479
74.038905
73.225324
74.705085
74.346791
73.149989
74.541774
74.454497
73.186880
74.443279
74.595539
73.206898
74.465463
74.826313
73.332886
74.174123
74.867273
72.699924
73.857907
74.852373
73.060871
73.958103
74.702549
72.959215
73.989718
74.942399
73.183156
74.283539
75.184515
73.195661
74.192994
75.254598
73.200914
74.208442
75.219406
73.387192
74.382972
74.817157
73.269234
73.928532
74.558139
72.798297
73.673918
74.682633
73.003570
73.814720
75.066130
73.591880
74.683040
75.197848
73.542171
74.685058
74.863540
73.260260
74.665280
74.741128
74.187448
75.656252
75.149840
73.230959
74.298647
75.010252
73.563720
74.759177
74.893406
73.423217
74.710272
74.367992
72.958641
74.433333
75.014427
73.088019
74.538597
74.831350
73.308086
74.446388
74.858693
73.319782
74.151454
75.139776
73.207056
73.473473
75.158271
73.107704
73.498426
75.450497
73.470468
73.492079
75.328053
73.891946
73.152989
75.034670
74.017174
73.577586
75.469257
74.356328
73.332242
75.197673
73.703686
73.092186
75.504355
73.955711
73.263527
75.438310
73.901796
73.461035
75.795315
73.794492
73.206398
75.477132
73.610912
73.189845
75.711848
73.660678
73.619342
75.685037
73.836813
73.177788
75.396287
74.044882
73.400590
75.339105
74.098808
73.300813
75.149514
73.842822
72.993033
74.737006
74.029412
73.243100
74.656249
74.151910
73.218675
74.784521
74.259227
73.069876
74.414481
74.431811
73.337765
74.792802
74.292528
72.990876
74.553824
74.307379
73.301451
74.774321
74.313992
73.282980
74.272687
75.801846
74.514393
74.095994
74.755192
73.217638
73.989116
75.495459
73.478575
73.783100
75.608876
73.177831
73.123600
75.539123
73.420634
73.418594
74.636234
74.936966
73.519846
74.846199
74.495545
73.379088
74.780392
74.861442
73.375762
74.302473
75.103870
73.600002
74.215421
74.905041
73.480869
74.583531
75.013737
73.195092
74.359695
74.713712
73.286823
74.700294
74.363423
73.026734
75.043757
74.058674
73.134729
75.152358
73.630730
72.978751
75.276038
73.502571
73.033486
75.389530
73.537234
73.268413
75.410011
73.281865
73.065130
71.543585
70.826069
72.012555
72.961950
73.055568
73.119333
73.397529
75.505409
73.407078
73.280177
75.535397
73.444404
75.410284
73.518929
72.983564
75.781349
73.771571
73.010464
74.253778
74.272588
73.164391
74.782206
74.429141
73.165247
74.510432
74.402153
73.456932
74.612822
74.638820
73.431925
74.076897
74.998757
73.040544
73.808944
75.246345
73.435617
73.876813
75.552566
73.723081
74.029268
75.504900
73.291824
73.619162
75.602057
73.179781
73.371869
74.958322
74.606520
73.515971
74.832390
74.757824
73.350085
74.771273
74.661339
73.285832
75.095331
76.004153
73.590515
73.391759
75.647115
73.372575
73.144975
75.605612
73.407834
73.131948
75.478455
73.437683
72.969441
75.261695
73.406635
73.056800
75.376971
73.510576
73.188240
75.448912
73.569316
73.394233
75.544988
73.674516
73.385511
75.513195
73.936079
73.384899
75.439090
73.645546
73.500896
75.660805
73.647888
73.644138
75.658175
73.445344
74.035280
75.761836
73.401852
74.040304
75.876348
73.283562
73.880561
75.305583
73.200892
74.143771
74.714750
72.964661
73.912019
74.720282
73.152570
74.456105
75.121219
73.433935
74.299821
74.922378
73.455221
74.290407
74.976573
73.278823
74.311775
75.285065
73.308025
74.196660
74.932501
73.279067
74.659894
74.604827
73.155468
74.642926
74.672619
73.240805
74.869204
74.524356
73.416803
75.000250
74.751444
73.550564
75.206770
74.583811
73.522683
75.135344
74.347805
73.447169
74.540173
76.796820
73.055403
73.795813
75.008259
73.323049
74.047633
75.353937
74.678900
74.126226
74.920297
73.318504
74.063111
75.108395
73.275781
74.192411
74.611836
72.829739
73.687007
74.405343
72.982121
73.597204
75.029149
72.950611
73.516265
75.925203
75.994636
73.992286
73.369422
75.039158
73.907750
73.236432
74.758083
74.199605
72.982006
74.591168
74.360074
72.996694
74.244004
74.745121
73.111099
74.386219
74.767463
73.335843
74.357306
74.746919
73.126408
74.131710
74.810211
72.996517
74.006353
74.899843
73.274210
74.344223
75.302641
73.122914
73.942462
74.980014
73.282601
74.057657
74.990841
73.131832
73.851748
108.358266
73.117011
73.141272
73.198734
74.598032
74.221043
73.199670
74.870610
74.270052
73.050707
74.230163
74.266083
72.911497
74.190577
74.133039
73.090662
75.286392
75.087301
73.325876
74.265788
75.160785
73.339075
73.710167
74.885256
72.955240
73.533863
75.181136
73.228111
73.910905
75.312757
73.314435
73.683418
75.579192
73.294826
73.343833
75.588571
73.408369
73.311034
75.466455
74.004012
73.651235
75.802305
73.864182
73.572125
75.650576
73.737767
73.456270
75.275885
73.876355
73.025231
73.667673
75.462999
73.445438
73.305154
75.646305
73.082638
73.515193
75.355830
74.673589
73.447655
74.479885
74.657378
73.255574
74.495651
74.385692
73.110721
74.328644
74.277449
73.023960
74.428661
74.625910
73.210081
74.507886
74.685331
73.128346
74.560317
74.606653
73.226232
74.717166
81.377602
73.202623
75.473744
73.218712
73.468258
75.338597
73.069185
73.676864
75.783582
73.949508
74.149590
75.343154
73.486911
74.261859
74.736551
72.975349
74.526314
74.407181
72.953039
74.836741
74.363415
73.346256
74.946381
74.339398
73.345853
75.278802
73.877529
73.152353
75.395738
73.815828
73.350516
75.537787
73.962953
73.574985
75.504365
73.983102
73.282114
74.823441
73.291515
72.857827
74.515261
73.977134
73.315464
74.616634
74.301667
73.134166
74.373602
75.025851
73.133039
73.684106
74.943248
73.167482
73.471647
75.368139
73.200309
73.392762
75.617750
73.598584
73.187938
75.474077
73.535000
73.352131
75.202792
73.961919
73.296280
74.672175
73.854381
72.953533
74.483091
74.657809
73.199378
74.251248
74.073096
72.866522
73.285050
75.231836
73.008244
73.718656
75.455025
73.332552
73.941646
75.841487
73.139727
75.135254
75.370044
74.430407
73.582174
74.639720
74.430585
73.181623
61.964108
61.851669
61.755844
61.814817
61.765463
61.862865
65.721684
69.827258
71.831935
73.333898
73.263093
73.263541
75.404614
74.077919
73.057267
74.920032
73.898071
73.899012
75.894488
73.608500
74.193889
75.402739
73.336475
74.120948
75.602246
73.354149
74.606821
75.129286
73.354072
74.911412
74.616412
73.352374
75.397443
74.089767
73.252032
75.082124
74.412282
73.615057
75.687875
74.362240
73.107595
75.310501
73.982418
73.594649
75.674750
73.655594
73.965116
75.904699
73.112945
74.086801
75.197292
72.940741
74.239684
74.725274
73.071021
74.753638
74.542427
73.076662
75.136263
74.112884
73.115552
75.500638
73.938983
73.427448
75.427195
73.532064
73.537746
75.198950
72.938819
72.933252
72.862988
72.805050
74.855920
75.566117
73.553513
74.512441
75.382261
73.119401
74.348449
74.481708
72.738465
74.501326
74.353995
72.974366
75.145093
73.833503
73.795417
75.690417
73.450779
74.118827
75.758482
73.331382
73.984029
75.250605
73.013919
74.185656
75.726261
73.174856
74.195016
74.514818
73.055634
74.434531
74.546641
73.243266
74.754665
74.526906
73.224870
75.047410
74.368806
73.077088
74.504268
74.166680
73.173857
74.713505
74.453924
73.231696
74.281550
74.265661
73.033213
74.418001
74.986976
73.445414
74.125605
75.209537
73.264255
73.312916
75.410571
74.084207
73.309229
75.190760
74.092984
73.206262
74.981626
74.321417
73.161449
74.906716
73.752406
72.996822
74.792626
74.163251
73.348964
74.196067
74.893544
73.295023
73.596804
75.734189
73.233302
73.138659
74.981403
73.675869
73.490814
74.925875
74.535914
73.229747
74.925925
74.089784
73.113450
74.998769
73.987078
72.956491
75.042027
74.062639
72.991699
75.191258
75.657763
73.863742
75.802989
73.694291
73.526341
75.585607
73.495641
73.703648
75.618967
73.210816
73.702058
75.319752
73.119051
73.993720
74.938695
73.270230
74.488029
74.701035
73.059966
74.246946
74.653801
73.294579
74.604067
74.527209
73.272453
74.778667
74.259604
73.235085
74.452874
75.084245
73.477873
73.711642
75.791829
73.267373
73.333767
75.373660
74.094179
73.353508
75.232815
74.028417
73.425718
75.500934
73.910055
73.270288
75.301237
73.944169
73.422620
75.508998
73.852562
73.443487
75.596633
73.782069
73.348466
75.310577
73.757496
73.065557
75.071826
73.739183
73.055339
75.337731
74.097165
73.285896
75.147897
73.910144
73.230692
75.239886
73.989750
74.169642
75.474624
73.433059
73.306704
75.164148
73.096479
73.592890
75.329827
73.330518
74.176013
75.083337
73.083612
74.241570
74.934846
73.301976
74.830412
74.623586
73.421823
74.523327
74.910989
73.556974
74.094508
75.285218
73.507841
73.751646
75.438442
73.127612
73.240030
75.604982
73.807907
73.358608
75.133623
73.959608
73.673339
76.016413
73.787633
73.978125
75.625818
73.216176
73.303468
75.453099
73.770610
73.452856
75.071339
73.846634
72.953140
74.187522
74.536706
73.420090
74.018901
75.174496
73.344107
74.017669
75.545102
73.505310
74.888077
75.289104
73.335258
74.581814
75.028492
73.178942
74.521184
74.581449
73.176465
74.955049
74.268588
73.282901
75.439612
74.258844
73.511860
75.786086
73.885565
73.372140
75.105188
74.365700
73.161871
74.169582
74.673968
73.413855
75.237746
74.639329
73.620600
75.435325
75.565466
73.927569
73.623104
75.856962
73.731830
73.317704
75.022647
74.600077
73.142917
75.410185
73.904288
73.543288
75.459888
73.892061
73.279833
75.390455
73.511929
73.061342
75.327330
73.280694
72.983438
75.241063
73.254887
73.269716
75.309527
73.189339
73.591195
75.433591
73.319089
73.634083
75.677106
73.124712
73.492170
75.487773
73.287334
73.452647
75.552687
73.482247
73.783444
75.933813
73.469752
73.697381
75.841850
73.376014
73.178469
75.293931
73.381249
73.444158
75.691382
73.488756
73.396102
75.814004
73.877797
73.175804
75.321157
74.009189
73.251778
75.152832
74.002061
73.265274
74.510738
73.809795
72.754821
74.216082
75.481534
73.168795
73.534667
75.799913
73.798349
73.666827
75.525425
73.972382
73.362235
74.875745
73.816327
73.122757
74.810162
74.574955
73.517268
74.648246
74.549237
75.012217
74.712542
73.018625
74.287947
74.340840
73.020247
74.612766
74.751542
73.361361
74.639016
74.876612
73.297548
74.605722
74.706372
73.412682
74.461154
74.907920
73.500799
74.362031
74.877348
73.518542
74.768814
75.281636
73.765269
74.659990
74.621609
73.337644
73.790287
75.363985
73.395998
73.500167
75.545351
73.580208
73.758922
75.866376
73.376774
73.374793
75.500041
73.766928
73.223287
74.247836
74.663502
73.229387
73.457505
75.197680
72.975402
73.256002
74.564042
74.475943
73.412336
73.540405
75.912380
74.243392
73.092265
74.225284
74.845704
73.475970
74.181781
75.218393
73.372278
73.814777
75.076085
73.168248
73.835589
75.091495
73.117665
73.843157
75.138524
73.121121
73.076522
74.499454
73.729412
72.917179
74.683594
73.796131
73.184571
75.154168
74.277068
73.292011
75.325516
75.110603
73.319714
74.151924
75.183083
73.404232
73.996173
75.248061
73.122896
73.485895
75.242916
72.915151
73.463668
75.320083
73.269338
73.744031
75.501277
73.255982
73.734146
75.528666
73.241237
73.475202
75.379183
73.103411
73.485164
75.431117
73.040062
73.140283
75.460130
73.328677
73.359434
75.508295
72.763351
73.181037
75.428082
73.398596
73.501041
75.615978
73.335039
74.096497
75.527817
73.350646
75.527499
74.204205
73.128853
75.649942
74.152236
73.127554
75.299933
74.172389
73.359748
75.578896
73.970742
73.338032
75.669689
73.917938
73.314744
75.545026
74.059437
73.525132
75.614864
73.609178
73.152679
75.300663
73.880728
73.322718
75.245449
73.752848
73.348071
74.996674
73.825795
73.139238
74.773802
74.164306
73.138378
74.288176
74.856312
73.566589
74.257251
74.911793
73.159889
73.746292
75.035614
73.152440
73.586898
75.244661
73.566177
73.955746
75.343316
73.399504
73.401149
75.563958
73.501864
73.566646
75.636596
73.271361
73.418639
75.864405
73.404090
73.069352
75.504255
73.516664
73.253073
75.556629
73.475319
73.207008
75.655092
73.918250
74.094460
75.581060
74.476137
73.339274
74.499758
74.697656
73.201262
74.337864
74.931730
73.289777
74.145243
74.854648
73.073237
73.013315
74.401984
74.014734
73.150006
73.678474
75.393032
73.397462
73.597991
75.612919
73.288762
73.754056
75.821165
73.383730
73.528240
75.386823
73.363895
73.391681
75.748164
73.498404
73.424887
75.509167
73.406269
73.279104
75.759026
73.439280
73.719454
75.766756
73.281479
73.814771
75.420349
73.457732
73.573903
75.533414
73.065496
73.255735
75.600337
73.435694
73.051675
75.378252
73.364855
73.350976
75.649398
73.441782
73.200034
75.385935
74.064516
73.297050
75.115109
74.046718
73.396475
74.809712
74.249726
73.167841
74.614137
74.467593
73.150139
73.528472
75.863286
73.498582
73.601104
75.727676
73.343320
73.306573
75.338582
73.845293
73.341432
75.192552
83.989523
88.725074
77.262249
79.567621
82.932569
80.857830
81.345296
83.383666
81.274807
81.088561
83.182897
82.037061
81.980217
82.712158
82.258246
80.490402
77.879150
78.249215
77.008482
78.556766
78.482059
77.194582
78.676866
78.335003
77.525464
78.984349
78.256309
77.302351
78.907477
78.306853
77.236018
79.310606
78.033348
77.531787
79.503523
77.834930
77.374367
79.727680
77.643608
77.390782
80.045539
77.781242
77.991160
79.743611
77.737945
78.249323
79.207754
77.396086
78.399646
78.723697
77.208652
78.605595
78.718359
77.419384
78.667125
78.386281
76.997880
78.457206
78.466110
77.233905
78.802130
78.223778
77.367053
79.060134
78.136026
77.504161
82.209210
81.724471
79.162479
78.763878
77.728623
77.173934
79.781228
77.481998
77.017743
79.573784
77.443110
77.545760
79.676269
77.474922
77.980245
79.316197
77.352909
78.321239
78.753306
77.102932
78.673232
78.317518
77.190496
79.150390
79.039459
78.223695
79.385201
77.357438
78.444465
79.077077
77.402152
78.885979
78.629618
77.228137
79.172604
78.804940
77.214370
79.253366
77.985111
77.051510
79.580530
77.490702
77.475212
79.479711
77.110014
78.164991
78.831101
77.162183
78.851747
78.300537
77.233843
79.530204
78.050368
77.501110
80.007527
77.459892
77.992889
79.754332
77.540663
78.447385
78.914423
77.328137
78.898151
78.182907
77.426112
79.329493
77.772473
76.902478
79.327049
61.297426
61.305954
61.331601
61.579820
61.680131
61.565199
61.623268
61.609942
62.010365
66.812522
70.465762
72.408304
73.222646
73.195312
74.361401
75.744763
73.321841
74.591900
75.113541
73.011519
74.713628
74.542065
73.296560
75.372792
75.128320
73.472916
75.237049
73.869866
73.436632
75.528450
73.576396
73.696073
75.708515
73.312795
74.002086
74.826168
72.795242
72.965636
75.310003
73.285864
73.515827
75.786255
73.453796
73.059584
75.233943
74.163296
73.612866
75.686073
74.736111
73.135307
75.059889
74.670257
73.342693
75.112549
74.095990
72.946835
75.070625
73.879980
73.220321
75.639776
73.981096
73.211816
75.349048
73.455617
72.958660
75.142511
73.233627
73.044753
74.812368
74.022817
73.274959
75.519346
73.951129
73.176184
74.853764
73.823153
73.184057
75.191811
74.225705
73.539256
75.849071
73.621869
73.437342
75.531637
73.172341
72.872144
74.947960
73.173358
73.095285
74.946419
74.516359
73.071764
74.182787
74.301815
73.163981
74.011577
74.941965
73.261576
73.353601
75.690214
73.728426
73.760766
75.389394
73.807401
73.241199
75.015892
74.452176
73.235078
74.555530
74.580679
73.428862
74.221137
74.941158
73.380178
73.461612
75.550730
73.420213
73.437241
75.475739
73.427702
73.320140
75.706574
73.398372
73.253038
75.459161
73.442308
73.566829
75.701409
73.646819
73.542689
75.871318
73.320800
73.693270
75.339239
73.168432
73.662968
75.061184
73.062216
73.925002
75.376108
72.938379
73.897667
75.153421
73.539950
74.234736
75.382975
73.615604
74.546027
75.022385
73.009079
73.988116
75.123703
73.335003
73.217675
75.398952
73.501034
74.217883
75.537864
73.368246
73.534624
75.723732
73.375203
73.597529
75.735120
73.330510
73.497492
75.625953
73.279265
73.543797
75.794597
73.601087
73.226630
75.654086
73.468013
73.036633
75.453259
73.716378
73.416266
76.217307
74.103443
73.202209
75.267131
73.338622
73.010989
75.178069
73.856555
73.160715
75.159976
73.969218
73.184787
74.815622
74.111989
73.239319
74.799772
74.268586
73.312413
74.783936
74.512746
73.372052
74.621732
74.691873
73.219745
74.026965
75.017347
73.246159
73.753913
75.243618
73.099615
73.722704
75.539554
73.480109
74.024090
75.610749
73.358031
73.821474
75.529011
73.209586
73.319976
75.581679
73.253841
73.195085
75.658313
73.729476
73.614283
75.519201
73.850477
73.273311
75.262112
73.792536
73.613378
75.153355
74.159894
73.187027
74.390255
74.389603
73.064034
74.185270
75.544692
74.368981
74.997907
74.191544
72.981085
74.802627
74.295840
73.472421
74.645799
74.173481
73.156039
74.650229
74.412545
73.167697
74.116542
74.541308
73.281472
73.564007
75.358981
73.146755
73.261035
75.776250
73.543219
73.263690
75.728642
73.809327
73.414104
75.396292
73.831372
73.244545
75.071048
74.002294
73.249933
75.055229
74.407069
73.311518
75.406739
73.963057
73.041301
76.194886
73.734328
73.044272
74.919228
73.810573
73.357310
75.200724
74.324590
73.333091
74.446353
74.295308
73.038714
74.437671
74.288342
73.010490
73.885650
74.646438
72.807927
73.416018
75.173438
73.015798
73.098940
75.406127
73.201434
73.190672
75.147240
73.952484
72.850636
75.550612
74.098676
73.281834
74.161633
75.338282
73.203091
73.873473
75.403433
73.286505
73.694264
75.459030
73.527208
73.922131
75.455714
73.213567
73.585697
75.360194
73.143986
73.396786
75.739474
73.434591
73.449373
75.669949
73.379438
73.200125
74.437725
74.404101
73.064865
74.487651
74.677947
73.323109
74.516110
74.826026
73.411374
74.447560
74.859017
73.290261
74.079360
74.639623
73.191273
73.505398
75.510981
73.191788
73.320461
75.485015
73.650280
73.391145
75.735370
75.790047
74.028578
73.365387
73.774423
75.385176
73.318180
73.536906
76.040269
73.347340
73.387146
75.724531
73.578248
73.540100
75.578020
73.882478
73.251811
75.272856
73.985452
73.642163
75.155761
74.450506
73.376754
74.746263
74.428672
73.069834
74.400974
74.259212
73.249480
74.156140
74.823163
73.288809
73.325711
75.886829
73.598378
73.311266
75.551935
73.873276
73.526253
74.955884
74.106187
73.365936
75.039240
74.740975
74.094083
76.106720
73.909479
73.178181
73.979500
75.162187
73.334963
73.992585
75.556236
73.317550
73.885865
75.431579
73.454678
73.329619
75.656902
73.488695
73.511596
75.671027
73.574816
73.380288
75.567344
73.895417
73.475540
75.317341
74.187837
73.570255
74.886388
74.113785
73.855350
75.491385
73.202957
73.498065
75.704559
72.917299
73.252394
75.573176
73.836536
73.391388
74.928547
74.171497
73.275879
73.780375
75.461719
73.370907
73.621897
75.503948
73.182842
73.436623
75.573499
73.634988
73.202726
74.854815
74.084804
73.398442
74.743841
74.595286
73.341225
74.340214
74.749232
73.400687
73.980868
75.374094
73.338672
73.416917
75.678062
73.390846
73.261296
74.997054
73.938554
73.686687
75.947697
74.031588
72.601864
74.587324
73.774286
73.253695
74.719655
74.178820
73.256734
74.442644
74.348021
72.941818
73.929403
75.331556
73.356082
73.463149
75.478142
73.195760
73.136144
75.311768
73.453162
73.214326
74.624462
74.015170
73.231421
74.631730
74.362268
73.234213
73.705758
75.384691
73.296944
74.023074
75.395562
73.273587
73.315731
75.642422
73.128176
73.112550
75.465022
74.253373
73.421054
73.762997
74.950587
73.142718
73.156968
74.503424
74.455713
73.143885
74.529679
74.502909
73.266708
74.233473
74.768190
73.211624
74.116330
74.634560
73.406530
74.441979
75.123539
73.340688
74.255746
75.016711
73.385916
73.941178
74.822566
73.139030
74.085941
74.969728
73.412246
74.097592
74.912280
73.245661
73.874943
75.193407
73.380873
73.915942
75.414991
72.973587
73.409226
75.324771
73.875858
75.335034
74.846431
73.150641
74.485744
74.944218
73.735896
74.822955
74.549241
73.133383
74.694052
74.262805
73.156311
74.790393
73.893545
73.011926
74.719193
74.166379
73.051545
74.972046
74.018397
73.180444
75.017931
73.674478
72.999607
75.221760
74.219705
73.345472
75.266182
73.803920
73.338689
75.588113
73.873095
73.229348
74.990055
73.786910
73.170879
74.869940
74.342681
73.308997
74.657187
74.177307
73.024390
72.895299
75.421094
73.435820
73.407103
75.608839
73.655072
73.351303
75.584824
73.851668
73.203681
75.446345
73.778854
73.183029
75.374864
73.888216
73.395086
75.422312
73.981781
73.130883
75.268887
73.716923
72.989976
74.896537
73.759769
72.973049
74.875148
73.692044
73.239892
74.910769
73.780145
72.959306
74.375628
74.542874
73.118976
74.156987
75.051232
73.833364
75.736780
74.412225
73.519046
74.920256
73.608030
73.070631
74.399153
74.401749
73.177005
74.081068
74.978970
73.206059
74.216941
75.528979
73.683584
73.740411
75.209720
72.991216
73.239109
75.658598
73.521442
73.480280
75.627130
73.669823
73.297802
75.242365
73.604329
73.145866
74.862093
73.905020
73.210599
74.783262
74.660955
73.525586
74.300203
74.821806
73.259282
73.834029
75.179507
73.250901
73.612632
75.745334
73.303071
73.148194
75.268331
73.493525
73.400550
75.146520
74.099335
73.410966
74.899940
74.474581
73.366739
74.210457
74.943542
73.324929
74.289746
74.967144
73.584785
74.140661
75.513750
73.337762
73.331602
75.703841
73.427497
73.196928
75.470367
73.224916
72.939343
75.167392
73.540607
73.459064
75.419916
74.077962
73.322469
75.153959
73.962431
73.225980
74.777138
74.105230
73.278667
74.652118
75.564727
74.014100
75.222560
73.981358
72.881579
74.437520
74.740151
73.135035
73.847759
74.973727
73.075033
73.715755
75.448681
73.233216
73.540081
75.434805
73.309738
73.723980
75.800753
73.353165
73.374462
75.551818
73.346543
73.383692
75.648270
73.218464
73.357369
75.514668
73.217577
73.429489
75.905726
73.588370
73.766805
75.726776
74.123769
73.748246
75.324136
73.421475
74.152609
75.463773
73.304358
73.641132
75.086427
73.192523
73.662054
75.294674
73.266835
73.301618
75.837461
73.433212
73.329699
75.439860
73.132380
73.199429
75.409527
73.714165
73.281007
74.946750
74.131653
73.364353
74.846490
74.220839
73.220334
74.325800
74.184835
73.105210
74.231800
74.833613
73.302036
73.806862
75.069289
73.143411
73.676727
75.601113
73.288064
73.040925
75.443317
73.210902
72.932117
75.130658
73.640867
73.125058
75.191450
75.438634
73.050193
73.523718
75.490851
73.118238
73.037267
75.363938
73.133335
73.055026
75.524718
73.547186
73.433467
75.462556
73.937322
73.470400
62.132078
62.117899
62.011144
62.046282
61.935527
61.882840
61.988667
61.980576
64.926157
69.490907
71.657532
73.673152
74.252791
73.308815
74.869852
74.698092
73.392922
75.009093
75.636941
73.799593
73.699992
75.227120
73.049053
73.871819
74.781387
73.808985
74.687928
74.501824
73.280169
74.873299
74.520280
73.330481
75.283838
74.202303
73.184182
75.521517
73.627975
73.441386
75.844015
74.326395
73.453309
75.788889
73.988646
73.482166
75.726223
73.358477
73.984086
75.594870
73.409877
74.347912
75.209665
73.402156
74.280298
74.309019
72.895893
74.137737
74.718752
73.054615
74.405835
74.542484
73.205447
74.520690
74.497389
73.154316
74.533963
74.604236
74.057130
75.085055
72.929656
73.512038
75.673789
72.991441
73.055111
75.419318
73.325791
73.111323
75.204268
73.370159
72.800621
75.036240
73.502175
72.998493
75.319077
73.402729
73.123937
75.278860
73.017125
73.056808
75.387692
73.417708
73.276205
75.578966
73.395914
73.524691
75.737786
73.367939
73.156247
74.520479
74.601547
73.137899
74.366888
74.586673
73.066655
74.257999
74.493835
73.066369
74.186346
75.041543
73.185145
74.188233
74.926317
73.309743
73.998792
75.072538
73.324540
73.765006
75.009725
72.896895
73.246791
75.019158
72.812364
73.020137
75.615050
73.454873
73.632754
75.663464
73.671916
73.237321
75.289851
73.872586
72.848321
75.134463
73.585618
72.853957
74.980206
73.247117
72.991249
75.050309
73.735044
73.100235
74.773773
73.900707
73.025053
74.580602
73.815325
73.033282
74.373053
74.102895
72.998721
74.045503
75.354076
75.300396
73.020458
73.156064
75.344539
73.208570
73.163162
75.360444
73.552170
73.157310
74.927460
74.496484
73.194019
75.095236
74.470724
72.985619
74.006784
74.907386
73.284329
74.335937
75.072412
73.126953
73.834621
74.959969
73.776024
73.223611
74.948399
73.901937
73.323706
73.669699
75.846057
73.484342
73.709789
75.671545
73.194891
73.196216
75.465358
73.269119
73.100586
75.377621
73.518728
73.001536
75.228730
73.441710
73.006299
75.161723
73.206968
73.466533
75.852011
73.171472
73.585343
75.414515
73.310854
73.224985
75.172886
73.513175
73.112011
74.240119
74.707159
73.078170
73.149403
75.365416
73.354897
73.256926
75.682139
73.597151
73.153043
75.196424
73.892455
73.276039
75.171204
74.040808
73.459105
75.195284
73.799653
73.259453
75.085896
74.317197
73.215179
74.832589
74.247418
73.507368
74.813745
74.876777
73.382824
74.420407
74.816416
73.194220
74.027339
75.579244
73.589302
75.519700
74.355887
73.308084
74.629098
74.717484
73.271368
73.259436
74.711284
73.955606
73.158609
73.254826
75.105622
74.126343
73.097330
73.596489
74.989999
72.981928
72.924967
75.111435
73.297398
73.165670
75.109461
73.693535
73.164002
74.195134
74.180577
73.005295
73.444084
74.875901
72.827424
72.979384
75.353780
73.447405
73.116384
74.836106
73.487186
73.019028
74.383447
74.315139
73.259082
74.132294
74.570102
72.878989
73.518010
75.125063
73.378784
73.882987
75.756527
73.534217
73.367094
75.581235
73.360838
73.226088
75.487450
73.775499
72.694593
74.372396
73.372197
72.659640
74.310333
74.142252
73.185394
74.040504
74.871381
73.142300
73.233034
75.257009
73.212256
73.098687
75.124810
73.420487
74.787008
74.335680
73.342424
74.055019
74.849802
73.318793
73.699459
75.509542
73.148071
73.004948
75.288755
73.939584
73.203479
74.436859
74.494141
73.301898
73.804784
74.967628
73.052593
73.076641
75.403741
73.037568
72.969827
75.388240
73.313886
72.860574
74.814204
73.596327
73.197842
75.290078
74.348322
73.638668
75.017070
74.069112
73.229272
74.777016
74.544989
73.487776
74.891901
74.747262
73.247488
74.753707
74.918737
73.420943
74.509908
75.042151
73.254795
73.954262
74.897745
73.359331
74.295658
75.100902
73.172164
73.897415
75.190364
73.167398
73.540628
75.190195
73.193958
73.732673
75.219131
73.182880
74.020585
75.238061
73.271754
74.012949
75.431002
73.380314
74.511226
75.782187
73.954421
73.009812
73.982357
75.731631
73.484913
73.885527
75.189990
73.275218
73.445552
74.810292
72.793312
73.060750
75.238835
73.079785
73.182785
74.103453
74.830084
73.025711
73.299986
75.092401
73.972416
73.182448
73.588447
75.225851
73.279228
73.391179
75.548319
74.306770
73.177220
74.618525
75.526984
73.585448
73.202569
75.033439
74.145988
73.168478
74.815403
74.459723
73.433625
74.172470
74.388300
73.510766
74.220726
74.844631
73.168961
73.685377
75.207703
73.135218
73.142997
75.395036
73.271347
73.155630
74.717174
73.927101
73.015978
73.862341
74.549402
72.887024
73.124079
75.273879
73.004019
73.126920
74.803711
73.922614
73.028411
74.250030
75.152614
73.487853
73.550037
75.402674
73.203444
73.168147
73.269987
75.343371
73.444782
73.345257
73.177763
75.114771
73.420154
73.079906
73.953655
75.623930
73.446411
73.532335
75.340276
73.569227
73.086313
73.994842
74.563031
73.298964
74.213202
75.233623
73.580875
72.955938
74.175214
74.234823
73.070053
74.059099
75.115415
73.532327
73.975717
75.129723
73.153921
74.116982
74.852143
73.204568
73.588079
75.236333
73.870673
73.215162
75.485043
73.469246
73.575251
75.236588
73.917535
73.182244
74.458409
74.321434
73.297614
73.729207
74.816795
72.637667
72.642037
74.965433
73.091391
72.951886
74.544410
73.801038
73.033712
74.098721
74.730556
73.657632
73.414859
74.453608
74.374863
73.019847
73.184993
75.776919
74.324618
73.319183
73.116768
74.589019
74.037500
73.255681
73.409673
75.562367
73.165538
73.150783
74.886145
73.665130
73.045584
73.957783
74.480205
72.988665
73.083416
75.034039
72.794710
72.986690
74.771986
73.345053
72.779645
74.188552
74.066319
73.132199
74.070526
74.545916
73.018178
73.363425
75.014096
73.211972
73.142859
75.011614
75.103653
73.140358
73.140928
75.235189
73.303974
73.237909
75.119239
73.818056
73.136070
74.063642
74.511372
73.158654
73.434268
74.988169
73.100916
73.147376
75.423971
73.352768
73.180240
74.762155
73.998623
73.018450
73.562995
74.590369
72.986420
72.993602
74.903274
73.389679
72.887400
74.025561
74.186704
73.333580
74.320198
75.231893
73.397507
73.300812
75.282634
73.499114
73.756317
74.324349
74.280780
73.023448
73.152287
75.134937
72.910081
73.269172
75.008878
74.398517
73.243775
73.956245
75.253943
73.189409
73.185291
73.813526
74.711414
73.131330
73.164602
74.281712
73.782641
72.845175
73.726121
74.421151
73.158535
73.444036
75.325332
73.019754
72.968727
75.403418
73.781837
73.994069
75.324890
73.151699
72.994676
75.225680
73.361030
73.310650
74.979757
74.068631
73.278785
74.046137
74.727824
73.301119
73.375346
75.487718
73.138990
72.972665
75.249942
73.722222
73.284536
73.212674
75.449447
73.361002
73.569575
93.835996
77.581797
79.272020
77.982834
77.518603
81.302172
82.945367
81.543022
81.296232
83.490916
79.196146
76.863179
78.373638
79.643954
77.427585
77.426250
79.808453
77.445318
77.283675
79.345664
78.232007
77.583376
78.946020
78.514625
77.778809
78.781444
78.557862
77.372632
78.201878
78.812957
77.184709
77.699260
79.239721
77.114554
77.597498
79.405695
77.389210
77.644591
79.756342
77.358596
77.410907
79.633886
77.527982
77.045703
79.482537
77.218723
77.141863
79.297897
77.609056
77.046100
78.854679
77.745803
77.294608
78.537160
81.534311
81.877985
81.703037
83.340745
81.215019
81.357429
82.089728
78.308129
80.609460
81.146109
83.328007
81.437993
81.252438
77.415225
78.824542
77.082862
77.108932
79.261662
77.464399
77.220282
78.758625
78.114100
77.428265
78.432485
79.823587
77.376514
77.167068
79.737648
77.326859
77.321040
79.615191
77.513882
77.299213
79.189907
77.795748
77.006017
78.858460
78.702658
77.109798
79.374250
77.536582
77.120377
79.590829
77.319627
77.292349
79.507686
77.408844
77.430537
80.004140
77.598586
77.374277
79.242198
78.218276
77.409412
78.745436
78.369804
77.545273
78.684171
78.790103
77.454447
78.145098
79.144741
77.297994
77.904434
82.988095
76.795169
77.122475
78.904534
76.822525
76.976436
79.546402
77.263438
77.334161
79.608152
77.669617
77.190472
78.860246
77.938562
77.260212
78.589746
78.421127
77.208907
78.240545
78.510759
81.520670
78.062432
79.085505
77.178930
77.125266
79.379053
77.962523
77.232581
78.978751
77.914462
77.274153
