50
65.543246
69.674283
72.561975
74.106511
75.115202
75.251812
75.121886
75.073581
75.083680
75.016327
75.267869
75.299174
75.565838
76.941255
76.436795
75.723973
75.577385
75.222033
75.183925
77.148404
75.115996
75.044408
74.915273
74.954614
76.566976
76.145057
75.414807
75.322586
75.420983
75.511007
75.897658
76.943965
75.511740
75.413637
75.337002
75.164766
76.879900
75.239262
75.109282
75.080421
74.891208
75.235240
76.619630
74.852927
75.487524
75.006798
75.123050
76.582247
75.386602
75.050687
77.000171
75.199056
75.215007
75.548668
75.599453
75.190580
74.995189
75.066314
75.115776
75.005514
75.203498
75.298971
75.437834
75.262853
75.450970
75.606012
75.681674
77.465049
75.439049
75.091481
76.524860
74.719093
74.622798
74.898398
75.298810
75.308414
75.651207
76.687519
75.437855
75.316170
75.347293
75.117848
75.246810
75.305662
75.133649
75.175513
76.249758
76.253604
75.393718
75.587341
75.445907
75.862249
77.224532
75.294190
75.316290
75.144819
75.150080
76.206604
76.186257
75.122231
75.696890
75.051263
75.900010
76.254892
75.147964
75.205751
75.122717
76.218964
76.012854
75.075463
75.247163
75.275285
77.231048
75.248624
75.140277
75.112112
74.978743
77.153749
74.982209
75.086403
74.998955
75.462268
76.573223
75.196848
75.071999
75.147290
76.225003
76.026724
75.276622
75.222994
75.918824
76.475964
75.087351
75.313763
75.317361
77.351921
75.341962
75.072327
75.161909
75.228244
77.086462
75.176929
75.029997
75.079461
75.504682
76.722171
75.294631
75.864698
75.238575
77.317021
75.318918
75.255617
75.109980
76.629479
75.499257
75.162959
75.393450
75.869224
76.657768
75.152326
75.183071
76.810591
77.668603
75.246728
74.985059
75.035111
76.570173
75.712721
75.205220
75.265005
75.558566
76.890211
75.255901
75.230762
75.169240
77.041969
75.849676
75.217261
75.189217
75.156856
77.205283
75.316139
75.186084
75.121230
75.787979
76.662792
74.988507
75.037618
75.051600
77.305887
75.208955
75.018121
75.018368
75.237035
76.994787
75.122663
75.183086
75.110537
76.985861
76.007500
75.237160
75.167449
75.288796
75.183288
75.149677
75.404985
75.321226
76.890836
75.765690
75.219892
75.233995
76.260019
76.263155
75.003684
75.230024
75.941891
76.912011
75.206854
75.123098
75.145599
77.170882
75.464068
75.228204
75.382260
76.206670
77.636848
75.463564
75.408794
75.185719
77.307059
75.012597
74.956019
75.132656
76.845858
74.968533
74.917396
75.566067
76.792874
75.290159
75.269537
75.920140
77.254408
75.272184
75.268575
76.073224
76.696897
75.179817
75.229674
76.060168
76.670935
75.198876
75.276110
75.161824
77.112218
75.271644
75.260291
77.354778
77.314900
75.223366
75.275536
75.176546
76.871371
75.370297
75.004381
75.094985
75.505182
76.462584
75.146274
75.291826
75.201336
75.365153
75.119745
75.487542
75.308234
75.324659
75.171416
75.208499
76.864433
75.928145
75.412030
75.396953
75.449774
75.124520
76.189928
76.750482
75.211842
75.317468
75.288967
76.265581
76.229867
74.954355
75.029051
74.922190
76.521169
75.364614
74.972414
74.832692
75.142377
75.647399
76.720689
75.257536
75.162294
75.237039
75.272352
77.204101
75.327138
75.185181
75.164347
75.222541
77.269935
75.533921
75.374109
75.174874
75.208593
75.406074
77.097160
75.209698
75.103305
75.013273
75.535227
76.655463
75.021960
75.177874
75.266119
75.205288
76.996205
75.019163
74.829850
74.880355
75.590996
76.460276
75.173778
75.217010
75.195964
75.943962
76.253063
75.016464
75.093619
75.056017
77.032761
75.182795
75.080733
75.247734
76.566677
76.070509
74.973172
75.241129
76.322466
77.185270
75.310985
74.966653
75.010509
74.836724
76.878110
74.979356
74.916238
74.948380
75.789677
76.216180
74.991127
75.137199
75.259066
76.217372
76.424320
75.258685
75.321005
75.345735
75.734074
76.611696
75.242384
75.213282
75.443779
77.427881
75.280636
75.147688
75.124474
76.328591
76.338963
75.328551
75.296290
76.027115
76.421107
75.118550
75.269814
75.167155
77.117845
75.117375
75.936827
76.501960
75.145986
75.165861
75.274879
75.035277
77.001711
75.373803
75.244853
75.392690
75.543924
75.479786
77.552975
75.638547
75.356137
75.342865
76.259284
76.372552
75.222061
75.241907
75.240681
77.681033
75.553413
75.617102
75.581964
75.937686
76.959908
75.331979
75.222782
75.252235
76.766165
76.108073
75.286427
75.356749
75.328700
77.367344
75.521422
75.270537
75.166598
77.162514
75.171097
75.014242
74.865872
76.702051
75.607811
75.068208
75.327814
76.342872
76.530943
75.321857
75.201167
75.095051
77.280463
75.110767
75.255979
75.284167
76.211139
76.199660
75.028130
75.186639
75.229490
77.328601
75.120530
75.056535
76.283005
77.013973
75.391096
75.488379
77.632119
75.336352
75.243504
75.248283
77.173075
75.436985
75.351365
75.340580
77.285430
75.421403
75.246111
75.254097
77.086766
75.574169
75.152023
75.059204
75.931381
75.950685
74.860525
74.874000
75.113711
77.191071
75.245304
75.206365
75.265055
76.872898
75.887874
75.030149
75.112884
75.359282
76.916966
75.053749
75.051058
75.079319
76.860156
75.309891
75.022860
75.118629
76.380044
76.248017
75.410662
75.005373
75.925619
76.225118
75.087526
75.176943
75.787338
76.430214
75.180523
75.204991
75.222127
77.123272
75.396050
75.267559
75.373698
75.515982
77.337599
75.671676
75.418821
75.484023
77.326334
75.561790
75.400841
75.330749
75.725827
76.685884
75.118865
75.809623
76.798375
75.009978
75.103854
75.128549
77.256054
75.139706
75.266957
75.108763
75.159320
75.324165
75.331685
75.292681
75.462544
75.258316
75.250215
75.805334
76.881188
75.313441
75.380104
75.575144
77.350850
75.497183
75.653613
75.354835
77.291707
75.276195
75.383851
75.280382
76.262048
76.405235
75.369231
75.341916
75.400061
77.374626
75.201551
77.187158
75.296174
75.034345
75.267247
75.149622
77.149725
75.181859
75.195951
75.068484
75.042607
77.522560
75.349277
75.232280
75.254955
75.508024
76.895458
75.332150
75.512645
75.375075
75.131870
77.122839
75.085425
75.113585
75.163459
76.829702
75.666161
75.208162
75.111767
75.516290
76.840601
75.060491
75.043493
75.091965
76.631929
75.863651
75.363328
75.232285
75.800149
76.679188
75.292083
75.187577
75.217128
77.125064
75.111809
75.145228
75.280761
76.422370
76.071610
75.239288
75.168919
75.755190
76.794746
75.249926
75.016725
75.712585
76.989194
75.398496
75.174115
75.260368
77.228836
75.207914
75.090043
75.117691
76.293583
76.282715
75.269730
75.055458
75.197240
77.137253
75.035144
75.005380
75.044557
76.637359
75.528598
75.066152
75.123116
76.083757
76.190212
74.946939
75.057233
76.081826
76.313070
75.376960
75.362938
76.610261
76.394275
75.242285
75.012904
76.588861
76.615045
75.291955
77.314632
76.685415
75.182738
75.287099
75.257634
77.196082
75.240856
75.258978
75.244285
76.965462
75.759715
75.163643
75.139488
76.822612
75.983752
75.119254
75.159106
75.683211
76.641712
75.115927
75.154285
75.325675
77.480341
75.402919
75.481014
75.242842
77.283401
77.451688
75.645860
75.505749
75.424164
75.440786
75.455321
75.516739
75.405904
75.981679
77.367130
75.417070
75.228357
75.786162
76.472219
74.819477
75.060733
75.062334
77.156613
75.070251
75.203700
75.234700
76.540136
76.124266
75.396717
75.267199
76.221438
76.545799
75.395068
75.351915
75.261585
76.923542
75.386786
75.150620
75.080438
76.832111
76.618408
75.508214
75.296579
75.892701
76.847232
74.943059
75.328596
75.607825
75.549507
75.296112
76.791659
75.882194
75.187929
75.207027
75.323645
75.115992
76.214530
76.687178
75.350232
75.286077
75.306149
75.352594
75.043671
75.337932
75.424679
75.284121
75.193136
77.327350
75.414767
75.206283
75.220002
75.394158
76.658312
75.850250
75.237896
75.217725
75.258706
76.856807
75.747182
75.386745
75.577177
75.466524
77.078641
75.985481
75.291788
75.992336
77.810280
76.028326
75.193177
75.550124
75.484177
76.860658
75.164436
75.426286
75.418032
76.421232
76.683395
75.363165
75.449893
75.244574
75.294938
75.239722
75.683376
75.404852
75.504615
77.562214
75.467669
75.452594
75.405594
76.528923
76.043158
75.058338
75.208909
76.262542
76.438207
75.559016
75.270921
75.992146
76.682580
75.207846
75.128437
75.253911
77.304444
75.910373
75.355655
75.051311
75.447665
75.267579
75.451395
75.312910
75.139245
75.081438
76.646540
75.840166
75.466177
75.440908
70.178346
72.862271
74.778309
75.489679
75.244851
75.263080
75.189569
75.260805
75.298842
75.231230
75.913148
76.593479
75.361185
75.509979
75.573566
77.607681
75.704033
75.629351
75.771038
76.313803
76.838867
75.347267
75.261164
75.376502
77.324241
75.592945
75.493401
75.547100
76.659433
76.020426
75.148343
75.427043
75.659348
77.168986
75.321404
75.231195
75.171717
76.559160
75.724791
75.015836
75.038063
75.096282
77.009519
76.012680
75.226661
75.174202
75.682965
76.854794
75.300934
75.272942
76.175154
77.651590
76.466872
75.226052
75.391044
75.767892
76.860721
75.308975
75.302046
75.239319
76.931435
75.762702
75.217533
75.447844
76.139340
76.302371
75.399573
76.878780
75.900195
75.267863
75.621214
75.718325
76.751914
75.173507
75.164029
75.232435
76.641826
75.727912
75.327926
75.279227
75.068850
77.302018
75.330393
75.353358
75.098393
76.601830
75.722352
75.239917
75.238525
76.565017
76.251288
75.230017
75.265050
76.593823
76.111546
75.528103
75.521600
76.730513
76.122313
75.311108
75.286745
75.925179
76.988409
75.465425
75.582620
75.521718
77.316580
75.430621
75.077398
75.039051
76.968525
75.514242
75.113552
75.297194
75.294249
75.856515
76.894139
75.413078
77.432528
75.925180
75.644335
75.284852
76.915732
75.551462
75.255805
75.488869
77.774835
75.498434
75.494781
75.359067
77.556188
75.690487
74.835426
74.668115
76.115534
75.518206
74.726570
74.707467
75.637144
75.925831
75.003226
75.079664
75.028729
75.880614
76.356633
75.186915
76.270869
75.381057
77.212762
75.462075
75.227481
75.309730
75.770464
76.955553
75.157207
75.111079
75.119633
75.484427
76.700192
75.262156
75.679205
75.302696
75.435372
75.539100
75.454152
75.191175
75.287202
75.976038
75.254610
75.256105
75.035446
75.158669
75.444124
75.473154
77.678380
75.493364
75.509689
75.602834
75.631031
77.401896
75.378422
75.407759
75.330241
75.724993
77.174347
75.265231
75.198631
75.269910
76.682215
76.685308
75.543844
75.252804
75.131668
75.225858
77.066173
75.187113
75.250685
75.482993
75.277527
76.370809
76.602423
75.717760
75.409984
75.544369
76.667231
76.478609
75.319791
75.247802
75.551635
77.245702
75.511749
75.358126
75.275273
76.868975
75.848173
75.399817
75.247962
75.354990
77.397746
75.510386
75.578940
75.546808
75.770014
76.810868
75.246629
75.162923
75.376642
76.691180
76.400788
75.524733
75.434620
75.598883
77.343144
75.210668
75.431638
75.437213
75.551843
77.554249
75.363419
75.189204
75.160580
75.195613
75.180519
75.430344
75.311066
75.284664
76.323157
76.078718
75.464732
75.222387
75.210087
75.241222
75.373641
75.506462
75.374475
75.360945
77.168620
75.257641
75.116570
75.354384
77.131926
75.251203
75.138708
75.015150
75.100382
77.059846
74.977668
75.068042
74.997756
75.169009
76.845562
75.155421
75.201860
75.202553
75.117677
77.333116
75.339938
75.803024
75.546713
77.622975
75.661255
75.149643
75.193996
76.976665
75.912137
75.375643
75.368346
76.393620
76.877160
75.392755
75.271528
75.324467
77.502059
75.243609
75.373794
75.279416
76.302851
76.160972
75.044593
75.134655
75.158075
77.408380
75.370650
75.259643
75.430523
77.263800
75.693405
75.198041
75.178745
75.285668
76.955829
75.408766
75.343136
75.275432
75.211274
77.274703
75.204745
75.155692
75.159566
75.472923
76.932104
75.111847
74.940945
74.939702
76.291019
76.259432
75.195801
75.134497
75.150825
76.521115
75.973341
75.221495
75.328572
75.389196
76.652545
75.883162
75.268772
75.286535
75.219328
76.958193
75.470828
75.174683
75.376074
75.206385
77.406973
75.270904
74.935816
75.111704
75.180820
76.424076
75.784756
75.320195
75.278102
75.128055
75.265981
77.197773
75.222598
75.165036
75.980212
77.778677
75.673853
75.235019
75.329554
75.465018
76.780383
75.663342
75.390706
75.556267
75.497164
75.478717
75.648997
75.434778
75.393606
77.699920
75.615251
75.321758
75.295268
75.275394
77.264491
75.106057
75.144873
75.414480
75.412161
75.514556
75.335907
75.144945
75.498926
77.022808
75.362423
75.423849
75.251359
75.501130
75.284611
75.351885
75.206450
76.373357
76.460672
75.241553
75.332914
75.158722
76.616439
75.704931
75.062433
75.142447
75.276138
75.893781
76.724387
75.385643
75.236678
75.237504
76.165889
76.318432
75.201787
75.297377
75.427645
76.932904
76.189945
75.468482
75.249976
75.385313
75.495070
76.595037
75.952837
75.424587
75.500085
75.521014
76.236749
76.441263
75.259077
75.203335
75.186109
75.391885
77.191279
75.302921
75.228077
75.300536
75.273061
75.395208
75.693405
75.760419
75.742173
75.549834
76.635899
76.306182
75.374201
75.442613
75.371101
75.404263
76.511219
75.881542
75.449160
75.399340
75.322288
77.540847
77.318313
75.276346
75.319611
77.019669
75.378425
75.581734
75.617442
75.443237
76.453827
75.822145
75.207007
75.210441
75.393370
75.441188
76.155325
76.535370
75.508753
75.409146
75.484812
75.451001
75.768855
76.919490
75.386145
75.527335
75.388190
75.371168
75.343910
77.028649
75.679824
75.274371
75.282250
75.321980
75.368020
75.297535
75.601086
75.705128
75.707205
75.556753
75.572824
75.312903
75.069273
75.375743
75.705258
75.745295
75.347392
75.215194
75.461054
75.315294
75.472299
76.186876
76.190279
75.215039
75.269377
75.346346
75.694615
76.960559
75.743653
75.303995
75.240728
76.204182
76.594045
75.483622
75.442689
75.214704
75.631164
76.144366
76.832392
75.514876
75.346356
77.073144
76.956314
75.462818
75.379551
75.671493
77.578603
75.484802
75.354521
75.399824
76.419750
76.375216
75.187026
75.104129
75.068446
77.214858
75.070966
75.154964
75.217306
75.513305
76.878746
75.236962
75.365731
75.580731
75.562177
75.608679
77.190572
75.349425
75.315153
75.218475
75.941174
76.686594
75.254178
75.250514
75.238998
77.386337
75.463742
75.337523
75.300176
76.774727
75.505431
75.121613
75.040165
76.565187
75.819017
75.212401
75.136479
75.953803
76.922395
75.289844
75.305829
75.864016
76.916323
75.079320
75.132789
75.881528
75.554594
77.266142
75.863868
75.433345
75.527659
75.635313
75.332473
75.239774
76.718042
76.299037
75.480864
75.668473
75.663329
76.858920
76.149502
75.667589
81.871897
75.402641
75.650249
75.471949
75.434007
75.143647
74.844235
74.987021
76.303417
76.120597
75.542727
75.462495
75.366320
76.571685
76.233577
75.200847
75.062264
75.394977
77.063303
76.074389
75.481950
75.495726
75.320002
77.467118
75.506866
75.350090
75.347976
76.131631
77.067987
75.570590
75.533525
76.208171
76.722657
75.446578
75.482870
75.805997
77.231804
75.401847
75.461809
76.247570
76.943929
75.538643
75.650623
75.300929
77.386357
75.438631
75.251302
75.324213
76.828972
75.783009
75.425761
75.503751
76.275623
80.332666
75.398153
77.422872
75.263005
75.246465
75.083636
75.256116
77.000061
74.960309
75.109232
75.029863
75.191577
77.224962
75.356604
75.245383
75.461307
76.486977
76.208553
75.428906
75.478752
75.294216
77.316844
75.534931
75.261163
75.361682
76.583006
76.257358
75.323292
75.383607
76.319460
76.552165
75.586250
75.561649
75.601968
77.276482
75.295120
75.145960
75.094336
76.901468
75.534636
75.322686
75.437463
75.880057
77.096812
75.391361
75.368567
75.378413
76.893218
76.453422
75.271261
75.407762
75.453024
77.349165
75.613144
75.288787
75.282737
75.210004
76.982068
75.067069
74.875254
75.003198
75.301101
77.187061
75.178059
75.334652
75.211035
75.352339
77.429187
75.385331
75.257764
75.067956
75.127012
77.223761
75.301969
75.393024
75.592366
75.931163
76.976400
75.625289
75.623565
75.446652
76.661798
76.107141
75.236652
75.701062
75.581745
77.209489
75.273193
75.294925
75.146376
76.169127
76.431050
75.617908
75.293946
75.203798
77.180399
75.613680
75.387607
75.313289
76.056874
76.659233
75.279335
75.362435
75.312919
77.511028
75.384193
75.331101
75.597216
77.292665
75.637079
75.547981
75.418494
76.743947
76.206648
75.381804
75.342444
75.538747
77.140167
75.526290
75.398507
75.779206
77.142325
77.819060
75.807536
75.499191
75.392086
76.137036
76.436877
75.336670
75.339841
75.231035
75.784143
77.069196
75.606392
75.214251
75.165054
75.992996
76.382208
75.245908
75.274705
75.333263
76.419926
76.349365
75.252065
75.183239
74.932463
76.584272
75.387347
75.364151
75.519962
75.473986
77.423444
75.526178
75.418638
75.332505
75.483539
77.183281
75.734826
64.946502
69.896066
72.681720
74.373419
75.593370
75.711495
75.750376
75.597991
75.649026
75.723224
75.519203
75.585891
75.458233
75.059457
75.222249
75.199205
75.284587
75.085268
75.233188
75.290955
75.435890
77.252308
75.393024
75.381414
75.530842
75.333804
77.436460
75.261906
75.392127
75.234270
75.232514
76.745166
75.345429
75.193334
75.214843
75.193425
76.400141
75.860109
75.306533
75.313165
75.206863
76.335468
76.109569
75.365292
75.318872
75.337863
75.986291
76.660221
75.203837
75.288472
75.263211
75.072707
76.839254
75.261092
75.065189
75.082906
75.209615
75.213134
77.217152
75.358189
75.121776
75.020462
75.278082
76.485828
75.891551
75.389268
75.218814
75.228865
75.364532
76.710524
75.044700
74.904357
75.240604
77.370840
75.358063
75.548337
75.506246
75.624248
75.617638
75.624007
75.638458
75.505867
75.652227
76.815078
75.821636
75.276802
75.432777
75.231500
75.400216
75.462305
75.361532
75.206690
75.347072
75.283946
75.414910
75.599557
75.962604
76.838422
75.594164
75.023474
75.185715
75.071037
75.324613
76.865182
75.226465
75.121826
75.203759
75.280797
77.098127
75.164228
75.239295
75.337122
75.157380
77.576118
75.113576
75.203197
75.231800
75.271443
76.324597
76.031561
75.180905
75.339003
75.314908
75.937860
76.698537
75.311375
75.256858
75.173501
77.093837
75.924975
75.175609
75.289629
75.359664
77.478452
75.346136
75.238409
76.236042
76.441380
74.950741
74.852613
74.992927
76.269025
75.539365
74.915816
75.140463
75.027637
77.274936
75.261563
75.173866
75.050956
74.904285
77.075114
75.316374
75.425444
75.436799
75.306242
77.636318
75.497914
75.546134
75.551576
75.843346
77.621731
75.588371
75.452652
75.254527
76.192244
76.582184
75.192427
75.284152
75.550303
77.516974
75.597280
75.422582
75.625458
77.570713
76.314267
75.083078
75.303770
75.992726
76.417365
75.383489
75.422856
75.467979
77.331976
75.429302
75.158078
75.171940
77.053332
75.115240
74.954219
75.024496
75.143363
77.198353
75.092193
75.206454
75.336020
76.076119
76.621969
75.244944
75.257629
75.234367
75.187318
75.351927
75.408940
77.560489
75.422585
75.322037
75.393896
75.534656
75.850092
76.992339
75.243909
75.189032
75.276555
75.207426
77.214430
75.059248
75.312674
75.024122
75.053961
76.915047
75.714698
75.632100
75.542231
75.743887
75.625425
75.404209
75.330457
75.246087
75.130536
74.944275
75.272693
75.347559
75.418059
75.169651
75.465325
75.331339
75.298166
75.319614
76.543356
75.675735
75.289244
75.555442
75.478538
76.985123
77.085155
75.699218
75.655560
75.322000
75.398287
76.924166
75.088971
75.160495
75.555066
75.479780
77.422001
75.591904
75.525718
75.415827
75.287558
76.461411
76.574762
75.362291
75.273462
75.408880
76.197471
76.280272
75.258796
75.493722
75.449952
75.701231
76.979550
75.500062
75.399628
75.450148
75.396146
77.310139
75.405140
75.240292
75.374136
75.366532
75.532309
77.113643
75.374435
75.766510
75.769368
75.499249
77.379287
75.280885
75.137017
75.244188
75.258434
76.754632
75.505617
75.181740
75.332393
75.133654
77.393518
75.283187
75.379137
75.354035
75.410252
75.387564
75.740446
75.749485
75.557104
75.533043
75.532153
75.574606
75.766500
76.929631
75.511481
75.564660
75.565725
75.617847
77.540589
75.319830
75.231468
75.329778
75.144977
76.849131
75.641341
75.527133
75.379004
75.332465
77.453451
75.188794
75.197842
75.291675
75.320397
77.104059
75.387878
75.351283
75.344698
75.494503
76.509040
75.147744
75.196381
75.161350
75.800814
76.884026
75.386152
75.316673
75.293504
76.309101
76.365488
75.406075
75.380709
75.132423
76.937276
75.431314
75.468043
74.791602
75.323024
76.824812
75.316399
75.339167
75.184184
76.734214
75.683599
75.246198
75.242469
75.281551
76.975710
75.122730
75.072651
75.065555
75.400640
76.831561
75.246964
75.376671
75.387714
76.557148
76.274813
75.011822
75.072999
75.125293
74.939751
77.011176
75.159401
75.209976
75.170537
75.071064
76.621550
75.687017
75.253023
75.136115
75.212227
76.634531
75.811009
75.298060
75.258117
75.182565
76.996150
76.007672
75.495809
75.164571
75.011384
76.808719
75.275242
75.025394
75.108610
75.057110
76.944958
75.190214
74.997527
75.176690
76.268514
77.703519
75.993754
75.188765
75.161902
75.278427
77.223796
75.293882
75.277588
75.334099
75.416094
77.461817
75.404564
75.052904
74.980084
75.985383
76.104925
75.055846
75.167294
75.335637
76.441931
75.711671
74.924846
75.425354
77.471016
75.322645
75.292277
75.249615
75.852036
76.835814
75.529008
75.461959
75.261235
76.588191
75.679218
75.229467
75.076502
75.376270
77.511122
75.163025
75.271017
75.255804
75.545959
76.832683
75.018475
75.110262
75.246565
75.781711
76.407481
74.972360
75.081851
74.997014
76.422200
75.943146
75.197571
75.320975
75.312795
76.231657
76.150009
75.270556
75.188195
74.923529
75.540735
76.048046
75.123746
75.165221
76.090167
75.588373
77.064346
75.435114
75.589832
75.335950
75.485234
76.166184
76.591156
75.309279
75.092236
75.166579
75.265771
75.479960
75.435648
75.482661
75.343252
75.236755
75.126752
76.765632
75.320611
75.258939
74.855113
74.739449
75.139164
76.939386
75.205157
75.621455
75.659250
75.514286
75.412262
75.428906
75.543390
75.455640
75.319204
75.361913
75.260484
74.959941
74.780694
75.103477
75.383138
75.694036
75.994556
76.602816
75.365091
74.887236
75.404103
76.851526
76.091835
75.239497
75.172667
75.305665
75.391979
75.821775
75.407086
75.367727
75.968123
76.624836
75.018587
75.027813
75.098753
75.266249
76.512758
76.512458
75.536122
75.615823
75.552507
75.759505
76.787585
75.528580
77.488013
75.279104
75.394736
81.602805
75.197830
75.760277
75.656873
75.663547
76.455737
76.434055
75.593755
75.530904
75.571515
75.502846
75.383195
75.384617
75.531605
75.291321
76.113443
76.582673
75.722382
75.434796
75.558313
75.648909
77.117781
75.361671
75.352293
75.102837
75.480418
76.974910
75.481512
75.496991
75.408929
75.471702
77.285579
75.612189
75.494115
75.242499
75.383475
77.578640
75.303429
75.218902
75.539635
76.161045
76.593147
75.352017
75.342801
75.350631
77.407016
75.255548
75.235486
75.601797
76.564724
77.067042
75.677674
75.571669
75.429439
75.298549
75.366149
76.685622
75.842008
75.331310
75.495314
75.517957
75.520318
75.513808
75.511895
75.515346
77.129299
75.379654
75.334376
75.100516
75.219460
75.472169
75.533177
76.053235
75.997072
77.220524
75.613293
75.538480
75.550312
76.332154
76.464393
75.247755
75.270173
75.806495
75.806114
77.701309
75.927439
75.667535
75.437127
76.584959
77.254133
75.881433
75.453820
75.793403
77.355491
76.558168
75.502240
75.480603
75.999847
76.855042
76.195612
75.825556
75.390343
75.276754
76.372913
76.500998
75.265675
75.711722
75.845170
76.009546
77.682388
75.722579
75.271338
75.390696
75.221675
77.155541
76.127181
75.467140
75.248157
75.418910
75.458838
75.503317
75.380825
76.510531
76.133470
75.728957
75.410504
75.699322
75.893012
75.479933
75.892139
78.083951
77.129295
75.752954
75.690686
75.435439
77.278747
75.409836
75.387095
75.479923
76.345650
76.988635
75.377214
75.463325
75.582168
77.521670
75.854223
75.914451
75.763401
76.541541
75.771819
75.099335
75.128452
76.186213
76.701050
75.479888
75.445796
75.611888
77.514568
75.835662
75.544529
75.486361
76.779132
75.538083
75.159000
75.083174
75.066586
77.405039
75.498499
75.534110
75.316717
76.754598
76.077072
75.405395
75.506418
75.766110
76.811373
75.248966
75.251739
75.578200
77.521638
75.396569
75.323013
75.619136
77.078036
75.160968
75.315135
75.934803
77.071706
75.114649
75.117945
75.426265
77.264794
75.301409
75.500729
75.638263
76.906297
75.198438
75.231057
75.365639
77.152560
75.323499
75.343113
75.362126
76.685628
76.026007
75.262011
75.217252
75.841113
76.859995
75.170557
75.323852
75.406188
76.823355
75.841595
75.161469
75.209089
75.285132
76.116937
76.048777
74.827491
74.881443
74.914358
77.296163
75.252433
75.359326
75.471164
76.150269
77.048266
75.555510
75.430575
75.395418
77.038165
75.670580
75.152343
75.382432
75.182494
77.307375
75.285765
75.189753
75.045889
78.698707
75.400533
75.129243
75.125439
75.445170
77.013563
75.246913
75.257932
75.300738
76.700555
75.786141
75.246507
75.252088
75.132105
77.188211
75.088579
75.353128
75.234761
76.230312
76.502233
75.312067
65.774276
70.030820
72.733168
74.217382
75.094972
74.941293
74.872269
75.118646
75.147977
75.127714
75.122572
75.173027
75.060477
75.419473
75.567019
75.486142
75.442045
75.427774
75.540933
75.231993
75.305753
75.355425
75.409412
75.526323
75.821181
76.415488
76.642536
75.390153
75.344221
75.484246
75.407513
75.456103
75.400041
75.384999
75.368635
75.363490
75.510227
75.384588
75.595408
75.553765
75.276674
75.229178
75.134946
76.296894
75.963087
75.040721
75.116928
75.174795
75.151029
76.578166
75.489098
75.280287
75.257863
74.827350
74.735992
75.233812
76.208120
74.875373
75.031083
75.099905
75.153200
75.266696
76.839985
75.462641
75.274012
75.217201
75.254505
76.107609
77.250462
75.018183
75.046018
75.136553
74.908051
74.941872
74.940635
74.894211
76.697633
74.893657
75.127000
75.267720
75.307064
75.136422
75.015493
75.011044
75.061019
75.045390
75.048370
75.035739
76.948605
75.175111
75.549489
75.229650
75.260859
75.227646
75.156664
75.131422
75.076322
75.135034
76.258577
76.272850
75.114271
75.291779
75.230055
75.249448
75.195366
75.514944
75.531805
75.495157
75.207077
74.983800
76.282549
75.435417
74.887531
74.943315
74.879390
74.952726
75.097965
77.103609
75.163425
75.222718
75.113286
75.049523
74.833839
75.269933
76.403793
74.976374
75.134947
75.162392
75.205852
75.238065
76.343683
76.084440
75.099661
74.918435
75.031403
75.430212
75.083570
76.977712
75.146606
75.800383
75.370579
75.360355
75.670762
76.899295
75.465419
75.384007
75.420022
75.266390
75.186365
77.181996
75.319362
75.285093
75.131741
75.068382
75.231636
77.116065
75.654973
75.488242
75.258759
75.061394
75.721335
76.733446
75.332314
75.248298
75.390209
75.088272
75.304759
77.146155
75.278153
75.272559
75.622113
75.527306
75.265971
76.364088
75.778544
75.210406
75.307583
75.423233
75.323748
75.455091
76.661006
75.830812
75.149344
75.102503
75.093387
75.162650
75.161657
75.099789
76.802165
75.211188
75.109189
75.215148
75.306585
75.269561
75.175735
76.861667
75.274105
75.147948
75.361223
75.489354
75.466351
75.521086
76.897650
75.740271
75.220921
75.187821
75.236763
75.259481
75.299837
77.120994
75.309988
75.194008
75.421884
75.281183
76.599769
77.698230
75.347853
75.523710
75.704803
75.473570
75.436372
75.191768
75.098728
75.106554
76.151091
75.903167
75.135383
75.417054
75.335017
75.293427
75.429115
75.379868
76.372376
76.340933
75.447858
75.523267
75.432946
75.313256
75.381319
77.093347
75.236523
75.168599
75.156923
75.062707
75.012830
77.042144
75.111103
75.143682
75.043533
74.974586
75.644873
76.365184
75.345008
75.334346
75.390439
75.455189
77.001686
75.955931
75.483969
75.434761
75.473748
76.178479
76.694986
75.254595
75.558558
75.113934
75.308025
77.017343
75.633819
75.431200
75.269234
75.189930
75.381665
76.341557
76.612284
75.344665
75.291103
75.563845
75.173981
75.057334
75.056739
74.784902
74.634279
74.822273
75.028805
76.650582
75.130408
75.004591
75.055674
75.016607
74.904319
77.209629
75.333684
75.214644
75.705797
75.361568
75.663850
76.788778
75.225110
75.120745
75.189211
75.180796
77.059274
75.214643
75.273671
75.258643
75.255567
75.362518
76.828558
75.582398
75.068976
75.242894
75.169951
75.377763
75.392558
77.136508
75.133412
75.610322
75.316524
75.247613
76.673444
75.609622
75.178182
75.099262
75.192732
75.414456
75.496055
77.148414
75.374227
75.329961
75.332321
75.261759
75.550372
76.774595
76.341807
75.474201
75.355388
75.287736
75.280021
77.038432
75.244238
75.353795
75.269419
75.184511
75.555273
77.229957
75.339347
75.501912
75.307666
75.380298
77.129207
75.323398
75.321367
75.105528
75.260759
75.221955
75.112482
75.671988
75.738741
76.571852
78.124594
76.859876
75.643565
75.469792
75.400218
76.069620
76.799266
75.387738
75.509454
75.571890
75.719838
77.471697
75.283280
75.186605
75.083451
75.175386
75.615249
77.061707
75.482728
75.531671
75.434216
75.228680
74.992989
77.024417
75.629122
75.589860
75.567885
75.414860
75.371691
75.079717
75.169044
75.186177
75.164840
77.046421
75.111890
75.148044
75.375827
75.451154
75.437334
75.300604
77.134803
75.452353
75.141005
75.013863
75.411797
75.297531
75.388671
76.937116
76.342897
75.628866
75.465851
75.427587
75.127354
75.990906
76.031383
75.226604
75.274171
75.121168
75.056528
74.857223
75.955549
75.976601
75.030695
75.089961
75.018065
74.956981
76.908660
74.910756
74.941275
75.047333
75.019318
75.080384
77.148893
75.308415
75.408910
75.290302
75.263523
75.093848
76.894787
75.229629
75.120159
75.016793
75.106578
75.927080
76.358371
75.201193
75.078774
75.019039
75.395053
76.496910
75.124610
75.513559
77.658655
75.935744
75.097680
75.184308
75.220950
76.163145
76.108458
75.023725
74.949572
74.908509
74.964602
76.772478
75.135174
75.215613
75.482585
75.449769
76.951888
75.236342
75.099921
75.153978
75.327528
75.906721
77.597561
75.166744
75.073433
75.572057
75.729257
75.572917
75.229012
75.383799
75.088993
75.161288
75.053410
77.184966
75.208397
75.102974
75.205815
74.868991
75.370869
76.970989
75.450663
75.124967
74.776913
75.195218
75.193403
75.769298
76.242896
75.103798
75.139399
75.189523
75.313266
75.055123
76.287412
76.039628
75.141049
75.023180
75.062675
75.091068
75.314812
76.161813
76.128858
75.063684
75.141213
75.631800
75.889586
75.393111
75.318819
75.896778
76.125560
74.972544
75.101676
75.253817
75.219232
75.308979
76.457981
75.828239
75.104358
75.168433
74.960514
75.032621
75.841101
76.563542
75.252044
75.217293
75.148799
75.105003
76.449030
75.990444
75.217800
75.340466
76.747208
76.570501
75.235835
75.233897
75.488504
75.759959
77.058726
75.503918
75.392283
75.398992
75.390458
77.117008
75.093647
75.089640
75.188592
75.095372
77.124526
75.108912
75.282427
75.244773
75.409801
76.795562
75.560159
75.133725
75.210457
75.472446
77.481194
75.273606
75.091267
75.200011
75.292353
77.272203
75.193765
75.284971
75.148278
75.060213
77.141400
75.307893
75.476265
75.454025
75.332634
76.728992
75.473122
74.918436
74.939596
74.963669
74.982320
76.896059
75.338467
75.227787
75.262004
75.448696
75.266511
77.151861
75.299440
75.436422
75.128050
74.970877
75.151564
75.047005
77.115648
75.208394
75.271528
75.112184
74.893971
74.893822
75.002811
74.988725
77.006523
75.278321
75.185692
75.167214
75.262074
75.381182
77.211884
75.317355
75.327181
75.283391
75.570020
77.519623
75.628700
76.548788
76.070975
75.516011
75.260005
75.240743
75.978294
76.337891
75.151743
75.165305
75.151051
75.159930
77.194712
75.450804
74.986091
75.159284
75.522471
75.485154
77.509005
75.253585
75.131729
74.971646
74.902308
76.966450
74.949300
75.180257
74.949244
75.878058
76.098618
74.883013
75.257120
74.951934
74.881978
77.074003
75.080504
75.074483
75.220584
75.829677
76.121885
75.671079
76.724397
75.774420
75.438731
75.547860
75.378772
75.164324
75.191320
77.092613
75.079476
75.275067
75.338729
75.217227
75.841716
76.902737
75.447715
75.329783
75.272547
75.303204
77.079317
75.642079
75.245954
75.245574
75.058460
74.961637
75.508294
76.607656
75.990658
75.107879
75.162577
75.250777
75.256948
76.311726
75.969157
75.098423
75.013684
75.118059
75.235978
75.836247
76.788936
75.288482
75.766466
77.562694
74.957245
74.741578
75.080911
75.404177
75.529624
75.455734
76.513354
76.350945
75.490155
75.472155
75.331695
75.561443
77.339072
75.626444
75.467171
75.300734
75.280932
76.769086
75.735088
75.335315
75.447382
75.402416
76.795938
76.125160
75.532531
75.473799
75.684518
75.556719
75.662672
75.659499
75.685180
76.813585
76.050569
75.420943
75.274152
75.321317
76.706782
75.909762
75.424719
75.492763
75.395634
76.148066
76.419235
75.315666
75.437143
75.490930
75.791145
77.056197
75.298089
75.342089
75.407855
75.422878
76.724416
75.927085
75.232239
75.334452
75.239241
76.120661
76.280214
75.233496
75.250937
74.998999
75.654649
76.609334
75.732346
74.981584
74.960764
75.442996
76.556320
75.049227
75.127397
75.306768
75.699985
76.711201
75.435217
75.456621
75.493870
75.301689
77.422112
75.286444
75.360729
75.517508
76.588054
76.696605
75.307092
75.260264
75.293554
77.119478
75.627598
75.118398
75.031092
75.115872
76.912051
75.559316
75.044008
75.111305
75.009746
75.133864
75.528941
76.088534
76.999071
75.320582
76.278661
