50
61.503073
62.911499
62.971171
63.811076
64.626523
64.859990
65.870559
66.281726
64.504702
66.005601
66.229812
64.627388
65.678816
66.208846
64.964845
65.449553
66.204773
65.422075
64.962835
66.208280
65.039728
65.432050
66.250058
64.489697
64.704749
66.268267
65.868697
64.401430
66.180450
65.811230
64.397903
66.169602
65.640161
64.652047
66.234101
65.514594
64.721222
66.043569
65.643304
64.433062
66.173658
65.577563
64.710488
66.301064
65.620096
64.836054
66.353365
65.402382
64.777103
66.426760
65.381644
65.328172
66.396785
66.383486
65.181922
65.188007
66.386678
64.898288
65.717772
66.320034
64.725532
65.946964
66.095799
64.552722
65.951070
65.940815
64.554866
66.128905
65.653465
64.566655
66.131483
65.714667
64.572961
66.069064
65.466842
64.611398
66.395775
65.466963
64.573014
66.335749
65.782609
64.546853
66.255135
66.308948
64.635534
66.315842
66.274626
64.604292
66.292032
66.385899
64.972752
65.998831
66.398653
64.705596
65.722228
66.578223
64.702221
65.869794
66.535952
64.614871
65.844553
65.766813
64.741818
65.963058
65.642916
64.591548
65.953272
65.649128
64.581788
65.507673
65.945284
64.663137
65.864354
66.331036
64.986755
65.107277
65.731819
66.405575
64.907341
65.304773
66.394963
64.723720
65.775348
66.267284
64.555301
65.705932
66.359536
64.805344
65.474910
66.007879
64.636052
65.982507
65.933986
64.771241
66.298664
65.394874
64.785956
66.377203
65.434910
64.586576
66.260973
65.400308
64.776044
66.376939
65.245883
64.803554
66.404137
65.104353
65.088783
66.461853
64.796985
65.296368
66.386616
64.604475
65.586536
66.342716
66.350156
66.421543
64.618244
65.791182
66.018230
64.612783
65.879456
66.346125
64.598420
65.818164
66.325495
64.849019
65.735781
66.331688
65.015533
65.730298
66.325858
65.485177
65.355991
66.350740
65.468454
65.328021
66.366775
65.810710
65.067247
66.422319
66.293856
64.688947
66.337205
66.029598
64.583836
66.390616
66.064902
64.561074
66.231126
66.077703
64.668297
66.361144
65.884139
64.626817
66.288092
66.080963
64.576860
66.266464
66.072005
64.675321
66.410493
66.101694
64.591368
66.099770
65.800020
64.570086
66.368656
65.829831
64.589511
66.308503
65.767310
64.562851
66.259074
65.853847
64.556488
66.172559
65.822716
64.600007
66.329567
65.376362
64.929479
66.392442
64.877203
65.340391
66.153279
64.592222
65.356550
66.123472
64.685181
66.342797
65.395912
65.027311
66.192759
65.284412
64.792147
66.065671
65.648644
64.463776
66.175485
65.564454
64.369942
66.242942
65.274846
64.763489
66.238834
64.861997
64.951625
66.218464
64.795874
65.245602
66.173469
64.480093
65.422850
66.251612
64.371589
65.409487
66.350022
64.590302
65.615241
66.291261
64.611657
66.076245
66.270128
64.631187
65.976123
65.827031
64.635449
66.366338
65.492083
65.179594
66.403495
65.197955
65.120008
66.405907
65.105878
65.071269
66.367984
64.690102
65.137040
66.289890
64.539435
65.052703
66.373411
64.840717
64.571373
66.167650
65.179506
64.537624
66.262651
64.975861
64.579605
66.372352
65.018451
65.261332
66.208580
64.463398
65.929650
66.344765
65.375740
66.197480
66.241919
67.690447
66.770693
66.282186
68.115964
67.312265
66.216422
66.234988
67.525883
66.452431
66.189547
66.191352
66.887783
67.194258
66.215002
67.461572
67.541899
66.681567
68.068463
66.857639
67.368350
67.826770
66.260049
68.058314
67.114268
66.288724
67.045150
67.038244
66.298173
67.603627
66.538403
67.347538
67.438866
66.187447
67.341946
66.927846
66.707789
67.440909
66.303219
68.202374
66.474932
66.359879
66.427514
67.704510
66.518857
67.136293
68.300656
66.603644
66.318477
66.274744
66.329830
66.790811
67.497749
66.421205
66.739911
68.252615
66.801725
66.386079
66.330087
67.646786
66.581855
66.381801
66.365580
66.298963
67.869075
66.499570
67.731391
67.827267
66.603914
67.939064
66.390575
66.297236
66.337988
67.988847
66.284730
66.386263
66.374996
66.290943
67.563993
66.801659
66.222150
66.337287
66.326400
66.676807
67.731027
66.372404
66.282704
66.403109
67.611120
66.761678
66.321725
66.268639
67.916031
66.486277
66.276672
66.395781
66.281623
66.498253
67.969978
66.422683
66.446055
66.356331
66.591250
67.532082
66.246646
66.316844
67.930638
67.434337
66.758617
67.880912
66.210159
66.262369
67.596466
67.046649
67.845067
66.381602
66.183160
66.164817
67.152028
66.917671
66.242565
66.165013
66.221236
67.110553
66.931675
66.180844
66.184478
66.141084
67.700042
66.378503
66.223450
66.148133
67.466220
66.736598
66.220413
66.344659
67.865379
66.261347
67.220483
67.622398
66.197234
66.666135
67.687440
66.135943
66.234609
67.896761
66.225674
66.260741
68.088973
67.416723
66.211275
66.240315
66.210178
66.158381
67.793339
66.198931
66.202379
66.207988
66.440921
67.664143
66.154942
66.303240
67.535897
67.203788
66.420923
66.299568
66.357579
67.972094
66.364003
66.360466
66.290275
67.051815
67.371540
66.373597
66.340495
66.395108
67.256691
67.181068
66.329735
66.255995
66.326224
68.086649
66.356511
66.311596
66.439751
68.115403
66.349292
66.204424
66.539082
67.520694
66.157014
66.174754
66.773839
67.444351
66.186187
66.164347
67.679706
66.453966
66.034169
66.197938
67.978476
66.289504
66.172018
66.682396
67.520382
66.261348
66.196954
66.992603
67.210230
66.221970
66.139282
66.761361
67.308467
66.193877
66.134859
66.183390
67.643417
66.499748
66.182985
67.614190
66.564163
66.176964
66.336754
68.065654
66.690878
66.835617
67.326239
66.249049
66.212676
66.757373
67.511161
66.220227
66.158192
66.928365
67.364002
66.193819
66.145485
67.312862
66.820998
66.127336
66.223376
67.126957
67.066817
66.176747
66.243431
67.923779
66.344465
66.177802
66.989442
67.076683
66.292709
67.332942
68.139470
67.332688
66.262007
66.506019
67.687607
66.167825
66.139695
66.175448
67.886237
66.136309
66.179286
66.524224
68.061227
66.860191
66.212184
66.210444
66.803615
67.329497
66.211442
66.158200
66.197525
68.016554
66.166267
66.216567
66.190933
66.912850
67.199767
66.201526
66.241492
67.120971
67.051315
66.225927
66.259640
68.048947
66.807395
67.418665
67.638756
66.220519
66.486567
67.932868
66.144097
67.816057
66.863026
66.186094
66.135198
67.722462
66.435634
66.187336
66.148659
67.059448
67.145848
66.171456
66.189412
67.928426
66.189018
66.179304
66.179991
66.588927
67.473350
66.106439
66.216438
66.642472
67.444961
66.081086
66.151006
66.155369
67.996652
66.187429
66.181716
66.439989
67.813280
66.170835
66.228412
68.017131
66.188169
66.226005
66.337302
67.879396
66.187419
66.126154
66.152992
67.498908
66.699843
66.216925
66.184355
66.142171
67.815925
66.280111
66.185089
66.264862
66.676280
67.380434
66.333331
66.217716
66.431557
67.608100
66.129952
66.240424
66.602721
67.511606
66.257588
66.190715
66.734207
68.062967
67.248371
66.258945
66.246709
66.144172
67.720931
66.296598
66.112024
66.174440
66.384355
67.677039
66.267481
66.123310
66.740502
67.419831
66.100859
66.151559
67.300485
67.658279
67.091108
68.044126
66.309796
66.102332
66.261365
67.889507
66.206824
66.138144
67.168473
67.102630
66.126013
67.414347
66.753579
66.157350
67.338140
66.883008
66.177369
66.721102
67.482045
66.167974
66.204051
67.139877
67.218545
66.239374
66.194649
67.943973
66.532537
66.200145
66.216530
67.288395
66.798641
66.225190
66.139006
67.192714
66.958881
66.137206
66.196377
67.316701
66.754303
66.185733
66.265381
66.808198
67.238107
66.130812
66.190206
66.667156
67.472715
66.219479
66.132105
66.633294
67.986389
66.119660
66.094791
66.191925
66.253310
66.215218
66.207884
66.274790
66.226540
66.194044
66.174351
67.439768
66.147358
66.253221
66.226562
66.163485
66.211721
66.187198
66.310949
66.189258
66.116105
66.212693
66.159017
66.217373
66.268673
66.159094
66.118265
66.185822
66.249125
66.146131
66.207388
66.236178
66.155916
66.173037
66.494312
68.070495
66.265843
66.213198
66.186296
66.112281
66.118316
66.138439
66.166950
66.229653
66.123938
66.131337
66.322016
67.421892
66.226296
66.235231
66.143938
67.262397
66.689614
66.134035
66.252292
67.848696
66.400510
66.153633
66.161965
67.931087
66.235052
66.197690
66.252265
68.023267
67.163623
67.163346
68.119265
66.162007
67.996582
67.498055
66.838839
68.164452
66.725889
67.587791
67.544256
66.222357
68.599836
61.184661
62.731676
64.453311
64.714452
64.895231
66.480197
65.425679
65.231237
66.270533
65.068645
65.359095
66.005547
64.931657
65.200069
66.192262
64.895570
65.493805
66.223322
64.490464
65.686615
66.203102
64.438689
66.168466
66.206728
64.756502
66.194197
65.401185
64.449147
66.049420
65.356355
64.452704
66.058914
65.137875
64.451164
66.249257
64.981457
67.160438
65.288146
66.354094
64.790305
65.273318
66.632245
64.894601
65.857232
66.533210
65.077030
65.738796
66.575371
65.503560
65.302823
66.508323
65.312144
65.347330
66.583252
65.589493
65.001433
66.392132
65.973697
64.857282
66.515809
65.999296
64.955477
66.639436
65.860375
65.366875
66.450546
65.232676
65.646243
66.593363
65.017720
65.580647
66.531638
64.757815
65.803104
66.510217
64.697653
66.016071
66.541941
64.848583
66.034288
66.512354
66.624042
67.021414
66.583610
64.887511
66.097477
66.187728
64.886201
65.950884
66.183569
64.779986
66.382386
65.826012
65.155452
66.762567
65.536298
65.373072
66.724863
65.242619
64.656578
66.008853
66.488980
66.568527
68.128786
67.526709
66.697680
68.171276
66.540957
67.657550
67.804899
66.162375
68.016200
67.103053
67.271209
68.110593
66.397049
68.237575
67.245653
67.496241
68.273903
66.562270
68.251795
67.267343
66.838913
68.401197
67.112469
67.748676
68.151998
66.632633
68.088606
67.009746
66.633329
66.553630
66.518917
66.390675
67.199610
67.247227
66.396925
66.492791
66.460274
66.503275
68.105032
66.487867
66.343678
66.551560
67.610875
66.230283
66.210288
66.263244
66.252256
68.086515
66.294986
66.428063
66.401157
67.367548
67.243995
66.622272
66.622690
66.665899
66.534279
67.772138
67.715863
66.608077
66.581052
66.595865
66.585322
66.669093
66.676133
67.223024
67.614295
66.424218
66.438176
67.181930
67.936094
66.643427
66.610036
66.595904
67.493421
67.293221
66.477417
66.861099
68.360637
66.745766
67.803802
67.524865
66.967111
68.146704
66.864903
67.626956
67.850148
66.634419
68.236629
66.917011
67.500609
67.810978
66.342572
68.028011
66.490851
66.373873
67.978278
66.368692
66.417578
66.327354
68.001581
67.281351
66.907425
67.980039
66.297901
67.688598
67.640257
66.734906
68.292641
66.981166
67.421794
68.099626
66.525650
68.237250
67.248129
66.913248
67.438198
66.368716
66.328874
66.255613
67.570870
66.811505
66.396846
66.428974
66.345047
67.014703
68.240486
66.379701
66.338377
66.308712
66.429953
67.883807
66.482777
66.329917
67.650976
66.747621
66.398379
66.342028
67.795333
66.663127
66.306579
66.302062
66.528805
67.864169
66.395548
66.356990
66.396356
66.319180
67.660948
66.680066
66.365260
66.332286
66.961311
67.384162
66.294426
68.003142
66.446606
66.340912
68.017039
66.347114
66.274439
66.263477
66.253241
66.735962
67.496862
66.341419
66.464781
66.400323
66.385264
66.350955
67.710580
66.893366
66.378263
66.283654
66.359380
66.343560
67.843341
66.335024
66.289218
66.321956
66.308638
66.338851
67.731858
66.589605
66.470007
66.471058
66.804751
67.667479
66.526865
66.475928
66.429553
66.467254
66.488575
67.012629
67.464396
66.326259
66.162427
66.242234
68.044024
66.227615
66.179999
66.190022
66.138912
67.344280
66.620342
66.344769
67.832403
66.216072
66.114712
67.228266
66.896979
66.161556
66.270192
67.494748
66.776843
66.446886
68.121101
66.469217
67.634902
67.186001
66.379275
66.318999
66.394980
66.481559
67.752868
66.284773
66.385310
67.194829
67.325436
66.363991
67.237322
67.417579
66.255580
66.334216
66.397883
66.825261
67.439156
66.336216
66.418820
66.329702
66.429584
66.342242
67.131137
67.123457
66.338957
66.343246
66.463045
66.350748
67.908101
66.349435
66.303470
66.324753
66.404924
67.873198
66.231955
66.194720
66.204089
66.245027
66.140564
67.499555
66.469923
66.632027
66.422448
67.885780
66.269754
67.325000
67.167532
66.319536
66.430239
66.469005
67.873286
66.281362
66.365556
66.338790
66.466180
67.618343
66.600901
66.447136
66.310677
66.375833
66.922913
68.267249
66.872700
66.397009
66.970065
67.861115
66.674299
66.386623
66.369146
66.317774
67.117218
67.219158
66.352680
66.288534
67.994852
66.776135
66.507047
66.471114
68.434642
66.594414
67.381294
67.491539
66.547187
66.511005
67.532340
67.222199
66.525110
66.455601
67.525845
67.085888
67.587154
68.324001
66.583500
66.666748
68.026357
66.696306
66.607947
66.550037
66.507203
67.889910
66.396378
66.160088
67.539199
66.647475
66.250068
67.503891
66.788152
66.316805
68.069767
66.266287
66.998231
68.028609
66.510423
68.204083
66.403984
66.370958
68.158028
66.561308
66.459466
66.566050
68.100485
66.442249
66.520774
66.466428
66.533171
68.121987
66.588725
66.733329
66.664406
66.569219
66.653910
66.553193
66.508916
66.548193
66.566548
66.619635
68.445993
67.057127
66.481668
66.527169
66.494950
67.898723
66.798016
66.536333
66.541093
66.536820
67.659455
67.069012
66.426766
67.021147
68.378458
67.041253
66.446936
68.245614
66.327706
66.604312
68.177400
66.769417
67.459610
67.952489
66.322733
68.096345
66.354920
66.362911
66.322012
67.551112
66.816785
66.448452
66.993085
67.285713
66.359999
66.347272
66.296181
67.919194
66.267456
66.343046
66.307206
66.297981
66.316906
67.891454
66.690539
66.481934
66.550633
66.699500
68.026244
66.588151
66.539495
66.483572
67.242131
67.163565
66.300359
66.405875
66.408230
66.995877
68.189075
66.406779
66.369880
66.397417
67.047468
67.281402
66.379102
66.269052
66.338448
67.660757
66.837055
66.647119
68.338251
66.820227
66.301409
67.175052
67.246472
66.347272
66.372178
68.143031
66.408150
66.412534
67.369926
67.055384
66.318421
66.908673
67.724094
66.308612
66.439167
68.618543
67.754624
66.389850
66.444463
67.539659
66.782241
66.354448
66.435963
66.940296
67.511688
66.444556
66.332369
66.379922
67.923033
66.406951
66.322491
66.819911
67.746653
66.314092
66.383526
66.329941
67.958980
66.300250
66.288400
67.888639
66.626994
66.412621
68.238106
66.544502
66.506949
66.542639
66.497265
68.149260
66.492689
66.351763
66.324664
66.349139
66.742094
67.575758
66.312799
66.317804
66.455017
66.752210
67.653729
66.358409
66.290726
66.778908
66.480849
66.497620
66.540093
66.466940
66.367589
66.349286
66.372630
66.373244
66.359360
66.287500
66.316790
66.329812
66.442230
66.352391
66.357056
66.403791
66.315056
66.224393
66.347334
66.386976
66.396647
66.357836
66.382088
66.350158
66.448927
66.445915
66.420518
66.329020
67.649908
66.675993
66.362395
66.327750
66.587029
67.866631
66.395365
66.418588
66.429496
66.311083
67.193179
67.015207
66.442157
66.381651
66.343853
66.504125
67.551710
66.864840
66.483081
66.542098
66.334797
66.327706
67.436540
66.806407
66.396683
66.359771
66.418154
66.447285
66.540214
68.048775
66.407203
66.536845
66.494468
67.422817
67.352154
67.492899
68.068705
66.378614
67.064676
67.595459
66.333392
68.115641
66.533152
66.611549
67.958493
66.323095
66.350940
67.557768
67.133261
66.709146
67.831540
66.324691
66.375151
67.301910
67.064519
66.310300
66.409483
66.319408
66.429324
67.947486
66.380618
66.548285
66.391450
66.413568
67.559129
66.889774
66.484295
66.475620
66.489187
66.502612
67.392753
67.402553
66.519567
66.556194
66.489148
66.532287
67.218301
67.337923
66.478341
66.502033
66.521949
66.484306
66.608826
66.647127
67.672287
67.106947
66.609667
66.677036
66.506040
66.458619
66.531562
66.621786
68.080578
66.455850
66.530393
66.534863
66.504165
66.534367
66.523632
66.469119
66.478745
66.480059
67.865027
66.579337
66.580379
66.541346
66.541769
66.538827
66.441392
68.197497
66.481280
66.536026
66.450983
66.533401
67.275103
67.211610
66.501225
66.497777
66.469795
66.505440
66.609013
67.951598
66.450636
66.571178
66.470207
66.520672
68.062699
66.585612
66.555254
66.500935
66.402686
67.876006
66.336998
66.409539
67.344260
67.355630
66.532748
66.554527
66.482971
68.233374
66.465778
66.514085
66.401645
66.467132
68.208733
66.433425
66.480464
66.525757
66.534976
67.887868
66.535841
66.414949
66.502889
66.517020
66.495379
66.508024
67.973389
66.766182
66.445777
66.462709
66.494381
68.222079
66.521613
66.472783
66.469304
66.796292
67.686985
66.368947
66.361334
66.499373
67.933251
66.340176
66.361413
66.345138
66.866352
67.633637
66.347691
66.783950
61.616304
61.529230
62.039650
63.568992
64.514240
64.515626
65.089770
66.377104
65.083223
65.239256
66.377936
64.900560
65.544517
66.469370
65.428919
65.280846
66.270955
64.783089
65.469697
65.797037
64.425179
65.887708
66.216134
64.448027
65.878888
66.075103
64.464811
65.678197
66.380758
64.752991
65.701493
66.154389
64.476832
65.827786
66.304773
65.653921
66.208514
66.250680
66.299586
66.069897
64.633895
66.230762
65.146668
64.834063
66.257161
64.862626
65.106335
66.195648
64.667135
65.413552
66.374970
65.008277
65.248708
66.398766
64.880889
65.740542
66.467886
64.735325
65.662805
66.476228
64.716999
65.883412
66.360455
64.784830
66.115882
65.867610
64.666561
66.263915
65.518296
64.594835
66.195755
65.763064
64.620517
66.074079
65.921002
64.760442
66.381144
66.609614
65.853240
64.868965
66.516540
65.906630
64.832124
66.527750
66.092709
64.795780
66.291000
65.730781
64.818997
66.466531
65.613725
64.884761
66.334434
65.661752
64.891414
66.516246
65.648552
64.759825
66.410537
65.843390
64.645879
66.077027
66.442678
65.907900
65.256657
66.524600
66.002306
64.971390
66.536535
65.895647
65.088025
66.607953
65.459719
65.585301
66.735707
65.161527
65.986279
66.454489
64.896704
66.506258
66.099188
64.871083
66.487972
66.156475
64.822795
66.558165
66.646431
66.720209
66.528627
64.923777
66.217159
66.555093
64.763961
66.249689
66.439629
64.764806
66.015827
66.420154
65.044212
65.880245
66.586713
65.885428
65.197545
66.480771
65.713504
65.346329
66.580906
66.036650
64.791943
66.622107
65.954632
64.928975
66.614263
65.885221
64.874422
65.843957
66.412379
64.947551
66.642802
66.621350
64.996922
66.174059
66.671560
64.873540
66.378052
66.124458
64.782438
66.560857
65.928023
65.359797
66.714077
65.313307
65.596937
66.342281
64.864233
65.912097
66.425851
64.994329
65.143525
66.409957
64.744656
65.478208
66.224906
64.651719
65.781869
65.917733
64.711602
66.465574
66.338034
66.370144
64.603935
66.336893
66.465254
65.311158
65.539591
66.492152
65.306118
65.422976
66.546342
65.557557
65.555438
66.440853
65.297019
65.528149
66.443616
65.708457
65.196313
66.554471
65.304686
64.764712
66.572218
65.194660
65.042223
66.520161
65.027485
65.877019
66.509445
65.080519
66.055182
66.519301
65.335467
66.025742
66.690226
66.094020
65.285088
66.539436
66.510479
65.228794
65.998323
66.624052
66.581745
66.591048
66.696358
65.549665
65.831910
66.685616
66.307851
65.290621
66.724294
66.721606
65.086591
66.184281
66.471781
65.007567
66.023931
66.677920
65.365854
65.984075
66.725279
64.934506
66.054531
66.542568
65.047285
66.332339
66.823488
65.696575
65.603421
66.627064
65.526867
66.001178
66.720721
66.585479
64.977233
66.301346
66.639843
64.858487
66.347056
66.408566
66.213686
66.777962
66.753798
66.651473
66.731688
66.638075
69.243550
66.732475
66.646760
66.723470
66.552766
66.516436
66.551600
66.619871
66.552400
66.554768
66.537031
66.555880
66.548276
66.504528
66.568033
66.581081
66.542503
66.476860
67.305397
67.291624
66.540868
66.594294
66.521203
66.547900
68.251909
66.525718
66.594410
66.679404
66.510601
67.986042
66.854673
66.570058
66.539153
67.036982
67.564544
66.461033
68.160591
67.016708
66.202986
67.825512
66.431261
66.194109
67.057696
67.249528
66.222506
68.112562
66.234365
66.209235
66.206932
67.288085
66.767077
66.183946
66.172424
66.252441
67.018057
67.023783
66.209760
66.239081
66.228390
67.499804
66.658620
67.453873
67.471035
66.790549
68.059572
66.416773
66.175457
66.689089
68.341330
66.771584
66.470059
68.233494
66.428039
66.526317
66.451335
66.438947
66.465927
66.454934
66.415866
66.497873
66.502638
66.932221
67.439042
66.445096
66.526361
67.696558
66.581062
66.266144
66.246044
66.281109
66.214339
66.210823
66.183358
66.194201
66.163030
66.191404
67.640317
66.213090
66.113668
66.198714
66.956915
66.826416
66.183221
67.416614
66.695831
66.215172
67.493902
66.612052
66.143600
66.247935
67.137376
67.787227
66.216496
67.738154
66.648111
66.215445
66.128472
67.441431
66.901198
66.183420
66.285946
67.241902
66.841675
66.175051
66.280425
66.411535
67.292046
66.998410
66.329011
67.003990
67.615020
66.343967
66.431103
66.355790
67.937630
66.460382
66.590977
67.987507
66.421044
66.393536
66.338320
67.449025
66.862024
66.325992
66.329948
66.757503
67.442716
66.315688
66.441035
66.753922
67.862039
66.363818
66.372070
67.016654
67.487663
66.884451
68.288774
66.813590
66.568766
67.999172
66.411436
66.339467
66.382093
67.784604
66.598696
66.392258
66.401066
66.785063
67.694176
66.375430
66.410464
66.481021
67.061951
67.391044
66.380830
66.406984
66.715328
67.515340
66.147917
66.099890
67.044939
67.028392
66.180832
66.227618
67.737817
67.272506
66.229808
66.211731
67.234997
66.789892
66.220271
67.088577
67.424942
66.131024
66.249490
66.616599
67.703048
66.163903
66.228983
66.309290
67.789388
66.227904
66.176001
66.129106
67.896568
66.228970
66.148500
66.220183
67.762356
66.131162
66.105591
66.381931
67.733594
66.187807
66.577953
67.597171
66.196998
66.242487
67.069859
67.065102
66.247994
66.194828
66.247769
66.853258
67.187631
66.233033
66.255214
66.196107
66.638971
67.479584
66.181102
66.170078
66.136506
67.850513
66.277296
66.117528
66.298079
68.079509
66.905801
66.260084
67.390264
66.857218
67.345899
67.299004
66.928509
68.110262
66.324586
66.129154
67.878315
66.745337
66.753240
67.741453
66.281125
67.398912
66.727109
66.248250
66.151798
67.389592
66.751239
66.227785
66.143901
66.135372
67.721645
66.436090
66.167814
67.985594
66.774584
66.299096
68.040973
66.212349
66.216952
66.248146
67.231591
66.860496
66.261110
66.471958
68.084280
67.079812
68.392980
67.673737
66.534856
67.993651
66.727578
66.527643
66.505665
68.244773
66.534771
66.449635
66.563935
66.615572
67.944557
66.679351
66.556317
66.549576
67.680163
67.054996
66.570054
66.535801
67.021447
67.756091
66.596764
66.604012
67.897000
68.440897
66.598482
66.539219
66.556044
67.729861
67.077046
66.598472
66.531176
66.713223
68.099548
66.529001
66.595487
68.183685
66.715171
66.484670
67.822869
66.991671
66.603531
67.966344
67.255427
66.505718
66.555134
68.118521
66.579279
66.523622
66.571243
66.983063
67.953870
66.551391
66.545249
66.473662
68.245305
66.536460
66.560887
66.552781
68.305423
66.539520
66.566815
66.829444
68.457725
66.815214
67.439430
68.412538
66.631767
66.531559
67.726483
67.301782
66.501734
68.080889
67.080540
66.545572
66.461380
67.004691
67.663255
66.527745
66.485657
66.672400
67.579529
66.770125
66.397002
66.424949
66.367762
66.325971
67.460362
66.988640
66.351440
66.447900
66.327783
66.376555
67.674337
66.665094
66.399103
66.360895
66.832527
67.575844
66.388327
66.412329
66.347513
66.419698
67.748995
66.645487
66.486232
66.374667
66.717493
67.971325
66.389992
66.320313
66.389480
68.039152
66.388457
66.408044
66.306623
68.031195
66.331851
66.204960
66.447236
68.071893
66.324252
67.767064
67.576258
66.201106
66.282901
66.366992
67.723318
66.181131
66.217544
66.227598
67.897510
66.347067
66.133660
68.114959
66.239448
66.239682
66.273227
67.589026
66.654303
66.228921
66.400075
67.176276
66.785587
66.212196
66.150494
66.190398
66.289443
67.341523
66.604297
66.187981
66.248043
66.643798
67.403488
66.353330
66.285253
66.808742
67.346753
66.348165
66.126225
66.783704
67.480524
66.181125
66.198612
67.716980
66.563262
66.298073
66.147595
67.711875
66.527484
67.805291
67.401974
66.153297
67.622888
67.916101
66.155740
67.934057
66.397485
66.157763
67.783278
66.757227
66.230387
66.675446
67.491815
66.211430
66.195830
68.129547
66.285134
66.237972
67.642178
66.736133
66.180814
66.212164
67.662781
66.488939
66.168056
66.194631
67.889828
66.185145
66.222380
66.498565
67.682923
66.224060
66.203198
66.199142
67.980676
66.207600
66.165708
66.388356
67.770238
66.245134
66.201653
67.498520
67.885261
66.375897
68.049490
66.810776
66.261189
66.753050
67.450015
66.202374
66.225787
66.665839
67.558317
66.209151
66.191802
66.219883
67.101024
67.113970
66.140156
66.604790
67.557189
66.163294
67.204372
68.056431
67.768596
66.148104
66.249736
67.108153
67.038856
66.544601
68.071432
67.254789
67.004068
68.129344
66.475237
67.136276
68.212605
61.309111
61.287155
61.242235
61.227787
61.257048
61.244783
61.298695
61.278472
61.291946
61.273303
61.396730
63.015126
64.544735
64.590833
64.694189
66.468007
65.375900
65.232955
66.368851
65.153262
65.105234
66.366903
65.594833
64.861779
66.497668
65.574076
65.892558
66.364435
64.748682
65.630405
66.296322
64.681226
65.797441
66.577236
64.955030
65.717983
66.256334
64.637627
66.059549
65.917727
64.722871
66.222375
65.908887
64.689233
66.116175
65.838572
64.526856
66.078324
66.015089
64.676871
66.357837
65.824795
64.766286
66.508995
65.756207
64.798450
66.528141
65.781608
64.693128
65.731580
66.288586
64.816590
65.265080
66.639464
65.348711
64.740286
65.959582
65.600180
64.777297
65.443259
65.956729
64.677639
66.013703
66.282165
64.628361
66.254119
66.254539
64.750998
66.196887
66.047817
64.833478
65.845739
66.354648
64.739542
65.686832
66.477166
64.704988
66.052152
65.926649
64.870145
66.690184
66.652824
66.624667
66.288747
64.829794
66.130994
66.363562
64.766712
66.244481
66.189558
64.887757
66.577905
66.347702
65.570338
65.479284
66.523458
66.542995
64.904777
66.091867
66.596740
65.488560
65.580351
66.657630
65.461251
65.715572
66.610036
66.600735
66.314862
64.763583
65.784214
66.323918
64.617008
65.827995
66.049592
64.763520
65.819960
65.816116
64.672114
66.376568
66.427708
64.731739
66.131100
66.216527
64.687526
66.178618
66.181747
65.351663
66.527814
64.955152
65.807569
66.463753
64.866754
65.546072
65.991110
64.537203
65.363895
66.037152
64.557097
65.736375
66.069090
67.580039
65.068570
66.508251
65.908416
64.927255
66.399993
65.503001
64.882537
66.514454
65.762959
65.287226
66.518080
66.038279
64.794077
66.375083
66.159832
64.847840
66.336897
66.336777
64.588157
66.323900
66.361774
64.852961
65.990246
66.569286
64.676906
65.687800
66.004338
64.715402
65.897985
66.526898
64.724162
65.815081
66.456332
64.737210
66.241086
66.059351
64.809411
66.515905
66.241811
64.725943
66.366038
66.134367
64.560478
66.135508
66.342759
66.320210
66.355208
65.429446
65.197838
66.574080
65.430681
65.212001
66.513651
66.208321
64.782979
65.866898
66.137792
64.592517
65.793242
65.847900
64.614878
66.030153
65.905592
64.526990
66.359360
66.376207
64.669773
65.841615
65.778308
64.716844
65.170754
66.537684
64.727608
65.536155
66.395198
65.008976
65.391738
66.374751
65.059425
65.598983
66.371819
64.666603
65.866658
66.428388
64.732589
65.475045
66.569233
64.738344
65.863305
66.362420
64.708996
66.000995
68.935531
64.623761
64.626661
65.961069
65.563930
64.626146
65.964012
65.684669
64.610895
65.727657
65.539879
64.555116
65.916506
65.714913
64.586295
66.057694
65.578452
64.674579
66.591379
65.613077
64.398455
65.585409
85.504436
68.558687
61.388645
62.698208
63.873978
64.574644
64.595779
64.576618
65.502795
65.804303
64.581897
65.561629
65.820877
64.591529
65.018510
66.232538
64.575174
65.040261
66.346248
64.667159
65.843874
66.391233
66.326227
64.851448
64.986532
66.414306
64.488348
64.723104
66.264343
64.911603
65.173201
66.360495
64.960532
65.167488
66.392230
64.840173
65.164862
66.273664
64.565255
64.552437
66.327107
65.243627
65.344735
66.105170
64.542543
65.349802
66.014014
64.540662
65.197059
66.332434
64.664398
64.952241
66.402653
64.935896
64.887168
66.372707
64.990386
65.129533
66.379011
66.148947
64.589826
64.771465
66.310109
64.586162
64.809980
66.369579
65.069876
64.676180
66.363338
65.049857
65.040753
66.326905
64.703397
65.105699
66.456449
64.773045
64.996077
66.349529
64.578083
64.783308
66.299193
64.740281
64.910757
66.323503
64.787548
65.175711
66.324857
65.027653
65.653717
66.282835
64.421952
64.992392
66.073255
64.383582
65.094672
66.242007
64.417886
65.408845
66.332923
64.597909
65.738890
65.747994
64.548845
66.264712
65.242563
64.668639
66.395208
65.173637
64.678765
66.347383
65.129928
64.559556
66.294889
65.235407
64.870809
66.384256
65.184044
64.784143
66.407093
65.422463
66.061357
66.169331
64.517261
65.441362
66.249966
64.719336
65.286539
66.221042
64.950292
65.086587
66.147538
64.638735
64.772676
66.218979
64.676914
64.839161
66.208010
65.896593
64.395135
65.514927
65.759961
64.607411
65.934584
65.710264
64.574143
66.075048
65.307550
64.579014
65.864687
65.577835
64.603043
65.776015
65.536919
64.544250
65.749588
65.559252
64.556841
66.131212
65.854368
64.632911
65.430399
66.056321
64.522947
64.886721
66.293978
64.785553
65.119169
65.808294
64.403622
64.610264
66.210047
64.388828
64.486036
66.157988
64.649358
64.396102
65.538980
65.321321
64.408110
65.137377
65.987801
64.216492
64.395820
66.200484
64.464703
64.479084
66.197304
64.831421
64.658753
66.205749
64.579007
64.787620
66.155784
64.388064
64.977079
65.844901
64.421704
64.379314
66.116448
64.602535
64.435033
65.085247
65.651430
64.304222
64.855677
66.179901
64.442594
65.350112
66.130843
65.171251
64.572107
66.214434
64.790485
64.423385
65.910434
66.189417
64.545195
64.689325
66.101415
64.431333
64.768854
66.202035
64.661355
64.744087
66.217357
64.405528
65.299584
65.821271
64.387378
64.606667
66.170738
64.441644
64.443482
66.197899
64.835910
64.470916
66.138771
64.674925
64.337183
65.432946
65.309603
64.376253
65.198032
65.630570
64.402377
65.368111
65.583370
64.424526
64.992317
66.137779
64.365371
64.387283
65.187289
65.628185
64.417514
65.349467
65.771847
64.404540
64.939528
66.122456
64.555763
64.847434
66.384206
64.622814
64.587567
66.282654
65.077028
64.541279
66.098382
65.128721
64.552729
66.042225
65.189136
64.600408
65.721444
65.598353
64.609278
65.841112
65.675297
64.521094
65.546499
65.770774
64.631097
65.680004
65.540092
64.544095
65.281889
66.117581
64.418367
64.411434
66.169167
64.562624
64.561840
66.223178
64.541134
64.471689
66.168981
64.552903
65.400326
65.771225
64.388746
64.666943
66.194731
64.389150
64.372108
66.066403
64.929472
64.401465
65.836167
65.168590
64.387685
64.836309
65.864702
64.373391
64.390139
65.892916
64.954708
64.399281
65.355806
65.546980
64.392138
64.596162
66.173104
64.378475
64.675282
66.159082
64.865954
64.690843
66.321883
64.916742
64.603271
66.354720
64.846774
64.497774
66.107935
65.314666
64.596954
66.066050
65.103115
64.586925
65.372359
65.790091
64.556355
65.664252
65.495618
64.600996
64.638397
66.352234
64.616222
64.612072
65.940040
65.088640
64.594042
65.830543
65.275482
64.534767
65.667729
65.384189
64.536525
65.551956
65.737967
64.618775
65.610437
65.512715
64.547242
64.976704
66.210545
64.568707
64.577853
66.353204
64.654674
64.564609
66.334568
64.856824
64.574763
65.843857
65.305261
64.583699
65.341063
65.778912
64.548821
64.581608
66.144274
64.916954
64.540144
66.122963
65.275035
64.667846
66.456383
65.429753
64.735789
66.366032
65.325503
64.704848
66.393800
65.040420
64.762976
66.368162
64.978875
64.935573
66.375879
64.709408
66.813035
66.234524
64.577425
65.737704
65.829156
64.589386
65.273024
66.103757
64.598011
65.095144
65.871720
64.445969
64.422525
66.098764
64.736231
64.427067
65.249777
65.660069
64.471336
65.120502
65.842349
64.449580
64.535766
66.199644
64.392409
64.339591
66.045253
65.010098
64.394171
65.162591
65.393919
64.395443
64.811470
66.133524
64.206402
65.749778
65.494091
64.365778
65.178737
65.619263
64.385567
64.598212
66.188402
64.468022
65.618455
66.062831
64.891584
66.374411
65.284322
64.579096
65.483136
65.712175
64.604490
64.977585
66.212851
64.603770
64.587397
66.071116
65.141898
64.547289
66.220977
64.959639
64.595541
64.850076
66.185981
64.569266
64.588701
65.943758
64.927603
64.692482
65.458405
66.372581
64.701193
65.503697
66.209056
64.749269
65.550784
65.986389
64.758623
64.745025
66.406364
65.165488
64.687921
65.343303
65.959485
64.704358
64.691431
66.480222
64.706671
65.167582
66.099688
64.575387
64.943681
66.330754
64.793897
64.514736
66.112166
65.052954
65.386083
66.337837
64.649452
65.310285
65.902700
64.589232
64.488512
66.245198
64.792799
64.593815
65.322980
65.896748
64.725048
64.715109
66.462713
64.922507
64.711061
65.599099
65.742556
64.772980
64.738775
66.520420
64.824413
64.698320
65.909558
66.194930
64.645100
65.842837
65.326716
64.531721
65.558443
65.715621
64.592805
65.127209
66.000354
64.583959
64.695946
66.183039
64.625446
64.388853
65.651095
65.427055
64.578296
