50
26.240900
26.366111
30.563617
32.079203
32.862285
31.255966
30.451593
29.848125
30.169357
31.631515
29.912808
32.430151
23.979527
23.862899
24.672207
23.932488
30.184151
39.621611
30.689089
30.032784
30.815875
29.815140
30.675455
30.536968
30.725342
36.899440
36.639131
31.286732
29.931612
30.914385
31.528608
31.097599
30.908677
32.008218
30.614479
31.981035
32.591567
31.777799
31.403410
26.344854
26.285980
31.014286
24.718346
26.532705
31.372989
33.677017
31.296043
32.313937
33.965237
33.195770
34.610325
33.137731
33.248785
32.992068
34.552610
35.466213
32.173067
33.964068
31.901591
28.687051
25.659484
26.962637
27.598821
32.120672
26.738895
29.461604
32.872989
31.003584
27.143023
32.057141
32.162428
33.146863
32.418271
32.959287
32.088816
32.952043
33.219979
34.454827
33.648163
35.838675
33.468537
30.465318
31.700650
47.872491
36.302613
34.079251
34.110669
33.965774
32.394988
32.617370
33.599029
32.493873
35.063023
33.589581
30.494927
37.197124
36.606115
26.855950
26.514980
34.753182
34.128079
26.977981
27.028338
33.498390
32.562668
32.364108
34.166420
30.143148
26.786531
30.346595
33.632242
33.681348
33.407979
32.473804
38.488391
42.360148
35.430812
27.098417
28.068585
27.304609
32.047270
33.005900
32.822827
32.390708
34.820000
37.936338
29.560986
25.216347
27.877983
32.864028
30.714808
32.615878
32.418479
31.797198
33.345698
32.470125
33.065495
33.166245
30.592067
31.725850
33.537014
32.043331
32.046844
31.679182
33.000779
36.923311
36.425568
41.331187
41.519250
38.535668
37.005197
34.787449
35.448286
35.834235
44.987213
34.629517
45.624656
32.141183
28.897484
27.220701
31.188594
35.555709
33.126261
34.509949
32.944524
33.364891
33.070612
33.074174
32.010403
38.718334
36.185986
41.366484
33.217330
32.704523
26.545582
27.414085
31.404174
32.940563
31.537696
33.091636
33.358590
28.004336
26.223935
35.105067
40.068070
34.659591
30.461766
28.088309
27.186932
31.913375
35.597621
42.211674
32.295411
41.227317
42.264079
42.355915
32.075855
32.319453
30.767294
29.520521
26.225756
27.654307
33.662798
33.322557
31.238651
34.248226
32.857720
32.282198
31.858313
27.267952
26.924983
25.977835
29.236359
32.645749
32.577324
31.482597
26.601312
29.052892
30.014130
32.164441
33.205758
32.777869
33.918915
34.422718
38.419780
46.614865
41.820256
39.856610
44.967416
35.226797
33.892262
33.278626
32.660098
31.331909
33.045872
31.650997
32.050391
33.639275
33.075887
33.091566
33.947705
31.203144
32.613943
32.004068
32.271250
32.686637
32.807388
36.076186
42.569479
36.050331
33.458112
38.231132
42.944402
41.806830
32.806849
31.362828
26.228187
27.087862
32.834809
33.577805
32.870477
32.367907
31.713280
33.093414
33.733559
34.091570
29.624506
28.251486
28.908805
28.593180
34.454698
29.046148
27.096594
28.601613
33.456875
33.765984
34.043143
32.217284
34.158652
32.061031
27.086080
26.460084
27.018627
27.625606
26.955371
25.606091
31.433784
34.175293
31.624706
26.307336
26.145542
33.709377
33.226904
32.487470
37.950221
37.146898
32.657133
31.963240
31.647100
32.255820
31.016885
31.670215
28.407007
26.294158
31.744631
38.143216
38.199939
32.768482
33.826462
33.726330
34.866974
29.955489
32.346902
33.726916
34.499487
34.482951
33.527083
33.673077
34.348183
35.176712
34.160544
33.681505
35.372164
33.389073
33.671966
31.931023
32.409747
32.365693
32.765050
31.962248
32.627306
32.997050
40.412197
32.743201
33.426077
40.664369
42.867561
39.567924
31.240029
33.910437
34.267096
32.519545
34.533862
32.856739
33.117763
42.770091
34.082598
34.559954
34.280121
34.293964
33.476473
44.440803
40.864772
33.399429
32.558862
27.772601
29.510475
31.177263
31.369199
32.937661
32.684700
31.671979
29.091136
27.723030
31.566026
33.500868
33.245961
28.267086
26.048510
26.590247
29.813247
32.372600
36.721835
36.698398
33.603185
31.897645
30.029091
29.097249
32.956122
31.901198
30.527598
32.596366
33.625147
33.013995
33.011332
48.599988
36.013382
33.774001
31.871292
31.996621
33.384155
33.597686
31.535366
38.777565
33.501235
33.441804
33.912586
31.242357
31.643362
31.897656
32.995589
33.386469
32.919730
34.325052
39.973243
32.424790
33.882972
32.053170
31.708109
32.995672
31.555554
32.189499
26.530331
27.732271
29.980726
27.145049
31.191730
33.133498
28.985650
30.900441
33.695588
34.304566
40.119050
31.917369
40.486034
41.618176
33.920200
33.981280
34.577142
32.817456
31.138584
32.963851
28.225396
25.999839
29.927560
32.554764
32.746979
32.730649
34.184339
31.038535
32.314097
32.424393
32.070117
32.092800
32.310295
32.268403
35.194402
32.723668
33.282856
32.795517
36.386986
41.976177
40.029262
28.396183
33.982549
34.343730
34.120613
34.825722
34.391443
35.202767
35.167871
33.033708
32.806944
34.823321
35.069231
35.785877
34.258435
27.623741
26.733251
27.641504
31.349575
27.672114
26.153245
26.118518
25.831422
33.546339
33.370125
32.606051
32.505937
27.952762
34.916848
32.555435
32.040152
30.177078
26.145092
29.602717
32.457350
33.724293
32.917892
32.119771
35.762276
49.891903
34.738178
28.868363
33.150816
31.544175
26.080083
26.688253
27.134842
29.246490
34.958730
33.410310
38.882024
45.156758
34.410597
33.917298
34.948312
35.030806
40.917694
32.647837
33.117145
33.007622
26.616259
27.188706
30.608314
26.502943
30.855926
32.194879
32.355577
29.882640
31.771071
32.465371
33.368047
32.541387
34.526615
34.525142
39.453456
42.605182
41.023571
37.202559
43.005375
42.757438
35.832884
41.954996
36.579056
25.748293
29.486190
31.840268
36.756836
41.191281
32.109740
34.387112
32.515720
32.104812
31.761254
26.424022
26.017322
29.208728
32.839650
34.545971
27.929947
25.650515
28.581906
31.894050
32.441032
33.347629
34.361175
31.797957
32.718708
33.983253
33.993808
31.908886
32.286033
32.305394
31.472500
32.579495
34.124420
35.749560
32.740069
39.683330
33.120356
33.405775
33.449366
31.919259
31.787203
33.231365
34.222366
33.399543
33.410929
33.285727
33.097705
31.161854
32.902076
33.324045
32.704777
31.283173
26.815832
30.450529
33.506549
27.959752
28.908500
32.761506
35.221585
33.050006
33.232547
40.647391
38.529174
32.801156
28.777050
33.057061
26.121344
34.846260
33.707545
32.408946
32.857278
32.938943
31.287625
31.738405
31.477765
30.131120
25.783989
25.296705
30.845713
34.280566
29.899870
27.220721
29.330789
34.612012
33.381581
33.351590
32.103774
33.175784
33.318838
34.875830
33.147396
33.941207
33.367124
32.972786
33.473483
31.973805
33.209187
32.529624
32.438474
33.081689
32.704725
33.500024
33.613462
32.142677
27.195155
27.146323
34.584815
32.392360
41.704515
35.855404
31.233735
33.380562
33.811941
31.217906
27.028562
27.087248
28.082190
28.264945
31.333166
32.148894
33.294250
33.041251
32.185165
26.599842
28.512206
34.791048
29.769734
26.974481
26.915808
40.475255
39.647289
31.437502
32.207655
33.278649
26.792651
28.003647
28.969880
31.405834
33.699652
28.454034
29.439969
26.400994
23.797700
24.490124
27.440411
33.213532
33.144504
33.107983
33.610275
34.280374
36.214066
32.546526
30.199026
34.288873
31.952512
32.815804
32.220429
42.004983
42.013784
36.340933
32.801456
32.967515
33.357208
33.678664
31.400918
41.240590
34.020878
33.142957
32.629827
32.914126
32.927513
32.287755
42.037803
37.310263
31.289942
30.738076
32.817575
34.161583
35.523085
34.140796
30.820472
32.668205
33.983449
34.146497
34.999167
33.832741
33.013956
33.299677
39.068762
42.620892
34.366291
33.012598
33.185296
31.466900
31.671948
29.322668
28.308436
32.202770
32.952083
32.736348
31.939738
32.387959
33.049044
33.813595
38.517297
29.845265
26.356477
26.619150
27.040506
42.091941
31.994223
32.683403
31.511174
30.810950
31.953896
41.674501
35.091837
27.913162
30.117584
32.649713
33.643448
32.773628
31.522026
31.524315
35.149949
33.575679
34.422250
33.825014
40.418132
32.309974
32.604316
38.801522
36.796977
33.072410
34.029455
43.053347
42.245100
42.593701
42.312719
32.334314
31.767574
34.146271
32.711805
32.649133
34.726469
33.768188
35.601575
33.419487
32.706389
33.436457
43.646727
38.617218
42.560741
44.207912
32.905461
39.924848
42.195124
32.284585
34.542313
33.302005
35.580635
32.690867
32.950499
34.261363
37.004591
56.958023
138.078904
25.726608
24.461803
31.384056
30.841557
31.300694
31.587480
39.773655
34.528830
30.305419
30.601180
31.541001
30.409358
30.879667
31.200414
30.294746
28.972214
23.677297
27.338315
30.045922
30.990102
31.558901
31.284370
41.180330
30.163124
30.521095
31.052943
30.573101
29.396321
31.691459
33.166741
31.879096
31.146038
32.677749
33.426773
41.834871
43.226230
40.188836
39.018832
31.558521
31.383063
31.782900
30.573385
25.445884
25.217824
30.042096
37.419509
31.376054
30.682193
30.760189
31.254522
31.327088
31.047480
32.420964
31.087465
29.492748
25.106340
26.771904
30.535415
30.177547
31.463382
33.298331
26.566938
25.358436
30.595540
35.808476
31.779247
44.235698
37.231948
31.504412
32.532208
32.118141
27.586657
28.467235
31.917552
26.690284
30.150301
33.146281
33.141756
32.466838
33.391741
31.959243
31.308420
31.299461
32.697015
33.508462
31.923017
32.196512
32.833702
32.791092
33.464779
34.374839
30.934960
40.032411
34.875704
32.280416
36.517856
42.210180
33.827753
31.877520
26.946946
29.320238
32.266286
31.897370
32.200403
33.782224
33.753181
33.864719
32.226235
30.384810
27.339509
31.667627
30.894375
28.636384
25.827635
33.034252
34.057372
33.198603
32.653200
33.034369
33.668828
32.974247
33.532735
32.612705
30.990481
31.763939
31.547589
32.939737
33.726119
32.558506
32.901236
32.278428
32.150125
33.782577
32.332534
26.321678
30.904527
31.327484
33.775264
33.395463
41.810574
35.526581
33.544165
32.271161
33.624020
33.604467
31.199473
37.808094
40.847095
34.115981
32.911667
32.572577
32.877758
33.386765
33.303177
32.164096
32.325647
31.866743
34.704617
27.348293
27.144638
31.396626
33.146361
33.938922
32.931800
29.957525
31.344991
33.689511
34.864661
34.141300
33.356427
32.812957
31.441249
27.526838
27.283284
30.030112
27.758643
30.107539
31.029926
32.743355
32.219676
32.407352
31.555230
32.407512
32.793595
33.970926
32.790833
34.094700
29.527017
26.248516
25.758389
26.722784
26.214695
26.484356
33.677500
32.631885
34.225357
39.785880
32.465013
32.139989
32.475684
27.060842
27.213786
33.172315
33.335641
32.295175
35.542974
52.839663
46.686643
34.402181
35.124677
33.592390
34.825334
36.734879
38.452846
39.939588
38.064919
36.598215
32.793413
31.825958
33.955638
38.189644
35.828151
34.047160
33.374129
32.584084
32.338068
31.668005
33.631378
33.994606
32.762784
31.091687
33.180061
33.953725
34.063186
34.881686
32.665710
32.944202
34.396359
42.146856
33.675660
42.206831
34.873062
36.434827
33.591025
30.441667
33.318565
32.146462
32.678006
39.485713
39.344207
32.382574
34.342210
32.657105
26.847717
25.659206
30.963774
32.568129
33.391160
33.501014
33.452878
36.967588
36.812175
32.379998
32.987132
41.361320
35.042817
34.465666
41.524600
34.122652
33.493798
32.779105
32.287365
34.882699
34.473292
31.930706
33.523209
33.337559
34.495916
32.558344
32.694644
33.156645
34.364354
32.363791
33.044778
32.939614
29.058486
26.499528
31.905814
28.834743
25.599526
28.815171
27.470115
27.874856
32.422355
32.864714
31.840591
36.272171
40.364931
34.989885
39.501539
37.314753
34.104632
32.016253
27.750302
25.870098
28.795197
32.746072
33.611038
34.779897
33.621981
27.503412
27.389550
27.944838
26.290859
26.429108
25.907002
33.910193
39.801873
40.679667
36.259254
32.829139
40.433730
37.222538
32.925504
32.130659
35.205698
33.686405
32.984140
34.324271
33.110697
32.946411
32.532518
31.306351
41.143902
37.456403
33.365699
32.404518
33.314208
36.086586
44.724228
44.218323
50.398750
33.233136
35.740844
33.840079
33.405540
34.917466
34.375294
34.257145
33.785827
31.930786
34.439383
34.573044
31.660927
28.701186
31.144883
34.494937
35.644437
35.433850
28.372516
26.776814
29.405023
26.033481
32.468309
41.691942
34.062235
31.733054
29.156601
33.892950
32.904753
32.082794
26.748411
26.556939
27.053857
27.089451
27.675107
27.050990
27.401282
33.024836
40.180671
38.283759
41.515451
28.275261
33.287556
31.660164
31.664790
32.353627
33.645037
31.882409
32.462320
33.921399
31.455453
34.235854
33.972835
32.048294
33.450467
33.286464
31.658082
31.358439
31.661952
32.547894
34.086773
32.381261
32.326670
34.242193
33.488543
34.075281
30.303375
31.224402
27.722541
27.537329
29.446031
29.835792
26.722592
30.367892
27.600600
33.412521
32.000725
26.608333
30.237644
35.548734
43.535945
34.742402
33.054376
33.752203
34.037925
32.391084
32.534687
32.167620
33.023053
33.232151
31.473318
32.843798
32.517239
32.740427
42.903781
33.610157
32.808721
32.934007
33.809320
32.257205
33.081808
32.992843
34.375719
31.811397
32.777306
33.097528
32.938336
33.694056
40.435272
32.126874
32.471662
30.767342
32.389049
34.930952
31.745116
31.316694
29.796781
24.813343
30.147235
30.910896
26.320331
33.127429
31.934156
33.613414
33.036635
32.285538
33.258328
40.538106
30.889093
34.228398
33.020900
32.909870
33.831220
31.901821
33.344081
33.031667
28.201515
31.083504
34.611995
34.171559
32.925701
31.280857
29.876380
29.725460
29.462384
30.729196
32.079014
27.803309
27.075051
27.665344
27.820848
29.632817
35.133722
27.305666
26.338042
25.546973
26.810014
30.833768
27.552677
30.818769
30.019418
32.622710
27.201211
27.540207
30.278630
26.218798
25.645492
27.079582
26.851207
30.762492
33.330206
31.892746
32.829614
32.570797
33.568973
32.093538
32.175549
33.253370
32.814060
33.525872
34.229878
33.760230
29.308873
25.297482
25.258628
31.814166
33.567397
32.060741
32.159278
33.661942
31.564951
33.692268
32.595927
30.787153
31.923091
31.980345
33.782463
34.555583
32.848112
33.229229
33.361320
32.485082
32.261718
27.352400
30.039644
27.347043
27.858468
31.341048
32.740337
32.287757
32.445769
32.147521
27.232718
25.809976
30.587535
37.371717
42.208598
34.759443
32.402610
34.354942
34.251486
34.245832
31.362615
31.265708
32.517538
32.201835
33.735767
32.845161
42.438247
36.857994
33.512825
33.843111
29.572736
28.661088
34.626223
36.941078
42.153171
39.889562
32.835920
31.659820
26.432672
30.681631
36.614159
39.537614
34.436453
32.419474
29.237281
27.993470
28.112915
31.057600
32.713970
33.117325
33.767016
33.408996
33.504641
32.042374
31.558395
32.338467
32.602407
33.037016
34.623886
33.696079
33.227289
27.218087
26.331409
33.356199
34.681765
32.681200
31.754770
31.392700
33.713766
36.277067
42.557538
40.556937
34.445533
32.505808
31.966778
31.372792
35.326838
32.334302
33.488408
33.111043
34.885219
31.644987
32.620769
31.926768
27.637166
26.976567
29.972369
34.438253
33.787358
33.873465
34.090324
34.091321
34.777336
34.081395
34.959291
33.529466
34.966735
36.160423
33.499036
34.699282
44.818814
50.759300
31.765262
31.904352
32.110984
35.715534
34.124887
33.797955
32.157229
30.462373
39.226391
33.262367
32.356160
32.539331
26.263027
26.602749
26.169468
29.387285
31.214525
32.837284
26.060146
26.058488
38.815051
39.061317
33.829591
32.809496
39.947532
36.185032
31.100477
31.996035
32.656293
31.635902
37.131092
36.640484
33.321454
31.091746
31.755737
31.124924
33.127238
33.897766
41.902984
34.330036
33.257694
32.589079
31.729635
42.280385
33.756383
33.110354
32.770322
37.631986
44.320286
38.780994
35.491669
33.083518
31.323431
30.187638
30.200907
31.879676
31.365718
38.184649
36.841787
31.954433
33.689416
32.559480
33.500204
33.326621
34.123046
33.139325
27.718921
26.601817
25.699083
33.121740
32.081061
33.776960
33.278161
33.509112
37.465821
39.857791
42.722329
38.331822
32.905207
39.844102
33.054877
33.425576
30.906994
32.240008
39.207883
47.883394
31.875001
33.576004
32.643856
39.251646
36.584902
33.605268
32.069645
32.277216
31.498789
24.162169
28.566478
31.324076
32.713651
25.600282
27.963022
25.118606
25.407702
29.143879
25.626168
29.403052
31.896004
34.843513
36.471573
37.815685
37.305402
34.115379
42.097961
33.827859
31.172665
33.253392
32.565663
33.451542
32.546512
33.789849
28.571823
26.685065
27.326180
26.373188
28.082994
31.863614
33.171988
33.229346
32.676604
32.375564
33.114277
33.582993
33.316309
32.684760
31.638179
33.129037
32.620424
32.488936
32.234706
33.503745
32.267111
29.570615
26.429165
29.787034
31.956227
32.822088
35.485261
33.673377
33.928590
34.207242
33.683181
32.474339
36.103391
43.296761
43.019929
56.299708
97.448738
36.537428
41.484752
31.543705
26.887697
24.473753
29.018322
27.425208
24.737573
27.949184
25.437635
27.910571
24.516891
30.653091
30.907023
30.015017
33.685319
31.091597
38.261551
33.693145
30.615845
31.256681
29.866552
30.175337
31.084775
30.994336
31.112015
28.955026
24.916543
28.677177
30.630468
32.110722
30.664595
33.195329
31.037409
31.551011
30.571284
30.138232
26.271531
23.901962
27.772240
31.923758
39.680881
29.743091
30.427041
31.429936
37.142070
36.604341
33.849117
39.555905
40.119975
26.555679
24.238149
26.202833
31.473009
34.131018
27.005278
27.637814
32.590043
32.882011
32.045655
33.545282
32.709625
33.000262
42.721918
35.626878
32.086659
33.182501
34.187540
32.863936
39.474593
42.592723
40.579844
33.632180
32.787833
32.863812
32.353156
32.726820
33.892577
33.181550
34.738888
32.187580
33.573208
33.290916
31.867827
32.909601
33.804904
32.832873
32.372598
25.026823
25.063426
32.661381
29.193555
25.571885
30.474838
32.351616
31.284387
33.481915
33.772094
33.454706
31.250064
33.787056
35.643277
34.269704
34.518901
35.496290
31.640459
32.100127
28.100501
28.656525
35.855693
34.284853
30.550983
33.266055
32.859426
34.573872
33.784383
41.470204
32.426794
36.020617
38.582318
32.969056
32.541249
32.469215
34.598067
31.749229
31.427745
31.104306
33.684599
33.053620
32.617218
33.527467
32.405085
33.024392
34.190475
33.943523
33.962305
32.001198
29.396685
23.801879
27.507650
25.268380
32.298224
32.898967
31.606814
33.114650
33.088217
32.469769
31.313636
32.176804
34.008789
39.565173
39.860231
31.619475
34.100262
40.996701
39.495410
33.768909
32.240877
32.627598
39.817116
37.147721
30.729761
28.766941
27.845744
28.878931
32.212944
32.051301
31.617459
32.285196
33.976193
34.758712
33.012617
34.470856
33.108908
34.897400
33.708027
32.372115
30.493867
33.276425
32.702340
33.950939
33.448648
33.066602
32.289359
32.929861
31.097085
28.363387
29.602182
25.609439
30.484508
29.606355
27.673986
32.101753
33.602945
35.457221
33.403064
32.566812
34.461094
32.095817
32.146146
31.716536
33.995226
32.223008
26.861329
29.703084
33.771665
35.123376
45.932451
28.984911
26.397723
31.477292
39.390966
40.509561
40.476129
37.283982
38.437518
40.788099
35.060254
33.312482
33.011441
32.013872
33.619365
32.180543
32.768814
31.770038
26.360127
26.290950
31.340141
30.087503
34.686210
40.909453
38.842524
37.999687
34.818890
31.809794
26.676912
27.981231
35.047256
32.145190
33.457355
31.651236
33.332453
33.371468
37.920283
40.629963
33.798322
32.312580
33.271250
31.346084
32.457053
37.215534
41.285610
42.227297
37.168714
38.805655
31.773612
32.902555
34.468120
29.595341
25.931693
28.448194
34.936546
30.115144
25.135969
28.823621
25.375603
25.937716
30.823698
33.193295
33.427501
30.787486
32.580312
32.636784
41.985037
31.701291
33.297625
34.301688
33.409100
35.881022
34.445288
34.022504
34.757586
36.189150
34.770225
33.296284
32.818465
33.299826
36.687630
41.461420
40.999623
34.010307
33.065393
31.585202
35.995639
32.288588
32.033289
33.802775
34.026624
33.541297
33.522372
32.307924
33.333460
43.235951
39.501697
40.743931
31.594568
32.668720
33.833472
32.636299
32.624152
32.539544
33.836519
32.206970
33.534698
32.846198
26.002211
27.112214
33.818428
39.929266
29.910688
31.074727
31.589268
32.599794
34.518520
39.094956
33.387645
33.012505
33.452620
34.489229
32.123676
33.696399
39.593803
32.104118
34.761951
32.565916
38.061915
43.506415
40.008286
32.545059
32.824769
31.865341
40.659705
36.310516
33.075844
31.856176
32.998017
29.575815
31.522328
38.712628
27.069178
26.158418
31.687349
34.148975
34.468371
25.913480
26.471787
33.933024
40.312021
34.855627
30.614682
30.977793
40.113016
33.784167
33.402128
34.262967
32.456029
33.600449
33.974775
31.627697
31.940790
41.116710
34.298136
33.555275
37.953697
38.249412
33.439771
29.865539
26.373441
26.047882
30.036520
31.802049
32.045886
33.661708
32.627453
32.598919
26.714104
31.468678
34.391006
32.625295
32.440563
31.781623
31.066662
33.984958
42.667381
42.450547
32.946730
32.300230
32.737201
32.721104
41.743102
33.252257
37.454587
36.965601
26.114959
30.751380
34.930411
33.360139
33.442172
32.234821
32.119414
32.109976
33.076054
40.910983
33.235811
36.128891
38.847444
26.835431
29.124124
38.584158
35.436105
37.189248
39.883224
37.910612
32.713801
34.270932
33.629316
31.601498
32.118139
26.266994
26.893830
31.881860
26.370148
31.739871
31.844083
32.965081
32.412182
31.873526
32.644898
31.406675
31.452912
33.457350
33.711759
27.306081
29.924049
33.682738
33.810754
41.025433
30.719888
31.092795
33.023945
33.531889
32.270110
33.174727
33.013386
32.483852
32.363417
32.215147
31.658651
31.980562
32.959250
32.449299
31.846202
32.700906
33.813132
32.040415
34.621335
31.444466
30.166226
29.334260
33.313927
31.951814
32.476686
32.458597
32.109616
32.184624
30.376028
25.661557
30.753898
41.362407
34.793353
32.673746
30.960458
32.921485
32.990932
32.144723
33.158267
32.156204
36.347204
34.426502
32.548135
32.596020
33.588032
33.653748
34.902303
32.398200
31.140088
31.634221
32.224821
32.139422
32.131744
32.779782
31.616068
33.602717
31.832544
31.761241
39.408211
36.472059
32.382861
26.443383
27.923717
35.482913
34.886651
32.872588
32.661101
34.607297
34.318226
34.561810
48.098177
36.313832
35.171238
33.530138
34.137534
32.604734
30.535562
29.744065
27.359718
28.131743
27.945239
32.040989
33.883817
33.032816
32.438477
27.401983
27.462802
31.191808
32.413612
32.973249
33.917616
32.332223
32.728607
32.971826
31.650625
31.355023
34.341867
33.321863
40.789911
32.847823
35.979828
39.433838
31.765698
31.714405
31.867643
31.775933
42.768220
33.844306
33.113128
32.626937
35.233068
32.593002
31.810056
26.333057
27.992945
28.300390
26.596988
25.807236
27.160429
31.909591
32.705886
28.986364
28.784623
33.138631
32.372425
33.124355
32.455757
34.363670
32.342015
31.761118
29.262315
34.867066
34.975183
28.619636
27.705752
29.203297
33.357763
35.103521
34.044166
34.843307
33.538318
37.453837
46.615561
34.864662
32.488430
41.256209
33.835607
31.419870
31.231790
32.618206
35.025462
40.963021
41.499365
41.280685
33.446445
32.005121
32.483344
38.876110
35.578680
33.166942
35.063572
27.498408
28.707397
31.702039
31.970684
33.198144
31.866046
31.945273
29.953301
35.361039
37.869649
33.682664
36.684629
42.178420
42.348597
35.167585
32.790333
37.418421
39.340844
32.658315
31.498472
31.030953
35.475512
40.618442
39.144238
33.718146
33.597181
33.429823
31.869180
38.888817
42.766530
42.490147
33.572641
37.447333
42.529842
44.830254
33.665066
41.553191
33.002790
33.367868
32.243819
34.095490
32.836091
32.420136
30.475605
32.875420
29.141642
26.120550
26.095605
27.250942
32.874800
32.972218
33.900345
32.843627
33.054611
30.867213
30.547505
33.970687
34.670169
34.534457
34.293733
32.980312
31.368474
32.510935
31.935422
26.968321
26.328712
30.525940
33.891907
32.795771
34.106298
32.673837
33.068605
33.434599
31.575160
32.196174
31.233689
32.151988
32.906144
33.230327
33.345205
34.044712
37.583140
41.939060
41.784003
32.841393
33.699342
33.386596
42.365022
37.854043
40.795493
36.941329
31.894026
32.286073
33.348492
33.523780
33.722787
35.248211
33.506113
32.393039
37.255726
36.519253
46.687426
38.450583
50.170768
34.936628
33.824228
30.566017
30.224435
34.114756
34.763328
34.320157
34.255798
34.229012
33.231250
39.106780
34.602619
33.281198
32.185230
41.313029
37.566000
40.499076
36.414689
32.735333
34.347662
36.950679
32.897344
32.475543
33.843884
31.935616
32.692043
44.113789
34.309147
33.943437
31.943962
31.384619
32.941670
32.589707
32.807007
32.730479
33.543565
33.823138
34.225865
31.823996
32.779256
33.014256
32.355406
32.880242
33.445826
32.519882
33.816762
42.269434
41.028683
36.937436
34.021395
32.270529
32.574587
31.663091
32.692392
30.178553
28.391408
31.077692
32.594872
26.488697
29.714859
32.914243
32.544247
32.653251
29.016250
27.430392
29.508365
26.485408
26.221781
30.124975
42.578830
37.891095
33.337673
33.829423
36.903814
42.522753
34.249658
42.441064
36.755772
31.188518
32.270436
31.262927
32.341028
28.381680
23.583036
23.652842
33.110889
37.610667
40.063449
37.128315
39.850327
32.194028
39.855440
36.527081
30.571604
30.688353
38.176195
36.573371
38.631887
31.719901
30.581919
29.728069
31.806766
31.861622
25.798582
25.969887
41.650555
34.220719
31.170193
30.450403
32.211472
29.517901
29.577865
29.467881
31.138273
30.564554
30.233919
31.241880
35.684880
30.269182
31.248121
31.866550
31.762057
30.361069
32.234306
31.774393
30.269509
30.767768
30.974209
33.496198
31.461336
32.420557
34.286499
35.259796
33.508103
33.413572
32.478487
34.938689
36.631643
35.314878
32.157799
32.402375
32.064160
32.472622
33.003014
31.473744
33.732850
33.552553
34.267525
32.338574
34.668480
40.965233
33.185693
34.001228
32.942496
32.687292
33.764354
37.545038
41.986828
31.750772
30.532833
30.569403
26.937364
32.244502
33.617005
32.905292
33.216184
33.630610
33.173529
31.952186
43.193613
42.779325
32.410702
39.583362
37.314063
34.123372
31.880254
40.580827
42.402523
33.286480
32.831300
32.849293
33.658607
34.327032
32.001017
34.725902
32.480563
26.928452
31.702331
35.001876
33.615696
32.990139
34.263249
35.614263
35.033257
34.507774
33.948848
33.677200
32.332215
32.274057
40.941860
42.108455
32.936525
36.904502
42.592737
37.802943
38.551797
39.345182
31.689534
30.948511
27.332803
26.777626
27.338102
34.396677
37.635566
43.056374
38.507802
32.787928
32.994563
36.541334
42.681580
35.682223
33.347312
31.317316
28.182280
33.879449
32.251482
42.716440
42.591359
34.095098
33.540278
33.036577
34.540755
41.589406
42.013310
37.292643
27.328600
27.582999
31.704334
28.011091
31.547419
34.333874
33.648486
34.183486
42.260398
35.829901
32.995916
32.562180
33.993444
39.402160
37.154259
32.868788
33.235978
36.193233
39.976745
26.212666
25.917731
31.560931
36.851678
43.643565
34.061301
32.497869
35.389899
51.244008
44.748290
50.437737
50.608208
36.564969
35.864441
36.317208
34.948776
32.465853
28.940003
33.708509
34.435266
34.568277
35.584676
33.158683
32.479169
33.085430
32.863431
33.562282
31.927638
32.783528
33.209977
33.856801
32.665441
34.249642
34.758545
33.413587
31.488189
31.059941
31.757248
33.537408
34.961909
33.346894
34.058887
32.431094
32.316768
32.156776
32.457411
31.931845
31.306395
34.650732
33.158450
32.480797
39.543689
35.083312
34.748471
33.393452
32.240360
33.113445
33.881195
32.328519
33.680382
40.958233
42.294935
41.049367
31.817781
33.999277
33.957569
41.406844
34.925501
34.141745
34.155871
36.762465
40.504354
32.670254
32.834655
26.602762
33.009273
33.527622
33.827228
31.661191
26.709591
32.458780
36.039762
43.698052
28.475874
29.152761
33.255531
33.872420
33.832396
31.518031
32.081620
27.623077
27.808266
30.772447
33.451658
34.205253
33.301335
33.577761
28.665415
29.146358
33.540991
31.632910
32.276520
32.024653
32.651528
32.484385
33.177518
32.753772
32.337645
27.383534
27.518713
25.813222
26.389738
29.809011
28.269207
31.892255
43.106526
30.527118
28.463590
33.583613
31.792789
32.728058
32.772271
32.031357
32.110926
33.462523
32.935976
32.829177
41.510741
37.205989
24.805405
24.410280
25.209805
30.974484
26.584775
26.549280
34.048449
32.284644
33.008997
32.317422
30.450989
30.814797
37.802783
38.644704
32.187040
32.646860
33.355860
31.430824
36.881640
39.739956
41.918209
32.988286
31.801863
31.764311
33.096057
31.308966
25.663818
28.547384
34.556160
39.831581
29.018184
32.874364
33.136450
32.354930
44.286878
46.083662
40.705982
34.569246
39.390268
51.103778
47.635357
28.157188
27.764781
28.761477
29.187547
26.142097
27.903486
27.668069
31.351034
33.211192
40.914666
32.734041
32.155070
31.742949
31.896048
26.529632
29.625315
33.438989
33.279845
33.671381
33.167044
32.205135
35.031008
31.399533
32.916089
31.835843
32.564561
33.851097
32.827986
35.736996
33.379590
34.389381
40.764160
42.209864
42.431835
42.284166
42.767547
37.636751
43.069974
36.415364
32.708798
31.451830
31.690466
33.198670
36.125621
33.529746
34.049854
33.215730
34.652359
31.693114
30.863559
31.931751
32.026886
26.646959
27.536568
33.059797
31.846830
33.526899
33.151939
32.256996
30.820138
42.197433
42.765629
36.485467
33.482108
41.345306
40.594930
31.353433
31.771946
31.717076
33.945221
45.094415
31.857616
27.251946
32.781552
34.601123
40.891930
35.092586
41.713377
38.935095
32.310776
32.311937
37.152692
36.727303
33.430121
36.540242
38.505807
37.383087
26.590845
24.732192
28.132052
32.506891
32.767164
33.205011
32.051078
32.413661
34.119058
32.925930
32.243597
25.952119
27.724587
35.041928
34.242483
33.757877
33.267841
34.150000
33.246266
31.314453
40.598762
28.482824
31.139998
32.313908
31.852892
34.361684
33.404600
34.740349
39.621635
40.508471
33.729190
39.378107
33.650422
39.933561
40.362775
38.480118
32.892612
32.598241
32.836196
33.443999
33.119203
34.301863
32.505343
31.882403
32.040809
40.299195
36.453773
32.775727
32.954258
32.117925
31.736366
32.456676
26.863335
27.725780
25.447769
28.155113
34.770147
35.156576
32.601970
33.862800
33.704170
32.622707
32.356519
36.803053
36.799446
32.766904
34.426516
42.362482
35.530681
32.454738
32.871004
41.543813
36.472464
41.662247
37.655358
42.179271
42.433935
39.589097
32.513878
30.731336
25.714273
30.561415
34.949762
33.728201
34.174604
33.647668
33.639480
32.124373
33.584580
32.424287
33.358663
33.542281
31.845133
27.080094
30.041516
32.938466
32.087686
32.588539
35.860422
32.708849
33.527438
33.033752
32.587843
32.281315
31.684122
32.143178
31.345541
32.073892
27.539497
28.742554
32.330544
33.019282
31.726888
34.249210
37.860510
38.902039
30.244740
26.203252
26.021855
31.403990
34.549447
33.680932
33.330124
38.979084
37.712935
32.167845
35.071356
36.449685
33.806036
32.973126
31.977230
34.073776
33.885809
38.473655
31.476825
32.068225
34.177692
33.248126
32.171126
33.805525
32.613391
27.395570
25.363879
26.266195
28.891909
32.670993
33.519579
29.860839
26.396717
30.821617
32.844586
28.198520
25.287603
27.294475
27.785213
31.954337
32.349223
32.694471
32.202310
33.766474
33.850053
32.530346
34.021726
33.449197
32.468161
31.840546
33.401211
34.235040
32.734018
32.905672
32.187591
34.737201
33.090857
31.935029
31.648579
35.483138
33.271247
33.197615
35.395951
32.332769
33.920894
33.993950
32.794081
32.116478
32.689943
33.236179
33.335176
33.235203
38.170092
43.413783
31.884580
33.779296
42.375889
29.759705
27.469120
29.689349
33.382862
34.914794
35.304260
32.226610
31.948543
32.353966
33.515654
33.256420
32.631363
40.627556
31.669003
28.964955
24.970743
25.054265
27.106271
32.035845
32.882737
31.885141
31.961850
31.531674
31.489890
33.242379
42.699778
33.284601
38.288655
38.782684
32.441141
32.517822
31.723411
33.911689
33.790502
32.320565
32.056979
31.639337
32.189156
32.556535
33.978063
36.806796
33.896832
30.452433
26.050992
25.030271
24.894751
29.938500
33.524430
32.417020
32.137422
32.655789
33.470503
32.110690
35.147850
41.375007
30.447372
31.989970
33.430051
32.616811
26.848761
33.276236
33.988517
38.073000
29.339592
30.855869
32.339899
33.247177
33.210661
34.217198
33.131631
34.246960
29.420443
33.615119
33.471013
31.760584
32.359504
34.081150
33.491964
33.250185
33.622410
35.020290
35.141240
31.950698
31.088022
34.137039
33.506686
33.114799
32.254098
33.573839
33.332438
33.653416
34.082926
32.077441
33.200360
33.181075
32.313588
34.534674
35.523113
34.503266
35.608519
34.850304
32.756638
33.289003
31.886725
32.270160
32.655227
36.616419
40.505438
32.034858
34.036969
33.347842
32.269298
31.031728
31.355949
32.327090
31.515533
33.700227
32.428747
33.665816
27.761791
31.761732
39.448710
32.101497
33.190012
35.290546
40.920679
34.496373
34.432560
32.546084
32.805958
32.869949
33.351663
32.431874
34.335015
33.430769
33.012397
30.965665
26.500125
31.714381
35.746489
42.008337
35.312329
34.499185
34.049250
32.531729
32.812594
33.836629
31.975279
31.447965
33.241153
33.916481
34.526566
31.233987
26.544171
29.158849
25.843385
29.116210
40.665047
65.709342
