50
116.898592
117.407411
117.175581
119.381631
117.689747
118.933618
119.017537
117.773696
119.514922
117.778585
119.022383
119.308263
117.866174
119.178672
118.035410
118.254169
118.024208
118.123209
118.389659
118.293631
118.606893
117.896610
118.275691
118.399390
119.249243
117.092661
119.249669
117.808262
119.206906
118.452632
118.242418
117.773602
118.504294
118.655788
117.787730
118.975623
117.366519
119.354279
117.976900
118.756723
118.551345
117.939476
119.285570
119.369941
119.419535
117.301802
119.223003
117.263959
118.915046
118.537581
118.217135
118.928451
117.428490
119.439615
117.776048
118.910143
118.921355
117.766554
120.206162
117.453391
119.308790
117.382958
119.203066
117.491166
119.178165
117.556025
119.262537
117.567090
119.254984
118.016459
118.704299
119.614550
117.961974
119.018514
119.325008
117.799424
119.461885
117.388394
119.790424
118.592784
118.698861
119.632094
117.747603
119.269848
119.361932
117.473812
119.617586
118.609438
118.281270
119.641000
117.473377
119.661172
119.100022
118.084162
119.912535
118.106521
119.026493
119.353950
117.714772
120.064516
118.095128
118.984445
119.355826
117.799390
119.824778
118.673197
118.352091
119.559665
117.639879
119.512393
118.660675
119.032444
119.138186
117.592917
119.727565
117.920108
119.268937
119.122171
118.201016
119.801475
118.138908
119.053598
119.221001
118.015735
119.948732
118.181094
119.342318
119.172937
117.741584
119.462782
117.932065
118.939197
119.451695
118.639270
120.572134
117.771503
119.735699
118.050544
118.942759
118.989445
117.987886
119.859432
117.830943
118.962663
118.072149
118.815144
119.572852
117.334499
119.288623
117.594145
119.079564
118.070898
118.698974
118.306644
118.571677
118.960945
118.108012
119.047276
118.425523
119.727418
117.462541
119.405422
117.366034
119.305649
117.394582
119.288860
117.621086
119.128906
118.305370
118.446240
118.385865
118.167686
119.203363
117.466435
119.382864
120.631197
120.675490
120.685324
120.469402
120.460916
120.389747
120.479068
120.452877
120.439155
120.385926
120.748073
120.475534
120.463833
120.356365
120.422525
120.341078
120.386732
120.355291
120.646531
120.403533
118.967002
120.355926
120.401947
120.382290
119.228172
120.248346
120.417689
120.590247
120.531701
120.843032
119.296209
120.573691
120.831895
120.639504
120.538803
120.497071
119.330844
120.679461
120.480216
120.564662
120.474137
120.705966
120.593612
120.674589
120.553748
120.623060
120.523660
120.637612
120.819285
120.639828
120.689324
120.577899
120.532279
120.545499
120.647079
120.495913
120.547476
120.660797
120.412388
119.393289
120.576930
120.675085
120.601492
120.568703
120.523440
120.797277
120.589620
120.508332
120.486045
120.529197
120.684314
120.602262
120.604504
120.865395
120.631331
119.903378
119.704271
120.484127
120.650342
120.588229
120.699864
120.576077
119.279387
120.679392
120.582368
120.479024
120.719709
120.707232
120.651986
120.544969
120.684473
120.504027
120.647829
120.451956
120.665586
120.586060
120.825467
120.736988
120.796063
120.622102
119.366111
120.731760
120.774656
120.860012
120.769136
120.765558
120.659316
120.774687
120.938182
120.818895
120.732420
120.722286
120.798675
120.707919
120.606266
119.140143
120.355311
120.625724
120.445781
120.535265
120.451993
120.515556
120.475667
120.390995
119.324731
120.142827
120.463593
120.452296
120.321855
120.548343
120.506573
120.433455
120.429064
120.449955
120.629300
120.622387
120.687423
120.566293
120.495416
120.579818
120.528198
121.043599
121.707320
120.563212
120.630732
120.605933
120.495751
120.628374
120.577610
120.588185
120.699255
120.482082
120.393067
120.505452
120.624080
120.547273
120.639109
120.641174
120.722077
120.683000
120.617269
120.754920
120.846891
120.587046
120.560308
120.626306
120.506190
120.639355
120.607381
120.479111
120.586672
120.560565
120.690969
120.513843
120.474198
120.561804
120.697214
120.567472
120.626147
120.707768
120.444545
120.588611
120.552137
120.642233
120.713825
119.339831
120.648358
120.789339
120.724218
120.706317
120.620010
120.745222
120.711092
120.564549
120.553110
120.526195
120.648087
120.528831
120.573074
120.534072
120.531027
119.307441
120.607122
120.686531
119.124198
120.495881
120.544001
119.629820
119.857662
120.546709
120.586280
120.537768
120.577126
120.593231
119.189687
120.734370
120.613650
120.597709
119.330563
120.988084
121.106919
119.307717
120.272862
120.388682
120.524688
119.077856
120.327847
120.573980
120.429817
120.560778
118.995340
120.523299
120.491250
120.627974
120.451456
120.427498
120.429154
120.529065
120.418151
120.407844
120.526009
120.489235
120.458102
120.715624
120.666601
120.659464
120.644185
120.747668
120.736924
120.674273
120.680534
120.620366
120.617772
120.696635
120.720356
120.634460
120.719637
120.674905
120.653112
120.653408
120.767955
120.559013
120.661017
120.626726
122.707739
120.509970
120.518943
120.469800
120.415286
120.460382
120.483755
120.501140
121.802214
120.543437
120.576439
120.407450
120.506100
120.536745
120.543619
120.466362
120.457825
120.466459
120.432548
120.567066
120.559064
120.490334
120.550710
120.428961
120.361704
119.924097
119.502623
120.463859
120.513008
120.428837
120.394867
120.434343
120.498730
120.585072
120.490656
120.517344
120.517964
120.542514
120.464331
120.647494
120.700102
120.610754
120.708903
120.588962
119.518430
121.131639
120.691243
120.695817
120.759791
120.711975
120.702766
122.219189
120.743794
120.748088
120.704542
121.919512
120.620927
120.678609
120.608956
120.670440
120.575007
121.390247
120.556247
120.455071
120.436375
120.477073
120.432123
120.450853
120.598996
120.451466
120.416476
120.725289
120.515657
120.565017
120.459795
120.467749
120.472521
120.428582
120.447801
120.463865
120.405445
120.418420
120.506411
120.493798
120.431756
126.441975
120.594233
120.672303
120.643596
120.561442
120.281173
119.604641
120.666384
120.577843
120.707836
120.474786
120.836089
120.713542
120.575296
120.543944
120.605785
120.735001
120.631488
121.253466
120.730527
120.664397
120.789487
119.422229
120.793590
120.757317
120.545308
119.822149
120.833464
120.679934
119.286418
120.727928
120.763215
120.893412
120.727495
120.817517
120.669056
120.595368
120.454144
120.517915
120.567610
120.562707
119.946112
119.462366
120.689417
120.643679
120.461522
120.488370
120.564894
120.501601
120.465681
120.659794
120.528388
120.531813
120.496120
120.582510
120.369544
122.046891
120.480311
120.440199
120.466485
121.542416
120.940929
120.376941
120.452705
120.575186
120.359736
120.613025
120.441322
120.496676
120.527818
120.506135
120.533249
120.546612
120.546361
120.685644
120.775911
120.495672
120.570166
120.579004
120.768752
120.970247
120.822968
120.189042
119.690792
120.571731
120.687458
120.626534
120.731837
120.627991
120.606259
120.564816
120.790660
120.561702
120.825515
120.721658
120.770755
120.564234
120.568408
120.677255
120.569674
122.276691
120.662087
120.628935
120.743862
120.621052
120.679071
120.648959
120.616021
120.715939
120.761954
120.853278
120.703212
120.652103
120.626643
120.879183
120.852382
120.839539
120.739019
120.871025
121.012924
120.799802
120.833523
120.883393
121.718486
121.474061
120.507531
123.265993
121.089442
120.368657
120.443536
120.989755
121.381934
120.427941
120.469805
120.506836
120.440288
120.485690
120.456593
120.439644
120.499687
120.517295
120.575732
120.485958
120.555984
120.525478
120.409188
120.597842
359.719448
139.121873
111.481404
111.627853
111.618748
111.521315
111.517230
111.719588
111.602801
111.668851
112.942119
116.448062
119.770220
120.940044
120.957933
120.933211
120.890249
120.935454
120.937591
120.669588
120.580575
120.547836
120.720860
120.584019
120.535299
119.500025
120.755299
120.704207
120.786097
119.523142
120.478702
120.696157
120.778950
119.307801
120.704604
120.450506
120.647484
120.808139
120.709183
120.577895
120.680456
120.692543
120.559808
120.659967
120.583857
120.559304
120.560971
120.712931
120.682708
120.497224
120.628832
120.612004
120.608755
120.544441
120.550544
119.127608
120.352411
120.369827
120.422677
120.352420
120.534871
120.570539
120.490671
120.419744
120.301920
120.371122
120.361672
122.042249
120.563834
120.519758
120.403826
120.390217
120.508777
120.550245
120.403825
120.369595
120.428605
120.410277
120.796422
121.780940
120.506494
120.231149
120.462981
120.545389
120.391071
120.557655
120.412124
120.499021
120.488251
120.458959
120.408998
120.284175
120.614830
122.065966
121.455712
120.438764
122.141522
120.579430
120.562344
120.470290
120.480605
120.443420
121.700575
120.451824
120.776552
120.572074
120.458342
120.675747
120.596686
120.561490
120.542901
120.536346
120.667834
120.541605
120.587120
120.497947
120.699179
120.457614
120.740542
120.756606
120.582207
120.578014
120.485112
120.499206
120.676711
120.550394
120.565893
120.522736
120.692667
114.408663
117.377574
117.432865
119.659294
118.061920
119.105141
119.252256
117.870608
119.628863
119.382473
118.198986
119.419472
117.621752
119.349515
118.856419
118.198717
119.710814
118.210638
119.035255
118.962851
118.356884
119.615021
117.579081
119.728623
118.677039
119.144331
119.469910
117.940257
119.700212
119.020610
119.386940
117.811899
119.099147
118.312877
118.470627
118.296191
118.419437
118.576153
118.168104
119.837457
117.724300
120.251845
119.748656
117.992617
119.646817
119.414067
118.194808
119.874784
118.274993
120.144638
118.915268
117.999849
118.971145
117.955783
119.240643
117.512229
119.281188
117.426485
119.374149
117.861071
119.411656
118.942505
118.363382
119.742755
117.936678
119.557217
118.799378
118.538547
121.053883
118.280028
119.906510
118.034686
120.515812
118.086276
119.807024
119.623392
117.743791
119.749029
118.398050
119.020010
118.836862
118.359763
118.510510
119.868641
119.763459
118.281128
119.750965
120.240595
118.820421
120.268378
118.473093
119.404909
118.618440
119.016865
119.739262
119.090908
118.863577
119.396697
117.860985
119.786521
117.677334
119.492796
117.851420
120.060723
119.336449
118.266310
119.515003
117.493625
119.358520
118.270017
118.786554
119.371474
117.752151
119.867371
118.411614
118.700839
119.566420
118.086318
119.578917
117.774750
119.143931
119.577613
117.939607
119.649407
118.117590
119.169515
118.757434
118.494582
119.792086
117.959487
119.988019
118.076873
119.286700
119.256738
117.970861
119.871679
117.864743
119.282468
118.797316
118.192886
119.960494
118.277907
119.300267
119.383324
117.924646
119.913945
118.340525
118.976190
118.601084
118.872250
120.277559
118.182671
120.035268
119.535981
118.815415
119.245018
117.965014
119.678088
118.527592
121.010106
117.816788
119.798534
118.551536
118.619413
119.630286
118.208457
119.596043
118.838160
118.720653
120.204404
118.753043
119.063009
119.922304
117.998529
119.296966
117.767129
119.319454
118.931016
118.793937
119.669355
117.408716
119.465383
117.568139
120.079231
119.105116
118.669470
119.609570
117.645531
119.694337
118.438790
118.850075
119.559646
117.733106
119.600559
118.445934
118.644014
119.382490
117.831973
118.916529
118.323990
118.667877
119.668360
117.591245
118.979553
117.468869
119.188333
117.256054
119.188293
117.951114
118.832525
118.607496
118.009785
119.449765
116.957220
119.397973
118.141149
118.416712
118.380372
117.962589
118.895431
117.678371
119.671260
117.507269
119.388732
118.533618
118.555958
119.375579
117.383794
119.095537
117.370489
119.502438
117.895683
118.718490
119.178364
117.668603
119.418855
118.437308
118.456170
118.796568
117.644262
118.704493
117.454724
118.333293
118.195622
119.407676
117.373219
119.224929
118.921131
117.718951
119.560287
117.740319
119.019080
118.878564
118.058640
119.388041
117.976739
118.853467
119.229905
117.534154
119.586519
117.824794
118.417538
118.103776
118.430000
119.377460
117.393388
119.303027
117.325185
119.137191
118.206833
118.453627
118.559424
118.236796
119.759413
117.332072
119.801781
118.614691
118.595984
119.080080
117.769983
119.643211
117.628298
119.725821
119.348375
119.318499
120.127881
118.413424
119.285528
120.003212
119.254958
119.954182
119.531771
120.646998
118.054496
119.133831
118.872683
118.437604
120.026101
117.498298
119.383862
117.608477
118.561983
118.309974
119.108294
117.943798
118.696087
118.255214
118.396075
118.675116
118.855094
118.572831
119.541449
118.134221
118.926997
118.900733
117.969583
119.639282
117.460200
120.005076
118.334668
118.955566
119.029706
118.119562
119.442787
118.616452
118.789466
119.546699
117.582927
120.013328
118.527673
118.783533
119.599333
117.846535
119.735608
118.172038
119.966849
117.947568
120.204861
120.290647
117.846448
119.643431
117.667820
119.524899
118.068137
119.612037
118.458441
118.882768
117.688065
119.303040
117.504512
119.449074
118.403035
120.155398
119.376445
118.515104
120.445323
118.049966
119.560742
118.805293
119.546482
119.813025
118.297425
120.195729
118.787748
118.820260
119.813281
118.427030
119.947149
117.912746
119.657494
118.919537
118.743927
119.507284
118.230617
119.261239
119.599970
117.823281
119.739013
118.270312
119.012869
118.612544
119.396159
119.402219
118.291399
119.524520
118.822931
119.155704
119.229023
118.361682
120.064060
118.603815
118.842158
119.713952
117.521485
119.425592
117.604209
119.628855
117.961266
119.748591
119.084615
118.844888
120.380631
118.012032
119.315552
119.467911
117.513070
119.707513
118.904618
118.941956
119.611291
118.078639
119.862367
119.042641
118.853004
120.136533
118.474452
120.971926
119.802825
118.553844
120.385597
120.500993
118.129656
119.278171
120.298510
117.965400
119.675312
118.526811
118.453666
119.763162
117.456866
119.661775
119.159611
118.474008
120.493952
117.746537
119.984789
119.063209
118.109639
119.620801
118.456571
118.647180
119.968453
117.414963
120.986291
119.538545
118.524746
118.978934
118.042345
120.877802
117.572743
119.537971
118.940742
118.331641
119.890898
118.702958
118.883228
119.929939
118.361384
119.798358
118.293052
119.122372
119.404121
118.938604
119.716939
117.708156
121.374319
118.225768
119.328159
118.997526
118.503943
119.732843
118.100624
120.711832
118.547196
120.238425
117.938740
119.519312
119.132944
117.763356
119.893295
118.081167
119.329920
119.878308
118.326490
120.441466
117.498441
119.569580
125.270593
118.007153
119.427822
117.482971
119.448231
118.902585
118.562373
118.553994
118.596052
118.620690
118.533124
119.778632
117.788409
120.248673
118.918687
118.553412
119.611494
117.531247
119.227818
117.304342
119.040127
117.346608
119.168648
117.256413
118.963995
117.277580
119.053430
117.365343
119.060557
117.391571
119.162780
117.571468
119.399269
118.092752
118.831915
118.842600
118.157529
118.594167
118.010168
118.910558
117.511444
118.864852
117.343200
119.605870
117.327056
119.432674
117.952894
118.746952
119.007797
117.575641
119.011974
117.439316
119.078276
119.812058
118.144403
118.552072
119.134963
117.538074
119.521755
117.614798
118.877723
118.738296
117.945518
119.379636
117.356205
119.695244
117.719500
118.925837
118.182034
118.680843
118.508263
118.895294
118.778267
117.786471
119.234927
117.197551
119.332055
117.331347
119.514090
118.294156
118.158853
118.685262
117.832302
119.268902
117.220751
119.538081
117.646503
119.257206
119.067260
118.176717
119.579931
117.393201
119.532781
117.740159
119.107856
118.044177
118.737916
118.928647
118.093016
119.498717
117.426621
120.307143
117.391767
119.752579
117.722726
119.170372
118.765132
118.242658
119.589432
117.479286
119.499491
118.218133
118.666720
118.905389
117.965964
119.118702
117.585209
119.643134
117.508878
120.042113
119.848155
118.289790
118.868683
118.056774
119.006636
117.674373
119.383559
117.410047
119.279518
117.283258
119.154534
117.398266
119.203829
117.462181
119.488314
117.438235
119.156271
117.335371
119.311146
117.399360
119.287157
117.403845
119.575483
117.427109
119.184564
117.363034
119.546082
117.460543
119.339016
117.280147
119.207706
117.397948
119.260183
117.392798
119.632306
117.342132
119.178647
117.525678
118.814857
117.884103
117.974634
118.481309
117.338026
119.267335
117.467211
119.149483
118.468049
118.478038
119.172551
117.681421
119.586326
118.419394
119.301746
118.567047
118.507994
118.987087
118.094723
119.627441
117.663884
119.741086
117.715868
119.570338
118.428185
118.626679
118.883671
118.111251
118.722253
118.208764
119.721905
117.791277
119.757717
119.434635
119.012647
119.610483
117.423323
119.325322
118.424841
118.158189
119.527887
117.460563
119.436577
117.355435
119.263269
118.624792
118.589442
118.593334
118.851833
118.957390
118.187962
119.673108
117.421968
119.581272
118.145327
118.810429
118.975321
117.913444
119.596273
117.417285
119.501540
117.450889
119.640062
118.087580
118.910626
117.399067
119.202568
117.442230
119.615999
117.552864
119.509419
118.765189
118.945618
118.887742
118.223832
118.316528
118.758626
117.934153
119.293916
118.617855
118.171183
119.466839
117.355139
119.533993
117.606326
119.117145
118.469241
119.256315
118.412845
118.640869
119.160663
117.920967
119.477218
117.489447
119.302895
119.753400
119.172234
119.367396
117.916737
119.637241
118.338363
118.673953
119.494036
117.669875
119.482273
117.533775
119.437950
117.656477
119.442019
118.285528
118.803405
119.614145
117.633594
119.847729
117.818209
119.371055
118.632579
118.491740
119.447596
118.126910
118.821786
119.380019
120.633189
117.539337
119.721285
117.919580
119.431406
118.874866
118.037371
120.308306
118.356278
119.633698
117.489794
119.699620
118.341280
118.763267
119.146050
118.588602
119.495909
117.625602
118.320413
119.420074
118.333584
118.404733
118.216036
118.409536
118.719156
118.175744
118.783603
117.898985
118.645260
118.086590
119.421220
117.432198
119.278519
117.535536
119.418752
118.164118
118.692669
121.498094
111.440499
111.277098
113.064052
117.163227
117.299298
119.068035
118.188460
118.934305
117.963888
120.064518
118.025073
119.026264
119.194286
118.301737
119.577645
117.494095
119.543428
118.121059
119.202732
119.387539
117.684324
119.587872
118.035539
119.030175
118.434136
118.413803
118.630562
118.188561
119.709129
117.525566
119.651522
118.307187
118.620475
119.184337
117.808631
119.344048
117.585267
119.210970
118.634451
118.364767
119.289429
117.515552
119.349206
119.698479
117.489515
119.259473
117.358658
119.250830
117.513414
119.467705
117.737969
119.637211
118.203444
118.932978
119.018559
117.622099
119.543214
118.119792
118.602444
118.886249
118.287936
119.158643
118.637952
118.371695
120.025878
117.723225
119.498271
117.703301
119.756881
118.382806
118.691690
118.747130
118.215944
119.412284
118.791608
117.488804
119.102743
117.472116
119.591918
117.539379
119.542859
118.280071
118.723885
118.811832
118.211036
119.560505
117.433515
119.418676
118.273672
118.841898
118.470644
118.546087
117.920474
118.974154
117.439330
119.233483
117.558683
119.630230
118.153906
118.960709
118.597766
118.749383
119.137898
118.347475
119.484292
117.488369
119.624493
118.888162
120.471273
118.858748
118.158291
119.690654
117.530167
119.313216
117.498876
119.310625
117.791287
119.189386
118.679079
118.576364
119.610604
117.699558
119.588479
118.307202
118.748528
118.826153
118.026576
119.410673
117.593359
119.485332
117.688570
119.276214
118.119615
118.861645
118.952714
117.943435
119.626311
117.469808
119.822146
117.880194
119.045555
119.400005
117.728345
119.686446
118.872946
118.567034
119.725461
117.467917
119.678346
117.492775
119.465966
118.762112
119.364824
118.301239
118.421799
119.188244
117.539657
119.363974
117.883156
118.944739
118.923826
117.741753
119.611534
117.429017
119.283227
117.531332
119.183413
118.114289
118.789501
118.060185
118.585674
118.513886
118.089758
119.268457
117.275742
119.510231
117.827238
119.048898
118.586165
118.337506
119.324240
117.302137
119.328282
117.900523
118.888509
118.849014
117.796686
119.355550
117.700956
118.967778
119.054158
117.520687
119.431206
118.553916
118.490551
119.334424
117.647260
119.908036
118.688598
118.239177
119.758955
117.655182
120.537273
119.195129
118.866962
118.065755
119.701598
117.510765
119.179302
118.710028
118.066862
119.556706
118.672214
119.038462
118.743646
118.337018
118.217687
118.738824
119.483535
118.996541
118.941860
118.379390
119.498770
117.770283
119.302595
118.319095
118.572355
118.867800
117.866433
119.653256
117.563421
119.914875
118.876850
118.016885
119.952042
117.520199
119.277187
118.447582
118.313739
119.524435
117.558835
119.738922
118.861321
118.116958
119.695817
118.058186
118.690708
118.912643
117.708291
119.382654
117.500718
119.153976
118.674095
118.113138
119.472236
117.426972
119.474543
117.875319
119.233461
118.526641
118.245343
119.679669
118.513845
118.881304
119.570033
117.482182
119.516218
118.274170
118.426093
119.058391
117.633122
119.708059
118.062413
118.665090
119.526006
118.325752
119.382651
118.340520
118.336734
118.919473
117.667138
119.492824
117.770075
119.616923
117.840334
118.813318
118.824445
117.936739
119.457782
117.337480
119.501022
117.367481
119.008072
118.824281
118.031426
119.468265
117.321290
119.409563
118.296855
118.302837
119.044404
117.708891
119.379012
117.713640
118.966583
119.020710
118.235654
119.546799
119.391517
118.994949
119.295753
118.107509
119.699751
118.129407
118.921217
119.292294
117.702290
120.031435
118.503093
118.308998
119.159787
117.771649
120.301064
118.069018
118.962676
119.468971
117.509538
119.416451
118.053156
118.944212
118.771095
118.172419
119.301461
118.940668
120.711299
120.649108
120.636108
120.701884
120.681541
120.662145
120.610261
119.261534
120.633714
120.669007
120.772902
120.668469
120.678285
119.893183
120.173349
120.616575
120.668380
120.268172
119.665621
120.826531
120.687004
120.516937
120.742292
120.126843
119.833783
120.641619
119.421926
120.506616
120.661850
120.639313
120.109623
120.066573
120.819057
120.521009
120.564533
119.222559
120.701821
120.636361
120.791875
119.926812
120.034471
120.503887
126.605836
120.486369
120.615604
120.513453
120.439437
120.575016
120.543123
120.488056
120.653274
120.517898
120.629070
120.489003
120.456466
120.379463
120.410641
120.510961
120.453145
120.545254
120.592585
120.470378
120.568724
120.395987
120.455165
120.513899
120.552462
120.525605
120.676057
120.523685
120.568340
120.443917
120.415577
120.437380
120.468879
120.408874
120.608131
120.570739
120.676001
120.646015
120.468915
120.542025
120.638497
120.361628
119.476185
120.514295
120.521732
120.465690
120.380753
119.002294
120.715688
120.518076
120.615492
118.883745
120.318771
120.512768
120.452035
120.001507
119.605262
120.502663
120.236695
120.154832
119.616309
120.503401
120.568267
120.483544
119.307859
120.531972
120.564441
120.156276
119.288157
120.645718
120.435520
120.450759
119.104991
120.495469
120.635676
120.637533
120.728686
120.707298
120.209592
119.441725
120.614561
120.618114
120.402911
120.418537
120.478815
120.605832
120.519264
120.540517
120.370353
120.423875
120.448451
120.461536
120.515087
120.504623
120.639644
120.484849
120.534747
120.547788
119.343738
120.581622
120.598648
120.543391
120.577689
120.559812
120.454836
120.530618
120.551998
120.528018
120.526743
120.474569
120.586905
120.549013
120.401745
120.593659
120.471535
120.541294
120.412276
120.443552
120.730451
120.559896
120.561762
120.404945
120.548797
120.445286
120.544415
120.582587
120.438654
120.560179
120.605236
120.513662
119.210412
120.464594
120.387298
120.574790
120.408122
120.571400
120.539315
120.546271
120.559174
120.484726
119.034729
120.465317
120.591975
120.517171
120.463469
120.549632
120.469552
120.494989
119.045398
120.447168
120.533841
120.496822
120.425571
120.328873
120.370297
120.421250
120.568215
120.474006
120.600730
120.486146
120.543247
120.517862
119.103121
120.543896
120.505371
120.486562
120.501531
120.417250
120.718541
120.479644
120.486768
119.183060
120.443664
120.516784
120.452030
120.485292
120.449121
119.014393
120.632026
120.565496
120.564552
120.507711
119.338744
120.354340
120.528654
120.421388
120.471655
120.502534
120.486243
120.519799
120.344943
119.383299
120.559048
120.543109
120.400339
119.164831
120.568234
120.652917
120.465354
120.561103
120.512055
120.394294
120.478570
119.522953
119.981749
120.544929
120.459129
120.475188
119.155888
120.719784
120.613742
120.412397
120.664843
119.170359
120.477681
120.570112
120.518708
120.431273
119.975782
119.560830
120.523889
120.539961
119.329891
120.187589
120.457742
120.532504
119.069707
120.409687
120.424065
119.021313
120.298962
120.346221
120.358170
119.028163
120.538907
120.438205
119.292329
120.244919
120.512255
120.522233
118.945164
120.736187
120.559248
120.581698
120.496493
120.355860
120.605425
119.910204
119.566685
120.434661
120.556251
120.333052
119.082838
120.408007
120.591130
120.464959
120.386956
120.485561
119.191037
120.586515
120.617317
120.429294
120.317572
120.483270
119.116438
120.359079
120.554736
120.592187
120.395939
120.272452
119.645603
120.441407
120.457813
120.458278
120.473439
120.623777
120.473817
120.457083
119.265368
120.468190
120.522944
120.558703
120.551215
120.523320
120.560254
120.741207
120.465381
120.614935
120.554183
120.708292
120.462178
120.508489
120.432715
120.675040
120.558231
120.504461
120.453952
122.076435
120.321330
122.633264
120.565452
120.497935
120.516554
120.572463
120.597654
120.613782
120.591023
120.394876
120.564326
120.478863
120.549558
121.790661
120.610150
120.435625
120.384182
120.447705
120.567940
122.622909
120.403715
120.379342
120.555896
120.524926
120.728386
120.542646
120.551335
120.509195
120.523311
120.666537
120.517851
120.578550
120.472918
120.524435
120.575329
120.512995
120.435996
120.428462
120.405503
120.567418
120.477510
120.639837
120.514576
120.403636
120.587800
120.396387
120.608844
120.491956
120.392873
120.503640
120.614918
119.265794
120.641758
120.331103
120.428450
120.476372
120.568346
120.555711
120.491514
120.570731
120.518357
120.365383
120.463518
120.399621
120.446273
120.482952
120.643672
120.513653
120.595100
120.479828
120.499512
120.469087
120.425398
120.445396
120.594250
120.600803
120.470519
120.431743
120.597206
120.646689
120.676930
120.486584
120.497385
120.454625
120.547999
120.375298
120.470569
119.279467
120.579682
120.506018
120.494518
120.580129
120.584349
120.519560
120.577630
120.550011
120.524667
120.408536
120.384541
120.447353
121.027806
121.738704
120.563315
120.670422
120.424573
120.542865
120.428564
120.468023
121.328173
121.248525
120.473607
120.372863
120.434673
120.488870
120.501259
120.509970
120.556108
120.470018
120.550963
120.546559
120.519309
120.509288
120.419908
120.536594
120.545378
120.525597
120.430954
114.845967
117.481111
117.341688
118.861520
118.626913
119.703063
118.650604
119.148486
119.065838
117.977182
119.541208
118.506546
118.604940
119.916825
117.855445
119.372411
118.821447
118.291455
119.976555
117.726580
119.523969
119.220410
117.815651
119.581291
118.908335
118.363013
119.129439
117.643672
119.305107
117.339599
120.174422
118.333416
119.268199
118.991313
118.182086
119.892591
118.185903
118.969667
119.815973
118.293075
119.356375
118.885842
118.531296
119.916401
117.939963
119.522394
119.127567
119.337730
120.541079
117.622603
120.287915
118.664591
119.502371
119.643958
117.732714
119.702629
118.753565
118.428355
119.864469
117.988243
120.200709
120.372804
118.183513
119.485362
117.685775
119.362999
117.633349
118.587898
118.210803
117.560128
119.236000
117.939738
119.478338
119.386757
118.541430
119.683881
118.696229
118.461988
119.545275
118.313635
119.210049
119.188371
118.077178
119.876428
118.496802
119.108407
119.775154
118.172410
119.719018
118.229656
119.353003
119.448786
117.975820
120.064976
118.717360
118.946658
119.385631
117.758754
119.924255
117.996795
119.328201
119.283057
118.328764
119.841562
119.761489
118.117897
120.266643
118.640243
118.787392
119.642777
117.505598
119.421551
117.922434
119.204175
118.380217
119.000346
119.896077
117.690697
119.569324
118.381687
118.853017
119.765841
117.701880
119.816432
118.624557
118.845265
119.887410
117.583135
119.865270
118.644720
119.116464
120.256550
120.284507
118.053619
119.585621
119.270933
117.980376
119.626676
117.642826
119.407405
117.606415
119.361647
117.650297
119.180757
117.630787
119.241005
117.701322
119.008738
118.012788
119.243751
117.853980
119.231086
118.113057
118.426994
119.295977
119.816566
118.237801
120.161212
118.651222
119.009651
119.855831
118.512222
120.355293
120.807654
117.927318
119.962712
119.031974
118.690754
119.999542
118.237150
119.356941
119.527959
118.125981
120.158572
118.609906
119.024948
119.853654
117.800721
119.823573
118.620053
118.693357
119.014257
118.511291
119.835243
118.470361
119.135332
119.671361
118.043890
119.850550
120.227078
118.201117
119.736043
118.609899
119.611964
120.124993
117.657168
119.870618
117.930159
119.521474
118.725470
118.579115
119.044226
118.264876
119.360886
117.906971
120.889457
118.332461
119.234814
118.024444
119.458355
117.835869
120.860063
119.219074
119.866743
118.614463
119.589458
120.244749
118.641473
120.158000
119.217136
119.440991
119.974396
118.376379
119.505864
119.728302
118.101666
120.057510
118.783246
119.869434
119.889211
117.892885
119.661314
120.226208
118.655628
119.929341
118.394498
119.064702
119.880623
117.829386
119.818819
118.731535
119.050196
119.523197
117.888470
119.788799
118.419072
118.401177
119.722944
117.563583
119.328751
118.328641
118.477191
119.495065
118.973943
118.672279
119.310853
117.760149
119.655685
117.983481
118.677155
118.815756
117.866080
118.835888
117.622609
119.410652
117.621919
118.928584
118.901232
117.831962
119.381462
117.309799
119.482749
118.618576
118.238334
119.106197
117.639648
119.373344
117.834185
118.884456
118.650723
117.858699
119.530425
117.399337
119.264946
117.375230
119.426314
117.717908
119.086001
118.267716
118.626778
118.872287
117.833001
119.507249
117.606005
120.344163
117.923267
119.142670
118.240802
118.463244
119.210308
117.777596
119.437899
117.413967
119.995259
118.610789
118.877715
119.519720
117.702463
119.791202
118.593104
119.111686
119.239406
118.468346
119.710763
117.362713
119.385878
117.509385
119.617045
117.846540
119.094898
119.516221
117.729779
119.697888
118.067153
118.958472
117.498920
119.324585
117.675035
119.419240
117.619828
119.843944
117.925970
119.756424
118.008851
118.926478
117.579121
119.328477
117.558537
119.399496
117.592387
121.046551
118.283751
119.065943
118.279945
119.374717
118.177772
119.436493
118.116714
119.628012
118.154429
119.010678
118.449531
119.070577
118.265895
119.097323
118.402244
119.066838
118.295816
118.912575
118.622082
119.978325
118.363941
120.314533
119.489542
119.263890
120.599023
118.399926
120.197527
119.076083
118.148488
119.851287
118.422892
119.455680
118.794923
118.944845
120.352356
118.022469
120.417313
118.933161
118.662907
119.920816
118.715771
118.988156
119.612507
117.965522
119.948900
119.093142
118.602406
120.010906
117.947482
119.864805
118.815790
120.966013
118.121606
119.905306
118.172412
119.522381
119.069001
118.359262
119.504102
117.767903
119.545795
118.336830
119.190839
118.714411
118.747834
118.759349
118.627965
120.301888
117.907382
119.498474
118.969304
118.606638
120.000223
117.806609
119.829035
118.130569
119.183799
118.695886
118.662575
119.290907
118.102089
119.984184
119.464059
119.066184
119.501985
118.151953
119.947998
118.203981
119.852569
118.728354
118.847021
120.303856
117.542123
119.571897
118.066733
119.367239
119.530966
117.630378
119.839411
118.945696
119.173176
119.726346
118.467440
119.157347
119.808933
118.151380
119.893789
118.748513
118.760681
119.926541
118.053893
119.651296
119.262527
118.438709
119.918140
118.306278
119.116523
119.371142
117.990412
119.828345
117.847018
119.751034
118.519127
119.109366
119.305757
118.153300
119.469684
117.994335
119.254666
118.790100
118.348076
118.776824
118.213530
118.669417
118.362685
118.908441
118.056125
119.168200
117.885508
119.995084
118.117276
119.221514
119.097768
118.466766
119.760273
118.520182
119.158204
119.449551
117.827267
120.094963
118.569335
118.781624
119.626840
117.834745
119.702172
118.605948
119.150890
119.734366
117.732667
119.807046
118.535148
118.998611
119.464932
117.959636
119.763901
119.299537
118.076566
119.968902
118.614750
119.072130
119.987833
119.120168
120.076018
119.050945
118.873483
120.006762
117.674241
119.678004
118.319866
119.216525
119.328091
118.385113
119.830288
118.177395
119.373822
118.917962
118.561989
119.604413
118.068762
119.782853
118.472149
119.237102
119.303196
118.189724
119.696812
117.959723
119.697363
118.882959
118.196333
119.580130
118.123045
119.075702
118.836237
118.326845
119.727595
117.495335
119.688412
117.980066
119.172039
118.705203
118.313373
119.834722
117.527711
119.903909
119.649149
117.794834
119.252927
118.848612
118.507384
119.816696
117.634050
119.631704
119.155912
118.760739
119.947076
117.708462
119.653401
118.977351
118.513273
119.792122
118.317600
119.102837
119.624444
117.995178
120.029057
118.056716
119.128924
119.268255
117.984191
119.554759
118.049147
119.490621
118.749814
118.548533
119.587739
117.672574
119.833379
117.959249
119.435170
119.312393
118.602161
120.324476
117.668785
119.540413
118.715638
118.393003
120.050035
118.765144
119.164751
120.113018
118.037885
119.701913
118.075939
119.120780
119.355044
117.711691
119.799481
118.746860
118.745809
118.351470
118.866752
119.565870
117.644462
119.374778
118.977220
118.391798
119.345927
117.730045
119.720064
118.029904
119.163636
118.849453
118.369324
119.649971
117.760131
119.811523
118.583854
118.327452
119.313503
117.717226
119.590826
117.896115
119.058346
119.151864
118.126186
119.916335
118.170443
118.901941
118.535817
118.568921
119.370616
117.570837
119.676578
118.220549
118.849192
119.280827
117.980308
119.396031
117.965876
118.999967
119.041856
118.247807
119.872676
117.722409
119.821509
118.755616
119.063671
119.466706
124.253517
119.320058
118.910483
118.333060
119.754846
118.097400
119.215389
119.384224
118.189616
119.678450
118.122401
118.958600
118.402998
118.792792
119.499891
118.174006
119.548527
119.146770
118.290528
119.725019
117.536196
119.355939
117.616021
119.585366
118.796360
118.658001
119.793807
118.109475
119.160756
119.333562
118.074688
119.710150
118.815655
118.478169
119.790236
118.128848
119.192079
118.824041
118.665702
119.451057
118.138394
119.514791
117.982048
119.231716
118.830925
118.389337
119.644116
117.623423
119.809609
118.492953
118.781508
119.354371
117.943973
119.506566
117.641018
119.483864
118.551122
118.905413
119.690341
117.516657
119.719988
118.244291
118.748822
119.625268
117.737484
120.057519
117.583344
119.461472
118.905215
118.424323
119.504806
117.550368
119.726805
118.567515
118.970719
119.383669
118.049084
119.545105
119.091899
118.442848
119.713005
117.512093
119.666187
118.598169
118.731083
119.754707
117.750615
119.442369
119.062357
118.576093
119.854736
117.587020
119.564092
117.609193
119.536189
118.662695
118.743758
120.082117
140.914888
117.377826
117.371473
125.941040
118.004630
118.920911
118.947184
118.323146
119.777497
118.575164
119.140776
119.382269
117.897126
119.750020
118.133799
118.882675
118.975251
118.266587
119.535001
117.424020
119.542264
117.528404
119.384624
118.110687
118.875826
117.766937
119.272528
118.101836
118.802480
118.018952
119.070978
119.491649
117.871800
119.742415
118.735409
118.599055
119.571166
117.877986
119.404029
119.133071
118.303960
119.621756
117.520330
119.821946
118.255804
119.095897
118.992402
