50
31.042596
30.368456
29.952505
31.719980
30.110038
31.679690
30.909970
30.914739
31.458334
27.901628
25.344221
36.824852
36.553861
29.770005
30.384518
28.144755
25.440052
32.263961
29.766918
31.087960
32.228233
27.284915
25.061111
26.115712
32.854479
31.637508
31.084493
32.351261
25.363246
26.117289
30.606025
30.367302
32.224682
30.675051
32.372106
30.313162
30.164463
30.767687
31.291580
30.536475
30.610133
33.461737
38.807255
41.797680
38.659748
39.949399
31.896555
30.054919
37.487566
40.156949
30.651296
31.401818
40.547893
33.211303
30.957305
32.336140
31.292007
29.871462
31.215075
32.685645
30.877843
31.575905
31.885719
31.543103
39.003876
41.361990
28.401824
25.384988
40.948818
34.121883
42.472534
32.651637
30.530714
31.986013
38.676329
35.176257
36.340820
30.155422
31.227308
31.599730
35.224066
31.291351
31.317693
38.724491
37.442877
31.659732
31.335621
31.234867
39.177450
43.259680
30.302605
30.911738
31.901143
30.925143
31.305276
32.540680
28.405283
26.331399
24.932148
25.883258
30.569297
32.389578
31.683517
40.779886
40.813158
38.360479
39.114420
25.965282
24.585803
27.019388
29.556298
25.000833
24.837749
33.827344
31.383630
30.767994
30.735290
30.860496
30.386185
31.192015
26.047988
27.156863
30.269652
31.339644
30.789002
32.539469
32.240069
30.902762
31.865519
29.491026
30.397265
31.682365
31.369139
32.369374
40.292256
32.054506
30.279005
30.676077
31.258353
34.026761
30.361699
31.143737
31.823803
30.847363
30.107234
30.882927
35.945116
35.067041
30.903558
26.792636
24.699985
32.021113
30.509948
31.866396
33.671758
37.234083
27.516522
29.029415
32.772870
39.805011
29.719421
31.164304
41.616588
40.915993
31.115702
40.306658
40.863215
40.533907
41.103184
32.672768
31.297500
31.246255
31.107069
31.280483
31.887091
35.068753
24.418468
30.967076
30.723724
37.314890
30.551860
31.261708
33.865014
42.149532
40.421279
38.978734
37.237702
40.600187
31.036280
31.323825
32.085330
31.382123
32.049779
33.211045
29.917027
31.389329
34.609714
32.676176
34.555694
30.700484
28.426987
30.422294
31.998791
33.896579
34.215524
31.166164
33.370010
33.883016
33.094534
32.525045
28.100720
34.081280
27.044669
28.121908
27.410363
27.346565
30.578592
33.588460
32.956174
38.897581
40.794136
42.062701
40.582738
34.852439
30.030908
32.793226
32.459174
33.567190
33.619642
27.383769
29.487030
28.962958
26.904018
31.698231
32.626787
32.829910
33.557422
32.144616
32.842899
37.497121
35.829363
31.779063
33.683641
40.143781
42.569053
35.218896
37.041278
31.730841
40.377433
42.661438
39.871516
43.518003
37.816085
33.093301
32.127395
33.547553
34.466173
33.899573
33.907931
33.074159
34.050374
32.643714
34.473727
36.711405
42.028485
42.673774
34.003651
31.703716
27.578331
31.517949
34.561412
32.608864
34.144248
34.254480
40.987500
34.880655
41.034229
44.718878
38.367310
33.491892
33.588829
32.668445
32.635580
33.281629
32.183639
35.082842
33.040632
33.609572
26.445823
28.627538
36.864167
28.153464
28.701396
37.010206
32.615222
32.297717
31.540153
33.975468
39.234116
36.608336
33.247489
34.499128
31.764415
26.977563
34.149847
34.067579
32.608106
39.729161
38.503998
26.341964
25.205337
25.584684
30.131864
27.484461
26.985979
31.864542
26.799310
27.159201
28.880610
28.471310
26.612924
27.928950
34.480892
32.640736
33.474067
34.544216
32.478919
33.222460
33.536496
32.177949
31.994312
32.618674
33.948152
33.375569
33.080321
32.450036
33.988377
34.740743
32.712451
35.637515
32.342954
33.503873
32.126430
33.503171
32.608237
32.057119
33.872549
32.688729
32.106551
33.561215
33.322631
34.182208
34.895255
32.661020
33.159429
33.223824
32.399130
32.918365
33.751468
41.649864
33.926109
26.967085
31.513124
33.961065
32.719335
29.648062
34.126281
34.115476
34.047443
31.834761
26.302047
26.068623
25.017579
27.688520
29.257532
33.101742
27.537251
28.326582
31.864764
33.054572
34.577535
33.215069
32.362604
33.222097
33.226013
30.840446
32.815134
33.911220
33.548396
33.434531
32.812547
32.222910
47.748010
35.098011
32.812465
32.709476
32.375998
32.478942
33.605065
33.652656
33.289025
33.789583
35.193672
43.217238
41.934410
34.184543
32.761948
32.990739
32.075945
41.251861
35.400276
30.039189
32.002659
32.135632
33.069648
33.643050
31.308058
32.799256
33.315668
32.912532
31.575590
33.395411
34.089164
33.003204
33.327077
35.173399
32.257536
39.637232
36.512415
32.140053
35.095824
38.043724
42.264579
42.690011
40.021466
34.409402
34.227776
34.328307
34.640788
35.085298
32.825047
34.135875
39.282366
35.862485
32.187636
31.698824
26.929305
29.950371
36.148544
35.988793
33.200313
32.106512
39.779971
40.914443
37.774443
32.472066
34.443133
32.805508
32.654194
27.416592
32.402260
34.194967
33.176488
33.039802
33.861054
31.839829
32.804667
33.716827
33.156410
38.933229
35.264669
32.563890
34.596676
33.798891
35.084669
33.000598
31.009460
29.957423
33.613797
33.650627
33.051783
33.463631
34.086370
34.045871
32.738772
33.487283
33.698477
36.091258
38.477262
32.179984
33.212330
32.399348
35.168540
33.539025
33.672277
33.704947
32.226862
34.064956
32.750689
33.125620
33.306071
32.763905
33.992257
33.418397
33.578961
33.653995
33.136549
33.867699
32.882894
33.867933
33.653822
31.241082
30.923746
31.973145
32.812438
31.776753
33.253469
32.058959
36.556594
42.597159
42.169350
32.514839
38.822404
35.947561
32.824517
32.716108
37.361890
42.573611
34.375424
33.550796
33.218787
33.052164
29.780090
26.661053
27.601417
31.659261
32.941066
33.594931
34.109242
32.587272
31.428732
27.394545
25.307805
29.952856
31.250892
35.246598
32.482394
39.885786
33.497316
33.160398
32.257034
36.976183
42.550688
41.991593
33.250437
32.493267
33.969931
33.986397
34.607942
32.943692
33.365104
33.030358
32.368752
31.748023
30.410341
31.998422
32.781722
32.524498
34.085364
33.632890
32.872867
33.454957
30.891136
32.591099
33.107140
31.613028
31.804621
34.045212
35.065300
31.912263
38.345905
42.081551
34.519192
34.266193
31.411373
31.967637
34.544402
32.167365
33.966595
32.360798
35.366559
33.294940
32.489665
32.718217
33.007492
31.554220
28.735765
32.939637
41.047987
32.747355
42.012559
44.926851
40.235204
30.264929
27.161654
31.842851
31.539747
32.533006
32.414102
34.187992
32.856042
32.421068
33.348929
42.587723
38.110692
33.973525
42.713657
35.079363
27.026447
29.940734
27.424448
26.624282
30.520612
32.314052
31.431185
32.118384
32.982459
33.947197
32.554365
32.916443
30.333952
29.220239
33.852603
34.275503
33.175544
42.428643
41.628214
34.927789
32.801572
32.317789
34.322005
34.377064
33.410366
37.422155
38.491535
33.969201
42.302454
36.059681
31.966060
33.078187
26.588642
32.804423
42.692307
42.919230
33.759966
34.196284
35.808458
32.656531
31.665440
32.353103
32.215293
33.010652
31.263480
27.620508
31.104719
33.330890
32.797627
35.918023
40.837333
31.541721
25.625874
30.175034
33.285887
31.954289
33.730603
33.140512
46.942064
37.520599
36.970674
32.302828
31.108504
32.120164
32.380147
32.513740
31.352939
34.216083
33.465769
34.398624
32.710098
33.588690
32.735688
30.653047
32.348587
32.847796
34.096491
32.539072
33.540174
33.262669
33.025229
32.790595
37.570385
33.494258
25.062427
27.403680
34.430580
33.371847
39.116893
37.261147
33.885515
32.302650
35.342922
31.980535
32.938096
34.162702
37.442307
34.077531
33.983795
29.890655
30.037963
27.681470
29.855648
28.748508
27.100291
31.429062
33.291811
32.787397
39.267013
34.929468
34.079981
34.704363
33.265365
32.848691
33.910282
33.207577
31.870434
33.234356
26.686080
26.476493
26.968169
28.665770
32.947830
33.216554
32.456308
32.674803
32.302173
32.311210
34.739049
33.451541
32.656234
27.680063
30.552567
42.197137
34.457230
33.383542
32.673538
31.983222
32.366269
32.566114
32.555293
31.900328
36.133179
33.875854
39.461276
32.730019
27.223507
28.573542
33.087013
25.861848
27.411172
34.387899
33.603881
32.170631
31.996371
33.020558
28.465431
27.388378
31.252218
38.111768
35.688149
33.312478
33.917819
33.568392
34.044189
33.796896
38.229103
46.314117
29.094085
32.656344
30.666157
30.647506
40.753776
30.594648
30.174800
35.335961
35.673366
25.279066
28.458803
29.944234
23.506310
32.952250
40.777228
31.397621
29.590929
31.069446
31.569768
30.928981
30.524112
30.641318
31.078141
31.004989
40.655487
29.899749
30.595442
31.489673
29.561934
24.106070
28.167326
31.920581
39.993462
31.639845
29.877810
31.008105
31.796702
30.372278
31.401668
31.130253
31.159287
30.878391
31.468283
29.618825
31.390549
31.325996
29.739781
29.774625
30.753603
30.872935
30.801286
31.731121
31.913744
31.141883
31.894636
31.119931
25.397285
24.587470
31.654519
39.073527
29.413180
30.215871
29.873822
30.140588
32.100471
30.300599
29.805225
29.659571
34.730418
37.005752
30.652719
31.067403
31.536904
30.655912
29.924626
30.937632
29.639051
31.736501
30.134142
31.244399
31.430224
33.130360
30.637011
31.283778
32.116288
33.506460
32.877630
34.042579
33.026154
28.001460
31.126403
33.930088
32.204288
32.880296
33.149835
40.496262
36.189384
34.100883
33.845977
30.992470
28.060877
27.671539
26.847581
30.649689
31.519967
41.685120
33.160036
32.448694
33.690392
37.537921
32.578674
32.870920
32.047423
34.118827
33.047945
33.029948
32.227963
32.155728
32.721938
33.564318
33.688772
33.237880
32.815376
32.825473
31.879389
33.629119
26.516628
30.052679
32.112919
30.226557
32.683316
32.637575
32.936490
32.595170
33.110368
34.464019
42.650769
42.597811
31.560042
32.064184
32.769257
29.739218
27.076014
27.641058
27.225152
27.833511
27.759762
29.578644
27.000762
30.482308
33.193721
32.334536
40.896576
35.118885
33.069588
28.918872
26.806048
35.111117
37.427412
33.589305
32.688003
32.142248
27.681334
33.392468
34.903759
48.097538
47.049151
37.842388
32.820706
33.017387
32.149882
32.937670
33.393843
32.830177
33.342926
32.870667
33.183051
33.588557
33.489263
32.351939
32.517514
32.931147
32.487876
33.776017
33.380684
32.219524
34.077011
33.428605
33.154428
32.987047
33.697730
32.509293
33.507367
32.263372
33.554361
38.854462
39.442389
32.108073
31.155431
39.650030
40.830405
33.011598
32.247437
31.765732
33.958031
26.981605
31.299711
34.485274
35.994160
27.628377
27.884750
35.100859
32.943042
33.099442
32.028455
31.868807
31.459619
33.656574
33.302694
33.511130
31.675042
32.847115
33.661037
31.869815
31.516870
33.919629
31.145432
32.135727
35.868100
43.678248
42.959828
39.382456
35.470109
33.833770
32.513163
38.470354
39.843395
29.924163
28.421099
30.225117
35.891581
48.238100
29.887800
32.147175
32.592208
33.778353
33.976803
33.748036
34.293376
32.752187
32.638238
35.421840
32.812350
35.495431
39.209558
33.845005
31.655949
39.588455
33.969329
32.544885
26.572741
29.997083
34.117320
39.114253
31.513443
32.381034
32.999506
30.297477
35.393351
48.788304
43.708744
45.449377
39.863777
33.275987
32.510224
33.166386
42.443578
32.912701
33.157482
33.829864
33.245106
32.586585
33.642858
33.683038
31.720053
33.708433
32.500009
31.782781
31.782452
32.293832
34.075401
49.250094
33.477019
32.779713
46.974119
33.451416
29.427991
28.991712
27.323607
29.519616
32.795146
37.675862
41.645446
36.247206
39.461604
37.682050
32.728304
32.914626
32.830187
31.475697
31.620616
32.950987
32.959907
33.582679
33.343483
33.000062
32.721195
35.805513
42.483137
37.861341
31.595846
41.907907
35.623147
32.258543
32.466767
32.342109
32.215870
33.508743
32.739818
32.621656
32.575997
32.919921
32.766932
33.832131
33.287099
33.234033
33.746094
32.669457
29.458490
27.211111
31.274017
29.225119
25.710011
26.679223
27.380162
27.451269
27.442137
27.267405
31.799271
32.523462
33.286397
32.135000
31.732572
31.604311
32.347004
34.266393
33.232552
32.485735
33.071033
29.485351
31.525110
32.553854
39.264016
42.281144
35.851830
27.052064
30.241459
33.527274
35.889291
33.117487
29.661620
29.158607
31.375307
32.329306
32.021159
32.713409
33.596713
33.407493
31.454566
28.360572
34.894489
32.275865
32.999421
32.430209
32.401661
33.710084
33.597987
33.188441
31.906851
33.363198
33.227119
34.963249
42.842250
33.755420
31.833162
33.069841
32.335101
27.143199
27.595979
26.821394
31.388256
32.046919
32.348064
31.245489
26.355829
26.351017
30.652366
32.645472
34.113796
28.648844
30.491867
32.714207
39.938806
36.881675
32.433435
31.626282
33.049320
32.335938
33.015185
27.963312
28.038203
28.555605
33.756819
32.228477
33.252855
34.021829
32.671251
32.077428
34.285247
34.697994
41.504166
40.916299
32.223218
32.731477
32.978748
31.210468
30.120608
27.209495
28.964136
33.349995
32.458967
33.517847
34.096239
34.478283
32.145740
30.550084
31.616159
31.879738
32.571796
32.068524
31.049600
27.167985
26.455022
34.625644
33.033864
27.080319
27.118957
27.019219
41.535704
42.760949
34.161978
33.018278
32.853513
33.718782
32.347462
31.306023
29.384986
29.702749
32.333170
42.005870
34.504326
34.624992
30.729567
27.181461
37.942291
35.340907
28.076521
33.114440
33.287312
38.759939
35.105583
33.451587
33.283005
32.483161
31.978251
37.408390
43.032680
42.039701
35.083260
34.439475
33.717557
36.732744
35.775016
32.658145
32.269695
34.377791
32.942173
32.300063
35.861962
38.938741
27.803778
32.538966
25.540369
31.449308
34.444021
33.978819
37.543217
41.812572
34.001221
33.697207
33.078786
31.986006
31.713778
32.882681
33.297707
33.639171
33.598330
28.389156
26.413174
32.451395
40.346395
36.601924
27.358302
31.174900
34.087516
33.032725
34.158403
48.639715
33.696497
32.907910
32.702123
32.913061
44.986074
33.360569
32.877976
32.290881
43.156593
41.561885
32.768967
33.067419
32.970134
33.935394
36.271046
40.394884
33.503585
32.922333
33.347917
33.797342
29.675147
26.275570
26.759307
27.023192
31.460334
34.443788
33.649199
33.837960
33.815691
31.966502
33.080380
32.390092
33.588888
33.028111
32.609748
32.979655
35.316666
32.654070
33.616874
32.649529
31.159452
38.448204
38.695712
38.583333
39.738229
36.849629
36.750864
34.465342
31.965501
34.108134
35.011342
32.430131
33.369817
43.195072
37.217487
34.079848
33.303369
32.368111
30.619198
31.922019
40.138139
38.640637
33.656789
33.287379
31.638609
32.883636
32.804687
30.675393
30.269951
32.169878
33.431149
34.745379
31.183335
32.749782
34.486418
37.775178
39.295973
40.071473
38.478656
42.197989
34.249395
32.999816
31.842073
34.801586
33.349813
32.857464
38.983726
39.327332
28.612347
27.242911
26.601253
30.758298
33.653466
33.565305
32.293578
31.396037
34.077878
33.124240
32.629788
35.184665
32.946779
33.223999
34.474225
35.214955
31.137711
34.016070
30.717696
25.277343
30.808744
33.375444
34.355019
32.080192
32.979503
39.556640
35.791087
31.201456
33.119062
34.385798
31.870365
26.898513
27.279212
32.358749
34.242280
31.504479
32.464065
31.016798
33.696863
28.415315
31.529888
25.388324
28.220041
32.220940
33.804187
33.809506
33.666893
32.909857
32.416791
32.155025
30.989624
31.565689
32.435314
32.084696
39.682981
34.796008
33.799070
32.532597
33.878348
34.332230
33.362636
37.896179
36.572778
33.080021
39.510539
42.342335
33.304749
33.618501
32.496073
33.299650
32.512390
31.107577
32.170935
31.331702
28.431100
28.227963
45.849729
45.214579
32.268978
28.032254
32.274987
32.476185
33.212847
41.481255
34.151965
26.435472
26.637700
26.313198
26.415805
27.460685
30.875988
33.721845
31.680841
33.422058
31.779222
33.053666
40.738538
44.918087
32.210667
34.673404
31.251780
36.113818
41.348059
33.125252
35.155134
42.584841
42.521085
35.606497
34.930889
33.401957
31.564144
31.399875
33.953225
33.391957
33.271766
34.450149
34.671609
33.664841
28.495922
26.988688
32.924199
32.791177
40.637264
33.212113
42.563055
41.511769
33.962200
33.237893
31.913416
31.135537
33.109132
30.791221
26.627700
26.086678
30.871925
34.354229
31.629311
32.626377
31.467431
33.414813
32.516626
34.155594
35.845520
35.729885
41.660619
33.135980
42.194771
35.885743
33.065601
38.547730
37.644254
32.684993
33.299768
33.236373
34.367333
32.369033
33.512243
27.624578
25.236246
40.205613
42.197008
36.281425
41.392201
42.828249
28.756768
25.854015
28.033467
32.345620
32.092134
33.428350
34.431426
36.579054
54.347607
26.585787
30.565583
30.356648
41.121364
35.446135
35.660942
31.421178
31.363650
31.474339
31.141988
30.275875
26.110925
30.244898
26.891482
31.102683
32.421695
31.471038
32.330150
33.189894
28.517688
24.726880
29.523098
30.320569
29.514731
25.684321
24.153595
28.260944
31.281127
33.509164
30.698541
31.533513
31.322723
30.223278
30.909307
32.190725
38.105750
30.201517
41.608135
33.835379
31.486056
40.016440
32.586524
25.291926
24.332040
30.432699
30.174722
32.121673
31.483418
31.916451
30.190561
30.303997
30.980928
32.184372
31.007152
29.826019
29.550948
27.583452
28.937267
27.955643
26.353724
34.239520
35.432666
33.016983
30.752933
39.321355
33.996601
31.825444
28.413358
26.503827
28.882656
26.657703
29.749334
26.550938
27.077911
32.455647
30.569512
30.873216
30.216973
30.250185
35.498841
32.552366
31.471543
31.269291
32.896974
30.443843
31.152651
32.032979
30.537539
37.277536
32.624902
30.114425
32.355049
25.319314
26.456144
32.857230
39.600725
34.972713
23.909186
24.097488
24.411726
24.239842
29.616762
30.379534
30.355433
36.858585
32.476235
25.689987
42.518386
34.223342
30.203776
33.388215
31.461484
31.395533
30.764830
31.392695
30.242838
30.292220
29.899753
30.514121
30.815008
36.357713
33.001922
33.793473
42.708974
31.140618
30.610067
30.905739
31.397947
29.559544
32.327729
30.753595
31.226109
25.223917
26.815534
27.824848
32.043844
25.481178
24.379617
30.991334
31.838545
31.094104
31.017019
31.481867
32.113998
28.177765
29.458015
30.270620
30.832554
31.408834
30.969549
31.371912
30.588628
30.399128
31.561199
34.473051
36.988807
28.996512
32.570638
31.947220
31.107661
38.631478
45.000612
31.965848
30.563537
38.871498
48.195258
47.788796
40.784280
39.677583
31.576797
35.994127
34.871900
32.134584
32.315941
29.899044
24.878917
27.408875
31.876834
30.886034
31.092762
30.379441
30.377928
30.816088
24.464627
24.487672
32.463822
35.868460
41.838423
42.206912
40.502474
31.963633
32.238490
40.431311
41.412833
42.060752
32.114842
30.086570
26.401446
31.160833
25.929340
33.271420
34.143784
40.840701
42.411659
36.182747
41.139775
43.596160
31.798436
32.838365
32.310686
32.462228
34.320098
32.742781
33.292225
32.831052
31.358825
27.828523
32.359301
29.101096
27.812897
33.486850
31.758448
40.149863
41.876894
32.094233
25.833416
30.833468
32.543239
33.343766
33.517743
33.202735
34.194208
32.448593
33.952022
32.124581
38.090168
42.497315
40.338798
34.279053
32.015907
33.713077
31.436005
33.033818
27.300408
27.542754
27.521294
35.334675
29.838332
27.976852
32.301130
33.090827
33.525593
30.363842
26.993930
32.482903
36.793845
31.136638
33.829343
31.505800
27.801784
30.101243
36.406497
31.259466
25.813855
28.199186
36.670703
33.445262
33.021213
31.637787
34.367453
34.186831
34.828494
33.819651
34.053999
34.162584
31.240808
39.091923
37.826589
32.706023
34.075693
33.814185
34.868603
32.796859
32.963967
31.146343
33.007260
31.620706
32.321458
33.318174
32.904731
39.107321
37.293358
31.701889
33.549107
32.997623
33.378678
35.053827
32.804890
32.245357
33.501216
33.206304
33.097555
30.922413
33.051237
32.855507
31.695627
33.589048
33.045917
32.288229
38.989580
39.136797
34.565176
35.649327
27.800465
27.234395
26.703030
28.867446
31.753497
32.180988
35.393555
32.782692
33.587165
33.867181
33.368046
32.815510
33.167420
32.186829
32.631389
33.830785
34.333415
32.217871
32.955935
31.673343
32.066240
33.990024
46.213137
36.493217
33.285330
32.360135
32.369298
32.971764
33.076635
31.437884
33.214896
34.363770
28.976415
25.807970
32.358874
32.096499
34.137223
33.567408
35.042182
33.356673
34.816624
33.501668
34.438490
33.792622
33.170457
32.106194
32.809251
33.439094
33.864461
34.205890
32.589782
33.969629
33.639621
32.931139
31.901595
34.772722
39.453959
35.715331
42.523954
37.403880
36.804276
33.468155
32.986140
32.697645
33.907966
33.096307
35.498291
33.915416
33.360474
33.310193
32.489541
30.878571
29.440673
29.375779
28.667268
34.827095
42.448539
40.748053
32.625393
32.826001
31.566873
31.377017
30.129178
26.923569
31.763271
33.059173
30.120469
27.578199
27.086557
29.816717
38.413043
31.418625
24.662892
30.014506
31.694343
32.375918
32.564912
32.489369
40.098666
41.962094
34.511807
32.484396
33.419899
33.413883
33.605559
32.071490
33.012883
32.535644
32.646824
33.364527
33.720733
32.463645
32.644708
32.223287
34.306760
33.772682
33.857418
32.756546
42.127118
34.137857
33.732527
33.065425
32.229310
32.231208
33.941340
40.158230
32.375191
29.219909
26.203957
30.039465
29.176856
25.382064
31.342751
33.578067
32.494787
34.925876
32.840139
34.600003
31.709858
29.939530
32.847313
31.771005
34.058841
32.469295
33.177222
32.837691
35.682569
33.368312
33.305490
33.686518
33.077829
33.963317
32.303740
33.624199
32.582192
36.906704
42.743794
33.143295
33.476074
32.121041
32.842968
32.019030
32.392166
34.050006
30.407490
31.342975
47.116261
49.243806
38.248863
34.517031
33.030456
32.395565
34.505514
33.532825
34.437836
30.764378
32.442439
32.402045
33.467294
34.026055
32.998823
33.529288
33.304098
33.152693
32.757375
34.676829
46.978779
34.472992
35.110044
33.558983
33.844332
32.331127
32.936184
33.187812
34.855642
32.771713
31.585800
31.696692
33.100240
34.124934
36.577196
39.122075
35.030624
33.852848
41.227836
35.671709
31.987756
32.617374
32.496330
33.294677
32.969339
33.005085
34.115453
32.359390
34.198861
32.881350
38.699890
36.009100
31.460056
33.149153
33.865268
33.101793
34.606313
36.139951
33.295275
33.740589
33.097598
32.847070
32.123469
33.601266
32.645232
33.323606
33.663272
33.130757
32.481182
33.928888
34.209623
32.181892
32.779311
31.996019
32.583471
33.180441
33.275343
32.795549
32.709813
33.848743
32.001691
31.652750
32.788171
33.664095
32.331878
27.129325
33.903986
33.476332
34.799324
33.731932
42.701165
27.564632
26.722425
31.305614
32.757664
47.123872
31.689155
27.118391
26.390550
31.968324
32.847120
29.290872
25.368112
26.567342
31.004440
33.524798
39.796227
31.495866
33.105152
32.738435
31.980917
32.893204
25.096805
32.837679
33.644168
33.596695
40.674890
41.240859
37.269361
33.035217
32.241884
32.140106
31.306189
32.729129
31.909066
39.848890
42.299450
42.081375
40.973948
38.191324
30.529166
26.289673
28.693365
31.516302
27.205736
30.992162
36.591961
32.338386
26.037256
27.213688
26.790597
29.766545
30.979459
31.607726
34.781409
32.068336
32.246990
27.520361
31.068674
42.752404
33.565085
38.966630
38.542738
32.051192
34.578253
34.158961
34.148243
28.638878
27.795876
29.867608
27.587409
26.511730
34.139957
42.608656
33.291186
32.250508
32.727015
33.926921
32.806795
35.337442
40.329199
31.400337
31.884575
32.735346
40.713451
38.243412
34.209784
32.933844
36.706054
41.333006
36.912656
32.029073
31.678173
34.473662
33.893470
32.848178
35.144821
31.405471
31.999154
34.422160
42.418854
35.447989
32.454595
34.625747
35.141489
32.885154
34.114804
32.127520
31.437269
32.249927
32.872091
31.957175
32.719086
33.953811
33.222482
31.963061
32.186489
30.555175
26.807446
26.155048
39.512311
24.340911
28.680715
38.575404
31.772276
32.487695
33.201252
36.732449
35.739117
32.423528
32.811338
31.948188
33.045255
30.512216
26.309279
28.927455
26.703022
26.272478
25.558487
25.820736
27.460107
29.537460
34.952999
40.924950
40.920753
35.582752
34.386421
34.799717
35.178282
30.968591
33.565799
34.206329
40.682894
43.046898
33.926038
33.438479
33.328289
30.851631
32.413954
31.894653
33.420422
33.157826
32.951756
32.839566
27.733615
30.348941
33.264757
32.263334
30.166428
25.324482
35.009467
41.178708
37.086146
28.642318
31.576611
31.348818
32.883357
39.442312
31.475349
32.327217
33.453890
33.904815
32.924326
31.408076
34.012116
33.301038
33.596155
38.056899
43.970697
29.403746
45.395674
32.779677
32.261278
33.187648
32.736251
33.211790
32.731540
32.044866
39.862797
33.976146
37.903613
42.183036
38.083614
33.895954
34.308913
32.432597
31.077694
32.329333
34.159445
41.247180
30.663130
35.695268
32.763994
33.556035
30.597802
25.713916
31.183215
32.836204
32.830886
35.908984
34.625738
50.675825
31.030114
30.565460
34.284091
42.121137
34.019159
32.152552
28.924118
24.700103
31.270523
30.347543
25.248667
28.642661
41.666043
32.562782
39.776163
30.861729
32.054140
33.897098
42.004273
36.842055
35.166897
37.848856
30.658414
33.120015
43.031148
32.404439
31.830124
30.622989
31.222362
31.570950
31.659591
29.782401
32.375528
30.386795
34.163877
41.296807
32.004615
30.261295
30.576823
31.823159
25.035554
24.502183
31.705641
33.780022
31.393224
31.912248
32.222704
29.634658
24.570095
30.339402
29.702308
32.581594
40.375330
31.921913
31.712934
30.324253
30.277877
31.314968
31.567620
32.555929
26.269549
26.061559
30.468747
32.140929
28.460690
24.374294
26.942740
26.045901
25.237845
24.846706
28.370332
29.792204
42.998022
44.396686
35.739874
30.089198
26.060020
31.743543
30.223360
30.652481
30.697138
30.776228
30.922522
30.440183
31.016626
31.323064
31.078810
30.096399
32.788943
29.011908
29.918286
31.224140
30.776961
33.304220
30.460520
30.712103
30.065680
35.742997
33.366580
41.837999
30.362607
29.937472
31.281014
27.947526
24.825856
30.889700
31.067972
30.325132
31.128084
33.055518
37.287397
40.399979
30.508882
30.143790
32.327479
37.435489
36.556574
25.452966
30.483042
31.679069
30.208293
30.679887
30.338882
30.710132
30.544283
32.034498
41.515292
30.629543
32.465762
31.795976
32.384381
32.298994
33.041761
30.387452
36.336320
35.907489
34.085791
33.668301
33.082818
33.719439
35.074411
32.684540
31.014907
32.705746
34.351276
34.309135
33.904039
32.687488
34.061208
34.350266
33.141164
32.475700
32.320962
41.792155
35.875867
30.099883
27.008686
36.517068
42.418110
34.999201
32.083137
26.170050
31.299732
33.049881
34.249995
33.051861
33.785772
32.303658
32.152220
33.971241
32.609196
33.228806
27.872566
29.637226
31.497788
26.492766
32.570047
32.730010
32.516196
34.471892
33.151430
33.136014
33.578634
32.157491
37.984121
42.427836
36.960033
38.278661
43.252359
42.254465
43.052493
44.038459
32.207418
28.134222
26.933754
31.703655
32.740473
33.072828
31.799163
33.276308
32.491520
32.124372
32.048101
32.118954
31.858933
30.742012
32.532305
32.867618
33.113305
31.563768
33.187378
34.142772
32.921125
30.949623
27.748396
28.032114
33.795581
31.753173
38.469535
43.403351
37.767989
27.273974
26.570581
26.660882
27.208291
39.809131
43.414276
43.044154
32.399081
35.043348
32.797261
35.019852
41.762229
42.396249
33.337354
32.646899
34.236468
42.354563
38.991284
32.874461
31.281620
28.179755
28.283538
31.937608
31.801224
34.375128
32.180160
31.853958
33.885717
32.478109
32.320330
33.384431
33.266497
34.102271
32.999067
33.911932
43.069739
33.753657
33.353531
32.841512
32.523298
32.764243
32.905812
33.249071
33.929309
31.574793
32.865276
33.518478
33.787589
32.091856
34.911976
34.720778
33.018800
37.293090
36.544770
32.486807
41.148113
34.958658
33.953996
42.562956
39.430306
41.267964
41.630585
32.769331
31.423603
32.491452
27.045261
26.746426
30.898693
35.252423
34.201399
37.588089
42.277359
37.055583
41.974706
34.466269
32.531629
38.890049
32.087739
32.738763
43.570462
38.525681
42.981237
38.164335
31.526261
32.150077
31.270885
33.111214
33.294959
32.382909
32.656728
31.836545
32.407012
32.245960
33.855178
26.974610
31.615605
31.484679
25.255540
31.180696
33.234117
33.535168
35.248215
36.218089
39.563558
28.432655
26.437475
27.208252
30.535550
27.727698
28.004871
26.575901
32.185036
32.752853
38.127845
40.356993
32.919056
43.235900
37.482749
33.568420
34.180287
32.051444
33.908315
28.131153
29.175420
28.892028
31.488862
41.731272
39.921982
34.437717
32.316771
31.725227
28.099742
30.121045
32.959490
42.567240
33.164357
32.881816
33.989594
33.153606
28.748664
28.696825
31.611884
34.803813
33.884083
33.357669
33.061556
31.588545
27.678663
29.831910
28.294496
33.699652
33.866574
35.049185
33.911475
36.282901
27.312618
32.583862
32.743785
33.298995
34.802155
34.232054
32.470866
31.696284
34.168089
36.150251
40.597016
32.866216
28.735723
27.794254
28.296869
32.676175
32.106687
27.281580
27.506764
27.458248
27.312729
27.405670
27.622525
27.748412
27.712068
37.836600
32.196416
32.888107
33.432548
39.425842
32.459836
32.438261
34.106943
32.576510
33.964310
33.753422
33.528135
32.790773
33.151566
33.558095
32.142362
32.880658
42.122471
35.079979
33.751494
32.642485
32.246373
31.471850
32.396173
31.574797
33.777767
30.498941
27.043324
28.376970
26.603234
38.457091
41.507265
26.089829
34.335331
42.278738
39.800150
41.169875
41.720326
34.467102
30.214383
27.553941
26.828456
25.568976
25.966402
30.152624
33.713788
33.101563
32.608685
33.349607
34.263560
33.502274
32.574907
31.644918
33.434607
32.325041
33.564200
32.665517
31.746839
33.776947
34.144852
36.117599
36.199087
31.746314
33.108109
32.562130
33.385209
31.475625
30.452403
28.908820
28.808308
34.315192
31.951658
32.789581
32.093074
33.132960
32.510644
28.652785
33.447733
32.033071
36.484634
48.636114
46.962639
44.630995
38.995011
39.531374
33.575189
33.380601
34.927605
37.740505
40.334848
36.732979
36.093367
41.412227
35.570937
42.953021
39.723023
33.177487
43.438528
37.723995
33.607215
35.506800
31.159832
31.808088
31.270784
30.890529
34.651914
33.985724
33.990350
33.049845
31.566565
31.087837
26.440923
29.788119
33.065335
33.023755
32.039670
25.891511
27.434528
33.124013
25.281944
26.699795
32.076549
32.256400
30.392290
32.958287
31.766893
28.622492
27.283923
28.036704
27.234895
28.252280
39.814642
38.050427
32.480262
31.462928
33.361629
33.838606
27.747064
28.698505
33.895692
35.620467
40.786398
33.308051
33.570241
33.905502
33.552613
32.674159
33.208932
32.850156
32.931683
32.776505
31.602539
32.397139
34.058552
31.701920
27.927230
33.736116
30.105294
29.101225
31.816523
32.726581
33.347136
32.489979
33.618738
31.605957
33.326299
33.297574
33.443805
32.523104
31.984946
31.979498
33.401182
32.982026
34.229479
32.278200
33.569445
28.582377
28.591815
28.019288
28.883313
31.800619
31.339150
28.891412
28.089475
30.286918
27.349802
27.422347
26.627456
27.949408
31.226510
33.862815
28.402590
27.730870
31.075969
35.464776
33.543729
32.176172
34.317721
33.934753
34.923931
38.792306
32.149570
33.412437
38.097673
39.242447
31.731253
27.252347
27.359755
26.883505
30.424613
30.052367
26.791327
27.186203
30.555169
26.997573
27.264299
27.062321
31.295884
32.478598
37.027745
46.901171
40.592017
32.909805
33.675346
33.348679
32.946906
34.425901
32.748591
31.947448
41.302428
40.884801
33.141715
33.355643
33.695391
34.869416
33.350683
31.533096
36.271444
41.463436
38.704972
31.864518
28.195622
31.979339
34.519781
32.846374
31.885857
31.883966
33.117427
33.316260
35.054835
35.837579
40.647902
35.469039
33.308621
27.775196
25.822411
32.387928
33.787010
32.989178
32.684585
32.948042
35.555523
31.932132
31.358863
32.958422
33.564998
33.387993
42.959421
38.491470
33.834026
33.092682
33.126218
29.387877
26.801298
26.894764
34.410734
32.584808
32.549027
33.027660
33.406341
32.319015
30.539838
33.472297
34.159928
32.440031
29.057754
33.973875
33.622865
33.928781
32.130393
35.530326
41.883931
34.107245
33.440112
34.231520
33.054751
33.899881
33.028205
32.642153
31.860897
32.568825
32.965212
33.826002
33.514243
32.213917
33.559804
34.259138
33.986923
33.459772
33.272060
32.862471
32.743975
34.366997
32.551676
33.229590
32.913022
33.742443
34.153431
32.527892
31.694401
32.903527
32.694471
32.719158
33.911740
32.144419
33.600276
34.614397
34.006825
31.102915
31.839326
33.494741
33.210723
32.836720
33.156372
32.413933
32.951086
32.901735
31.738588
32.397662
31.332231
35.864970
32.502481
32.868823
32.324566
34.076028
29.537085
27.822039
31.429809
25.869777
27.534402
33.215051
28.673254
26.748464
31.539323
27.518675
34.113192
31.359727
28.535794
32.248031
31.599429
33.735463
34.251065
33.627005
33.887629
33.786608
32.658806
32.590037
33.905939
33.943806
33.083989
32.263974
29.310034
31.940940
33.045872
34.289647
34.263938
27.563164
26.806761
26.981386
28.929042
39.190897
41.613514
42.120767
33.742423
33.372086
32.543483
32.203162
32.203965
33.774569
38.333007
43.404817
57.902114
