50
46.388306
40.667062
51.995474
45.735536
49.964046
48.269109
46.925298
46.369334
40.407952
47.790420
45.997264
44.430689
41.131043
45.303623
42.819674
46.137896
39.350516
47.794726
51.433369
52.480567
45.947502
49.774796
41.988406
44.395113
42.446017
51.618825
48.968480
46.018718
48.910407
53.360669
45.048498
51.566431
41.426374
46.746643
50.802955
46.203760
49.543391
45.268732
47.767570
52.368711
54.998933
53.473897
48.459909
41.458089
39.817335
45.640954
48.654807
46.738186
44.088030
46.250886
41.691079
44.592666
47.498370
46.237256
45.382262
45.249596
40.868703
41.050550
46.350385
42.779331
46.788561
53.073595
43.145500
39.589100
42.335425
38.259983
38.829969
36.533705
40.835828
41.627751
38.029029
48.391748
51.833473
49.902816
50.035620
41.749480
41.255575
45.662290
49.829108
49.478506
51.989334
44.743439
48.606730
43.230660
45.629165
48.663601
41.619419
45.488595
46.640837
46.021000
46.585216
41.431376
52.140722
37.996634
47.937881
51.270525
41.691039
42.521623
44.282721
53.697630
50.669460
41.263887
43.596472
45.605574
51.358687
41.648496
43.554103
52.520934
53.288455
45.845909
50.168762
50.671000
43.045895
43.341739
45.520162
42.532809
41.004121
50.900743
47.823484
48.756621
48.894468
52.573981
51.927763
49.640468
54.069323
51.127548
47.632360
49.931958
55.324930
52.502477
52.406834
51.782366
43.354425
43.556272
47.635310
49.708712
53.586427
50.494589
45.725097
42.920425
43.638892
42.111067
45.186238
43.623667
41.614491
45.202859
41.443783
51.110464
46.380570
45.137372
40.480583
46.734492
46.410818
39.653473
48.264125
46.085273
47.056225
44.832398
45.891594
50.482803
43.876509
44.487758
41.821881
40.063082
41.381577
47.629002
54.118888
46.669293
41.193764
43.989263
38.703227
37.928154
49.650566
43.176407
40.565110
39.210866
47.109406
51.913045
49.305254
52.601028
48.041049
45.518207
53.887428
51.279798
49.969054
50.181436
47.678821
39.708656
49.388371
51.434147
48.534374
43.144002
39.793624
43.017973
55.876244
46.691960
38.913052
40.748450
44.813669
40.947120
44.648684
42.988913
49.779826
54.098655
44.190139
39.134720
40.236316
47.133308
45.962687
52.098579
50.373778
46.229250
46.485248
54.948695
52.550820
45.303100
49.972496
48.611582
51.560207
49.185371
40.049622
42.305733
39.170326
42.751975
46.503366
43.765528
47.040590
46.195191
46.774457
53.795488
41.569871
36.466553
49.060631
40.389604
40.147986
38.873486
43.415463
54.162797
42.784239
43.500009
39.584879
48.601205
47.817817
41.269152
39.986179
44.064419
45.550068
41.758235
43.959881
51.349163
50.849328
53.233135
46.539890
53.394244
53.785543
47.436897
52.714368
59.844271
46.848877
42.267003
44.926841
41.252408
40.068055
44.947281
50.070468
44.908438
43.546226
48.003421
49.970956
53.026689
48.351349
46.985614
48.522128
45.559602
46.133540
49.103785
45.088588
49.388468
44.063528
44.340251
45.016222
45.573272
42.928233
43.604601
39.977629
50.912770
39.346340
48.453258
43.928036
46.091124
48.930403
50.293926
55.196116
47.276029
51.729277
54.117932
55.476686
49.120833
44.045114
45.152430
44.721626
46.607907
51.385412
40.933722
47.363402
45.455417
50.038005
50.081088
47.109586
52.066002
49.396408
46.925606
48.151181
48.554270
50.329181
45.463227
44.052386
49.422437
46.233692
40.077365
43.773139
38.547264
39.933806
50.338919
50.630817
39.225817
40.389949
48.062624
45.369863
47.469528
47.862626
51.576667
45.807002
47.915267
50.833960
50.138290
44.965116
44.799388
46.008001
51.143069
42.459462
46.245101
47.497111
44.280789
42.129758
46.599406
43.143365
38.095544
40.911565
45.173901
48.633560
45.089860
53.005536
52.271042
54.570468
52.514998
49.675991
45.510782
50.258553
48.600709
50.294104
52.347902
45.646493
46.006040
43.975053
43.575828
50.616579
50.456783
54.899615
48.891611
47.204603
41.708673
49.967584
47.890063
44.029384
41.608976
41.074488
40.642878
45.669490
44.697357
40.458960
40.659586
41.780883
43.321712
48.148604
43.321341
41.507886
41.666692
47.323675
48.089275
49.491856
44.140984
44.821450
45.845412
46.731672
42.631628
47.208476
48.684177
51.589813
51.015658
51.906370
50.871180
51.488374
47.340242
45.590954
51.902185
48.486689
43.411735
45.573940
52.711924
44.245118
54.329116
60.092828
53.855230
50.128407
44.551944
52.147961
43.508815
40.429598
46.641583
47.038882
39.565789
44.836637
48.869324
47.133215
47.783703
52.606165
46.739117
43.733353
37.661040
39.163207
46.326875
39.291654
48.130553
52.239791
49.661503
56.571203
43.207471
45.894665
50.488029
58.258003
43.478230
45.950762
47.744501
53.595730
46.984393
52.087414
52.474893
43.949844
51.808282
51.483869
43.950512
39.419170
40.737561
41.209623
40.782784
47.576896
46.525276
45.903482
44.496863
44.435255
45.130522
48.999263
49.889020
38.869006
46.658593
50.648373
44.524953
39.247086
42.111898
44.807733
38.875182
39.733459
51.753275
52.377830
43.786628
41.998926
42.607739
35.807349
41.368155
47.727385
48.174620
47.072273
54.846875
49.727882
50.110107
42.102252
44.870796
47.126507
41.623390
43.624865
46.357083
51.711013
54.512904
51.447458
46.346317
52.379779
44.710460
47.635875
42.223121
43.891856
47.298930
49.165335
47.367672
38.578209
42.557963
47.881756
40.284946
40.549275
49.430062
53.859856
45.356354
51.323101
46.882625
48.088156
55.094567
51.397747
47.275862
50.645838
47.147187
53.719707
47.066986
46.566116
50.188255
51.147766
49.229476
49.533483
46.520926
51.541131
38.565567
49.646224
40.082500
47.859766
46.811756
51.047682
49.121845
50.380113
45.469234
50.213727
51.105238
44.708187
46.381768
45.875451
43.159763
52.658799
44.567166
47.052442
46.502790
43.531295
42.729845
42.931778
48.129728
51.759870
44.130555
38.599373
46.822444
53.224246
43.416231
47.798551
42.143340
50.608810
44.695610
44.404619
47.051326
47.659522
41.619152
43.629387
43.225345
44.631776
40.977107
47.810946
47.010856
47.497014
47.791290
47.951239
45.945520
43.711409
46.641547
46.159599
41.925196
38.538302
38.362306
41.095946
41.238883
39.299564
49.550794
50.136124
45.107799
41.175237
40.756085
41.811440
49.500833
43.648311
41.899315
45.358659
47.951628
52.112712
51.203054
52.747315
49.836054
46.720667
44.754561
44.974435
38.896091
39.895412
44.196801
46.151923
46.639790
40.861088
44.873376
40.485197
38.881186
40.677050
44.912311
42.846750
50.464446
47.536492
45.351963
38.204164
40.000285
50.108763
49.023318
49.512725
50.460705
46.635764
42.719307
42.653409
40.953235
44.736118
44.174046
48.773791
48.511558
45.716136
43.909774
41.356475
40.649020
40.149994
44.680004
52.215375
48.554955
43.119298
50.280439
48.718995
45.695128
45.576273
46.652613
53.666407
51.445159
49.353405
42.132573
46.894061
47.046834
42.072909
45.242663
51.547644
45.724911
53.485577
53.987749
50.936110
50.238579
48.004735
50.985529
51.521064
45.269962
47.213955
44.520589
41.110553
45.166395
43.791564
52.845500
48.501976
42.628757
45.009067
48.048395
46.338999
56.138698
54.900277
42.245861
42.056282
42.483322
49.933920
54.352586
53.862647
48.358889
55.960885
45.316752
49.379475
52.465307
55.481360
52.283182
54.835722
52.241984
50.647726
45.060593
48.844322
46.010451
40.274883
51.538338
49.839865
47.553183
45.260989
41.646079
44.288972
47.212198
44.310109
40.720591
44.748750
45.834831
43.611751
49.585894
48.492757
50.007409
49.905355
51.787784
54.297576
44.338527
49.925616
54.357692
51.701911
50.663747
44.169203
53.179025
52.351364
48.867820
47.490108
42.887155
43.614766
48.745065
47.723423
53.441523
46.059175
49.242534
46.031816
43.592679
44.967006
51.450266
53.079538
52.398710
46.256983
41.251328
41.684600
44.500872
43.569956
56.656480
47.634808
47.206342
51.907715
52.476345
46.723125
44.706597
49.217407
47.859889
44.734570
43.017921
44.913653
52.897371
53.895306
52.244783
53.263634
50.568691
42.485711
46.266579
48.661402
47.997234
42.945055
40.181824
44.447496
41.752800
45.457389
49.526707
40.597320
46.439165
51.921679
49.010707
50.394012
45.907283
43.093840
44.972694
44.207525
44.045153
40.187102
46.759863
46.495872
55.147866
51.678002
58.115251
45.304756
42.591745
41.609439
45.251046
52.589149
55.737384
56.311908
59.434015
65.329371
74.002077
105.492755
45.454615
46.520814
48.224645
48.152364
43.696342
42.874344
41.014287
43.679190
48.642871
43.797086
41.780386
55.131041
43.652841
39.967708
44.681951
41.852882
53.779131
53.319484
48.704285
54.576074
48.451078
47.347095
43.776110
49.513750
43.879769
42.139740
44.454310
46.709093
42.036081
39.065285
47.851748
51.440406
53.880471
47.225240
52.916101
54.677474
42.240851
55.507740
52.334091
48.152997
52.389126
48.668812
48.824082
48.378790
47.348668
43.952937
41.486411
41.519163
45.977134
45.236082
49.618429
48.233634
42.273420
42.779748
39.983173
45.132673
40.630197
47.012921
49.140030
51.552807
45.625089
42.104587
43.648399
54.452729
45.356178
42.908169
51.117397
51.011975
54.034583
50.310415
43.375376
40.514454
45.854617
40.061789
48.246260
43.863245
43.570900
45.010215
41.600233
44.009590
48.791057
53.268664
45.150634
56.477602
49.568653
48.853571
55.302255
52.340076
53.638922
45.510939
43.356635
43.153393
44.947556
46.479707
44.809239
45.357227
40.900524
46.275088
44.670477
51.841777
54.769222
53.993921
48.016905
49.125127
38.312677
43.716381
53.943752
38.942287
41.197600
46.478574
48.964746
44.898178
50.299193
47.479092
42.053894
43.810523
42.983044
52.192015
53.732767
41.594903
40.388154
44.735317
49.363681
52.132695
44.168830
48.394322
44.015133
41.709433
40.436260
50.728407
50.792955
45.586341
46.527755
39.650629
42.399194
49.031120
40.373971
49.666776
47.415547
51.024478
43.511075
46.591487
44.246768
43.360300
43.635746
53.767674
46.604502
42.872907
44.661830
46.974116
54.413484
47.856865
46.293986
43.434387
48.432952
51.907163
44.742843
38.908870
43.275210
41.247662
45.208117
46.134617
48.915641
47.222026
46.759844
42.349913
45.277455
43.560110
44.292179
45.708338
37.195460
42.836402
47.774116
47.345953
44.357033
48.950888
49.772624
43.798784
41.205761
47.637134
43.998072
41.964872
48.714865
47.745461
51.430599
42.963055
41.255305
38.518449
42.015606
49.987512
49.173182
47.183215
49.230439
51.447393
52.820255
48.777542
42.290206
38.741932
43.986121
46.360730
41.076855
37.456095
38.377148
42.681110
44.806467
45.088394
45.408854
54.476836
45.532329
45.022862
52.154987
51.299699
51.526746
37.564860
40.397979
44.350588
48.819751
52.068452
49.594679
50.047163
45.413238
50.367369
39.661905
45.456162
37.902613
41.568793
43.739793
41.055115
46.068566
47.535328
38.803719
39.870323
43.284998
42.854488
47.514627
43.263373
44.424233
48.090380
47.985401
41.920157
41.701350
42.056481
46.829521
38.902524
41.427941
46.246803
44.123542
46.675247
45.939134
40.559436
49.255263
49.794755
47.032386
51.931065
43.367355
49.310982
47.868919
51.845515
52.777262
51.254529
49.032914
50.207997
47.637358
54.995438
51.149992
44.205107
42.979553
44.424446
47.117886
45.607765
47.214075
46.099610
50.782976
48.523988
51.932773
48.923856
50.575538
50.668953
52.723454
45.162558
49.361769
49.231777
44.337628
45.886779
46.856223
40.850843
47.544127
50.856405
48.452299
52.846890
51.831174
45.021373
41.519976
37.251465
42.781430
51.503195
47.808259
45.556666
42.421345
46.666149
43.554915
44.873680
44.670704
44.700994
48.306687
46.080234
48.067794
50.563543
46.976600
47.180482
50.498938
52.101512
46.516322
43.413189
46.925831
43.799235
47.684773
42.963902
47.049559
49.027646
45.603311
50.185886
50.953867
52.752626
52.961306
50.244129
46.361203
44.432573
52.601566
47.646258
53.170503
39.460488
42.504340
48.989472
49.217431
47.031125
51.067734
51.460723
48.027093
48.306153
43.919227
38.718783
38.053374
45.930653
44.946817
41.723903
39.848559
45.638738
53.737207
42.977776
45.371453
50.308745
51.156725
47.753890
48.000834
43.627966
44.664670
43.284352
42.616827
42.008474
42.297533
41.131822
38.707189
52.558909
48.060572
43.970533
43.023929
51.969461
54.646434
52.446117
40.571236
42.850699
50.694847
43.159946
50.505524
49.735362
46.365034
42.390127
51.759373
56.723143
49.998579
42.034947
52.569553
44.588603
46.493402
42.993829
44.312398
36.431529
38.290714
44.157397
44.459879
44.882066
42.369887
39.518781
46.068214
46.017658
48.660859
45.020059
45.974206
51.259556
47.677319
46.507607
40.632287
46.080642
42.349771
39.396012
44.633670
44.393211
41.084482
43.932797
45.961587
51.510702
45.426022
50.995922
44.804563
48.589463
45.482648
49.250240
49.628784
48.873677
48.454630
47.844873
48.108089
47.552885
50.877879
46.239163
50.840690
49.101125
44.227702
47.818778
47.705391
39.315674
48.705644
41.180121
44.828782
48.973680
45.053686
44.567123
41.445077
41.929221
46.229577
40.757992
39.160773
38.652443
40.396037
46.495917
43.935756
39.385901
46.551145
44.324245
52.952730
48.433076
49.609201
42.080465
50.247691
49.175113
48.690598
42.861380
39.326384
40.771341
52.545958
46.623697
49.320136
48.675098
52.643577
55.127122
48.867720
52.538813
54.346950
47.474630
44.483119
46.278337
45.379483
40.727757
42.097245
40.954658
43.813554
48.899610
55.989199
49.598563
47.940490
48.585626
49.387525
41.522222
41.555467
50.426536
46.226579
49.624898
51.948170
56.250645
44.042934
43.575315
41.366601
41.186375
44.443189
43.269577
41.213917
48.680843
41.969973
40.105140
45.438623
45.422834
40.288189
40.306436
42.431434
48.853123
42.847632
37.754378
40.188358
46.355622
52.115435
46.110101
41.171937
41.665963
50.134077
46.282302
47.545312
47.596374
56.569785
46.708229
44.923228
42.381638
37.627441
41.543144
56.522485
51.552394
49.623556
46.625620
51.099455
48.015315
50.792023
43.337044
36.926592
49.824530
44.775798
48.855359
47.202083
47.097679
50.746025
50.322510
43.183346
44.296391
42.394681
39.866478
46.351479
44.594640
42.617537
43.055983
46.955626
46.402882
47.456102
40.768538
46.601706
49.831776
46.979338
42.204037
46.906720
44.664798
43.226893
39.856203
40.982075
37.569604
41.853899
45.578854
49.464349
50.182863
44.917999
43.458938
47.794376
50.113964
53.400944
53.087747
50.853916
58.703529
56.144847
50.707988
42.382714
48.491587
42.215004
42.717486
45.185792
43.044919
46.866368
46.287077
46.678193
39.267713
40.034290
41.987395
40.475307
48.572941
45.811102
47.251289
42.156083
44.823974
40.381017
41.210806
41.903906
44.337791
47.523244
41.762081
47.979375
54.725351
50.017425
53.728532
47.820469
47.257398
43.944060
49.562373
55.325007
51.816230
52.322693
43.797296
42.261269
42.192095
45.724741
52.132904
50.062426
49.577401
50.227479
40.734098
42.438065
43.140014
44.573337
43.711942
40.419295
45.593081
39.014089
43.221491
40.859362
38.932695
40.455229
45.658875
48.063740
44.295712
47.832169
52.524970
51.674957
50.509504
47.745327
45.010831
42.475126
49.936577
43.781822
42.236305
46.326780
46.612484
48.704866
48.214201
43.163592
53.342568
57.291846
48.491683
41.743621
45.690273
43.869837
52.148702
44.900140
42.214357
41.182696
50.788241
52.812250
42.793106
46.278673
45.679915
44.627100
46.458963
47.631979
45.876898
45.365729
42.742881
41.925399
47.311394
42.592494
52.347198
52.944411
49.935865
47.058238
53.561657
52.980752
51.972314
58.505098
49.662805
49.014717
51.294435
44.518943
49.727738
49.483823
49.285024
45.097066
46.010711
42.849828
45.400906
38.691888
43.628388
55.035495
45.480101
56.813290
50.157193
40.471107
48.670049
49.942322
44.890160
45.761767
52.020300
48.465338
48.497128
50.906082
36.638719
41.933952
44.695876
42.508662
39.405786
42.872425
48.621522
47.883261
49.713366
55.128424
49.441714
53.044217
49.649406
48.643018
46.358647
46.682953
56.030680
45.944165
37.162802
39.032449
36.049017
39.828011
48.817035
46.169264
47.687879
49.526135
50.622267
43.923703
41.055022
45.446307
51.016495
42.262154
46.373691
52.543173
47.336923
50.053024
49.415105
47.816573
46.922422
43.609456
45.196497
40.000602
46.723011
53.738371
43.660247
44.817178
41.771347
38.433247
44.166776
54.469197
47.739088
47.032084
46.865499
41.984016
42.339763
42.487645
43.530039
40.197870
50.740165
44.875892
46.089974
40.823388
41.379194
42.201285
47.724832
54.987828
56.799399
49.012418
41.418040
45.719675
52.713562
44.842094
41.379301
45.911960
48.499538
50.475896
49.132347
50.367308
49.567357
55.448795
57.542370
48.835945
51.292123
56.619994
48.485145
57.594432
45.725293
50.559800
58.641245
64.014403
78.181071
95.829721
135.672878
43.159908
35.468855
44.410275
53.274554
40.993720
44.547546
58.680330
53.532595
45.852300
46.654280
47.078971
46.243872
45.907972
47.582133
47.226692
48.647215
44.610203
40.577245
43.810271
48.980372
43.496021
52.577493
42.263670
44.378639
55.283154
44.348891
54.043239
49.873194
48.581497
51.356583
45.855431
49.799234
40.789903
42.725064
42.570899
40.104959
42.982968
37.360748
44.485219
49.589009
32.459272
38.804773
41.248374
43.283201
42.425294
38.982613
43.317106
46.567322
44.663410
50.551675
58.233136
40.235978
55.009474
45.574448
48.827461
49.922895
55.048431
50.271032
45.522683
46.571221
46.351391
44.715148
53.280522
55.601968
48.345611
52.921086
45.633106
57.991525
42.024172
42.692961
49.137601
51.815178
46.035973
45.066942
47.370853
43.341198
45.923365
44.375999
43.742145
53.580182
54.573639
46.387892
45.284247
49.082623
46.951453
49.029369
49.349753
41.457785
41.082817
49.152949
49.194037
44.391007
42.693310
41.290728
44.197027
45.808527
39.266884
41.605104
42.081410
43.943992
44.570998
43.518049
42.894391
48.115564
51.857781
49.721867
41.387814
45.713585
40.536685
39.702032
43.880281
47.994124
48.157571
42.936381
49.335348
46.692934
44.639203
40.775734
44.149736
45.875741
44.266845
42.359908
45.844326
43.289173
48.607921
46.546675
54.706640
47.771409
50.837155
41.492179
45.581386
44.138485
47.521814
40.863936
44.457160
41.910655
42.207902
43.857977
53.908301
48.771291
45.881878
50.392344
53.697716
51.693851
51.249422
46.881600
44.207738
45.330095
44.079241
47.911411
48.719372
43.782691
44.824003
40.475618
49.798142
43.909465
39.010738
40.143870
47.658024
50.861747
49.387085
47.915162
45.891196
44.137757
46.133170
41.781397
45.525568
43.384717
48.180228
43.126774
40.657851
41.688103
49.612852
46.973546
49.150238
44.853789
45.446464
44.670589
48.171328
45.757795
49.636236
53.324393
51.335320
55.855828
53.809864
51.203162
48.886565
49.795376
43.916209
47.379195
54.427298
50.706509
42.305561
48.088668
48.094149
46.811899
46.617896
40.337143
45.329610
42.278716
40.132361
48.954110
40.621923
40.032231
40.644492
44.462978
44.666666
47.684599
47.518076
46.358226
49.635166
49.232155
47.195083
43.247667
46.038353
48.520552
48.402896
52.315785
49.389535
43.616647
41.357007
45.983500
45.692137
48.110229
47.973324
42.962108
43.282896
41.929945
44.978152
42.253935
40.363550
39.375332
43.758647
40.573616
46.701619
57.453186
43.863878
44.615393
41.423665
41.963616
37.370216
47.315210
55.712759
40.945747
42.547792
42.877603
42.443097
51.299499
46.159839
46.580589
50.235843
48.813136
47.324877
53.419189
51.971449
47.235740
44.929396
55.142841
48.552216
52.297340
48.941702
48.113614
44.107098
45.349867
47.899067
49.410679
47.516127
47.272297
46.081845
47.481752
54.885107
53.008011
47.741988
52.322540
49.660107
51.673397
47.680263
45.254029
48.440332
39.581823
53.433541
45.816393
48.998104
46.210502
50.545879
48.549293
51.811902
46.679933
48.467951
53.410374
44.051630
49.186842
46.479581
42.617531
39.247790
42.640133
41.387486
51.045867
45.739496
42.983394
41.307567
47.678668
48.387333
46.904406
46.617879
43.812140
49.417459
48.739329
50.216274
51.471795
54.814075
56.901200
46.328254
45.959650
47.464414
46.771694
48.960212
49.418821
47.199393
45.744014
43.682661
37.566600
47.194840
53.541858
46.376075
45.843421
44.651655
45.009475
40.215321
35.854199
40.947234
45.656376
43.130451
39.372410
43.419810
39.449360
41.757117
46.037758
50.766864
44.259840
55.172438
51.950146
54.486529
45.926904
41.946794
39.362442
43.067982
49.883546
43.369759
45.992197
49.114057
44.945807
49.555213
52.401653
52.281297
50.576575
40.811668
44.331829
43.417661
49.885105
53.144174
53.788709
43.473270
39.277966
46.429155
46.427369
44.183628
44.931224
40.806424
45.415248
43.583778
42.442917
40.339530
44.190953
43.920373
48.270137
47.704305
42.096816
43.335487
47.694926
46.613669
48.442572
43.568968
51.385421
49.680608
48.762038
43.911648
48.803184
53.318788
48.906167
47.942560
52.814129
47.989314
52.515993
43.165841
49.353077
40.049284
39.662518
43.875749
47.046878
51.661101
42.301887
45.071615
40.076070
42.717413
41.465887
41.524063
43.967311
53.352530
46.403250
37.555758
42.572187
44.526949
42.481378
53.366239
50.273019
58.005214
45.806001
42.592768
47.950223
44.220709
45.092895
44.753892
50.753435
45.496022
42.042825
41.554644
45.939202
56.660814
54.750656
45.588119
44.138221
44.599652
49.157531
49.065002
48.315342
46.457715
47.290769
50.285233
49.665584
47.099777
40.123215
52.635228
48.543618
54.979352
45.293199
41.780611
40.684455
47.825514
49.816888
52.744901
48.745081
48.640775
41.157935
50.879790
48.461220
47.939779
52.432914
49.196889
49.377930
50.334631
48.292801
43.432220
49.493043
47.425402
45.650769
39.828063
42.518114
46.120946
48.316577
42.115698
43.065738
42.355850
46.316087
47.463188
39.261301
39.506336
43.922257
42.213954
52.843053
44.222510
51.204248
49.541869
46.531064
50.350966
41.600224
42.040927
49.298403
46.529078
47.296521
39.876011
42.668204
47.050207
38.099113
45.062362
44.249852
42.957430
47.231218
57.817428
49.399655
43.437410
41.377589
49.903551
53.747159
48.667576
43.107078
41.807047
42.498431
43.198791
46.651469
43.967694
45.862157
45.669759
39.710386
47.485886
51.337138
53.053235
44.473364
47.513681
43.264500
52.827133
43.378797
46.103292
43.388583
43.500160
45.390060
40.256864
41.354049
40.003978
48.066572
47.138189
46.200839
41.181744
45.880386
44.826148
46.041500
53.478513
54.784082
49.177972
51.543010
53.442255
49.682055
48.419282
44.776778
46.972199
41.746446
47.941760
48.608167
44.991296
49.863289
48.981679
51.109656
48.915709
50.581100
70.882955
49.979960
41.547706
44.951361
44.393693
38.538174
47.405154
58.217534
49.114483
45.258658
48.527239
44.198588
47.603990
50.229491
48.421658
46.632262
41.743381
47.919267
49.861770
49.455253
45.652774
47.718986
47.206960
36.907090
40.103311
40.523051
47.594937
48.413295
51.185877
54.269479
50.446631
41.658296
41.045794
49.296793
52.583484
50.043168
43.109648
45.623010
50.388485
49.075676
50.291134
49.900466
51.515154
44.050585
46.667640
38.522997
40.425269
44.764191
43.959030
50.631109
51.426904
50.314155
42.262663
45.241215
49.045226
46.163542
38.626477
46.186232
48.512661
54.117576
53.045730
45.852109
51.040206
48.363497
43.661922
40.752641
43.323608
45.382579
47.972824
50.321815
49.773053
44.097335
48.015334
44.155965
50.823366
43.877530
50.933345
53.209277
47.686802
50.542728
47.564655
49.184179
43.676135
49.166898
51.890741
45.054760
48.755334
45.911871
43.140813
44.814053
43.413457
52.511809
47.743998
41.348574
43.097451
44.006910
49.646738
45.162518
47.892465
47.693707
49.376476
49.195271
45.933799
45.695444
41.647897
43.855969
46.099814
46.932326
48.005759
43.821198
42.826553
50.761771
51.218789
49.720325
48.814394
52.024226
52.299943
44.251628
49.305597
47.243949
49.476653
52.270924
51.269041
49.708115
55.019796
45.580086
50.885551
47.013434
53.203361
47.760312
39.562585
41.853415
45.437363
51.447706
38.147988
42.279674
46.516170
45.752763
41.256259
45.663474
42.310887
43.257534
49.138331
45.538222
45.374827
52.198283
46.651956
45.391813
44.560505
38.275383
46.094192
43.384976
40.385433
45.475183
53.450330
47.678088
40.503194
45.479719
44.291284
44.147236
53.629257
47.564087
44.032166
51.034145
56.893113
48.093793
44.390107
41.712080
44.460308
45.973589
56.528231
53.736336
53.728538
51.414281
46.394058
50.762047
44.367510
45.690382
41.482470
40.123434
47.173847
46.808394
46.620588
46.531467
44.220548
47.844109
44.406548
44.973420
44.610585
47.065946
51.635682
48.629104
45.878998
48.180761
49.639828
48.346724
44.717018
45.543409
43.393544
47.402417
53.818286
51.342199
47.343611
50.907312
48.730690
44.322442
52.980830
44.037529
47.714933
42.370079
42.878745
44.953702
45.060802
46.033560
48.456681
48.278590
43.862644
39.977756
44.213815
55.775392
45.303104
46.756895
44.555597
41.952013
51.212422
47.121729
52.501544
45.346874
46.820075
51.867443
48.570364
46.298805
47.342672
40.789704
48.951980
58.560769
63.070548
64.921084
65.137907
74.013855
64.742767
71.607809
83.906987
40.227843
42.166660
45.292408
49.997123
50.053878
40.819578
42.312094
46.423514
46.573770
38.305463
51.261949
48.592649
38.337236
43.537376
50.669541
41.869293
47.425915
53.180712
40.539407
44.985600
43.720757
45.077794
42.744823
46.165507
47.131556
50.806404
49.357388
41.107922
50.177385
46.180260
46.069049
46.245510
42.910839
40.802182
47.763346
46.657405
51.192266
53.059531
51.113371
46.126266
52.750996
45.653256
45.678201
46.475739
46.367708
43.427307
47.517536
45.554038
41.621538
43.194936
39.648756
43.188004
43.210807
39.752160
40.076461
45.673985
53.883481
48.234627
49.645786
43.658226
45.214665
47.238173
45.365567
44.946568
51.382619
43.644961
43.989820
44.080009
41.586910
42.534410
43.013031
42.666192
44.650879
45.662312
45.843693
48.604261
45.395527
43.120299
40.589787
43.526088
43.900869
47.750395
48.990880
41.449700
42.145552
46.256128
46.083783
44.511697
44.598975
42.176929
43.008311
42.091773
41.953347
46.690266
47.430320
44.578954
47.837766
47.489486
52.166139
49.218092
49.561647
46.829700
38.847442
47.853034
50.694032
45.080591
47.569975
49.000042
40.294471
40.296537
39.944514
47.382792
44.437534
49.952677
41.516296
47.759759
42.298500
40.856991
41.634555
44.858200
44.316199
47.694619
45.250232
44.643381
45.485033
51.471148
47.495673
51.032108
52.673928
51.228226
46.397401
46.573234
41.724126
44.837555
40.868986
51.376096
48.275444
45.260284
47.644742
47.592565
47.677957
46.610683
52.961143
47.982007
44.290117
42.777719
45.584785
49.012866
42.917218
38.443872
39.480760
42.880600
43.294357
43.407068
45.384153
37.764859
41.684823
39.435921
51.054877
53.293094
49.776807
45.480772
52.108602
46.343032
49.730446
39.808870
41.059100
41.281604
46.109848
45.231139
44.846154
48.650889
42.506763
40.106554
43.240975
41.201056
43.525105
53.805710
43.634967
47.275027
44.915898
43.787102
50.058023
44.567730
42.567643
51.355245
51.156495
50.146692
50.115720
41.166238
42.117333
42.686347
41.838583
45.282547
51.691565
51.187271
41.234834
42.588756
40.268646
49.103535
48.862796
45.203382
43.965319
45.721004
45.027162
55.455395
52.927892
51.607866
44.907550
50.430434
45.046600
52.922217
52.197923
49.296083
46.746817
41.539372
50.527422
47.812040
44.128802
52.353992
48.662973
46.603664
51.494651
44.850008
41.136857
39.815522
36.939011
38.910525
40.258752
42.549556
48.408389
49.693023
50.180951
40.673977
43.422379
51.071414
46.112271
43.747298
47.603131
47.636979
50.293278
47.566743
47.921492
44.112358
50.231456
43.019098
45.944636
50.786926
48.728307
44.470200
43.370921
45.709596
46.456384
45.856400
45.024731
44.426830
46.878629
46.878522
47.706376
53.706723
49.665801
49.472828
44.964516
41.837686
39.388886
41.116437
42.837218
44.258229
45.600523
47.415422
42.065901
42.671041
45.050764
44.114176
41.215353
42.211393
41.760769
51.209264
42.224257
42.327571
46.321800
39.484663
43.514402
43.274286
46.090811
47.309482
48.280767
48.212534
41.629245
51.919147
51.937546
43.197737
40.736554
43.320604
45.479289
44.033480
43.211524
38.199081
39.215592
40.587049
41.123567
43.056454
45.339369
43.460807
48.790450
44.156136
47.271728
42.153502
46.056589
40.694706
51.684299
55.906466
51.593250
49.658259
44.283161
41.711954
48.835254
46.086424
44.435061
43.992848
44.978762
42.352655
46.729442
54.912807
45.053901
47.084457
50.604833
42.069117
45.074377
45.941250
50.489691
46.423306
48.006960
51.238954
46.294714
50.910840
48.573031
42.716864
41.613758
44.192107
46.712298
50.857982
48.835461
43.555204
42.661492
48.392702
39.543867
45.707051
44.460015
44.848673
44.364566
47.614896
44.199018
50.482605
43.657507
46.848670
46.780244
47.604281
51.669432
55.040637
51.278168
48.781899
47.276145
52.021150
45.720342
39.735538
41.447686
51.113552
53.535630
49.793047
47.984789
57.270527
42.405948
42.662081
45.570678
41.404872
38.406839
42.406365
47.059819
45.818918
41.462152
40.357572
44.932418
45.117816
46.736266
44.907554
45.064516
42.462641
41.581562
47.134666
44.055374
47.607486
44.795044
48.585770
41.996817
46.857809
42.102125
45.381458
43.449112
45.378221
46.955110
54.029160
52.018753
40.225902
45.062897
42.153606
49.373474
50.977588
48.809124
45.591548
43.539825
44.933958
39.190299
48.319109
44.567661
43.639493
43.009698
51.602684
54.047840
44.057021
41.777274
47.713213
48.432384
46.140949
47.214709
48.619846
43.997981
42.697996
48.796933
52.492237
48.868001
54.837675
51.734543
43.566044
49.251355
45.389629
48.509424
42.671178
46.507352
46.639320
48.171003
45.604693
40.603952
44.131742
45.995455
50.915679
50.273005
48.819272
44.991808
41.812744
46.391781
41.699105
43.802133
51.288634
45.745465
46.178036
41.433072
41.772604
50.849144
46.498056
55.659537
46.704378
48.367843
44.622870
42.241685
41.987651
41.107397
40.031749
42.780733
46.524339
44.684143
45.903298
50.140344
48.222423
50.605543
53.649123
46.535845
53.018510
40.793958
42.728858
49.476181
51.465139
49.350980
53.024362
43.087077
38.631090
50.579130
53.934757
49.578859
45.258968
51.014004
46.967688
49.601558
42.525464
49.784384
49.415549
46.479220
48.212538
57.921626
51.298017
47.830507
45.861522
41.147791
43.548843
48.802262
44.274452
51.267788
51.940882
41.987086
44.709556
47.531994
50.877262
42.657562
44.520361
42.204954
47.822231
47.373907
44.406711
41.222127
50.615189
46.527883
52.922215
53.052340
52.177443
48.962487
42.573078
47.904433
51.185704
44.805901
48.506410
40.370036
44.790587
51.056212
43.858019
47.421535
45.764950
45.214871
41.920776
47.262956
48.851267
53.846832
51.439048
51.767734
49.775256
45.589720
45.837425
47.240866
47.477264
38.621166
45.791895
48.177907
46.876650
50.585357
55.488847
44.612766
40.752793
39.861355
38.748611
38.827565
42.265443
42.620115
44.329204
40.509993
40.241600
40.236322
49.640749
49.036756
44.003395
46.102979
42.785759
36.080329
39.942788
43.884783
44.318875
43.127373
44.703336
46.204965
43.396771
40.100809
42.485534
42.324941
43.963774
43.106598
45.682485
42.139243
38.316779
41.853415
42.854282
44.905982
44.584563
48.603690
47.814205
51.735055
42.984088
42.844737
51.796370
53.672212
52.882187
49.659785
46.252464
45.488403
45.623389
53.629084
48.513233
50.442466
51.775022
42.370981
46.343916
42.623638
44.790582
44.836742
52.413897
47.795566
44.243938
47.655362
47.115255
46.868132
44.061146
46.185019
53.442178
48.023728
47.855431
53.574750
41.557830
51.571948
47.414339
45.619399
41.116803
39.674976
42.907387
47.679797
47.827157
41.137291
42.112097
50.781906
48.447156
53.719377
45.494650
51.983414
48.465597
51.157218
47.363796
45.244923
48.080870
59.247817
52.264173
50.432897
49.861230
44.053501
43.342558
44.322265
49.689273
45.286163
46.427644
46.107802
40.968180
43.133778
45.167116
48.299845
46.890348
50.689674
54.864329
52.502519
51.726332
45.446170
44.211428
51.521182
50.687238
57.492539
52.712197
48.346101
51.635641
52.106736
47.419011
41.088187
43.685585
41.147825
41.545822
47.563223
43.306861
41.638274
44.428091
37.397949
46.153687
41.485582
49.626426
44.046287
50.744873
49.352378
48.657653
43.746884
44.112428
46.273136
49.938865
50.292791
48.812640
43.820737
48.654606
48.495976
47.247673
54.417080
53.821241
49.076398
45.414738
41.845944
48.242260
40.523578
43.480160
48.170990
48.270768
41.303437
43.581790
45.899853
48.218410
42.598479
47.929372
41.260425
45.974726
41.373598
44.391581
51.889456
50.234665
46.480946
53.858698
55.532550
58.916006
41.475482
44.423393
53.025834
49.353179
48.602078
50.555656
50.950043
45.315199
45.152199
49.817564
50.019610
44.111369
46.991784
40.795305
42.581792
46.205186
44.801131
41.466864
49.101611
55.032633
46.230152
39.066153
45.272506
48.410734
43.200486
46.026770
45.118607
38.904441
45.856461
49.150317
49.967145
53.999387
47.222852
47.619627
53.497310
48.592727
50.541749
46.698137
46.798669
44.000641
44.311483
45.867997
48.362942
46.720665
55.618399
42.749243
43.506766
41.848505
42.606461
45.631491
48.067475
57.139311
51.340112
49.017006
48.898707
52.247437
47.550003
50.462564
53.140646
46.095609
44.564390
53.626654
50.047208
52.261606
48.281514
53.808707
50.277904
51.624781
53.630666
49.134138
62.441255
60.224730
72.880998
70.807431
75.099856
