100.000000
190.431464
84.084984
83.545865
79.777909
83.855625
113.914761
78.672600
79.279183
81.524132
81.684988
94.182559
117.489645
114.401054
85.718220
101.020124
112.792993
97.128798
103.674491
98.368305
105.344562
87.399800
87.644288
114.596160
88.123883
92.820928
122.204007
89.641610
90.853235
88.023425
92.889039
88.250753
92.882933
113.003085
88.836183
138.635720
114.832122
101.588805
113.923636
123.474355
132.956743
88.429921
88.668591
96.011500
89.559496
89.763892
87.963549
106.599632
106.247945
124.955609
107.751621
116.541627
87.640004
87.106874
87.684001
112.204068
106.524742
87.633952
113.239192
95.515013
87.658673
128.210282
92.973976
136.778552
130.859026
93.882710
92.684671
103.224811
88.382485
108.195504
90.677266
109.751267
86.884703
121.894280
88.095199
87.786023
87.136637
86.498240
89.088354
91.155755
84.488182
87.689121
88.421454
126.526551
86.970239
90.674771
90.511377
110.358680
92.143380
122.804111
138.855326
107.926142
113.159469
89.947997
113.381224
107.430619
98.953077
93.321791
90.894631
90.085948
88.362765
102.238645
94.875651
87.475603
88.287773
119.165202
104.207086
88.108032
86.519384
100.756094
83.964095
114.425713
88.485988
87.939193
93.414792
112.386197
102.966830
90.059738
86.527654
86.770087
86.459210
86.072380
111.455563
116.978546
92.599900
90.791470
90.984775
90.119289
114.235117
115.406721
134.961719
88.165829
92.192482
86.886374
87.629683
88.065367
88.206657
86.133362
104.379406
92.606968
117.098269
106.183728
113.259986
116.727013
91.047592
96.838034
114.512598
98.572348
95.959327
89.094356
84.267135
94.590494
87.625360
85.541833
98.679821
104.454271
98.055510
86.085759
90.045582
87.177308
86.590113
86.396794
110.936952
87.426133
91.592484
89.892674
86.302899
85.714936
87.703317
106.005892
115.475285
85.718672
105.956309
112.761555
126.490463
88.575150
97.599592
86.149025
86.426387
128.988899
93.961119
89.031485
87.959990
86.220296
86.216804
92.001006
116.958324
89.026039
109.971834
129.022165
105.949931
88.082220
97.034018
97.931071
84.252766
85.987589
94.621590
107.033572
104.072302
85.035850
94.507003
134.031763
96.618938
91.061903
86.872108
87.208531
87.623722
124.728752
123.859680
120.569363
114.167245
100.706915
127.163647
111.109091
122.144652
95.534407
98.563685
89.441944
87.966773
86.419548
102.062774
91.842827
87.300952
87.734245
86.278305
86.717111
89.350232
114.588613
88.370521
91.947773
84.198500
117.671139
124.810057
110.428924
86.464362
88.487381
133.921452
143.049841
115.491145
147.562155
111.625152
87.187854
87.838615
87.564940
91.409628
110.546424
92.970130
94.966399
128.765602
127.897135
108.612487
99.785662
137.669589
117.601602
110.415900
98.647895
95.737364
97.813627
117.234537
89.416971
85.853384
87.725855
90.859110
118.731931
106.616536
88.294948
88.269610
107.505204
85.822391
86.441349
104.686351
114.543736
86.962739
86.645926
99.438460
108.701560
85.713519
125.081618
91.560641
93.127287
88.399674
102.027862
89.458628
87.831655
90.521115
85.362249
87.442605
87.842566
90.648652
90.256981
87.250500
90.738191
92.430113
88.338967
95.438282
132.219867
117.905550
109.809997
120.639445
152.154117
132.257464
115.911962
106.383875
88.138875
89.768749
92.192389
108.439865
86.630595
85.046982
86.580355
87.218763
108.091708
125.454726
86.845324
89.065193
136.095817
144.986400
148.434962
102.259271
129.131570
140.685107
122.571825
88.479931
88.461220
128.407445
108.177252
109.352181
99.169078
88.952289
85.454002
90.690350
107.999195
88.786171
124.180839
108.313062
113.958831
141.295205
118.900737
85.911944
87.073950
105.942908
86.344568
87.386000
89.603509
89.352505
87.952861
87.856766
100.995500
99.405947
85.514456
114.272751
101.250492
126.738255
111.547923
126.715882
85.767175
91.671825
93.323914
87.766560
105.091435
111.702808
103.578440
132.884648
90.462175
96.099741
128.139162
86.380540
88.593397
89.514323
90.112918
86.944202
88.524433
91.252029
86.527529
120.865935
112.502546
84.571497
91.652049
87.506956
90.911857
112.713562
98.086343
109.820372
105.377325
91.485434
148.472981
104.813380
91.550891
91.402219
90.036952
107.214089
86.366489
119.287167
99.155599
110.187631
86.507687
88.568043
115.573439
87.989519
87.366342
85.109702
108.103338
88.289471
84.733321
94.041963
87.468251
89.057407
124.603631
103.086582
91.681190
94.531952
91.837584
113.216314
138.063365
88.875296
86.440540
87.919566
88.352920
109.503185
88.562457
87.523320
96.864237
105.229527
105.448765
108.954147
137.820141
135.332324
105.684145
107.913649
108.177740
129.689074
85.613346
91.910550
113.973581
147.004844
114.165586
126.089943
127.533644
91.978593
95.609368
90.217231
84.581585
87.135905
92.166146
130.602324
133.902081
145.441881
120.012068
88.955818
92.185986
88.500035
86.361300
114.025388
89.338636
87.689853
89.045885
85.122647
86.074259
87.039136
87.758514
87.365952
94.411332
116.533385
109.688966
142.020667
93.448482
87.320963
93.928401
94.502972
86.467037
87.921789
91.430190
87.039887
86.142637
86.781616
87.112928
87.584815
87.288626
87.786887
96.120957
116.159454
93.497280
99.660866
101.846418
89.950269
85.636258
90.921588
86.005955
90.143529
88.461194
118.469345
86.135893
91.253484
102.170110
106.508524
89.518948
87.994044
86.623052
86.534243
86.595414
88.044359
84.643030
89.025483
121.250746
105.623037
139.315453
125.220290
131.994558
109.006620
97.017828
96.373633
97.139165
101.487089
93.312577
89.275539
91.767916
86.082146
87.188451
99.914631
117.340200
107.507674
91.159590
93.767489
129.205108
94.588637
105.110882
88.786521
121.454065
87.583349
88.296007
111.177930
147.143101
129.527208
86.222495
87.660616
92.348695
103.693649
106.744580
89.865612
90.689808
88.630354
99.278577
102.504638
86.424008
85.631817
86.763859
87.095485
90.646696
86.835385
128.636737
112.716051
106.527385
122.814111
87.992490
87.697497
86.430185
85.870089
103.393219
88.630248
120.032988
109.940927
88.082500
87.372806
96.983015
103.204531
103.102534
137.598488
86.320798
87.284945
87.857853
86.121171
113.476687
86.956962
113.187323
97.760320
88.531206
87.005328
86.677951
90.409544
118.618923
117.212769
112.690368
87.520184
138.577094
112.448524
134.075619
123.009553
121.466923
87.262952
86.647661
86.121077
88.702010
157.943124
114.499052
97.130743
93.734723
105.572061
92.546371
116.072174
103.141322
121.846761
126.018841
89.623587
85.346922
86.931643
112.838586
174.878859
