50
64.596089
63.469553
61.419679
61.483152
61.425712
61.461347
61.266048
61.302173
61.665439
62.620394
67.546737
70.637801
72.630611
73.305753
73.325914
75.224927
74.868118
73.274891
75.409815
74.227438
73.453247
75.654440
74.116486
73.716353
75.356213
73.470290
73.998789
75.120568
72.919716
74.415107
74.955026
74.319952
75.358467
73.653969
74.230340
75.816357
73.567811
74.980275
75.047913
73.212208
74.955326
74.448686
73.192555
75.529296
73.633147
73.550763
75.393540
73.132589
73.734006
75.395449
73.063498
74.314138
74.833756
73.059622
74.692732
74.582128
73.020985
75.107862
74.188646
73.256790
75.440377
73.545184
73.228090
75.190783
73.111960
73.665168
75.008143
72.865476
74.138110
75.410780
74.270715
73.090913
75.342691
73.909321
72.956644
75.194652
73.616135
73.156697
75.443489
73.611569
73.252266
75.483413
73.373427
73.216296
75.282387
73.208536
73.580244
75.468827
73.039795
73.345007
75.047240
72.917173
73.914899
75.311042
73.616392
74.883238
74.954663
73.473876
74.703238
74.640744
73.795069
75.515764
73.871241
73.740387
75.535569
73.256556
73.920921
75.263075
73.058257
73.837647
75.176734
73.373611
74.671152
74.948094
73.132484
74.809486
74.184086
72.817794
74.854626
73.928235
73.137763
75.414714
73.984650
74.098481
75.644175
73.201768
73.963154
75.118325
73.036739
74.291077
74.897371
73.032581
74.375995
73.870230
72.521234
74.378210
74.095245
73.715416
75.440286
73.700904
73.521158
75.736881
73.817348
73.826576
75.640100
73.429746
73.944246
75.326900
73.227499
74.115158
74.813463
73.007006
74.392575
74.439402
72.957295
74.685792
74.020682
72.845761
75.245636
73.925209
73.061359
75.293611
73.423695
72.764859
74.689389
72.971286
73.551608
75.282105
72.927615
73.848613
75.284814
73.196653
74.300357
75.129269
73.522474
74.330833
74.833635
73.173638
74.707556
74.303132
72.963915
75.099787
73.890617
73.178162
75.315705
73.753678
73.310959
75.275036
73.162445
73.316811
75.186678
73.055449
73.817840
75.214556
73.048592
75.144771
75.368377
73.204778
73.509799
75.493169
73.276591
73.828025
75.284721
73.707852
73.229694
75.185752
73.499036
73.091505
75.261167
73.707719
73.729784
75.255429
73.500594
73.128107
75.369101
73.764764
73.156754
75.334999
73.640941
73.243388
75.159938
73.488084
73.056698
75.305656
73.746695
73.250928
75.178199
73.817356
73.155232
75.187267
73.666128
73.285703
75.246703
72.966578
73.351854
75.716100
73.169710
73.027901
75.296793
73.046317
72.972707
75.212748
73.344894
73.066979
75.173656
73.473221
73.267067
75.500145
74.149065
73.220177
75.321600
74.002723
73.464124
75.437203
73.789641
73.256380
74.981839
73.942769
72.988633
74.611749
73.581625
72.746888
74.738584
73.737494
73.070870
74.956079
74.098093
73.033359
74.896557
73.624946
73.085618
75.242982
73.891299
73.371398
75.335259
73.940991
73.188638
75.239740
74.017864
73.301739
75.201495
73.555514
72.951003
75.077337
73.559614
73.035906
75.296650
73.634152
74.587050
75.512485
74.241102
73.419933
75.505629
74.092736
73.294691
75.367091
73.804059
73.085787
75.178682
73.446617
73.123156
75.494991
73.593520
72.964226
74.980333
73.741826
73.090298
74.932731
74.003010
73.123669
74.638316
74.111158
72.971124
74.613898
74.532202
73.493122
74.675166
74.478073
73.020252
73.413414
75.711453
73.140544
73.384329
75.583091
73.069935
73.187449
75.444089
73.545082
73.707923
75.515469
73.126142
73.778393
75.410414
73.087076
73.533377
75.154618
72.933377
73.872009
75.177697
73.136288
73.707971
74.929603
72.963503
73.792924
74.956266
72.836885
73.233257
74.950529
72.741071
73.036005
75.555292
73.254825
73.078506
75.257119
73.184667
72.877043
75.270115
73.397640
73.099510
75.208382
73.683097
73.103543
75.290170
73.669612
73.079132
75.348180
73.733689
73.244830
75.099089
73.887275
73.181649
75.164822
73.716543
73.212566
75.353640
73.850917
73.028211
75.118217
73.824096
73.240248
74.713477
75.703649
73.644090
74.597613
74.467246
73.348651
74.333321
74.815451
73.080554
73.776872
75.084203
73.387427
73.890592
75.567017
73.286185
73.225831
74.552101
74.034467
73.124324
74.846170
73.530567
72.690729
74.268184
74.041531
72.870922
74.074414
74.344000
73.230007
74.178830
74.312193
72.833793
74.129549
74.428594
73.231570
74.722931
74.653155
73.139076
74.812786
74.377336
73.203214
75.358410
73.740667
72.722425
75.080327
73.399617
73.167913
75.632911
73.457005
73.380605
75.390669
73.152925
73.357339
75.430967
73.096208
73.038711
71.375070
70.868406
72.290707
73.374577
73.211948
73.357902
73.907764
75.799414
73.172063
73.534923
75.369238
73.331884
75.491372
73.513375
73.100782
76.024226
73.649079
73.480964
75.016239
74.530423
73.312390
75.111664
74.184607
73.129976
74.750828
74.273846
73.321247
74.680691
74.548967
73.369924
74.230698
74.790758
73.131793
74.489573
74.865956
73.194852
73.954395
74.874585
72.941340
73.515994
74.899679
72.739627
73.303307
75.348725
73.592587
73.221711
74.927247
74.074767
73.153950
74.492780
74.192115
73.223619
74.775313
74.377225
73.183131
74.765877
75.432016
73.157894
73.360932
75.432099
73.165413
73.036124
75.159677
73.122706
72.933581
75.257788
73.235816
72.912588
75.209612
73.310440
72.919621
75.533063
73.664295
73.263947
75.570066
73.324804
72.931715
75.169875
73.525360
73.078193
75.212325
73.647066
73.087827
75.062687
73.438066
72.943665
75.281385
73.407871
73.119982
75.585222
73.349384
73.483574
76.059577
73.543941
73.526689
75.490415
73.308338
73.536255
75.097926
72.832865
73.611550
74.961459
73.181378
73.997808
75.100275
73.213829
73.844434
75.409216
73.305147
73.866039
75.208790
73.120949
73.828868
75.160043
73.148995
73.617585
75.244947
73.144617
73.938400
75.032248
73.110972
74.353657
74.944630
73.340023
74.425710
74.852767
73.273321
74.666763
74.680129
72.570866
74.213022
74.671211
72.993787
74.140426
74.600343
73.227173
74.281350
74.391326
73.128960
74.158752
77.553664
73.308622
73.629204
75.579889
73.294399
73.575003
75.654386
73.195523
73.525085
75.216221
72.962583
73.217036
75.471709
73.069565
73.370245
75.392173
73.130815
73.551356
75.255966
73.024129
73.366042
75.493741
73.138100
73.227243
75.530286
75.607519
74.143763
73.115536
74.416459
74.368132
72.989810
74.011794
74.584659
73.145171
74.062971
74.885758
73.357040
73.978222
75.233918
73.383798
73.842515
74.987180
73.103230
73.894574
75.332063
73.211359
73.937718
75.385784
73.344805
73.776529
75.548392
73.432103
74.058573
75.456987
73.272003
73.801033
75.479433
73.116623
73.423806
75.444370
73.209771
73.713040
74.567076
73.280125
73.063977
72.953059
72.953741
75.405107
73.254339
73.198212
75.470078
73.511087
73.220827
75.357355
73.700269
73.303242
75.451728
73.921861
73.838989
75.431146
73.766539
73.163853
74.870449
74.038972
73.127375
74.687516
74.221420
73.218660
74.716906
74.524266
73.015502
74.337424
74.330098
72.538080
73.567858
74.098727
72.729606
73.715886
74.715957
73.033048
73.344662
75.070531
72.909693
73.517757
75.129005
73.227196
73.653090
75.451130
73.280264
73.301361
75.532909
73.212777
73.389928
74.322964
74.669758
73.058758
73.712118
75.099819
73.402412
73.390663
75.516807
73.978726
73.125137
74.849326
73.987869
72.871415
74.709469
74.057152
73.387474
75.031683
74.216560
73.425431
75.161818
74.305964
73.470883
75.156448
74.300841
73.151904
74.914279
73.924328
73.194573
75.137008
73.723714
73.643607
75.034658
72.953065
73.644454
75.290657
73.249671
73.690384
75.151272
73.388287
74.320151
74.700287
73.073885
74.400706
74.477545
73.235008
74.764928
74.369945
73.304767
75.384461
74.240616
73.386391
75.315557
74.057630
73.214559
75.445218
73.479890
73.215315
75.646324
73.505863
73.115562
75.248666
73.201367
72.839018
74.938682
73.312978
73.193043
75.228025
73.840239
73.185680
74.907400
74.095039
73.312031
74.978239
74.468541
73.325519
74.501299
74.764005
73.491080
74.381821
74.685669
73.124766
73.768275
75.029402
73.066554
73.502249
75.343791
73.132139
73.306571
75.701041
73.329516
73.390390
75.533547
73.677571
73.242951
75.252211
74.232238
73.341597
74.774871
74.246983
73.388062
74.696593
74.292838
73.250844
74.424722
75.411181
73.599548
74.364578
75.160441
73.106035
74.217115
75.089687
73.215308
75.271176
75.691854
74.081680
72.989833
74.783450
73.873041
73.064611
68.697067
69.103701
69.002422
64.720627
64.504851
64.888106
70.076999
74.093060
76.383371
77.247649
77.347808
78.344391
79.092030
77.248342
79.012344
78.596465
77.236495
82.394398
79.057819
81.686342
82.771605
81.279849
83.001688
79.111215
76.917825
79.361425
77.455490
78.012657
79.576616
77.924937
83.263497
82.861488
81.424169
83.439402
77.586536
77.915796
79.591040
77.594502
78.126371
79.667476
77.576542
79.203350
78.723540
77.536252
79.983931
77.998315
78.427064
79.835534
77.780605
79.232593
78.997797
77.586012
80.006647
78.160416
78.180625
79.990415
77.404841
78.859757
79.077999
77.361383
79.624556
78.344835
77.885225
80.036702
77.499403
110.653832
86.946854
79.201040
79.798403
77.837602
78.430742
79.690012
77.713601
79.647632
78.758503
77.494033
79.835556
77.741678
78.534744
78.772257
77.324148
79.556410
78.755300
77.572458
80.094969
77.961304
78.349657
79.520916
77.426949
78.658978
79.226503
77.534971
79.417281
78.530349
77.476787
79.874384
77.580152
77.782559
79.472530
77.200056
78.470601
79.372781
77.461445
78.966253
78.842815
77.415746
78.913863
78.142813
77.184889
79.197564
78.018117
77.249912
79.440009
77.649113
77.413234
79.967192
80.998144
81.331746
81.961046
77.675435
76.937764
79.063232
77.779109
77.052351
79.138511
77.396152
77.110371
79.505987
77.240404
77.964714
79.749534
81.129163
81.245745
83.602831
81.366639
81.705755
83.078239
81.419993
82.123655
83.345739
81.480735
78.728866
78.779333
77.011698
78.605860
78.677630
77.241752
78.929413
78.183367
77.251186
79.601920
77.759455
77.559788
79.809466
78.866479
78.905494
79.086100
77.087982
78.946307
78.160540
77.136639
79.484832
77.908226
77.905128
79.840366
77.398357
78.679980
79.215236
77.504629
79.373087
78.456143
77.537814
79.975346
78.004795
78.053286
79.842612
77.277011
78.164098
78.900131
80.667877
81.849816
82.833286
81.488079
82.598074
82.861873
81.468968
82.705494
81.377238
77.090438
78.788439
78.211330
77.397403
79.494818
77.879835
77.222570
79.825876
77.448630
77.923969
79.559157
77.368700
78.317138
79.215592
77.481308
79.050273
79.208761
77.489346
79.014313
78.600959
77.494152
79.299061
78.208655
77.284208
79.789319
77.729360
77.504562
79.595867
77.110685
78.363238
78.847034
77.347445
79.041425
78.587301
77.353291
79.722355
77.742056
77.920043
79.614614
77.195507
78.306877
78.884891
77.333599
80.586331
82.317453
81.366836
83.981815
81.702259
81.189483
83.878587
81.147134
81.577584
83.645781
81.843869
82.298467
83.374426
81.661864
82.989956
80.075424
76.554725
79.136096
77.769041
77.592115
79.467056
80.459463
81.641942
83.185037
81.081114
81.966178
83.564185
81.893772
82.638513
82.961214
81.160904
82.774671
82.392209
79.701638
78.652329
78.140978
77.145480
80.092456
77.645393
77.933995
79.810678
77.413048
78.850153
78.905025
77.361895
79.499965
77.941669
77.368633
80.530057
76.951771
78.046006
80.659599
80.920280
81.526526
82.860985
81.781209
82.644603
78.111955
76.666705
78.795052
78.230862
78.388658
80.041860
79.616382
77.268668
81.516469
83.174313
81.722043
83.181657
82.946834
79.429629
82.781741
78.619078
77.526508
79.648875
77.340713
78.311172
79.299238
77.576063
79.304748
78.991844
77.661472
79.766301
78.401418
77.689943
80.099083
77.622967
77.985539
79.454725
77.278507
78.307889
79.105064
77.456184
78.853972
79.005935
77.615934
79.418860
78.467911
77.545058
79.557184
77.984023
77.407862
79.855839
77.650100
77.835195
79.743783
77.363212
78.111172
79.366363
77.355867
78.341870
79.489240
77.575879
78.466886
78.983228
77.448326
78.867214
78.784983
77.484810
79.057677
78.876854
77.767545
79.462527
79.502611
77.247051
77.849962
79.009098
76.913063
77.882322
79.065937
77.281257
78.104566
78.787070
77.294191
78.224015
78.651467
77.486257
78.988896
79.123355
79.131869
78.771227
77.301155
79.202889
77.984153
77.069183
79.452395
77.564457
77.237758
79.718949
77.237977
77.595035
79.404078
77.032724
77.732685
79.099848
77.080647
77.970327
78.587405
76.916316
78.267494
78.219742
76.993602
80.571487
80.960026
76.650888
78.601981
77.916312
76.888576
78.723864
77.952656
76.997253
78.972929
77.939844
78.604873
82.755734
81.905184
81.687403
83.386465
82.368218
81.499612
83.317177
82.212786
81.246010
82.439681
82.402238
81.493437
82.596414
84.160774
79.634437
77.185872
79.602309
77.069265
77.300473
79.779449
77.212984
77.674760
79.320108
76.995501
77.839538
79.186379
77.333446
78.391217
79.779597
82.029503
82.162991
81.419244
76.764636
78.309428
78.714977
77.078938
78.676537
78.214165
77.226557
79.504423
79.085323
77.300090
78.846355
78.714586
77.272199
78.886893
78.405998
77.487826
79.080259
78.149923
77.380087
79.674328
78.024396
77.496310
79.722172
77.259234
77.744499
79.434667
77.033288
77.809048
78.999427
77.264671
78.308034
78.644243
77.317089
78.940968
78.846766
77.354381
79.001864
78.126299
77.298008
79.619756
77.576907
77.323007
79.808795
77.251348
78.445196
78.946259
77.599261
79.720887
77.170009
78.460592
79.084636
77.040346
77.992278
79.062160
77.195252
78.717378
78.690487
77.206825
79.099895
78.109243
77.365833
79.701421
77.792764
77.661107
79.733689
77.314377
77.746998
79.397918
77.267251
78.176525
78.902911
77.260937
78.415585
78.973185
77.421268
78.587487
78.634956
77.275073
78.387492
78.799492
77.136714
78.415844
78.558785
77.699105
78.577801
78.446033
77.178456
78.654680
78.873883
77.225266
79.044681
77.706239
78.359687
81.336257
76.962283
76.668966
79.213447
77.159107
77.494764
79.519732
77.310646
77.816385
79.371633
77.373186
78.333516
79.269605
77.529709
78.629912
78.810657
77.785621
79.371313
79.133143
77.100195
78.140600
78.602364
77.051836
78.124106
78.570063
77.233648
78.638780
80.184201
81.007795
81.676383
83.854656
81.842982
79.946496
79.261022
76.887040
77.359321
79.422827
77.346297
78.132696
79.424078
77.446797
78.995668
78.850181
77.335197
78.589212
78.830497
77.503766
79.073130
78.206941
77.160462
79.496123
77.777177
77.331839
79.444648
77.100473
77.915194
79.152491
77.610056
78.453039
79.233139
77.586016
78.820409
78.935218
77.461029
78.946677
78.343982
77.251530
78.940631
77.663230
77.004926
78.782024
77.640082
77.011987
78.983339
77.803914
77.175200
79.206313
77.696773
77.191340
82.257563
80.900273
78.152966
78.444453
77.396379
76.761520
78.883641
78.676315
76.719387
78.721655
77.648584
76.918437
78.824878
94.436003
77.069506
73.235713
75.215742
75.379832
73.219288
73.113830
74.661392
74.143808
73.085543
73.176720
75.723987
73.269995
73.294401
74.333439
74.599946
73.314659
73.169974
75.439830
73.111146
73.230416
75.475520
73.411752
73.230095
75.327668
73.788786
73.279261
75.116389
73.781839
73.108462
74.603451
74.203668
72.907434
74.299265
74.380323
73.134281
74.510789
74.696666
73.379620
74.308260
75.015395
73.268893
73.865897
74.879913
72.980620
73.851868
74.818638
73.034395
74.035347
75.136952
73.196448
73.982446
75.253310
73.323090
73.776380
75.379064
73.282051
73.282671
75.658358
73.488711
73.338879
75.367929
73.727482
73.241308
75.004298
73.835369
73.149465
74.779226
74.255612
73.444186
74.632665
74.322153
73.343337
74.063428
75.255995
73.503516
74.153481
75.411210
73.265470
73.845193
75.247094
73.409644
73.873312
75.045506
72.987015
73.403152
75.245490
72.801167
73.413503
75.171141
73.108097
73.608250
75.222778
73.291601
74.034239
75.865962
74.377317
74.975003
74.677458
73.195663
74.658344
74.643078
73.482176
74.803978
74.313075
73.242332
74.916089
74.969925
73.070806
74.587217
74.890071
73.420683
74.757617
74.877120
73.499409
74.816817
74.762811
73.389078
75.089990
74.593775
73.451286
75.431879
74.021403
73.199233
75.385555
73.986452
73.149810
75.405878
74.081287
73.163604
75.254353
73.700444
73.067862
75.163046
73.399524
73.413733
75.760218
73.546358
73.127814
75.568162
73.545900
73.354221
75.456540
69.111172
69.169617
68.856255
67.273355
68.951885
69.062739
69.115176
67.762049
72.237098
73.919041
76.490871
76.866317
76.981220
78.910985
78.342845
77.130178
79.736720
77.952559
78.306938
79.235009
77.115575
78.924879
78.990074
77.088947
79.279944
78.157263
77.759479
79.979135
77.401503
78.625361
79.025624
77.405032
82.248173
82.470226
81.819216
84.539137
82.416154
81.819045
83.538667
81.336005
82.356972
83.236949
81.224678
82.887185
79.039132
76.987988
78.654702
78.650142
77.461527
79.439890
78.411409
77.771585
80.020585
77.590999
78.179615
79.315338
77.424258
78.813929
79.092889
77.818273
82.769145
82.247800
81.530112
83.746812
77.351180
77.409137
79.419183
79.350644
81.996560
83.792378
77.563227
78.036634
78.427304
77.019686
79.334895
78.159706
77.422083
83.073637
81.474347
82.377910
83.720749
81.701530
82.565194
83.411316
82.116443
83.113666
82.687468
81.432670
83.218121
82.421570
81.595347
83.616304
82.166727
81.539880
83.828058
82.300851
81.760482
81.352348
79.212560
77.086751
79.340225
77.825263
81.431162
83.878528
81.164440
80.662210
79.279664
76.857191
77.578460
79.468715
77.289452
78.051126
79.129960
77.334537
78.634498
78.874628
77.345535
79.255945
78.125923
77.240453
79.438342
77.467890
77.531804
79.603154
77.208036
78.256791
79.212466
77.415816
78.747617
78.661086
77.233379
79.021162
79.122255
76.649493
79.060581
77.658595
77.392300
79.884596
77.562834
78.081020
82.917762
81.923843
82.153965
80.440269
76.687993
78.414995
78.810895
77.135587
78.868654
78.350788
77.293172
79.108456
78.158757
77.284247
79.698272
77.952484
77.408153
79.574565
77.244690
77.735548
79.581784
77.340295
77.922679
79.030944
77.130303
78.484898
78.990851
77.368723
79.027784
78.831773
77.747888
79.291321
78.524698
77.377356
79.249128
78.334475
77.380195
79.545821
78.024075
77.515521
79.931668
77.715147
77.803903
79.781808
77.490936
77.731788
79.731143
77.440075
77.775991
79.856498
77.535487
77.731155
79.333347
77.255803
77.986045
78.958952
77.266930
78.560550
78.651871
77.252496
78.770053
78.641117
77.485767
79.006774
78.220529
77.394342
79.233314
78.242632
77.428121
79.584331
78.111629
77.421836
79.861047
77.644797
77.186276
79.779723
77.607767
77.505368
79.936806
77.577446
77.525913
80.053497
79.339671
78.454017
79.232948
77.618807
78.925514
78.309666
77.372663
79.167558
78.402424
77.474420
79.667691
78.048230
80.143657
83.449529
81.411986
81.327496
83.610432
78.101243
76.606837
79.287468
77.258101
77.528626
80.174742
77.304252
77.543270
79.321098
76.888997
77.537166
79.327199
77.118247
78.168708
79.068035
77.256511
78.881165
78.592894
77.427973
79.407492
78.013113
77.478096
79.591465
77.710147
77.205636
79.568178
77.365022
77.203008
79.871455
77.522535
77.811377
79.747372
77.511930
77.552390
79.541079
77.478354
78.005220
79.882814
77.639049
77.690959
80.127668
76.564248
76.894549
79.063766
76.686107
77.509846
83.214769
81.580430
79.414650
79.143866
77.056742
77.231032
79.418020
77.022602
77.597543
79.144008
77.443407
78.303156
79.008092
77.252128
78.495620
78.790569
77.346107
78.757704
78.451490
77.405717
78.995974
80.331057
80.999387
81.884243
78.054918
76.872932
78.428673
77.961149
76.988974
78.802374
77.983696
77.249582
79.576073
77.972872
77.373872
80.023409
77.869938
77.235479
79.587913
77.775699
77.448593
79.512797
78.050775
77.705936
79.724098
80.477285
81.573850
81.287704
83.040502
78.816190
76.763969
78.749593
77.830936
77.278211
79.227141
78.063964
77.278412
79.337370
77.901901
77.458206
81.477720
79.308388
76.779006
79.479285
77.258343
77.256001
79.602396
77.231995
77.796461
79.651128
77.465706
79.709250
82.940917
79.324966
77.759207
79.260835
77.036349
77.320148
79.340203
77.150686
77.259351
79.839845
77.458927
77.643382
79.724929
77.494070
80.006687
82.221038
80.949624
80.481799
78.997593
77.107888
77.897348
78.996110
77.317207
78.229344
78.546464
77.200542
78.524171
78.576019
77.287859
78.674077
78.643848
76.793025
78.376224
78.127413
77.122325
78.651732
78.009772
77.180243
79.198001
78.127403
78.745861
79.262105
77.385092
78.329101
78.963781
77.677868
78.560626
78.824326
77.235768
78.297178
79.487534
80.688939
77.041003
79.280702
77.035207
77.489239
79.435826
77.179438
77.311774
79.543436
77.251503
77.522064
79.865654
77.412279
77.613222
79.739048
77.157376
77.610527
79.903672
77.413564
77.394770
79.519805
77.216895
77.461629
79.739291
77.368727
77.438353
79.471157
77.364817
78.164702
79.346811
77.058474
77.692562
79.005518
77.157179
77.714321
78.790936
77.057352
77.663137
78.865758
77.137312
77.769122
79.153563
77.248390
77.724361
79.137352
77.396092
77.663954
79.060283
77.236681
77.624477
79.410938
77.243273
77.797492
79.664764
77.608876
77.581966
79.916011
77.790580
77.647728
79.285718
77.331902
77.718679
79.360169
77.380855
77.344209
79.232032
80.634081
81.215848
83.404680
81.238024
81.243119
81.716976
78.260931
76.988369
78.785665
78.340791
77.323369
78.959154
77.933739
77.148927
79.483113
77.634458
77.472447
79.959756
77.367264
77.617216
79.581947
77.206347
77.935504
79.434208
77.495944
78.455104
78.640542
77.120785
78.694048
78.315517
77.287374
79.269680
78.349388
77.164062
79.112228
77.909132
77.379113
80.550647
78.251149
78.838820
78.897124
76.850962
78.457918
78.646344
77.289529
78.924702
77.868301
77.184173
79.685669
77.553325
77.835334
79.634937
77.368652
77.993651
79.194082
77.396301
78.556394
78.453987
77.151165
79.051615
78.192538
77.354003
79.765210
77.664372
77.680976
79.607381
77.196324
77.942857
78.989084
77.260959
78.355954
79.252619
77.398609
78.195144
78.889028
77.150921
79.494714
81.941392
81.548155
80.488832
78.753537
77.017203
78.005254
79.079962
77.141769
78.213014
78.830688
77.418843
78.810305
78.788692
77.384933
79.315481
78.058813
77.351257
79.668985
77.936897
77.602116
79.938006
77.581223
77.830608
79.787169
77.511626
78.210002
79.471264
77.535798
78.976762
78.796345
77.446533
78.491388
78.813654
77.380938
78.448457
78.954795
78.275568
79.395376
77.541410
77.220368
80.397018
77.305378
77.570013
79.840961
77.479979
77.609371
79.911963
77.467119
78.321898
79.624887
77.380761
77.932331
79.388421
77.488114
78.196776
79.153869
77.236303
77.985825
79.224684
77.190809
78.373992
78.980805
77.363059
78.451315
78.898790
77.455175
78.603213
79.145065
77.234410
78.602303
78.618205
77.007367
78.376392
78.661721
77.279853
78.253186
78.784727
77.207482
78.336719
78.505242
77.086666
78.286937
78.514387
77.213035
78.092438
78.561646
77.153322
78.112012
78.885960
77.106040
78.429390
78.695712
77.150018
78.660553
78.829648
77.499302
78.845946
78.846149
77.596615
79.196663
78.750172
77.390883
79.231597
78.176057
77.331956
79.325911
77.922185
77.531837
79.876042
77.751555
77.527987
80.082967
77.545973
77.606690
80.047271
79.401208
78.755991
79.053082
77.568245
78.001008
78.933221
77.167022
78.010332
79.379781
77.492637
78.213673
79.192972
77.243891
78.264954
78.596374
77.261574
78.562620
78.422005
77.241951
79.047016
78.196151
77.208024
79.209871
77.557285
77.693334
82.094633
76.735538
77.339946
79.224256
77.158550
78.321930
80.120319
77.576133
79.048305
78.438223
77.114825
79.443533
78.249997
77.427042
79.797384
77.684452
77.546305
79.741041
77.157324
77.431640
79.606701
77.878693
77.994868
79.373527
77.282584
77.956538
79.121758
77.086979
77.885702
79.196497
77.196949
78.468709
79.269882
77.451944
78.539530
78.978227
77.530919
78.535603
78.537037
77.211770
78.343015
78.489454
77.289295
78.620323
78.597457
77.282602
78.786740
78.581377
77.574510
78.800772
78.430275
77.332391
78.926794
79.825791
77.481173
77.918753
79.693434
77.720552
78.427793
79.401558
77.470834
78.502136
78.850882
78.554221
77.921816
78.042522
76.670808
68.032821
68.420358
68.611188
65.366218
64.589043
64.428224
64.552869
65.660750
70.896276
74.478116
76.681258
77.581349
76.721496
78.173440
78.982399
77.095331
78.543613
79.407546
76.960351
77.726929
79.060434
77.160655
79.064752
79.067060
77.428016
79.877484
77.522040
78.184225
79.643761
77.563250
78.998607
78.899696
77.620321
81.517449
82.232573
80.326252
79.269888
78.381256
77.552022
79.085087
77.183063
78.734257
78.609954
77.430494
79.644986
77.681038
77.706505
79.720078
77.146850
78.334582
78.995604
77.262934
78.584711
78.809217
77.475371
79.217072
78.087583
77.407765
79.932515
77.551854
77.694462
79.702877
77.558925
79.839324
77.632390
77.465079
80.417583
77.467977
77.671406
79.891073
77.305433
77.658405
79.592776
77.425308
78.287093
79.044038
77.153153
78.563326
78.501385
77.300833
79.374438
78.141419
77.218166
79.591119
77.397085
77.204772
79.520997
76.888296
80.585026
83.095659
81.222327
80.450978
79.189390
76.649018
77.364584
79.139468
76.895036
78.189366
79.336029
77.352034
78.278839
79.603818
76.826061
78.361316
78.267412
77.227240
78.748277
78.078399
76.905858
78.792395
77.999602
77.199883
79.317102
78.041009
77.436130
79.684854
78.503106
77.249149
79.023606
77.011986
76.984594
79.514552
77.359192
77.999028
79.757252
77.358615
78.215600
79.022878
77.216073
78.690641
78.895862
77.453805
78.882572
78.442753
77.179078
79.017580
78.129669
77.439960
79.386649
78.208252
77.285586
79.429070
79.858651
78.603331
77.480324
79.225510
78.445064
77.235882
79.080325
78.176740
77.126237
78.998747
78.823255
77.489292
79.778480
78.364527
77.345767
78.814333
77.911888
77.712904
79.009365
77.761779
77.183896
79.397610
80.550713
81.287628
83.474969
82.207349
81.577476
81.472500
78.367965
76.678731
78.225447
78.562844
77.234575
78.516115
78.479143
77.437834
78.917820
78.023254
77.120423
79.160659
77.603388
77.017589
79.540588
77.394189
78.991068
81.271350
76.996335
78.308523
81.683795
81.263156
82.543727
82.820526
81.383883
82.612186
82.338085
81.511870
82.128534
81.800828
76.696989
78.158157
78.602577
77.055931
78.375202
78.269208
77.125771
79.068032
78.222241
77.143216
79.453095
77.748986
77.355224
79.540406
77.444442
77.418661
80.053745
77.477727
77.773041
79.186789
77.410088
77.013033
79.359059
77.252671
77.514287
79.721244
77.847530
79.786853
78.671685
77.564767
81.649109
81.806031
81.299060
81.950683
83.533784
81.146433
81.645341
83.131020
81.627214
77.076800
77.853653
78.763254
77.347757
78.296911
79.191013
77.889263
78.199432
78.888659
77.454697
77.859045
79.530821
77.504076
77.674808
80.187800
77.221210
77.321511
79.558352
77.004052
77.097713
79.607241
77.210767
76.979501
79.506983
77.094844
76.981486
79.281975
77.362367
77.246286
79.404137
77.159733
77.166096
79.619357
77.154737
77.502362
79.667246
77.407524
77.824256
79.850075
77.459995
77.748622
79.609786
77.665122
78.063549
79.814704
77.650329
77.787344
79.588170
77.490170
77.646961
79.748602
77.379906
77.468803
79.814479
77.407880
79.972928
77.783612
77.411952
79.335928
77.456543
77.166856
79.008533
77.883720
77.194821
78.928796
78.687492
77.480659
78.704466
78.639771
77.309002
78.203065
78.709096
77.155303
78.200836
79.000630
77.321232
78.486683
79.044195
77.577644
78.762025
78.876934
77.483968
79.258752
77.998596
76.985339
78.976812
77.957878
77.181591
79.171679
77.689038
77.177104
79.558520
77.389854
77.086307
79.342731
77.434563
76.977252
79.549773
77.248201
77.409547
79.440756
77.065078
77.762230
79.050490
77.114725
78.060619
78.823356
77.092170
78.246730
78.681262
77.107945
78.613762
78.101401
77.068071
79.249909
77.738132
77.001433
79.349518
77.374406
77.874760
79.843330
81.977302
81.741694
82.787028
78.868219
76.720689
78.350197
78.423076
77.231151
79.071171
78.340301
77.512586
81.174450
81.965208
81.691950
81.831923
82.884671
81.171321
81.782469
83.429024
81.502616
81.439703
83.803070
81.640842
80.264514
78.717480
77.503242
77.128047
79.232741
79.459412
77.197186
77.515875
79.606607
77.299591
77.430027
79.274980
77.216322
77.539230
79.376247
77.188652
78.292923
79.315495
77.512987
77.875817
79.301438
77.547705
78.216058
79.891477
77.777934
78.068267
79.908467
77.519029
77.529603
79.790099
77.540754
77.437092
79.643016
77.780165
77.421132
79.233839
78.037264
77.388092
79.651949
77.472137
77.581167
81.622114
82.905725
81.292314
81.689967
83.788196
81.643635
81.278783
81.520618
83.725361
81.558444
78.342223
78.589336
77.855312
77.135003
78.665079
78.514456
77.363375
78.052487
78.937630
77.157856
78.638340
80.151002
77.821791
77.553263
79.434230
77.792697
77.143697
79.049983
77.663925
77.161481
78.922081
77.619342
77.171246
79.517787
77.113905
77.246595
79.600276
77.443389
77.261001
79.682386
77.093973
77.147235
79.561842
77.273788
77.072841
79.297673
77.375141
77.252462
79.014877
77.941549
77.388957
79.058922
78.158575
77.128350
78.760910
78.408582
77.368599
78.717278
79.961323
80.769685
80.745979
83.359197
79.768875
76.806504
81.906334
82.808148
81.669246
81.679951
83.220218
82.093017
77.130901
78.131838
78.546677
77.147313
78.084015
79.170699
77.527056
77.776688
79.503368
77.314270
77.428556
79.630287
77.347888
77.409046
80.010788
77.344910
77.230939
79.833830
77.612083
77.381963
79.654030
77.425191
77.261574
79.267645
77.560783
77.120341
78.720920
79.389428
77.275346
77.768320
79.762504
77.410494
77.436255
79.892714
77.369724
77.376386
79.554749
77.538142
77.226852
79.190071
77.736269
77.323166
79.163555
78.410727
77.736361
79.072711
78.269857
77.337012
78.198881
78.423590
77.312659
77.824043
79.556331
77.500592
77.555867
79.810689
77.265667
76.965161
79.220984
76.810185
76.844361
78.830200
77.776194
77.394222
78.694500
78.363440
77.325472
78.162044
79.180419
77.546841
77.579283
79.259141
77.087767
77.098202
79.165342
79.360491
80.889202
81.706137
83.484015
81.713889
79.010221
79.321758
77.673056
77.383539
79.316935
77.701444
77.380752
79.142662
78.122571
77.502646
79.262335
77.992802
77.928391
79.691932
77.373929
77.470942
79.381500
77.256621
77.161339
79.577410
77.234701
77.275521
79.363950
77.754070
77.320033
79.235155
78.046431
77.290502
80.767988
82.015465
81.466412
81.974820
83.033363
79.160345
90.592353
76.671128
73.244129
75.396629
73.030478
73.022812
74.296107
74.262966
73.671245
73.206951
73.610716
74.703595
73.511534
73.424386
75.617510
74.686753
73.150528
73.541502
74.910258
72.965953
72.988819
74.761846
73.622548
73.064246
74.019066
74.463839
73.167124
73.191982
74.947664
73.333994
73.209640
75.191080
73.420744
72.879022
74.074348
74.356075
73.143595
73.906393
74.819496
72.921172
72.762307
75.195787
73.928260
72.977358
74.631881
73.896364
73.365906
74.370275
74.361814
73.152057
73.619729
74.750068
72.988973
73.002673
75.512565
73.264524
73.093615
74.630451
74.642536
73.288464
73.372473
74.984012
73.902860
73.379512
73.210284
74.813685
74.011902
73.293617
73.263224
75.448225
73.398783
73.208756
73.247450
75.218526
73.294070
72.901653
73.792800
74.952118
73.328685
73.315251
75.534075
73.421667
73.033347
74.382918
75.663472
73.463369
73.232730
75.310965
73.548566
73.212000
75.001729
74.498563
73.493732
74.124016
74.890707
73.164134
73.600362
75.697311
74.032093
73.574975
75.270175
73.305492
73.671488
75.381199
73.007491
73.308272
75.253212
73.685908
73.097361
74.509690
73.589554
72.795580
73.577625
74.946265
73.202088
73.372542
75.464643
73.103602
73.091771
74.772580
73.944506
73.160569
74.080895
74.725235
73.153217
73.572319
75.287948
73.252103
73.130084
74.961584
73.804414
73.295987
74.445560
74.658763
73.282690
73.534918
74.935009
72.966584
72.962647
74.824968
73.606804
72.975809
74.058573
74.395016
73.128550
73.618414
75.074285
73.497237
73.487596
74.435167
74.302097
73.274625
73.677297
75.354742
73.200610
73.260389
75.357723
73.564006
73.163396
