50
130.427648
133.810135
133.584440
133.934611
135.410306
134.073214
134.924823
134.819623
134.897093
136.160721
136.607939
139.159106
133.784579
136.062360
133.496334
135.843767
133.908903
135.904678
136.430815
133.586586
135.941729
133.683373
135.729636
135.000592
134.493590
136.240515
133.627421
136.090075
134.509293
134.640849
135.545200
133.314084
136.289558
134.098813
138.810339
134.271183
134.850289
135.282109
133.265704
135.626502
133.837911
134.654791
135.245418
133.185269
135.564170
133.690730
135.206105
134.713303
133.651275
134.884557
132.736824
135.293075
133.619367
134.411740
134.851030
137.798133
134.444738
134.465221
133.781311
135.136799
132.553257
135.111075
132.809372
134.767332
133.829284
133.715129
135.191906
132.757346
135.328637
133.722435
134.402862
135.214087
134.449406
134.988135
133.128156
135.282860
133.008258
135.136341
134.700020
133.865642
135.451391
132.919029
135.380637
134.050513
134.239844
135.330019
133.015169
135.825721
134.094488
135.326050
135.270355
133.907974
136.601319
134.136502
136.084096
133.593447
135.512007
134.726478
134.339869
135.916822
133.306853
135.715058
134.690468
133.966873
135.836879
133.676911
135.532409
136.208794
133.651504
136.079071
134.772082
138.111482
133.064656
135.266624
133.412543
135.740929
133.182600
135.445519
133.797127
134.659977
134.867996
133.795058
135.185073
132.585238
135.115185
133.542830
134.120236
134.678859
132.903250
134.908432
134.230715
134.670238
135.045557
133.154340
135.287375
132.866753
135.205395
134.263049
134.176861
135.795892
133.502609
135.836372
133.860567
135.741816
134.440343
134.638878
135.425844
133.974791
136.227606
134.179905
135.010743
135.343375
133.307903
135.383010
133.705329
134.543773
134.963858
133.111070
135.472726
133.483546
134.872386
134.957060
133.935193
135.797983
134.666377
135.140716
135.303245
133.658897
135.749965
133.972770
135.060910
135.200814
134.065483
135.796083
134.161238
135.329610
134.961745
134.110058
135.726922
133.300210
135.757673
134.001215
134.968963
135.058619
133.728804
135.507460
133.131688
135.337855
134.290468
133.996220
137.029776
133.870060
135.383840
133.063137
135.576896
133.890993
134.550940
135.369515
133.655876
135.982010
133.879503
134.547350
135.157584
133.232417
135.799138
134.212977
134.401320
135.393879
133.289840
135.802452
133.872369
135.196202
135.883231
134.762639
136.178285
134.332855
136.582000
134.475227
135.962138
134.693490
133.545247
135.594292
133.521009
135.626891
135.104771
134.031216
136.095461
135.270256
135.832372
136.037213
133.104329
135.321972
133.362451
135.111249
135.550032
134.744737
136.725507
132.858028
135.262274
138.993596
132.766963
135.264587
132.698981
135.006528
133.467037
136.589580
132.945182
139.020023
134.835974
136.384623
135.436705
134.960318
135.830598
135.316552
136.103036
134.177790
136.223268
133.727438
135.994677
134.824672
134.495200
136.316634
134.017785
136.611002
134.311399
135.653112
135.158390
135.403219
136.584380
134.040634
136.372476
136.874435
134.071898
136.338721
135.677017
134.772446
136.476116
134.385890
135.743795
135.449803
135.589711
162.789711
133.744004
133.549087
136.213111
133.741528
136.372941
134.940733
135.063969
136.425157
133.866594
136.486535
135.510829
134.280973
135.845495
132.725913
135.174620
133.710002
134.463788
135.203986
132.919412
135.277334
133.600667
134.240186
134.907562
133.028119
135.743609
134.916907
135.704145
135.224502
133.109405
135.544975
133.992873
134.240318
135.433941
132.583707
135.217032
133.498815
134.720466
135.311704
133.987138
136.667581
133.057331
134.872679
134.228989
134.000648
136.223682
133.886897
135.449509
133.514452
137.491307
135.952323
135.809037
133.153285
137.358181
132.315863
134.975875
132.798851
135.150692
133.126156
134.590962
134.207859
133.812665
135.619683
133.019906
135.429928
133.588360
134.448382
134.793742
133.357863
135.327747
133.114989
134.988976
134.213572
133.962376
135.384265
132.722275
135.360078
134.117677
134.061539
135.364260
132.879636
135.370056
133.978413
134.103871
134.974648
132.917568
135.142040
133.568239
134.929339
136.328673
133.052068
135.661998
134.140412
141.409550
132.938291
135.580029
133.831782
134.643235
135.320841
132.996485
135.202213
133.600125
138.549471
134.475020
134.394489
135.863203
133.553342
136.079924
134.055828
134.325841
135.031944
133.284741
135.558213
133.333533
138.612662
133.695897
134.659385
134.917319
133.909942
135.639221
133.462880
134.911998
134.637035
133.807360
135.418457
132.847091
135.631570
134.100810
134.421816
135.360253
133.769399
135.556787
133.378888
136.437405
133.288422
135.037188
134.654064
133.713106
135.875483
133.249464
135.551718
134.494732
134.110523
135.811921
133.148143
135.011513
133.978476
133.631463
135.223056
133.306795
135.672637
133.564223
135.900189
134.906080
134.429689
135.626400
133.466130
135.576360
134.944701
133.926030
135.779721
133.383965
135.835047
134.341964
134.104519
135.475052
132.738244
135.541450
134.029558
134.381351
135.153370
133.242721
135.449434
132.990261
135.289267
134.368333
133.978992
135.508253
132.887230
135.420994
133.516276
134.688837
135.405524
133.123427
136.737262
134.436435
135.087666
132.905143
135.467314
133.587049
134.465169
135.020886
133.006720
135.286853
133.380005
134.887638
134.809921
133.478394
135.454098
133.517483
135.069451
134.787983
133.443377
135.407326
132.979851
139.069897
132.792768
133.575385
134.447780
134.622356
133.375324
135.244085
132.876830
135.200281
134.141151
133.909998
135.453338
132.793421
135.521963
134.076832
134.534168
136.055757
133.543065
136.275756
134.986463
135.205961
136.222049
134.293668
132.813730
132.529955
132.629804
135.097311
133.964796
133.709134
135.272859
132.545047
135.228572
134.166328
133.880608
135.219256
132.745412
135.178831
133.966883
136.891960
137.751047
132.766309
135.057478
133.133198
135.560442
133.802685
134.571891
135.324557
133.191996
135.564743
134.100827
134.265965
135.283923
132.704941
135.735574
134.426786
134.502282
135.887740
133.196395
135.802065
134.632567
140.906163
136.420263
132.919456
132.935025
135.489903
132.983188
135.846299
134.602788
134.638726
135.677968
133.027874
135.483878
134.265556
135.862939
134.418699
133.697986
135.323027
133.402987
135.922220
133.714828
134.615132
135.073881
133.892744
138.255287
132.960132
135.323878
133.028757
135.499870
133.421967
135.361480
135.297908
133.464125
135.676411
133.539308
135.042476
137.641193
133.226660
134.413623
134.749074
133.333853
135.851276
135.065021
134.104446
135.329863
172.584096
132.733069
132.739406
133.404588
134.901522
134.654259
133.722938
135.567267
132.891888
135.259687
133.786589
134.401207
134.943772
133.088720
135.264410
132.636179
135.129269
133.745826
134.096511
134.973109
132.797008
135.117955
133.497787
135.504196
133.226278
134.484235
134.026666
133.630587
135.310907
132.981826
135.278392
132.754457
135.180700
133.481752
136.061491
133.918224
134.602480
135.078369
133.522164
135.543824
133.416058
135.056148
134.666570
133.656385
135.220013
132.731945
135.081419
134.004187
133.790832
135.217365
132.657454
135.267572
133.208775
134.626777
134.650083
133.186073
135.197345
133.034309
134.877079
134.570058
133.113958
135.176895
132.609821
135.039203
132.970344
135.278517
133.796593
134.303513
134.649806
133.456625
135.291993
132.716257
135.184556
133.495412
135.920311
133.372667
134.730921
134.498096
133.630932
135.270447
132.930940
135.466581
133.456756
134.797606
134.268757
133.778301
135.252059
132.773366
135.271606
133.213043
135.956975
134.969214
134.482637
135.614762
133.602025
136.123058
133.773444
136.055797
134.918954
134.585963
135.861419
133.258420
135.748683
134.741114
134.240165
135.298881
132.786345
135.152973
132.780735
135.532560
134.178426
133.816615
135.100717
132.790801
135.453316
134.272955
136.634027
134.484239
136.088682
135.459356
134.411135
136.036205
133.435144
135.944203
134.724242
134.867020
135.744476
133.505955
135.781701
133.354692
135.382290
134.456927
134.233699
135.421400
133.116336
135.559373
133.298137
135.375961
134.878931
133.297182
142.569036
135.850503
135.314578
133.934154
133.888173
135.116500
132.706865
135.185535
133.160351
134.887537
134.609235
133.611193
135.293622
132.776425
135.590174
134.128282
134.726059
135.159628
133.393035
135.633556
133.660180
134.955410
135.122574
133.546583
135.675139
133.143007
135.574272
133.999340
134.732724
134.720597
134.652380
136.616750
134.192553
136.568129
133.750933
136.108480
135.245746
134.469095
135.698325
133.169283
135.238709
134.065983
133.830969
135.211670
132.640923
135.221416
134.064844
133.872308
135.252510
132.635384
135.270847
133.897133
134.170939
135.715947
132.955560
135.562444
135.712474
132.803890
132.801489
132.557330
135.315420
133.942886
133.985913
135.262900
132.605103
135.355157
133.844211
134.041856
135.804338
135.961375
132.925698
135.447700
132.932656
135.443730
132.230872
133.311730
133.144891
135.588595
133.762755
135.674961
135.442697
134.330316
136.197965
133.706370
136.017023
134.436157
134.990394
134.553998
133.958109
135.660517
136.406684
135.721897
133.145794
135.819171
133.253422
135.890020
133.785494
135.696080
133.917687
135.293119
134.474079
133.741023
135.388560
133.472479
135.938481
134.066345
135.248227
135.468268
133.879700
137.063608
133.328949
135.282812
132.783595
135.318555
133.982576
134.535633
135.706616
133.049673
135.726994
133.804164
135.133675
134.475429
134.897056
136.224741
133.429205
135.749235
133.617501
135.560587
134.391199
135.195285
136.952628
133.675561
135.769004
133.346187
135.588765
133.808430
134.887532
134.352800
134.900984
135.237032
133.853468
135.861726
133.318122
135.740903
134.064215
135.416820
134.922469
134.370384
135.864595
133.492374
135.822003
133.139170
135.384552
135.644021
133.288480
135.860111
133.437238
135.679468
133.548454
135.865887
133.915190
136.057167
134.659688
133.941748
135.912085
133.417112
135.617533
133.847183
135.980707
133.363666
135.497405
134.514604
133.813599
135.315927
133.033182
194.513694
133.017327
133.265348
133.342910
135.422722
134.276752
134.518461
134.945879
133.690347
135.860986
133.246953
135.627305
133.533511
135.817060
133.257243
135.648878
134.091450
134.999117
134.953227
134.268672
135.779842
133.182838
135.365662
132.685445
134.935610
133.703542
134.414561
134.559947
133.417565
134.945031
135.724646
133.348015
133.522148
133.588568
133.364439
133.333878
135.758864
133.540985
135.875799
134.367225
134.713181
135.097360
133.600684
135.571361
132.570435
135.013606
133.272386
134.884706
135.153581
133.946920
135.678301
133.112750
135.877219
134.620490
134.472338
135.608884
133.289556
135.886462
134.253988
135.309819
135.869668
133.251236
135.786019
136.872462
134.533357
134.011385
135.585816
132.656643
134.988080
133.578203
133.910780
134.762656
133.146581
135.182492
132.864172
135.625046
133.363776
135.912669
133.731350
135.546633
134.424927
134.294236
135.128183
133.340237
135.469496
133.125693
135.478117
133.571460
135.036481
134.244560
134.085797
137.291407
132.949272
132.944519
132.952477
135.485676
133.108644
135.606842
133.737135
135.029838
134.721114
133.948563
135.852200
138.907031
135.885143
133.311794
135.648052
133.338293
135.789534
133.254368
135.481997
134.199893
134.446413
134.977888
138.737716
133.007514
132.956401
135.314172
133.437918
135.092007
134.241233
134.943634
135.164991
133.800666
135.553546
137.264732
133.002755
135.107063
132.604187
134.998461
133.124493
134.499470
134.462538
135.121858
135.649328
133.867952
135.689995
133.189977
140.651322
132.890677
132.798341
135.014100
132.545307
135.021422
133.476347
136.469984
133.452761
135.307183
134.499954
133.956285
135.462881
132.930925
135.531908
133.188469
135.264032
134.649718
133.973105
135.725898
133.106881
135.761801
134.441609
134.503204
135.722493
133.138887
135.741834
139.020119
132.548275
132.479961
134.957465
133.051112
134.469325
133.847381
140.976957
132.514223
132.374395
134.864066
132.542053
135.016914
132.805690
134.718658
133.507136
133.926495
134.721721
132.743453
135.083431
134.987040
133.568120
135.854843
133.410105
135.772454
133.745950
134.860888
134.641658
134.118665
135.665981
133.281214
135.856610
133.752584
134.771585
134.850784
133.867717
135.612682
133.104699
135.667443
133.977574
134.615633
135.018702
134.148759
135.454751
133.409425
134.851222
134.835177
133.256527
135.314547
140.522366
134.531749
134.261871
133.380578
135.070261
132.538762
135.197700
135.517819
132.615309
135.150493
132.947631
134.891654
137.502348
133.099891
134.634959
134.176268
135.785021
133.300521
135.464834
133.086044
135.680056
133.900501
135.061395
136.085982
137.202564
132.910939
133.431846
134.956758
134.205798
134.353706
135.045160
133.140704
135.145584
132.556114
134.926267
132.733392
136.708971
133.760800
134.626175
135.555057
133.709199
134.666419
132.797139
134.958316
132.529199
136.271744
132.510138
135.043877
133.111672
134.310521
134.142474
133.397483
136.186339
134.907837
136.901462
135.075319
135.749280
135.156479
133.495043
135.386711
134.034699
134.092746
135.078142
132.748821
135.162482
133.491403
134.676822
138.332741
132.894518
132.980597
135.070829
132.870548
134.828275
134.225688
133.445925
135.235317
132.731953
135.180199
133.226698
134.517899
134.664275
133.519253
135.374500
134.586916
133.339536
138.678476
132.810848
132.615634
135.070507
132.907414
135.446377
133.714875
134.372848
135.174540
133.386897
135.496802
133.314510
135.101963
135.284733
141.446757
132.882360
132.913184
135.230202
133.394405
135.873008
133.452962
138.807460
133.313651
135.571362
132.932538
135.267308
133.186530
134.978828
135.183429
135.997031
135.120250
135.417227
135.218620
137.461058
133.215558
135.644634
134.737962
136.099177
134.174872
135.784267
132.720349
135.107156
132.864426
135.409913
133.727325
134.005175
134.717773
133.009551
137.098757
132.509113
135.017896
132.529440
135.083067
133.039281
134.630511
134.273557
133.648401
136.191281
136.953167
136.041216
134.125748
136.236996
134.587369
135.898255
135.861527
134.628057
135.312221
132.605642
135.002126
132.621505
138.370280
130.535768
127.919644
127.523981
132.793719
132.773944
133.423271
134.746673
134.296161
133.933117
135.073063
133.031803
135.254756
132.845388
135.439203
133.728206
134.298559
134.473352
133.393266
135.203551
132.711807
135.172489
133.399816
134.446132
134.121905
133.942057
134.403078
134.348201
133.989152
134.299205
134.560973
133.567470
135.106355
133.097276
135.039934
133.252923
135.215107
133.559918
134.063677
135.255780
132.701215
136.845504
133.888439
135.267362
132.571418
135.221848
133.667580
134.234366
134.806552
133.028605
135.220256
133.043932
134.752012
134.152139
133.585905
135.161582
132.622470
135.169755
133.219266
134.439936
134.246915
133.486153
135.169673
132.801394
135.144023
132.559648
134.953517
132.846609
134.923192
133.611585
134.361264
134.345164
133.690227
135.073337
132.904262
135.259579
132.840213
135.297119
134.727228
134.355693
134.893414
133.225689
135.322388
132.766399
135.493903
133.813010
134.300816
134.857945
133.137118
135.268438
132.708753
135.251412
133.222432
134.849671
133.838670
134.201726
134.234017
133.640489
134.632370
133.872070
135.981528
134.068918
135.361412
132.986863
135.335292
133.080248
135.084993
134.401277
134.195116
135.260101
133.092715
135.439155
133.054846
135.707387
134.942999
133.420719
135.479385
132.998478
135.583790
133.690487
134.994072
134.327990
134.184714
136.660438
134.094640
135.097301
133.158426
135.317557
132.990641
135.540261
132.977254
135.539464
133.941902
134.875393
134.382928
133.594184
134.738826
133.124304
134.780943
133.246182
135.174687
133.047178
135.272564
132.921162
135.080756
133.188532
135.092503
133.720093
135.674358
133.196640
135.462873
133.821799
135.530496
133.142225
135.365442
132.975171
135.489846
135.214933
132.666513
135.057056
133.825165
133.816634
134.977541
132.761870
135.012000
132.797120
134.851355
133.375429
134.225649
134.174736
133.424181
134.596655
132.883701
135.071222
132.536379
135.022343
132.617771
134.810452
132.559823
134.942443
133.263496
134.349994
133.638291
134.069806
135.094173
135.376172
134.600390
135.512871
134.798853
134.692027
135.391501
135.339261
136.635781
133.537550
135.762815
135.872911
133.298461
135.822036
133.273569
135.397556
134.124459
134.606294
135.978191
138.305639
135.191170
132.727597
135.207212
132.914007
134.894311
134.110699
133.961479
135.022677
133.041608
135.252994
132.753181
135.196884
133.773749
134.226991
135.198383
133.206070
135.381583
132.997917
135.206414
134.008662
134.214491
135.220737
133.158890
135.326615
132.903711
135.290318
133.863634
134.303259
135.016446
133.960020
135.434674
133.651916
134.891660
134.849962
133.356302
135.314660
132.999039
135.041973
133.988268
134.085486
135.784189
133.154910
135.708695
133.808899
135.445167
135.822006
134.204882
135.841431
133.291010
135.938336
134.102215
134.931199
134.450794
133.269051
135.113917
132.718322
135.024839
133.844265
133.869788
135.196735
133.671032
134.162817
133.292517
135.100880
132.533525
135.167747
133.321588
134.526926
134.152022
133.748588
135.550523
133.125332
135.564839
133.124701
135.412919
133.741978
135.056013
134.061140
134.295406
134.524115
133.691550
135.240021
133.051317
135.355264
138.033291
132.974219
134.244454
133.925498
142.108366
132.591989
134.971567
132.890101
134.642025
133.465118
134.029663
134.185127
133.243202
135.465875
133.268969
135.726552
133.212589
135.523649
133.363679
135.701662
137.703450
133.642917
135.917370
133.514190
135.760778
133.532476
135.959301
135.503296
136.003505
134.139827
135.015200
134.919845
133.881095
135.953715
133.669553
138.991656
132.967632
174.120518
132.887013
132.904139
132.896417
135.283415
133.531714
135.041769
133.834062
134.658541
128.155292
133.289591
133.190940
133.132248
135.531496
133.289865
135.644500
133.233594
135.691564
133.813261
135.052554
134.466645
134.361832
135.153379
133.766906
135.705718
133.132404
135.545482
133.392007
137.738165
139.894565
132.600425
133.373916
136.643070
132.919758
135.411205
133.934150
134.744900
134.354174
134.532961
135.785715
133.855657
134.511777
134.786774
133.378487
134.936369
133.270128
135.288171
133.336771
135.460853
137.537288
133.198681
133.818810
134.990538
134.297725
134.625381
135.160717
133.761230
135.421169
133.228855
135.358534
133.004964
135.381962
138.638628
133.273415
134.402969
134.259404
134.726968
134.230176
136.214713
133.324631
135.561721
133.352628
135.717637
133.356005
135.747971
135.722118
133.477071
135.846808
133.245240
135.840516
133.936213
135.537939
133.849707
134.751194
134.411487
134.336218
135.193312
133.721994
135.618231
133.165590
136.109870
132.745126
135.313103
133.110457
135.158618
134.457779
134.306726
135.651200
133.038628
135.235379
132.781660
135.248168
133.306063
135.134486
134.475446
134.824389
135.159564
134.123399
135.833658
136.883016
132.849264
135.195360
133.564193
135.841159
133.355004
135.866333
134.172860
134.856892
135.016975
134.403698
135.844710
133.647364
136.244069
134.020111
134.547251
134.098925
133.477384
135.035134
132.972554
135.642645
133.381318
135.634912
133.919201
134.660505
135.813992
141.396593
129.800044
128.692045
132.413857
133.079842
132.960444
135.188054
132.591755
135.449714
132.921300
134.915572
133.464288
134.572717
134.287391
134.100794
135.015397
133.637492
135.576521
140.123291
132.796957
132.734231
135.310237
132.924234
135.463142
133.058390
135.319814
134.193672
134.339833
135.266313
133.364168
135.284563
133.591717
135.337301
138.172247
133.439526
133.646437
134.117055
133.776880
134.348320
135.295493
133.620692
135.537564
133.348354
135.371746
132.986300
135.283473
134.682964
139.990977
133.392500
133.466973
135.820205
133.236209
136.204491
135.108811
134.545608
135.331392
132.664370
135.200069
133.477278
134.258484
134.711768
135.883540
129.848442
132.675324
132.510697
133.653469
134.048292
134.536228
133.374240
135.178327
132.726941
135.175777
132.848159
134.926269
133.044636
134.783345
133.671756
134.166633
134.452129
133.448183
134.589848
133.236438
135.130245
132.538780
134.940811
132.559873
134.905297
132.584063
135.070943
133.018706
135.500483
133.118218
135.464747
133.050686
135.311494
133.069241
137.170892
134.886325
133.630239
135.502484
133.103102
135.366550
132.919558
135.384165
133.621639
134.620537
134.406888
133.855565
135.306083
133.454861
135.705112
133.461403
135.354162
133.126966
134.245875
133.311444
133.984010
133.418615
134.061833
133.754861
134.006597
133.970810
133.862996
134.224579
133.436164
162.139386
139.418356
139.731218
141.570530
140.795588
140.000797
141.495305
138.848219
141.862756
140.171921
140.470515
141.355826
138.919277
141.665037
139.464786
140.960512
140.375092
140.272429
141.134568
139.480511
141.489071
139.739536
143.657343
139.414561
141.941199
140.105590
141.171104
141.159655
140.206470
141.560744
139.248175
141.521000
141.090244
140.117529
141.739757
139.215578
141.774660
140.095537
144.907168
139.179778
139.092309
141.081121
139.970468
142.020415
139.554400
142.037859
141.749404
140.754894
141.263985
138.981874
141.650218
140.087306
140.402632
141.059419
139.166955
141.337650
139.609283
141.407122
145.117756
139.331228
141.608269
139.763613
140.852528
140.952995
139.435659
141.688976
139.280706
141.510057
140.618876
140.181602
141.497158
139.153750
141.438023
139.946391
141.023217
141.527027
139.901263
142.094073
140.426535
142.013700
142.161201
139.166313
141.377114
139.081679
141.470453
140.101735
140.329764
142.068207
139.600757
140.962850
140.933324
139.400245
145.484192
139.226016
141.669544
139.222822
141.612820
142.497614
174.381337
141.458114
138.031137
138.832220
138.807692
141.151454
138.999434
141.453619
140.719042
140.001923
141.662930
142.184698
139.213840
141.449670
139.052104
141.655241
141.715950
140.715206
140.973339
139.965014
142.081907
139.757656
141.605955
140.999419
139.748954
141.635710
139.439623
144.520458
138.955538
141.554284
140.867236
140.109844
141.193412
139.208666
141.580314
138.974454
141.625830
142.981968
140.868825
140.912795
140.398189
139.650687
141.186394
138.789718
141.149328
139.525336
140.052811
140.955930
139.378678
141.310865
139.050748
142.163219
139.623120
141.214890
140.626458
139.782303
141.201647
138.620050
141.236458
139.442343
142.007609
160.006827
132.643633
132.650080
135.071548
132.721789
135.062048
133.502338
134.386400
133.888943
133.972754
134.710266
133.139952
135.111724
132.973684
136.601053
137.886725
132.890805
132.836305
135.337539
133.772983
134.348938
134.737733
133.433961
135.355631
132.817379
135.447359
140.860033
132.955971
134.133430
134.375557
135.204592
134.897702
136.825903
133.354886
135.776639
134.372438
134.685601
135.165879
133.662327
135.344609
132.885429
135.349935
133.346301
136.000342
133.758772
136.051890
133.848496
136.030450
133.724196
136.030615
133.955720
135.422671
135.815304
135.676084
135.114864
135.523059
133.872188
135.752076
133.536879
135.512094
134.436936
134.536246
135.750798
133.482193
136.762305
134.097729
136.147110
134.265462
134.793005
134.774811
133.700272
135.258747
132.869854
135.196920
132.716471
135.104658
132.779966
135.221125
133.126401
135.509644
134.604096
134.953244
135.226113
134.066001
135.750621
133.292235
135.649467
133.342975
134.933321
133.926276
133.894744
135.135090
132.731278
136.263828
133.083795
135.412279
132.911981
135.431229
133.854074
134.299820
135.135181
133.612777
136.019173
133.753560
136.140712
134.070256
134.614154
134.978842
134.097542
136.127068
133.755861
135.798956
134.944690
134.532327
136.000887
133.196250
135.514040
133.837259
134.811345
134.498774
135.232468
135.330739
135.439155
134.840577
134.877694
135.142254
134.880797
135.379895
133.941834
135.584086
134.264162
135.796163
133.099656
453.227130
114.504769
112.084647
112.172186
113.635767
126.232902
132.422440
133.113646
134.284731
134.860883
134.984102
133.026523
136.440244
132.576477
135.327415
133.488654
134.644770
134.854021
133.067403
135.109051
133.250125
134.453986
134.747308
132.933216
135.059242
134.381182
134.092766
135.461460
132.802548
135.392686
133.790403
134.408876
135.033609
133.195523
135.516804
133.259677
135.401348
134.774247
134.110893
135.633843
133.223477
135.817738
134.710988
133.863387
135.212426
133.264064
135.216969
135.013756
133.792022
135.881084
134.924743
135.142336
135.990460
133.116819
136.103870
134.009553
134.947111
135.647094
133.187688
135.787987
146.402556
133.101485
133.053525
132.746073
135.050012
133.184445
134.407885
134.350403
133.291317
135.286270
132.801945
135.317320
133.690275
133.946412
134.685206
132.655266
135.856043
133.038268
135.406578
134.239718
133.846855
135.288065
132.736747
135.202344
133.167726
134.811262
134.292181
135.336981
134.351926
136.352153
132.835521
135.264223
133.688695
134.442435
135.951438
139.316480
132.889064
135.000892
133.842162
135.382931
133.134957
135.100156
134.163597
133.713130
135.205323
132.902000
139.394968
132.796531
133.076171
134.987757
134.209776
133.875643
135.302454
132.777704
135.334720
133.346376
135.182467
132.747653
132.705186
132.961253
135.120947
133.905620
134.003741
135.258586
132.657965
135.130459
132.750515
135.137659
135.483309
135.201218
134.190227
133.893604
136.115545
132.933851
135.264945
134.438628
134.271903
135.825337
134.531470
135.619949
133.390454
135.834051
133.917461
135.049208
135.219458
133.766395
135.634000
141.547523
133.100897
135.003393
133.745845
135.601652
137.109079
133.684481
134.726566
132.985528
137.852449
133.052009
134.256826
136.646599
133.793439
136.105293
134.138546
135.071144
135.230723
133.877451
136.143568
133.155571
135.547516
133.987507
134.724820
134.749005
133.633769
135.320641
132.975543
137.088756
133.427420
135.794248
133.428905
135.303794
134.259099
140.919146
135.329917
132.926927
139.012190
132.762845
135.197893
132.772002
135.150198
133.286408
134.796582
135.840181
133.898290
134.760998
135.209606
133.364004
136.901104
133.027661
135.075417
134.302367
133.648401
135.212614
132.656421
135.134400
132.705145
134.903100
133.884560
134.040613
134.814580
133.109771
135.228631
132.749039
135.218233
133.191650
134.900512
134.933394
134.017874
135.464011
132.965729
135.452546
133.183589
135.860158
133.999078
136.252695
134.070736
136.532644
134.042222
135.579964
137.726995
134.898974
133.950954
135.725367
133.337370
135.874955
133.475698
135.653162
134.630034
134.741204
135.855520
133.641725
135.701173
133.248778
135.662390
133.313278
135.394405
134.588633
134.374462
135.590300
133.477281
139.995623
133.007848
132.726004
135.184658
163.742770
131.728005
133.527638
133.561817
136.041708
133.802081
135.844776
134.686143
134.953508
135.868433
133.931654
136.213006
133.909825
135.846480
134.580161
134.737864
134.936408
133.919792
134.560420
133.210417
135.827157
132.690279
135.197522
133.386098
138.056891
132.654979
132.969407
135.189329
133.304681
135.125019
134.317426
134.356556
134.934613
133.425956
134.407832
133.875338
134.427258
134.872626
133.784381
135.658075
133.459155
137.308277
134.087576
135.730413
133.688559
135.284494
134.592533
134.489785
135.211569
133.825611
135.904174
133.293219
135.428371
133.313128
135.547894
133.601201
135.690019
133.483643
135.975024
133.585996
135.940691
133.791023
135.642278
134.435345
134.874017
135.386943
134.061764
135.751814
134.846880
134.811665
134.887764
135.286941
133.753103
135.118226
133.750126
135.331141
134.768691
136.235054
133.614259
135.765135
132.895143
135.774803
133.335731
135.734020
134.209736
134.623473
134.827127
134.491209
135.208878
134.395407
135.831810
133.738765
136.111199
133.711062
135.934111
134.596424
134.610485
135.630026
133.620427
136.015653
133.314171
135.784698
133.860511
135.084133
134.812325
134.811850
135.374103
135.189608
134.203225
136.072021
133.535507
135.951285
133.938837
134.853361
142.331644
133.798895
135.765696
133.312769
135.803841
134.075353
134.862450
134.958282
133.708232
135.592922
133.219241
136.034022
134.809410
135.102108
136.111188
133.782019
135.723386
133.789623
135.372535
134.741874
134.552450
135.256575
133.337266
135.495481
133.235191
135.558953
132.964056
135.595370
134.428569
136.133631
133.299464
135.269629
133.774009
134.916994
134.353597
134.588886
135.090604
134.039837
136.003014
133.553000
135.544831
133.833709
135.288499
133.917739
135.602420
133.815338
135.964311
133.528083
135.804708
133.498446
135.848396
133.896549
136.091226
134.305576
134.656894
134.045286
133.810156
135.084166
133.571148
135.621616
133.243214
135.425408
133.428492
135.655393
133.170297
135.347550
133.818912
136.015663
133.174665
135.156502
134.010958
134.510612
135.441250
133.345023
135.547094
133.228975
135.560475
133.202923
135.630134
133.726992
135.433357
134.477129
134.480007
135.720377
133.377284
135.873895
133.670703
135.756411
133.931756
136.098776
133.790636
135.789144
133.250632
135.851431
133.230189
135.475771
133.394375
135.545212
133.288291
135.526759
133.441726
135.526321
133.338044
135.850685
133.444797
136.920339
133.364673
135.671647
133.680066
135.479244
134.153062
135.001437
134.592706
134.966737
135.032859
134.198196
134.953773
134.024339
135.240103
134.543049
137.018983
133.795431
136.063046
134.129427
135.760469
134.809943
134.690337
135.580068
133.856653
135.803335
133.170109
135.410039
133.223537
135.731588
134.548166
135.117209
135.077976
134.341373
135.314213
133.832840
135.927177
134.090072
135.972089
133.981344
134.902405
134.651415
133.902227
135.344922
133.182316
135.466755
133.130821
136.847279
133.093763
135.553425
133.314827
135.781162
133.384149
135.837041
133.906646
135.573200
135.017558
134.771165
136.084581
133.441431
136.720407
133.953678
135.434965
133.353580
135.625224
133.623598
135.913340
133.432600
135.852471
134.148388
135.163457
135.036275
134.081405
135.867994
133.563049
135.948830
133.846156
135.590758
134.428119
134.821638
137.850579
133.002944
135.964845
134.775161
135.419581
135.702184
133.976851
136.082915
133.599187
136.344645
134.574578
135.192106
135.571490
134.600449
136.462344
133.918834
136.116770
134.380932
135.961220
135.545015
132.874274
135.492373
133.211779
135.974096
133.861810
135.520883
134.854891
135.213555
135.477102
134.182089
136.083049
133.527158
135.864480
133.524336
135.911285
133.985441
135.588956
134.292383
134.577547
134.223389
134.247861
134.487298
133.896867
134.725668
133.632925
135.047891
133.300978
136.010819
132.938280
135.360036
133.059081
135.369132
132.934025
135.398681
133.980055
135.708900
134.898379
134.929537
135.664895
133.835392
135.894630
133.472460
136.057811
133.777666
136.172013
134.434725
135.469160
134.748024
134.623053
135.242064
133.651195
135.558931
133.309474
135.769294
133.558175
135.490607
135.321230
133.456517
135.354309
132.660564
134.997191
132.630347
135.038113
132.661068
134.855568
133.267390
135.256330
134.107786
134.697808
134.198570
134.275074
135.217570
133.603429
135.724274
133.019897
135.508335
133.417615
135.783276
133.287834
135.850443
134.097960
134.925327
134.799082
134.280382
135.628619
133.611505
135.905599
133.354671
135.976266
133.894379
135.886649
134.996438
134.595773
135.782754
133.564405
135.595205
133.184660
135.560036
133.275270
135.868393
134.670219
135.269487
136.209239
135.112396
136.332899
133.738367
134.666578
134.518234
133.688103
135.462638
133.028621
135.438915
133.523836
135.166290
134.589907
134.383029
135.508602
133.439554
135.845767
133.308648
136.412206
133.552120
133.494963
135.206843
134.568529
135.596549
133.262999
135.667131
133.763349
135.090013
134.733683
133.772147
135.291898
133.313861
135.314067
133.659752
134.485049
134.685454
133.549805
135.347596
133.290336
137.002865
133.564728
135.974755
133.604000
135.954530
133.488762
135.624812
133.274681
135.443410
134.045024
135.692025
134.890962
134.810705
135.578553
133.951149
135.800949
133.195840
134.796486
138.609096
133.404771
133.623888
135.912879
133.467764
135.853850
133.825594
136.283886
133.863787
135.848991
133.440910
135.803120
133.504753
135.833541
134.067390
136.031887
134.344708
137.549166
132.936055
135.226554
135.314328
141.191493
132.902709
133.125294
135.766899
133.493961
134.745575
134.432485
133.696147
135.257311
132.828185
135.218632
133.081620
139.256350
132.755313
132.630824
134.838234
133.471447
136.000850
132.611604
137.690193
135.710547
132.843379
133.012072
134.997268
133.390084
134.710964
133.552451
134.502125
133.656918
134.349753
134.018976
134.015516
135.274713
132.897250
132.870083
132.867867
135.315082
133.089813
135.606028
133.126926
135.693558
135.697204
132.886466
135.086371
133.334909
134.450278
134.093849
136.880075
132.690106
135.082803
132.729938
135.291386
132.948563
135.129795
133.311344
135.005080
135.648515
132.803685
135.008649
132.660082
135.000790
132.676528
134.675042
132.979869
135.037518
132.692594
134.283923
133.208254
134.538764
133.205544
135.040893
132.641813
135.095161
132.826688
135.174288
138.658167
132.833525
133.657044
134.451605
133.281325
135.455155
133.886832
134.706162
134.574457
134.027336
134.683470
133.966152
134.811136
132.896822
134.920952
133.112993
135.189066
132.710696
137.144523
133.201455
135.129293
133.022303
134.743957
133.534248
134.185417
134.241515
133.514369
134.800066
132.904180
135.046469
132.662060
135.061807
132.643183
135.037437
132.974854
135.038538
132.622421
135.063777
133.055192
134.950498
133.078512
134.841558
133.289946
134.733685
133.169351
134.706813
133.396748
134.333793
133.110979
134.534149
133.620183
134.375304
134.347160
133.623731
134.991734
133.779467
134.947483
133.908795
133.861423
134.566156
132.999719
135.083417
132.730520
135.447150
132.864588
135.222280
133.237504
135.038771
134.063209
134.135968
134.937661
133.519326
135.440624
132.817962
138.041206
136.639433
132.661393
133.074314
134.495069
133.864879
133.770379
134.322389
133.225159
134.653756
133.071513
134.897192
132.792253
135.001824
132.900380
135.135672
132.825850
135.018940
133.014977
135.066443
134.069020
134.277930
133.402413
134.770158
132.902718
135.305480
132.745407
135.031370
132.610749
134.986102
132.997487
134.727505
133.612274
134.247840
134.676686
133.170358
135.183918
132.641685
135.171322
133.301554
134.514736
134.410048
133.339758
135.542057
132.678591
135.136666
133.116520
134.682013
133.970505
133.797903
134.374596
133.371524
135.029353
132.912924
135.139225
132.866778
135.141826
132.725022
135.084601
132.703514
135.108504
132.895659
134.887573
133.389068
137.119058
133.030366
135.216717
132.915703
135.506164
133.086997
135.194534
135.148639
133.645348
135.043501
133.083038
135.443169
133.023443
135.513024
133.191667
135.362370
133.849231
134.594821
134.824368
133.840074
135.384631
133.255097
135.364553
132.608057
133.905787
133.607701
133.279666
134.033718
132.433625
135.231927
133.058205
135.009642
133.364417
134.637478
133.635394
134.629157
134.201863
134.193692
134.538086
133.916660
134.270211
134.162733
134.221060
133.840673
133.750856
134.155505
134.954101
132.897299
134.638229
132.883087
134.603769
133.169441
134.501510
133.866096
133.840020
134.448221
133.141635
135.074311
132.660319
134.954650
132.584005
135.020354
132.646309
134.998937
132.857110
134.793110
133.511295
134.093519
134.289235
133.377596
135.028598
132.593407
135.069166
132.705527
134.941634
133.502817
134.125993
134.634191
133.027350
135.098921
132.580660
135.461945
133.287342
134.566007
135.487120
133.870424
134.001100
135.096176
132.766326
135.220017
133.303308
134.483181
