100.000000
103.423257
100.791921
92.446199
92.785888
91.204289
94.344031
78.921428
79.172501
99.087824
107.586415
90.181117
90.604607
91.632885
83.017557
78.317509
92.245398
96.851585
92.966227
98.391240
103.228157
105.917816
103.175180
96.867468
84.846376
96.600760
89.261897
82.001938
93.864587
81.253485
100.032034
83.326618
106.787881
116.334440
79.232351
93.057422
94.289449
84.859063
101.863545
93.187608
96.094783
108.688104
94.900039
106.205116
91.561061
83.970799
85.729395
92.706155
99.971918
85.195641
88.614070
105.012371
99.328144
93.326284
101.515112
94.884306
95.701806
85.330273
98.691594
103.676239
97.786499
92.079927
97.285557
84.720955
88.871794
73.733815
76.865939
75.786374
79.344402
76.264975
79.876619
70.363330
75.348868
99.139904
104.602855
78.775851
86.695640
93.482556
99.790064
98.902753
87.050101
97.901773
97.376468
84.764712
86.592442
96.240798
92.232704
79.695351
83.861261
91.053882
107.232002
85.038829
86.820338
88.024930
81.233510
86.698943
84.707040
93.010905
90.965626
89.090609
89.997243
75.925296
91.972704
82.660929
91.902103
112.809806
102.592739
89.232563
89.791365
94.567863
103.605968
83.842513
87.044271
90.468937
102.551984
94.005640
88.147887
83.091746
77.109641
92.834734
88.788297
100.286299
91.641447
88.017074
81.902448
83.689638
95.373029
91.695355
84.120708
95.025698
97.838244
95.153025
105.787428
95.319911
95.390447
89.040507
104.080274
89.361467
93.081544
99.013209
91.646291
90.725480
99.807107
91.657438
87.739733
95.611926
103.711852
107.225764
91.242176
101.322064
82.830571
102.754008
91.483055
99.906409
86.950280
81.549986
80.607572
91.932524
100.535121
108.396244
97.581334
96.672164
87.436216
88.791105
96.460545
83.502560
90.758367
88.083893
93.154506
89.880961
83.671946
82.873516
89.423562
88.743459
93.554258
94.865322
91.824246
100.627420
90.235109
84.654496
98.856160
83.546675
90.594114
88.553708
93.078214
110.931419
117.334429
102.646352
90.060828
97.550842
92.171632
86.134067
91.294396
90.073361
84.780703
86.466897
91.635946
111.257981
115.722501
98.549559
91.309441
93.503598
83.083176
93.680354
97.533101
80.326711
87.684385
93.761932
91.110981
82.422025
75.916672
104.661571
111.446343
91.573158
105.850365
95.098215
80.916294
81.700621
81.918742
92.289867
96.381273
105.581654
86.052490
75.698919
88.318396
98.977888
97.953976
97.224571
101.623210
91.401909
95.578268
90.174543
89.527942
99.629090
104.524852
97.558075
117.875067
102.802581
85.471617
98.532947
86.914879
87.216546
85.228576
89.144527
88.403740
87.468074
99.217816
106.177039
98.482499
92.334906
87.854442
107.289981
102.533332
96.677889
111.043716
96.341702
87.436377
94.148666
87.545835
98.833970
88.809052
99.113607
96.337317
99.589140
96.245326
102.223993
116.097952
105.931209
88.299510
103.047980
99.439920
107.108893
95.445233
87.093705
82.136256
102.263761
114.446742
86.213368
88.387617
83.164786
84.770975
83.995143
88.679023
100.514933
90.150689
87.912463
83.382923
88.724378
87.903143
88.678074
94.971679
96.174645
106.304741
94.533910
97.862987
111.191616
91.140531
89.476759
102.946033
92.991999
88.182771
101.728216
88.653108
81.293062
91.608794
86.771177
89.962979
91.892717
91.928585
103.738314
105.769441
103.267999
80.384452
87.500397
88.579885
95.127231
89.691069
88.839216
101.132684
104.739468
100.306299
97.827816
107.591711
87.898644
85.648721
94.584358
90.736497
93.813927
96.626573
84.575288
87.461509
88.591858
94.674592
98.540477
87.816162
91.603628
102.991813
89.899195
84.659623
89.414764
87.812505
89.923747
100.617818
91.361703
94.757814
90.083283
96.572206
102.462984
93.241403
110.143196
89.154928
99.976556
90.954122
84.056207
88.501545
107.133931
89.615412
99.649548
102.992659
99.688103
86.408797
102.692137
93.492333
77.510442
90.767747
91.412476
87.861796
98.825050
81.143322
88.850155
105.846827
95.172567
91.763822
93.867149
74.025545
71.601057
93.060708
88.346575
73.282939
90.272514
89.039036
90.681651
98.853457
84.150282
107.858847
82.981627
94.246332
97.561784
104.597937
112.184292
91.788122
97.962715
97.778158
98.077667
86.825254
77.059898
96.800662
105.544468
101.602142
87.317600
101.423280
103.455349
82.244186
89.657085
97.457124
89.076380
94.826714
104.214615
93.075810
94.003455
94.935751
93.878857
107.562432
72.730678
83.902538
92.967658
107.553300
112.353411
98.751866
110.915393
112.244873
100.771159
105.292136
88.941577
93.710717
98.917340
103.546338
86.310183
93.235383
105.482219
95.725450
90.079748
96.137469
93.289605
81.437989
92.009532
98.059470
95.895349
81.291818
93.208957
92.566576
93.270237
112.720682
100.891886
92.435313
99.036887
87.459503
101.404851
81.495951
93.436719
101.509181
99.147020
97.233828
87.193416
83.056544
101.513815
108.437926
102.163460
90.248124
86.768839
92.126778
107.104946
92.142971
94.965345
87.899621
99.066584
113.548660
83.549640
84.042140
85.560778
82.172314
91.637237
108.388309
108.000939
76.471685
93.846604
93.507841
90.710419
92.399320
89.258975
92.230909
94.223532
96.920131
86.404408
91.006312
106.779713
95.623607
94.291553
97.001669
94.130678
92.643329
78.856521
90.850432
83.967981
91.401868
89.024124
83.945778
95.306563
104.780442
107.631955
83.856992
77.846871
91.878708
93.287031
100.332219
105.912296
90.672876
79.326287
82.284623
96.165980
86.368623
87.386061
85.139933
90.301108
89.318556
98.806868
101.383206
91.936526
88.271714
105.831775
86.003258
98.623673
102.756575
94.444110
97.378544
103.339507
112.179451
116.689550
100.768913
99.106417
115.267259
108.179204
109.247448
91.401330
113.878913
101.264371
89.976635
90.718085
84.685635
96.066788
88.602291
92.062925
91.119980
115.697865
116.015175
99.323053
91.297143
79.704430
85.537411
83.174406
99.253940
86.094364
90.922620
99.794731
91.711088
85.748668
106.065620
93.858007
98.320249
92.171936
93.200780
101.664316
115.423410
108.111966
97.580623
93.642726
110.124601
97.755720
94.309642
98.369857
105.078781
93.087665
81.798534
104.715679
96.639729
92.327540
101.271110
94.711003
101.986018
92.673247
92.556918
106.998247
113.862779
106.350942
92.423683
92.203586
85.312570
101.264066
111.785322
93.532749
105.764410
97.919398
104.811643
102.304921
95.892232
87.501060
103.031644
105.486940
104.393037
104.689764
98.605681
92.095819
99.169275
83.602658
92.861310
101.629715
95.009399
101.171998
93.888331
96.795606
84.051341
90.571216
100.953680
90.085833
107.543317
107.184170
95.164162
101.600114
97.594957
90.501573
100.198594
85.572732
92.440413
105.111788
85.533077
100.174429
108.168731
92.669421
106.275772
110.412371
103.752892
87.335307
95.728836
109.528500
111.534608
110.144420
93.171302
89.346916
90.439804
88.571041
101.552374
94.958450
91.158516
103.306655
111.620002
101.297039
107.779147
100.440922
115.771278
102.541317
105.007850
83.069786
90.336671
99.235391
104.259170
103.192684
102.192285
89.561963
101.640934
100.483154
89.143220
104.245159
81.873336
88.336479
105.258610
100.711973
99.731477
102.152115
104.054759
87.773837
90.251249
103.654534
92.710765
110.613139
107.254122
87.958168
94.416276
98.884185
93.836376
100.238661
98.643577
105.848584
106.731672
105.441452
94.037671
110.341178
105.105295
106.852056
105.658414
94.029794
86.125042
85.103024
99.772548
109.660914
113.590297
96.774183
92.332524
95.517689
92.108256
94.947273
107.665696
111.550809
104.479442
104.297732
98.556603
98.761207
105.725769
106.052016
99.111147
89.949240
93.611306
100.217825
115.367402
102.172428
83.865583
111.610662
99.560267
109.639767
114.311418
109.893581
101.128444
99.507819
103.076666
104.522961
108.694477
92.711609
100.939339
103.210814
94.191472
98.414440
93.004345
100.171086
103.296014
94.450699
86.686617
95.854169
100.397415
85.861296
94.870946
103.430924
82.864048
99.401266
109.185094
110.410778
100.158433
92.557898
87.696411
101.955886
110.003370
108.168462
91.771468
93.514105
107.387959
96.798051
112.414205
107.763823
100.185623
89.304899
95.317790
94.342589
89.871956
105.613461
99.584148
97.046416
100.315407
102.420373
86.508755
104.424260
111.447815
83.318614
88.336795
113.374423
112.006887
87.986158
98.421622
91.960480
101.996035
99.118808
103.882750
98.187683
85.563034
97.952125
91.359294
107.719832
108.202150
103.738533
90.792134
87.655570
103.856626
117.511742
104.554033
96.327845
103.646131
109.323528
119.295441
142.453397
170.928336
478.455618
