100.000000
188.259431
93.220109
107.942338
81.632233
84.180582
83.475144
78.689436
83.151059
110.229990
82.533027
84.604466
88.475481
86.398931
86.473975
87.695884
89.837551
88.883183
91.983081
87.083892
88.869816
88.448069
98.570230
99.003922
89.983790
86.689445
88.008261
86.581082
88.126981
113.623809
90.235578
92.562829
132.396509
113.869086
86.080783
88.063019
127.388254
88.833775
103.343430
107.640262
93.694674
99.940317
86.924646
114.964936
125.167508
93.258585
107.365665
88.792900
87.039640
89.393425
106.307339
88.825355
103.519395
92.412164
88.343516
104.496691
87.575375
87.288752
92.476996
87.846741
88.246063
116.105771
104.168673
102.184441
88.276116
88.787657
86.653107
105.743955
92.403182
106.989068
85.317050
83.912978
88.946973
120.145478
91.710740
109.024805
112.012929
134.828931
90.152035
88.236413
97.872582
92.179482
124.024595
107.400372
107.793323
105.429802
123.501487
111.219717
124.974147
108.726407
106.772155
110.410547
107.010306
108.904458
108.412647
103.676163
104.331987
96.090174
120.669875
95.745208
96.092142
90.272945
114.850670
104.478816
111.155800
122.899448
84.398906
88.083280
88.276475
86.791587
122.617164
84.980655
123.801597
125.533882
111.610183
110.941847
127.166499
138.224094
153.363540
149.425350
115.898180
140.773571
140.292442
149.538152
107.074761
88.219842
90.485949
86.488939
117.741102
130.586489
137.101565
87.039291
89.924361
87.277871
89.850309
90.836458
84.962899
88.450673
86.881682
87.636941
111.801712
96.769150
85.252984
115.174437
87.393165
96.090078
89.047317
84.740368
93.813268
123.512658
83.993560
89.060316
90.153890
87.799216
85.156339
90.132812
87.338311
86.304547
87.344745
89.416125
124.502796
111.259552
135.453255
86.190756
97.770982
87.338750
90.326010
110.158534
106.377667
93.640510
90.748080
84.501749
128.183178
94.225508
84.909802
99.366525
86.317836
102.648603
98.486683
120.214462
142.169924
107.353961
89.684776
89.905623
88.532483
89.687420
112.402334
117.015724
91.586619
88.119472
84.280414
86.667810
85.561227
105.225253
115.749748
104.528973
93.929993
89.615055
91.130386
91.107240
87.368536
85.799531
88.117495
90.576680
89.465453
87.723173
87.436534
86.259804
88.138814
88.260707
92.951707
86.918417
90.621442
146.146871
111.839956
104.628285
108.583608
91.178282
92.536629
100.917961
122.076275
148.180456
131.528310
103.976063
115.402455
98.410060
137.463272
107.463071
109.716722
112.777222
106.932842
123.195579
90.910033
87.013531
88.315700
123.136659
135.096765
100.868842
87.450656
110.545056
145.592413
108.653093
104.809949
91.774132
86.478386
98.076477
145.174470
109.464430
147.390818
107.600276
113.301757
108.177842
121.043198
97.712898
102.051414
88.307625
87.386110
99.348102
106.590509
86.968838
113.311043
114.624781
87.374514
83.622668
86.465932
87.062395
90.820362
118.193677
91.271789
91.314184
108.783918
105.025780
107.435185
98.648300
93.493544
95.233133
86.152008
86.886889
107.833189
113.276066
87.187008
87.737532
125.800577
91.115504
90.822381
102.309554
106.544962
151.824004
88.156302
119.877442
110.639339
115.806375
87.877740
86.465611
86.668615
88.838649
89.076006
92.276612
104.577076
88.751025
95.496017
106.509044
126.475179
149.331001
148.875971
93.110705
111.911902
141.552817
115.564008
98.534265
86.595065
87.931426
85.549235
88.290555
92.377102
106.211515
86.363447
92.267227
109.722997
101.088725
125.194037
93.033971
90.835142
113.622712
126.817410
126.381279
128.648938
86.871124
90.186276
86.265918
106.058123
88.938636
84.795841
86.171024
89.300586
141.253892
114.051960
127.746497
87.566011
104.514881
88.105711
89.191048
86.511310
115.592251
101.268675
87.777427
107.040190
91.914478
89.482022
91.164930
86.697736
86.203220
121.697396
137.688201
122.510165
109.052823
117.525506
110.234753
98.258113
97.129176
101.927140
86.394014
151.259917
98.959596
110.587995
124.728880
108.316036
93.427069
91.671018
90.524540
92.726214
108.833976
91.131878
103.294821
88.720988
88.595881
94.573763
89.294818
109.314093
110.457244
87.042468
90.958745
89.666188
93.737985
105.503733
89.340825
86.590862
89.575605
89.059992
85.551705
110.245534
86.898887
87.850847
86.550056
111.227797
99.647148
86.190427
86.260676
106.145520
107.964344
96.031984
127.926889
125.242547
131.292156
90.859381
92.789137
90.960630
90.720983
86.595983
90.261064
86.459369
88.500342
87.027018
88.818282
84.985962
86.562960
109.847123
109.872040
150.584748
128.085352
128.370237
121.944667
87.274584
86.343408
112.209152
84.427863
85.513734
100.576761
101.011526
87.925355
92.112324
86.491599
86.961443
90.991378
86.951816
94.517840
87.105284
91.562385
86.258688
126.902397
118.592617
91.659069
89.568232
86.860157
89.224255
86.795872
83.980806
86.367714
93.941383
108.546889
106.976227
86.703553
90.948427
86.364508
90.054610
127.383893
86.441812
87.140525
106.669092
127.219936
93.863911
128.832268
102.614711
88.478628
126.104819
126.184181
95.725464
122.865398
106.151887
136.829625
88.188047
86.227860
86.583091
87.407206
86.722211
104.517519
95.201623
86.283057
85.461589
88.567866
90.995119
86.951876
109.806311
110.783142
110.005601
109.977463
119.048303
132.428168
114.376122
97.190447
103.801247
103.925649
86.089109
87.194858
87.423931
85.947975
87.309457
85.127117
105.659998
104.557176
88.733586
86.222493
87.210805
86.943831
86.995883
89.562274
90.296504
120.703692
99.383154
143.930108
113.626675
120.473073
152.566026
129.523870
116.810586
110.722539
142.717421
104.024194
88.489519
89.332853
86.119945
98.677948
122.433718
117.382959
108.256946
85.197136
85.431598
85.429813
85.940726
86.611451
87.269549
92.015041
92.174381
120.469914
109.872879
88.544882
128.927709
131.101284
149.444443
132.489738
103.767950
99.854515
87.065928
84.397718
101.824776
90.751447
95.509284
100.650437
89.365508
111.641429
134.406842
113.614025
131.168279
87.001190
107.021960
116.481998
106.801762
105.193335
95.420827
87.133187
90.664473
86.328484
86.903888
111.909886
134.861867
147.401775
157.791943
108.424077
144.124726
119.759787
104.918291
85.993868
87.129927
86.731214
87.809914
86.984880
88.255697
115.188490
95.148066
92.685448
96.976357
149.092256
152.204493
145.921109
118.859996
87.851764
127.329443
120.755025
113.149283
116.433086
90.796000
98.611950
106.713502
85.686427
88.652729
115.470725
92.076045
89.985322
107.022998
