50
61.065771
61.064268
61.075979
61.087420
61.002589
61.056739
61.083028
61.079408
61.055968
61.021701
61.040270
60.880273
60.746045
60.773881
60.836203
60.823988
60.849731
60.856095
60.810889
60.807155
60.784670
60.780432
60.794552
60.814696
60.815377
60.809574
60.812186
60.851262
60.867585
60.856911
60.849838
60.823805
60.849907
60.842458
60.819339
60.845994
60.905847
60.775518
60.878488
60.984402
60.976577
60.990336
60.961557
60.917240
60.851443
60.916316
60.992706
60.973113
60.819628
60.815996
60.854913
60.850168
60.825456
60.780271
60.763525
60.760433
60.889316
60.865336
60.831329
60.812833
60.938729
60.824278
60.772807
60.762940
60.775002
60.787279
60.856691
60.786455
60.788430
60.791164
60.858833
60.851061
60.780424
60.777212
60.800677
60.894128
60.823441
60.936140
60.988972
60.873385
60.875764
60.874331
60.879074
60.839024
60.842953
60.799639
60.869830
60.897919
60.818851
60.779424
60.885363
60.793995
60.826905
60.945099
60.819934
60.774000
60.790274
60.818262
60.853680
60.829455
60.835306
60.836789
60.847752
60.840779
60.824078
60.838348
60.821206
60.877902
60.887571
60.813900
60.883457
60.779302
60.776575
61.086208
60.878813
60.787292
60.768059
60.826266
60.859503
60.805367
60.783046
60.773351
60.759069
60.764903
60.763109
60.783118
60.858011
60.771912
60.804370
60.809768
60.799014
60.803403
60.807314
60.810681
60.831280
60.812837
60.768236
60.774792
60.776295
61.585829
60.941873
60.670190
60.407322
60.201012
60.823806
60.331147
60.541466
60.774960
60.781307
61.001838
60.816715
60.923107
60.867747
60.862805
60.817899
60.842458
60.862179
60.841830
60.784493
60.803759
60.847999
60.864513
60.900961
60.806562
60.859902
60.850735
60.818803
60.865825
60.856227
60.854032
60.843917
60.763983
60.752880
60.763680
60.776741
60.767489
60.794927
60.845447
60.820465
60.822765
60.859579
60.857482
60.836393
60.834221
60.840947
60.902608
60.903359
60.879767
60.834589
60.818900
60.834072
60.819173
60.862162
60.903270
60.790124
60.782009
60.840354
60.784730
60.772272
60.775050
60.829663
60.806668
60.815700
60.871129
60.874441
60.896373
60.813688
60.846374
60.822290
60.815571
60.779947
60.894074
60.816274
60.812067
60.845033
60.846977
60.819360
60.805270
60.781050
60.801579
60.832567
60.898280
60.876947
60.859292
60.844390
60.826135
60.833865
60.862278
60.843202
60.835930
60.829209
60.829720
60.832458
60.841919
60.810759
60.828285
60.832467
60.847834
60.783590
60.816825
60.827654
60.860974
60.840355
60.825190
60.837680
60.850097
60.821053
60.894563
60.899188
60.818080
60.848203
60.858182
60.852894
60.834979
60.850192
60.836744
60.827968
60.790815
60.806453
60.839025
60.812401
60.795918
60.784254
60.771379
60.836600
60.933581
60.804128
60.768059
60.778330
60.790045
60.839612
60.840155
60.844259
60.787403
60.831916
60.869304
60.900451
60.865218
60.896009
60.794168
60.856923
60.838247
60.899158
60.958279
60.917037
60.784313
60.790005
60.888029
60.892296
60.888928
60.834082
60.838767
60.840956
60.841671
60.833644
60.783759
60.770906
60.795680
60.815410
60.918486
60.984700
60.920848
60.838899
61.007118
60.855607
60.846482
60.815809
60.823448
60.854800
60.766075
60.757251
60.799911
61.053623
60.881710
60.956016
60.833369
60.762919
60.759580
60.789286
60.760467
60.764586
60.774593
60.818618
60.788354
60.898061
60.804381
60.833728
60.834906
60.784138
60.944807
60.841682
60.873698
60.857037
60.814747
60.847841
60.821857
60.904643
60.845738
60.774128
60.790122
60.858662
60.813260
60.869792
60.828759
60.779772
60.858364
60.829421
60.877597
60.864289
60.853761
61.228262
60.848811
60.783329
60.772253
60.804130
60.821781
60.791705
60.769940
60.775922
60.813042
60.812151
60.851346
60.863943
61.210954
60.755459
60.783570
60.774586
60.773624
60.753375
60.768771
60.836382
60.841024
60.772217
60.770430
60.887692
60.881099
60.839019
60.841539
60.839917
61.147008
60.821404
60.821024
60.853424
60.874462
60.866717
60.878811
60.909900
60.901775
60.857147
60.973044
60.826340
60.915244
61.005628
60.863391
60.756468
60.815868
60.849396
60.813893
60.863184
61.179443
60.906951
60.820394
60.791180
60.961261
60.858615
60.902268
60.903412
60.782324
60.800846
60.765595
60.846313
60.813840
60.896054
60.940432
60.822362
60.830920
60.836224
60.862252
60.826340
60.863236
60.849552
60.843050
60.913572
60.827691
60.809255
60.962726
60.878974
60.893804
60.812059
61.000998
60.946834
60.869853
60.780955
60.797668
60.774598
60.793840
60.858244
60.834280
60.868435
60.773240
60.854671
60.826982
60.838826
60.846302
60.841252
60.841523
60.810703
60.820532
60.807755
60.834918
60.800219
60.846823
60.837940
60.789951
60.864624
60.767426
60.815908
60.813346
60.858573
61.152065
60.811303
60.774868
60.753421
60.757024
60.782397
60.782982
60.794990
60.813718
60.803153
60.841109
60.906253
60.827638
60.939418
61.339638
60.948611
61.006919
60.980708
60.940796
61.366642
60.819568
60.869661
60.765259
60.799441
60.807963
60.849750
60.857372
60.956889
60.826707
60.881565
60.879572
60.791319
60.821686
60.809005
60.760819
60.843030
60.830473
60.911965
61.001664
60.899844
60.841033
60.859655
60.851526
60.822466
60.825283
60.825156
60.864909
60.891132
60.826517
60.810773
61.068419
60.876567
60.866207
60.825583
60.827357
60.843192
60.803929
60.814799
60.809486
60.864362
60.835342
60.830637
60.848208
60.856234
61.193381
61.337415
60.909022
60.750918
60.844119
60.788239
60.817396
60.837867
60.757800
60.780157
60.844092
60.848681
60.830629
60.903090
60.775227
60.816988
60.851533
60.885418
60.811063
60.838900
60.793709
60.763558
60.802619
60.773455
60.864916
60.833873
60.810041
60.881271
60.829313
60.930276
60.843214
60.816427
60.822804
60.816893
60.830251
60.764308
61.224197
60.770339
60.814974
60.842002
60.814079
60.835440
60.816768
60.837274
60.761870
60.857669
60.812738
60.808537
60.808795
60.819135
60.888001
60.819454
60.887580
60.784963
60.795950
60.834452
60.842700
60.816245
60.843944
60.781969
60.805968
60.817076
60.845285
60.815909
60.903047
60.871302
60.778695
60.768355
60.768281
60.757404
60.826801
60.806423
60.782405
60.816847
60.804289
60.804146
60.742172
60.788840
60.843366
60.835025
62.789396
61.278108
61.230058
61.315250
61.298527
61.088790
60.767087
60.788078
60.837592
60.770226
60.789769
60.772644
60.804479
60.770007
60.853446
60.883166
60.724004
60.759675
60.745073
60.747923
60.733166
60.835672
60.752782
60.745501
60.802020
60.877882
60.764928
60.770030
60.766572
60.841789
60.834966
60.891486
60.895545
60.776239
60.782916
60.791140
60.767826
60.831036
60.828032
60.838804
60.819164
60.828910
60.870382
60.819376
60.770085
60.746782
60.741662
60.855341
60.813775
60.827761
60.808679
60.808631
60.843801
60.851748
60.810071
60.874701
60.852713
60.871540
60.852155
60.794285
60.840241
60.841597
60.826654
60.857692
60.909941
60.789029
60.856281
60.842646
60.763442
60.834156
60.801280
61.279393
60.851206
60.826856
60.871417
60.824898
60.830241
60.836689
60.862059
60.843614
60.844799
60.831593
60.840116
60.848327
60.801151
60.855472
60.875759
60.797893
60.778569
60.777012
60.858786
60.874487
60.825324
60.773747
60.825393
60.857089
60.841353
60.852585
60.852106
60.846448
60.771761
60.796846
60.834185
60.867849
60.836511
60.906620
60.852017
60.974000
60.861111
60.959363
60.832262
60.846229
60.769229
60.897029
60.857763
60.826591
60.815610
60.853449
60.842158
60.830009
60.847139
60.869647
60.842122
60.842751
60.865439
60.893330
61.328797
60.848516
60.873794
60.856345
60.834249
60.956566
60.847734
60.852525
60.852944
60.789116
60.832887
60.958333
60.875878
60.780852
60.767780
60.784548
60.870845
60.849683
60.834114
60.827680
60.791994
60.786295
60.835350
60.822446
60.831998
60.834093
60.758498
60.765241
60.835046
60.862167
60.837906
60.873866
60.850649
60.777894
60.789388
60.818508
60.792184
60.817692
60.803473
60.804158
60.775379
60.857997
60.872526
60.819122
60.783229
61.094092
60.830317
60.885605
60.879832
60.818394
60.865440
60.837662
60.825184
60.784361
60.849617
60.815123
60.805948
60.793910
60.792830
60.818311
60.821809
60.804637
60.809715
60.821300
60.804703
60.900090
60.787483
60.824165
61.032666
61.026987
61.027454
61.003773
60.990910
61.019542
60.744098
60.924852
60.790421
60.849537
60.813737
60.787583
60.816009
60.859097
60.875204
60.735807
60.779124
60.801939
60.772737
60.786083
60.816551
60.819923
60.781636
60.728746
60.765177
60.752832
60.753180
60.760908
60.755369
60.742544
60.827860
60.752491
60.749643
60.763250
60.707424
60.738644
60.759584
59.748450
59.620190
60.438781
60.745143
60.698920
60.709746
60.774608
60.772642
60.729480
60.759633
60.778149
60.785317
60.811863
60.831430
60.693950
60.764591
60.742216
60.766879
60.760332
60.809478
60.726985
60.701837
60.811254
60.793229
60.779139
60.786299
60.751690
60.740737
60.726232
60.691815
60.734394
60.748037
60.771357
60.764514
60.786502
60.796119
60.710550
60.773709
60.768080
60.792678
60.731634
60.747477
60.765447
60.749620
60.822913
60.777074
60.775798
60.781554
60.766197
60.817841
60.789396
60.817164
60.747031
60.786306
60.808582
60.715801
60.801023
60.792951
60.795717
60.738066
60.794849
60.861441
60.836828
60.747148
60.754046
60.796846
60.709030
60.706664
60.757546
60.723658
60.795119
60.781516
60.724932
60.752525
60.750012
60.761008
60.724632
60.709396
60.795990
60.789887
60.814240
60.738453
60.749302
60.691621
60.705635
60.743408
60.742536
60.758721
60.718836
60.844338
60.745508
60.774140
60.723098
60.713720
60.727607
60.711084
60.711625
60.797533
60.712898
60.797363
60.762590
60.795583
60.770407
60.752544
60.798330
60.795981
60.763229
60.767461
60.707226
60.733646
60.751476
60.773568
60.720347
60.721937
60.732025
60.774715
60.761685
60.820057
60.713337
60.711351
60.759686
60.785885
60.769187
60.801611
60.814958
60.818772
60.852340
60.716510
60.783467
60.791339
60.833806
60.784253
60.784003
60.823776
60.812806
60.796524
60.456304
60.331985
60.482415
60.464609
60.491701
60.716464
60.868514
60.546408
60.043456
59.952430
60.118181
60.469935
60.338101
60.332078
60.618739
60.673753
60.726077
60.697532
60.701685
60.673684
60.800004
60.804289
60.528765
60.694080
60.724616
60.660375
60.745118
60.769221
60.750378
60.728811
60.648380
60.683274
60.780554
60.787353
60.706454
60.762985
60.724460
60.839412
60.821551
60.775608
60.799687
60.819219
60.789562
60.705269
60.737821
60.801850
60.768076
60.800835
60.794424
60.801199
60.817118
60.812292
60.781787
60.723859
60.735995
60.716685
60.776260
60.823516
60.758570
60.763241
60.751054
60.775561
60.735641
60.731672
60.801908
60.840711
60.764091
60.757565
60.776886
60.754294
60.756330
60.761361
60.788402
60.791358
60.715066
60.878321
60.773522
60.795666
60.760122
60.767148
60.768123
60.810870
60.980672
60.951750
60.932284
60.991391
60.900630
60.963175
60.927837
60.138813
59.666343
59.404525
59.579960
59.480362
59.484803
59.688196
59.467701
59.502734
59.739475
59.396653
59.373001
59.302007
59.403929
59.474724
59.286454
59.246735
59.885686
60.761726
60.739951
60.814711
60.817639
60.745891
60.805041
60.836725
60.725250
60.589320
60.563634
60.834492
60.888899
60.674461
60.526321
60.805536
60.773250
60.792953
60.853510
60.712261
60.839406
60.732008
60.736438
60.767344
60.721517
60.723522
60.724917
60.725706
60.746071
60.761783
60.764589
60.800254
60.776049
60.789038
60.797000
60.749336
60.768614
60.695194
60.719035
60.736729
60.771741
60.791975
60.769616
60.807980
60.750378
60.834588
60.793254
60.716436
60.781655
60.761612
60.758906
60.786878
60.836001
60.800858
60.763449
60.788013
60.798218
60.736051
60.735008
60.709592
60.726533
60.801021
60.781369
60.751385
60.753064
60.733532
60.716413
60.759298
60.704505
60.737216
60.709567
60.725313
61.238069
60.824904
60.805761
60.778701
60.777829
60.812451
60.789874
60.798833
60.772273
60.724571
60.774070
60.712149
60.753669
60.796679
60.790293
60.803027
60.799521
61.007914
60.912746
61.050537
60.942006
60.941510
60.931000
60.954362
60.919113
60.919831
60.932174
60.928914
60.922925
60.973657
60.900379
60.985396
60.915232
60.989423
60.886475
60.953561
60.934168
60.940223
60.976109
60.956014
60.927053
60.961969
60.909647
60.949201
60.926243
60.991328
60.948875
60.944532
61.173411
60.933229
60.897570
60.966147
60.964172
60.955014
60.910301
60.962318
60.911093
60.943557
60.895968
60.940174
60.952031
60.972297
60.959226
60.868000
60.967980
60.983828
60.953083
60.975438
60.945400
60.965003
60.978102
60.950330
60.914900
60.910021
60.989164
60.921674
60.866251
60.734107
60.745744
60.789397
60.736281
60.753213
60.747716
60.849566
61.064282
60.827556
60.846330
60.767889
60.800977
60.799302
60.840062
60.790789
60.724978
60.769194
60.813091
60.834096
60.779576
60.779264
60.838302
60.777786
60.842802
60.733813
60.799495
60.781905
60.797951
60.857708
60.769044
60.852915
60.745481
60.712746
60.735554
60.703061
60.726208
60.732302
60.755804
60.739392
60.772241
60.746665
60.795916
60.767146
60.770002
60.736468
60.779497
60.720317
60.815780
60.772970
60.826837
60.826020
60.716165
60.731241
60.711734
60.845903
60.800503
60.814045
60.786890
60.811115
60.799826
60.854632
60.752830
60.811760
60.715727
60.816437
60.763101
60.785201
60.880739
60.840222
60.797452
60.794079
60.884835
60.882058
60.833597
60.810733
60.849954
60.754011
60.758820
60.803527
60.797560
60.801601
60.798041
60.762637
60.785795
60.770718
60.816705
60.771940
60.807471
60.794882
60.785665
60.827701
60.734733
60.754108
60.790853
60.717888
60.744394
60.752566
60.833171
60.806287
60.723934
60.757681
60.754460
60.805978
60.737699
60.711204
60.744434
60.871033
60.740086
60.691248
60.740943
60.734742
60.736130
60.741883
60.721594
60.738000
60.779814
60.794325
60.751584
60.733046
60.762458
60.755043
60.777703
60.769620
60.700126
60.807773
60.737486
60.782900
60.724677
60.767667
60.810765
60.733708
60.790600
60.775869
60.774782
60.774708
60.788297
60.794546
60.833243
60.813751
60.768522
60.771138
60.831659
60.767777
60.804941
60.719034
60.782588
60.792506
60.801617
60.823752
60.749543
60.787170
60.769854
60.791439
60.808768
60.739933
60.761426
60.880217
60.817058
60.786724
60.726389
61.071403
61.349328
63.327688
60.734317
60.820332
60.814874
60.856507
60.798146
60.758986
60.752985
60.737825
61.008177
60.831709
60.724820
60.787322
60.754680
60.786426
60.765889
60.764222
60.798708
60.706683
60.788563
60.775778
60.743331
60.789656
60.705285
60.821047
60.785167
60.776142
60.890943
60.863851
60.302776
60.166155
60.364319
60.469569
60.639479
60.528235
60.530850
60.766407
60.468384
60.737373
60.736189
60.714771
60.570579
60.700598
60.790870
60.795260
60.778403
60.787846
60.774965
60.769670
60.755864
60.888046
60.787381
60.706261
60.807123
60.720152
60.744860
60.718183
60.727501
60.756448
60.751729
60.840295
60.808159
60.799132
60.807410
60.707705
60.769686
60.713091
60.755292
60.741882
60.785586
60.909529
60.766793
60.785057
60.752459
60.799259
60.885546
60.721590
60.786541
60.722217
60.733740
60.736127
60.743939
60.865871
60.705577
60.790307
60.817717
60.805550
60.794291
60.741170
60.763315
60.730682
60.748741
60.697095
60.794174
60.773115
60.774759
60.824353
60.778778
60.782928
60.742487
60.747953
60.813370
60.798705
60.784162
60.759757
60.847847
60.829859
60.770605
60.788303
60.721738
60.769411
60.709030
60.795588
60.846947
60.738854
60.746421
60.705749
60.768917
60.738775
60.730315
60.761248
60.743150
60.759393
60.745044
60.747453
60.754328
60.810255
60.752894
60.702494
60.783169
60.767181
60.808092
60.729306
60.731252
60.784833
60.770541
60.802141
60.709742
60.714526
60.846718
60.726315
60.817140
60.823890
60.791936
60.799649
60.748110
60.798661
60.749099
60.761225
60.719117
60.727448
60.791892
60.742800
60.785462
60.719506
60.712975
60.718875
60.795091
60.775306
60.761178
60.756685
60.752536
60.723604
60.751127
60.760745
60.729273
60.757755
60.787778
60.836925
60.762843
60.799625
60.776919
60.751878
60.793158
60.802437
60.781332
60.772008
60.790918
60.712821
60.815451
60.792400
60.862842
60.807136
60.721851
60.733498
60.717714
60.721291
60.737560
60.792772
60.793598
60.774637
60.799490
60.828953
60.746673
60.824061
60.748963
60.762835
60.792858
60.761284
60.726247
60.717523
60.723603
60.704189
60.763111
60.735313
60.718497
60.766606
60.825575
60.905672
60.932254
60.927393
60.932852
60.906791
60.897561
60.909963
61.118804
61.015243
60.942715
61.657333
60.969962
60.970623
60.904133
60.896560
60.950484
60.985831
60.970280
61.070720
61.096723
60.994255
60.837919
60.613956
60.081999
60.549531
60.721707
60.860355
60.998112
61.023176
60.879012
60.889939
61.038211
60.883814
60.912747
60.908144
61.086272
61.015991
60.941484
60.991949
60.914120
60.797988
60.208268
60.036223
60.115054
60.080213
60.493432
60.983637
60.951251
60.923765
60.933665
60.907105
60.954429
60.862682
60.911400
60.914329
60.966094
60.968842
60.900477
60.932146
60.887290
60.934215
60.923060
60.908311
61.083957
60.921071
60.904190
61.023113
60.879192
60.849536
60.858176
61.317440
61.296375
60.919295
60.913874
60.914016
60.907535
60.909041
60.874113
61.000497
60.923979
60.941330
60.898974
60.920008
60.860087
60.915073
60.924786
60.903147
60.933568
60.911682
60.962577
60.866535
60.925133
60.943794
61.006836
60.950244
60.911180
60.916194
60.926886
60.929025
60.944586
60.915561
60.900478
60.975193
60.821442
60.900604
60.954072
61.040663
60.924837
60.951126
60.976162
60.923832
60.910052
60.916072
60.754833
60.733046
60.810232
60.919094
60.930450
60.913288
60.916249
60.908278
60.907264
60.943922
61.014284
60.928688
60.912520
60.998008
60.935653
60.965494
60.938368
60.914060
60.931781
60.884230
60.938761
60.923192
60.970610
60.898160
60.863756
60.935217
60.916155
60.885946
60.933546
60.874925
60.890572
60.912363
60.872201
60.876372
60.865057
60.972643
60.983683
61.132716
60.960210
60.964377
60.884416
60.889606
60.962970
60.912747
60.955264
60.972438
60.929858
60.941695
60.947152
60.934211
60.927588
60.930620
60.896336
60.930276
60.890840
60.905315
60.972303
60.308207
61.419689
60.934621
60.908589
60.911020
60.931237
60.886800
60.917986
60.899590
60.939324
60.942801
60.903888
60.909353
60.895456
61.294217
61.172594
60.488164
61.190232
60.643880
61.447145
60.982173
60.974105
60.920852
60.898207
60.923843
60.927019
60.957472
60.928055
60.899462
60.952169
60.879048
60.902115
60.895782
60.901001
61.007452
61.094892
60.831341
60.402301
60.583649
60.503611
60.469167
60.554270
60.384313
60.520194
60.706352
60.975771
60.906107
60.929086
61.080390
60.993729
60.919433
60.919165
60.905058
60.889063
60.886393
60.926412
60.895026
60.874679
60.930091
60.969284
60.933045
60.930832
60.969497
60.957389
60.930019
60.937710
60.912681
61.280941
60.912165
60.929917
60.851721
60.916370
60.985393
60.939179
60.977856
60.944160
60.943031
60.937086
60.938346
60.983925
60.966069
60.969389
60.922662
60.941952
60.977215
60.973973
60.893328
60.975279
60.906589
60.935133
60.881594
60.912577
60.933726
60.907693
60.929055
60.907774
60.930539
60.962086
60.873088
60.395549
60.605350
60.548851
60.650834
60.791381
60.560619
60.809301
60.918725
60.902130
60.878785
60.914046
60.872973
60.910889
60.883573
60.906154
60.926274
60.915170
61.047578
60.973037
60.976784
60.925577
60.918818
60.744060
60.723671
60.733307
60.751590
60.697339
60.694475
60.706420
60.437095
60.397564
60.664905
60.629545
60.710325
60.394136
60.596420
60.471667
60.297756
60.190187
60.265691
60.218801
60.230854
60.290600
60.501069
60.895316
60.975183
60.941200
60.894014
60.941091
60.886270
60.896524
60.907001
60.895054
60.893691
60.989165
61.290563
60.920928
60.915480
60.986950
60.991476
60.967709
60.996301
61.106133
60.958635
60.922433
60.941524
60.943751
60.876511
60.920608
60.921456
60.899186
60.864507
60.845248
60.867808
60.891098
60.919837
60.894180
60.938675
60.945398
60.951389
60.442884
60.785807
60.938918
60.889947
60.949051
60.929788
60.949712
60.950670
60.926289
60.909410
60.895807
60.896558
60.969616
60.886530
60.906332
61.171573
60.911152
60.880378
60.963330
60.918912
60.908247
60.941031
60.898338
60.852580
60.884460
60.881760
60.944074
60.926029
60.946588
60.964790
60.892314
60.913584
60.966120
60.969652
60.927724
60.947253
60.930474
60.952877
60.908943
60.898697
60.903936
60.916703
60.869164
60.869526
60.939062
60.901778
60.661781
60.380652
60.419267
60.550860
60.351778
60.681302
60.606216
60.614600
60.429525
60.788328
60.632546
60.536154
61.192046
61.070760
61.257454
61.152787
60.923169
60.861127
61.232205
61.103765
61.070733
60.946826
61.043321
61.077388
60.949762
61.008450
60.931801
61.064657
60.968589
60.892646
61.075742
60.960112
60.934199
60.948626
60.977808
60.911770
60.864320
61.587460
61.364632
61.400741
61.348796
61.396779
61.400412
61.411873
61.392934
61.361909
61.412834
61.426950
61.385171
61.413524
61.383402
61.396616
60.914331
60.947851
60.933758
60.944645
60.941409
60.932186
61.508374
60.971846
60.928272
60.963302
60.902139
60.928394
60.884311
60.946672
60.935388
60.937271
60.954500
60.969009
60.925477
60.935893
60.924697
60.941240
60.893655
60.959056
60.899964
60.907777
60.896977
60.901687
60.907366
60.946884
60.906820
60.949498
60.918159
60.924345
60.944040
60.927616
61.014738
60.890538
61.032645
60.897974
61.025258
60.876396
60.932934
60.895242
60.912144
60.901543
60.931656
60.950699
60.918527
60.865009
60.974074
60.894762
60.914153
60.937078
60.840828
60.946139
60.873774
60.945552
60.864363
60.980222
60.931796
60.900124
60.702986
60.918454
61.029984
60.806933
60.932517
60.886290
60.913372
60.907871
60.869618
60.858952
60.839192
60.985409
60.879269
60.854758
60.885014
60.876212
60.907874
60.861171
60.815754
60.887014
60.973059
60.823253
60.873039
60.899266
60.925474
60.948768
61.362606
60.889551
60.961570
60.957449
60.931932
60.921684
60.941655
60.935466
60.936752
60.964110
60.923011
60.918408
60.880643
60.893157
60.935889
60.937797
60.636834
60.870679
60.736037
60.646807
60.559899
60.244885
60.318798
60.687923
60.550167
60.436213
60.412811
60.822571
60.930014
60.935970
60.878809
60.927878
61.003917
61.441072
60.918237
60.934835
60.939723
60.919077
60.906125
60.937324
60.907468
60.932688
60.875308
60.960496
60.893445
60.878054
60.858096
60.810818
60.931051
60.858019
60.875087
60.849914
60.909768
60.847665
60.920382
60.944451
60.954761
60.903811
60.920062
60.883693
60.922097
60.897671
60.966313
60.937440
60.943033
60.928341
60.939109
60.898644
60.950663
60.903085
60.940342
60.955212
60.901357
60.937714
61.896999
61.410535
60.952258
60.898804
60.926139
60.900945
60.852881
60.908235
60.898750
60.914220
60.837787
60.936503
60.921799
61.251992
60.979532
60.911046
60.909351
60.890713
60.900324
61.371238
60.905775
60.803845
60.932288
60.977981
60.859735
60.932418
60.910434
60.921437
60.857421
60.903978
60.944061
60.956382
60.968540
60.934510
60.950344
60.933113
60.891211
60.922008
60.950884
60.884240
60.953360
60.963858
60.895051
60.938790
60.910800
60.865414
60.894037
60.923794
60.902525
60.905404
60.887256
60.881705
60.928630
60.832731
60.897709
60.860547
60.898442
60.863184
60.876448
60.924752
60.931860
60.963461
60.882046
60.866948
60.877033
60.898461
60.935396
60.911822
60.875538
60.906731
60.953221
60.912175
60.983809
60.913965
60.878823
61.113611
60.973794
61.012043
60.965269
60.940758
60.976299
61.039238
60.882820
60.865407
60.896710
60.923925
60.880223
60.950010
60.986165
60.954267
60.910601
60.960313
60.898068
60.894072
60.886848
60.883803
60.883016
60.895304
60.885652
60.956093
60.913339
60.883976
60.958858
60.920103
60.899138
60.845506
60.828865
60.828861
60.899328
60.906676
60.921035
60.872627
60.886922
60.876370
60.913212
60.971230
60.916552
60.910053
60.898765
60.931245
60.934222
60.921222
60.920545
60.910576
60.863096
60.925848
60.915501
60.927211
60.907209
60.875133
60.870994
60.883368
60.925135
60.856292
60.863176
60.945031
60.892965
60.900229
60.886017
60.899590
60.927155
60.922336
60.895992
60.914187
60.960174
60.984711
60.985431
60.864761
60.944072
60.907112
60.945052
60.893912
60.944380
61.219895
60.940649
60.876616
60.872300
60.905194
60.914726
60.890857
60.893026
60.897786
60.918709
60.920532
60.904660
60.927333
60.925973
60.960001
60.893321
60.928857
61.078529
60.827900
60.963870
60.784613
60.621968
60.894379
60.872669
60.905709
62.342319
60.903470
60.935684
60.914500
60.917009
60.926522
60.922324
60.906963
60.890623
61.017505
61.018107
61.026659
60.795343
60.497223
59.687322
59.943903
59.935331
60.015049
60.053308
60.087454
60.157581
60.076872
60.566420
60.229716
60.232919
59.884050
60.019848
60.762713
60.795486
60.838853
60.785573
60.798951
60.808263
60.807823
60.822430
60.510171
60.260722
59.999456
60.129410
60.265104
60.428477
60.547559
60.660824
60.658775
60.728374
60.853902
60.792045
60.848478
59.929457
59.778773
60.099781
59.854726
60.112517
60.104150
60.107043
60.134938
60.030433
60.213337
60.876502
60.827764
60.815171
60.781697
60.811568
60.796048
60.780925
60.893373
60.744938
60.309569
60.245493
60.639629
60.695883
60.571305
60.802300
60.631893
60.849033
60.669973
60.747596
60.814127
60.800040
60.805125
60.809506
60.813519
60.797536
60.741555
60.778029
60.923521
60.780654
60.802051
60.802371
60.813208
60.811089
60.826942
60.787472
61.458156
60.803017
60.807656
60.830624
60.760152
60.832045
60.820120
60.818694
60.836836
60.769602
60.806684
60.939822
60.788739
60.798328
60.817689
60.801284
60.820964
60.809905
60.756705
60.751540
60.745642
60.744230
60.769535
60.832099
60.775966
60.784183
60.807350
60.812019
60.780698
60.840822
60.794705
61.427691
60.813399
60.814057
60.831242
60.900154
60.812353
60.798472
60.784637
61.220594
60.285437
60.536110
60.428870
60.218533
60.273589
60.435576
60.612561
60.502155
60.530893
60.649455
60.612804
60.857879
60.765267
60.433888
60.569284
60.826779
60.966842
61.093598
60.934918
60.617565
60.817835
61.170253
60.834173
60.830614
61.022924
60.535314
60.462581
60.445354
60.217967
60.454689
60.387357
60.480346
60.544134
60.427661
60.598956
60.247700
60.304527
60.506210
59.930491
60.208592
60.223795
60.223566
60.401632
60.167255
60.085952
60.197162
60.404300
60.240865
60.490377
61.514009
59.505258
59.913348
59.839456
59.900827
59.615143
60.988201
61.002085
60.820260
60.813607
60.805453
60.823486
60.771008
60.748480
60.759304
60.811176
60.763394
60.457979
60.770910
60.449682
60.589955
60.479750
60.306873
60.531689
60.633751
60.328427
60.510906
60.364763
60.830720
60.731361
60.725242
60.566791
60.548240
60.840283
60.792986
60.730724
60.443067
60.185356
60.473121
60.737164
60.660276
60.653402
60.633206
60.776941
60.780712
60.669397
60.682477
60.787386
60.839982
60.776548
60.824060
60.834365
60.941614
61.059694
60.885429
61.006401
60.954331
60.874406
60.780571
60.956358
60.789194
60.761062
60.872165
60.996050
60.892204
60.822603
60.771899
60.799887
60.792898
60.762450
60.775217
60.755449
60.760352
60.745995
60.752184
60.890833
60.932169
60.889183
60.793793
60.845358
61.008254
60.926492
60.745115
60.753307
60.759915
60.836142
60.868271
60.740692
60.757616
60.757125
60.844742
60.853517
60.910371
60.837612
60.828627
60.767479
60.786265
60.834569
61.105608
60.840418
60.796764
60.791434
60.799293
60.802965
60.821992
60.805235
60.799337
60.800683
60.840872
60.820818
61.075548
60.769463
60.822117
60.817879
60.803656
60.790086
60.812126
60.841868
60.808629
60.787621
60.933038
60.838707
60.825936
60.769394
60.752481
60.750248
60.884501
60.762394
60.783122
60.828848
60.990476
60.881766
60.830732
60.761339
60.758220
60.852078
60.788622
60.821669
60.819439
60.867398
60.804114
60.805302
60.782365
60.840487
60.869157
60.855240
60.786566
60.788685
60.847521
60.750520
60.802710
60.953765
60.812505
60.829574
60.792846
60.782493
60.808405
60.926596
60.776437
60.743176
60.767766
60.788195
60.852510
60.783012
60.888893
60.867864
60.812990
61.117739
61.038382
60.761537
60.662511
60.968582
60.788821
60.803531
60.865529
60.788899
60.699200
60.846994
60.622794
60.766377
60.857842
60.796327
60.949085
60.849754
60.798746
60.929534
60.804184
60.890321
61.053299
60.669422
60.818844
60.871073
60.836010
60.826194
60.847375
60.836835
60.807351
60.811955
60.773327
60.721405
60.980621
60.817305
60.767196
60.779115
60.787859
60.894771
60.920896
60.995152
61.066349
60.833101
60.834255
60.829978
60.748658
60.776063
60.742002
60.839175
60.811009
60.963462
60.820845
60.821624
60.791208
60.821236
60.791603
60.808322
60.806919
60.969413
60.994510
60.798083
60.774484
60.824947
60.834535
60.834919
60.827025
60.818520
60.829218
60.785519
60.750838
60.794793
60.850017
60.813870
60.760360
60.912849
60.869388
60.860350
60.931977
60.854577
60.935227
60.832505
60.874716
60.790959
60.822456
60.791004
60.868685
60.992651
60.938049
60.817538
60.839208
60.826943
60.852939
60.884774
60.790015
60.830322
60.764294
60.815974
60.791417
60.856025
60.771173
60.752262
60.831802
60.833444
61.181819
60.821368
60.838980
60.827372
60.834734
60.778397
60.756118
60.816097
60.791274
61.128529
60.854124
60.831413
60.801339
60.824248
60.812263
60.798004
60.810438
60.859161
60.781238
60.842781
60.808274
60.814126
60.791969
60.834492
60.860532
60.833379
60.874577
60.816228
60.814730
60.875113
60.798604
60.822705
60.796629
60.806437
60.862485
60.764217
60.812484
60.787943
60.813887
60.797923
60.760567
60.746507
60.756751
60.757788
60.739741
60.745471
60.860368
60.780666
60.799710
60.795917
60.820528
60.825323
60.785526
60.862053
60.920900
60.770915
60.755357
60.847167
60.831932
60.801175
60.816042
60.806757
60.814782
60.823714
60.810028
60.790481
60.945150
60.839727
60.859484
60.832163
60.840057
60.806446
60.941513
60.798415
60.774192
60.847641
60.894562
60.865600
60.875451
60.834766
60.812741
60.787808
60.803145
60.797485
60.805958
60.796951
60.863861
60.840394
60.819905
60.778911
60.797990
60.804825
60.779970
60.797301
60.811407
60.821652
60.818952
60.783668
60.822525
60.795123
60.831477
60.798431
60.835627
60.826841
60.838834
60.838583
60.817003
60.761109
60.850461
60.803758
60.751817
60.782448
60.740172
60.824511
60.817793
60.804870
60.783928
60.754371
60.742241
60.758268
60.753223
60.838824
60.793333
60.796342
60.862046
60.814421
60.798371
60.789117
60.818226
60.834150
60.801721
60.785838
60.744332
60.814442
60.814097
60.836837
60.782999
60.744263
60.741186
60.852805
60.789678
60.824586
60.832626
60.811735
60.772117
60.772458
60.739232
60.742256
60.751272
60.732417
60.785205
60.817703
60.808337
61.099544
60.769644
60.822604
60.850466
60.805172
60.799437
60.768866
60.794422
60.813019
60.900813
60.950334
61.004065
60.886675
60.741813
60.747536
60.734543
60.774790
60.819265
60.807403
60.774715
60.790752
60.787228
60.781760
60.849921
60.777553
60.803216
60.841722
60.766178
60.732460
60.760869
60.771180
60.806930
60.742905
60.756753
60.750789
60.741619
60.787985
60.797979
60.796492
60.791232
60.793557
60.832014
60.799179
60.804386
60.926150
60.977778
60.896773
60.879092
60.824105
60.806531
60.835102
60.838758
60.906811
60.866569
60.803448
60.795236
60.808827
60.898037
60.936971
61.022718
60.973596
60.978128
60.763131
60.758020
60.742205
60.730176
60.829482
60.799007
60.802493
60.835905
60.856556
60.630127
60.814812
60.916382
60.050218
60.006820
60.045938
59.911059
59.978586
60.198445
59.824724
59.922960
60.204419
60.621235
60.905186
61.919739
62.290594
61.618139
60.749664
60.939481
60.912740
60.984503
60.942386
60.960845
60.947508
60.953199
61.000038
60.962330
60.980263
60.986169
60.932952
60.921115
60.949320
60.946896
60.972194
60.994694
60.970337
60.951680
60.945534
60.966035
60.921063
60.993542
60.960114
61.013198
60.958904
60.987460
60.984276
60.954758
60.946282
60.975628
60.935799
61.011754
60.894455
60.934332
60.950485
60.975709
61.016876
60.970811
60.937475
60.921773
60.922562
60.896807
60.860801
60.797850
60.803469
60.759027
60.804366
60.759542
60.762631
60.784568
60.766681
60.801183
60.770719
60.729983
60.701000
60.414559
60.788706
60.810611
60.845839
60.740502
60.754666
61.033091
60.751946
61.179964
60.802334
60.802035
60.744712
60.776210
60.842168
60.760873
60.885508
60.782318
60.768825
60.800155
60.796954
60.777502
60.802836
60.760500
60.768269
60.818439
60.817210
60.803525
60.795084
60.814310
60.836028
60.806512
60.852456
60.816969
60.832245
60.781372
60.803202
60.805447
60.843856
60.846229
60.765220
60.783758
60.768854
60.727750
60.792528
60.774405
60.767989
60.746352
60.827878
60.776124
60.746710
60.786156
60.755204
60.774429
60.789654
60.752703
60.759721
