50
16.884021
16.721295
16.683159
16.660325
16.618513
16.676646
16.628186
16.722772
16.714018
16.669462
16.715322
16.717197
16.686973
16.798707
16.599063
16.682207
16.592944
16.630624
16.707752
16.766936
16.676762
16.651325
16.620611
16.713230
16.714980
16.716024
16.798670
16.624337
16.631045
16.660544
16.671390
16.679788
16.757754
16.668326
16.667035
16.680554
16.634739
16.681595
16.762289
16.729119
16.664754
16.584566
16.710694
16.672116
16.671653
16.669625
16.670902
16.658607
16.670055
16.819585
16.765569
16.766225
16.791908
16.617827
16.692499
16.692969
16.652316
16.732531
16.623057
16.614077
16.734241
16.710502
16.648569
16.751211
16.760697
16.609996
16.737193
16.700127
16.696906
16.594699
16.748385
16.656368
16.686088
16.688568
16.606344
16.703095
16.731746
16.688614
16.627241
16.686338
16.682685
16.614768
17.057675
16.778514
16.684653
16.624569
16.685625
16.652837
16.710548
16.699789
16.583912
16.683970
16.589075
16.593923
16.662301
16.698977
16.589852
16.579146
16.625449
16.725755
16.617518
16.683114
16.590233
16.586804
16.586584
16.581474
16.598273
16.714778
16.579178
16.591038
16.589811
16.589771
16.616427
16.662107
16.780373
16.576358
16.582936
16.597549
16.594844
16.687335
16.743293
16.615188
16.587462
16.580180
16.594828
16.595179
16.716870
16.640702
16.595355
16.594151
16.581405
16.596146
16.720123
16.675860
16.625552
16.713930
16.587807
16.576985
16.660281
16.619091
16.580640
16.626093
16.582010
16.573085
16.617232
16.725489
16.580488
16.575260
16.579721
16.580714
16.565503
16.690931
16.659307
16.582942
16.575103
16.660173
16.629540
16.676917
16.697718
16.608495
16.610649
16.567871
16.585264
16.652674
16.656417
16.572654
16.581549
16.561060
16.566308
16.706537
16.703059
16.574661
16.591522
16.574464
16.581462
16.582437
16.686586
16.636551
16.576453
16.582275
16.574720
16.567724
16.613459
16.721005
16.569271
16.587165
16.580767
16.577117
16.614212
16.696224
16.576805
16.583388
16.586489
16.575116
16.575655
16.694044
16.615038
16.580414
16.562466
16.580624
16.586907
16.711333
16.576520
16.579149
16.566355
16.586336
16.619641
16.658110
16.651674
16.573191
16.569122
16.590494
16.593025
16.611766
16.694950
16.628445
16.657131
16.577542
16.590946
16.663585
16.671741
16.664679
16.586720
16.575564
16.570393
16.593046
16.659990
16.617340
16.579306
16.571612
16.572383
16.633999
16.791999
16.689646
16.694580
16.601568
16.577259
16.628179
16.576239
16.745324
16.588319
16.575228
16.564659
16.589888
16.583064
16.696259
16.734209
16.595583
16.576746
16.575500
16.581339
16.617132
16.680573
16.578281
16.572367
16.577960
16.581850
16.627158
16.661121
16.692555
16.703562
16.696956
16.611891
16.572144
17.450719
16.939954
16.788752
16.890627
16.692145
16.654623
17.223788
16.984700
16.879327
16.739803
16.703494
16.739293
16.709983
16.822641
16.781619
16.767828
16.650867
16.732324
16.690104
16.749790
16.846997
16.729825
16.700059
16.706876
16.802867
16.780523
16.771462
16.771343
16.916723
16.694524
16.697569
16.736100
16.789174
16.745275
16.783944
16.731738
16.706793
16.647533
16.801853
16.659462
16.744507
16.680470
16.704716
16.735506
16.727855
16.768946
16.628523
16.643726
16.702694
16.659564
16.749137
16.779228
16.777790
16.735821
16.669563
16.734730
17.060873
16.693284
16.650727
16.651284
16.642017
16.728810
16.702917
16.716142
16.732944
16.658383
16.704013
16.736259
16.742341
16.660151
16.678312
16.652641
16.726362
16.761174
16.716486
16.845982
16.737258
16.740168
16.752297
16.756469
16.747969
16.763621
16.739052
16.697212
16.828526
16.704631
16.739072
16.735889
16.668830
16.664104
16.736529
16.649183
16.673513
16.687678
16.703988
16.745699
16.700443
16.692705
16.686916
16.703389
16.836155
16.683005
16.686809
16.696929
16.727718
16.723193
16.821857
16.689332
16.724696
16.652638
16.730989
16.692231
16.696862
16.687336
16.676381
16.701899
16.710000
16.705868
16.831331
16.737768
16.754811
16.796663
16.729548
16.734960
16.747097
16.740717
16.741269
16.808056
16.757417
16.738302
16.655706
17.010107
16.734560
16.656053
16.735606
16.696406
16.693228
16.696181
16.652668
16.741182
16.651211
16.736627
16.666307
16.730712
16.827082
16.834110
16.680835
16.656566
16.645657
16.686556
16.658259
16.662871
16.643765
16.677128
16.650137
16.641563
16.785826
16.667761
16.655448
16.679303
16.639615
16.710198
16.835843
16.717059
16.640933
16.703444
16.697442
16.645872
16.779464
16.744854
16.961178
17.001194
16.895077
16.971168
16.863385
17.174499
16.915986
17.171015
16.970054
17.042294
17.121444
17.115382
17.027427
16.991634
16.994411
16.826110
16.937683
17.095486
17.079654
16.943472
16.944892
16.950623
17.025054
17.095780
17.108168
17.005312
17.024814
17.046902
16.954490
17.073370
17.187926
17.091668
16.801269
16.995551
16.912057
16.908450
17.156817
17.118883
16.987825
17.039059
16.993275
17.078473
17.078884
17.012209
17.064023
17.035486
16.956802
17.085475
17.081060
16.939990
17.000148
17.097802
16.991427
16.983012
17.083011
17.139824
17.082657
17.072312
17.077392
17.018023
17.060483
17.149973
17.035859
17.079878
16.996068
17.164842
17.118139
17.116612
16.909443
17.013476
17.075225
16.997979
17.209493
16.898644
17.117619
16.986243
17.069996
17.025346
17.041953
17.295655
17.015206
16.910515
17.063072
17.083028
17.087884
17.022615
16.865775
16.921786
16.950456
16.869795
16.788139
17.023030
16.978934
16.760966
16.816145
16.917986
16.832333
16.981102
16.856126
16.922428
16.803689
16.975352
16.871766
16.818209
16.981038
16.845159
16.855707
17.011665
16.959602
16.938396
17.015721
16.664437
16.773622
16.845296
16.659415
16.871093
17.140330
17.094314
16.876299
16.892599
17.011499
16.971266
16.843503
17.071181
16.902588
16.887839
16.936766
16.803003
16.852559
17.105967
17.020378
16.881908
16.837475
16.991401
16.948697
16.920278
16.819004
16.808962
16.781616
16.882097
16.964481
17.037900
16.982763
17.033407
16.917591
16.944243
17.013167
16.899810
16.728034
16.820093
16.823583
16.829638
16.751343
16.811359
16.780502
17.038264
16.825905
16.738067
16.916390
16.950681
16.959956
16.889236
16.818692
16.849482
16.972218
17.040891
17.014902
16.872494
16.920800
16.857897
16.883848
16.992705
16.949750
16.922427
16.838998
16.739215
16.950856
16.922000
16.648439
16.826500
16.784026
16.976350
16.782916
16.792434
16.897140
16.770814
16.818393
16.642312
16.729970
17.159444
16.717067
16.767967
16.562863
16.573530
16.566027
16.564439
16.682661
16.638513
16.618439
16.571896
16.566145
16.570990
17.106367
16.737866
16.639403
16.560582
16.570084
16.573611
16.649518
16.608611
16.573766
16.569134
16.652280
16.577151
16.689228
16.644339
16.568327
16.577938
16.576667
16.569024
16.568389
16.717735
16.526316
16.529461
16.529930
16.578253
16.563244
16.700729
16.644401
16.562675
16.605860
16.577124
16.583608
16.607849
16.646283
16.611990
16.576614
16.568920
16.573072
16.561387
16.621338
16.562468
16.563817
16.614077
16.584692
16.573883
16.652596
16.687088
16.575751
16.560458
16.573459
16.571444
16.643284
16.599539
16.570183
16.556021
16.562159
16.567229
16.554226
16.606584
16.604567
16.643080
16.692021
16.556716
16.579117
16.675706
16.563531
16.566379
16.559754
16.566405
16.562822
16.690722
16.636041
16.565826
16.578226
16.565751
16.612796
16.694503
16.685070
16.574065
16.565816
16.563191
16.563538
16.572822
16.653931
16.570217
16.571243
16.562820
16.580021
16.572201
16.652691
16.692180
16.570689
16.562521
16.575902
16.560587
16.601000
16.683460
16.568356
16.564166
16.551045
16.604410
16.598045
16.617813
16.569812
16.577553
16.564172
16.572433
16.561050
16.738225
16.612568
16.649994
16.694006
16.525600
16.523901
16.623287
16.633754
16.578610
16.565040
16.566452
16.572558
16.666617
16.695328
16.574376
16.619412
16.566011
16.567734
16.569480
16.651447
16.562915
16.559586
16.579246
16.558474
16.556575
16.716902
16.770241
16.572486
16.582391
16.573137
16.563624
16.653907
16.678491
16.561621
16.603880
16.656977
16.581602
16.561075
16.747323
16.689896
16.611241
16.575560
16.568239
16.565055
16.664174
16.578388
16.678803
16.570173
16.587084
16.570283
16.812894
16.696222
16.574293
16.561017
16.599255
17.702786
17.623464
17.631176
17.501106
17.225489
17.181446
17.230811
17.185450
17.193304
17.192854
17.192036
17.249502
17.256425
17.173417
17.167137
17.159749
17.174239
17.260874
17.249360
17.138792
17.162052
17.150920
17.155993
17.196863
17.196933
17.140233
17.161943
17.149499
17.143399
17.210071
17.237419
17.201549
17.203549
17.196524
17.380884
17.211443
17.212271
17.187041
17.204584
17.190276
17.187784
17.211668
17.320567
17.261967
17.218046
17.231783
17.193990
17.293466
17.206158
17.191003
17.170577
17.186139
17.192093
17.193037
17.193465
17.227606
17.179793
17.192199
17.191516
17.192632
17.199419
17.192615
17.194849
17.197433
17.175034
17.182452
17.211447
17.194900
17.201235
17.199046
17.218731
17.210539
17.214118
17.244091
17.193632
17.249029
17.211781
17.216427
17.211727
17.210280
17.212046
17.209442
17.208038
17.289838
17.232505
17.201714
17.219779
17.172362
17.177447
17.234819
17.237241
17.192487
17.206956
17.191067
17.185582
17.194278
17.178956
17.174443
17.175023
17.206993
17.185477
17.175458
17.188971
17.185426
17.174973
17.181657
17.187431
17.188301
17.233496
17.187932
17.176489
17.177443
17.188385
17.267412
17.176260
17.184714
17.201775
17.205185
17.189312
17.226504
17.178760
17.187322
17.181872
17.186924
17.171758
17.194031
17.234031
17.183830
17.187066
17.177931
17.180698
17.179087
17.181675
17.181648
17.186312
17.193562
17.199119
17.190918
17.176880
17.194604
17.174754
17.174655
17.186787
17.194896
17.175698
17.173552
17.188698
17.195598
17.179361
17.197110
17.544225
17.270009
17.195038
17.224729
17.186743
17.171387
17.184760
17.187245
17.184865
17.183590
17.180747
17.192739
17.194142
17.188328
17.191996
17.191117
17.236383
17.169795
17.170768
17.187837
17.196551
17.193560
17.236389
17.182432
17.190959
17.181633
17.196391
17.187717
17.186054
17.184601
17.175254
17.187653
17.180604
17.182068
17.168749
17.167765
17.182781
17.182550
17.178418
17.176461
17.198120
17.181240
17.201610
17.175452
17.178903
17.182773
17.180871
17.184011
17.172028
17.200412
17.194103
17.174865
17.175705
17.183935
17.175337
17.209524
17.208790
17.181061
17.167458
17.178740
17.189783
17.195048
17.200923
17.182567
17.189114
17.234056
17.200045
17.184616
17.175232
17.174619
17.210358
17.185325
17.170734
17.173249
17.186909
17.168698
17.178144
17.186783
17.214748
17.183552
18.070083
17.230494
17.173854
17.181625
17.167837
17.187442
17.190718
17.177000
17.181716
17.180265
17.186365
17.160496
17.169302
17.174461
17.190065
17.167677
17.202694
17.168925
17.254894
17.169252
17.230238
17.212451
17.179884
17.173343
17.285195
17.202275
17.176280
17.176286
17.162103
17.186879
17.207240
17.223897
17.180016
17.172370
17.179838
17.196887
17.296395
17.260890
17.182854
17.176056
17.164678
17.164232
17.229901
17.305206
17.159002
17.150258
17.162081
17.175636
17.196406
17.211354
17.159681
17.148689
17.149409
17.176396
17.176104
17.236964
17.185511
17.208975
17.165401
17.160347
17.167559
17.227867
17.242023
17.199005
17.171667
17.175648
17.162451
17.210193
17.182175
17.168552
17.184687
17.190400
17.182693
17.267188
17.171222
17.181850
17.159877
17.171173
17.155840
17.291048
17.219716
17.172448
17.172272
17.181106
17.181586
17.307791
17.166027
17.158966
17.171708
17.181107
17.178104
17.336817
17.226195
17.169798
17.172055
17.168342
17.173183
17.241047
17.254712
17.167169
17.182479
17.154608
17.213073
17.280976
17.221110
17.175622
17.178576
17.180655
17.187008
17.206616
17.234153
17.219984
17.140706
17.182501
17.164180
17.174366
17.181208
17.176913
17.162202
17.166320
17.177118
17.201731
17.179744
17.180747
17.165564
17.162680
18.305638
18.881757
18.830654
18.732454
18.737499
18.750324
18.766034
18.849229
18.802007
18.800011
18.815419
18.818475
18.788178
18.807381
18.776290
18.745249
18.766677
18.803228
18.844366
18.795515
18.763110
19.161077
19.395021
19.332241
19.252555
18.872924
17.395311
17.174291
17.170138
17.208436
17.341898
17.291993
17.260817
17.223122
17.170548
17.234788
17.205419
17.180879
17.187986
17.161711
17.175573
17.167464
17.165245
17.169995
17.170776
17.187581
17.163047
17.194822
17.311679
17.181490
17.145976
17.182385
20.285732
17.721969
17.174019
17.191154
17.161936
17.303634
17.166043
17.212801
17.201745
17.144110
17.372450
17.189171
17.237438
17.245857
17.217068
17.278057
17.177724
17.214591
17.156140
17.196976
17.294648
17.217242
17.196637
17.192056
17.194654
17.224152
17.314655
17.217181
17.173505
17.198637
17.175313
17.186111
17.416534
17.365838
17.245180
17.290474
17.189762
17.185929
17.287133
17.183809
17.251763
17.196792
17.231113
17.203481
17.230121
17.205223
17.215991
17.176874
17.202951
17.207889
17.241406
17.179819
17.208887
17.188845
17.188629
17.207148
17.305265
17.175816
17.190721
17.187892
17.186858
17.179597
17.296033
17.222722
17.210219
17.215977
17.189813
17.194140
17.322004
17.209317
17.184443
17.168654
17.193779
17.187069
17.245512
17.382975
17.199111
17.187471
17.319845
17.312277
17.324274
17.346850
17.189403
17.175961
17.191448
17.202506
17.280609
17.290389
17.350906
17.254895
17.266630
17.195867
17.308148
17.241657
17.195515
17.205654
17.186994
17.192601
17.195130
17.233935
17.200315
17.194817
17.196799
17.222107
17.244657
17.247578
17.208730
17.231171
17.195090
17.322591
17.235353
17.444933
17.435761
17.199208
17.212612
17.232228
17.203240
17.203880
17.602947
17.183966
17.195123
17.196802
17.264259
17.248966
17.204874
17.215960
17.205648
17.195120
17.192913
17.322279
17.286306
17.208478
17.178325
17.325019
17.257325
17.331103
17.275607
17.183619
17.199530
17.241292
17.186665
17.246388
17.281026
17.244326
17.212493
17.209767
17.264173
17.284141
17.206248
17.206925
17.184907
17.230833
17.213491
17.271278
17.191907
17.205944
17.177292
17.191727
17.192471
17.344456
17.282984
17.190447
17.193597
17.194433
17.218909
17.333209
17.202145
17.205237
17.218839
17.190470
17.233424
17.236516
17.476081
17.196741
17.185999
17.219653
17.176384
17.237317
17.361946
17.200480
17.169881
17.313908
17.178962
17.181549
17.247921
17.198208
17.190848
17.173158
17.306279
17.230217
17.414490
17.192948
17.189004
17.185570
17.200869
17.253443
17.222410
17.181682
17.174443
17.186811
17.328570
17.230696
17.264802
17.259478
17.325467
17.569444
17.251172
17.351814
17.215416
17.179595
17.186254
17.172148
17.179620
17.809665
17.359790
17.231046
17.229741
17.177810
17.180277
17.180821
17.196977
17.232115
17.190903
17.184775
17.176322
17.217770
17.237364
17.313370
17.177841
17.189289
17.185413
17.181944
17.322601
17.236868
17.174672
17.177590
17.298004
17.183710
17.307047
17.234068
17.185941
17.175409
17.178002
17.180948
17.346118
17.231767
17.247763
17.178825
17.189246
17.193305
17.329583
17.175098
17.189910
17.317315
17.180702
17.209653
17.251077
17.275899
17.188125
17.213659
17.198046
17.185434
17.226331
17.204014
17.191312
17.172649
17.169834
17.288021
17.279130
17.197489
17.165255
17.176780
17.186711
17.185034
17.282679
17.209620
17.222993
17.214469
17.208318
17.211228
17.226034
17.248426
17.206170
17.199288
17.194452
17.199248
17.186365
17.244090
17.191924
17.201288
17.188992
17.200478
17.252538
17.241043
17.212396
17.218634
17.215487
17.205605
17.213229
17.252771
17.208984
17.207418
17.213908
17.196197
17.225381
17.301768
17.207331
17.234366
17.214922
17.210713
17.187750
17.277446
17.256261
17.204362
17.205549
17.204341
17.251811
17.280366
17.216378
17.209129
17.318402
17.211679
17.260826
17.294552
17.219985
17.208474
17.193876
17.190058
17.815015
17.264425
17.353383
17.296759
17.320193
17.307787
17.328631
17.313381
17.308025
17.311502
17.299095
17.301366
17.308551
17.306269
17.303230
17.316091
17.324250
17.312045
17.320935
17.301080
17.303060
17.312553
17.311206
17.315640
17.333270
17.316970
17.314411
17.326869
17.312495
17.303483
17.327676
17.307007
17.321502
17.318965
17.319068
17.309159
17.336071
17.305049
17.317641
17.316909
17.320174
17.297666
17.328696
17.313794
17.316836
17.314163
17.317044
17.340431
17.331512
17.311927
17.338988
17.322621
17.296779
17.317624
17.314170
17.297428
17.302791
17.327073
17.321027
17.305700
17.329599
17.454994
17.042073
16.942512
16.947661
16.755374
16.683854
16.605935
16.647086
16.684898
16.610567
16.674510
16.651251
16.666026
16.869213
16.987735
16.988911
17.005377
16.990114
16.996464
17.010604
16.987152
16.998187
17.001764
16.996535
16.988301
16.988248
16.992333
16.988671
16.913253
16.942165
16.876276
17.022505
16.997445
16.987947
16.995905
17.013356
16.998502
16.993138
16.999967
17.000682
16.991969
17.010194
17.003695
16.997141
16.782408
16.576186
16.571330
16.584079
17.606806
16.988069
16.996026
16.750740
16.566104
16.601871
16.559181
16.570751
16.609724
16.573740
16.650202
16.561779
16.566010
16.560494
16.559312
16.630351
16.725128
16.648163
16.558353
16.578295
16.565856
16.637621
16.565707
16.564118
16.595838
16.564054
16.574944
16.600042
16.639460
16.560390
16.564304
16.584892
16.569849
16.597434
16.609585
16.567301
16.557562
16.555602
16.569302
16.562846
16.642471
16.552709
16.560101
16.555237
16.550604
16.571767
16.640231
16.628176
16.561864
16.603283
16.566709
16.561915
16.601485
16.607428
16.571262
16.568624
16.604712
16.562761
16.601374
16.634502
16.831310
17.007159
16.989187
16.992078
17.001167
16.988799
16.854051
16.567594
16.568282
16.568344
16.572659
16.560886
16.577597
16.568149
16.576303
16.560394
16.611597
16.608218
16.605492
16.558655
16.571291
16.574815
16.549584
16.568404
16.652488
16.635216
16.539058
16.529410
16.532909
16.531622
16.649526
16.648436
16.591046
16.581209
16.570726
16.580305
16.631133
16.638782
16.587702
16.570716
16.580338
16.580757
16.626756
16.677879
16.586707
16.582248
16.569692
16.589018
16.593265
16.632901
16.624051
16.529683
16.550611
16.534211
16.544506
16.592432
16.654758
16.592159
16.572588
16.574993
16.718069
17.000896
16.735173
16.622694
16.572803
16.561677
16.565686
16.568139
16.606680
16.560599
16.567843
16.572361
16.570542
16.565980
16.610885
16.616972
16.573443
16.544527
16.604903
16.583704
16.567560
16.606490
16.556194
16.616362
16.558360
16.569273
16.575734
16.613138
16.566933
16.564297
16.648125
16.616274
16.688475
16.572634
16.567576
16.566425
16.572629
16.571598
16.565524
16.593816
16.577059
16.557279
16.563577
16.561129
16.574295
16.593211
16.592971
16.558003
16.565678
16.561606
16.564051
16.559962
16.565985
16.558702
16.562850
16.565643
16.575298
16.561004
16.648351
16.523727
16.604753
16.623396
16.979308
16.985773
17.084546
16.694704
16.620610
16.583315
16.605588
16.653856
16.609874
16.825629
16.659816
17.004838
16.993449
16.916270
16.693003
16.673706
16.600027
16.555369
16.570572
16.552383
16.557924
16.673719
16.556067
16.555830
16.550323
16.573395
16.561485
16.644149
16.633188
16.552404
16.567787
16.558737
16.550170
16.558622
16.601156
16.616283
16.548383
16.566997
16.555014
16.553799
16.611630
16.729346
16.594474
16.650040
16.553938
16.565696
16.751608
16.652618
16.551879
16.553976
16.558782
16.560021
16.557380
16.677192
16.603766
16.559790
16.559948
16.561981
16.566854
16.699293
16.553118
16.562517
16.554038
16.600444
16.556953
16.732071
16.755333
16.652697
16.636542
16.594648
16.606931
16.723196
16.800900
16.723494
16.706367
16.683925
16.621184
16.566644
16.754077
16.638316
16.609189
16.599635
16.675221
16.719182
16.758955
16.642459
16.681854
16.549408
16.636997
16.641009
16.781986
16.798553
16.558784
16.635128
16.597641
16.699113
16.726240
16.802008
16.596321
16.625734
16.595322
16.599861
16.691638
16.764553
16.680515
16.638610
16.650966
16.679847
16.603805
16.807008
16.721567
16.642619
16.644807
16.687080
16.634267
16.682052
16.680867
16.601218
16.594143
16.989591
16.967191
16.955765
16.946786
16.939072
16.943322
16.943182
16.942961
16.931709
16.855628
16.560649
16.560259
16.564660
16.570441
16.607618
16.653072
16.576563
16.602990
16.546664
16.558399
16.567921
16.565289
16.603441
16.555887
16.557859
16.563045
16.569182
16.565950
16.678264
16.559419
16.565566
16.559654
16.561228
16.606941
16.654950
16.569164
16.559629
16.557519
16.559627
16.590550
16.574429
16.643775
16.565464
16.577285
16.561452
16.550240
16.640443
16.577919
16.565313
16.565314
16.563765
16.571047
16.605396
16.593225
16.605118
16.553238
16.569857
16.609621
16.608128
16.643727
16.916077
16.573568
16.577298
16.563983
16.589422
16.559721
16.635081
16.563785
16.567798
16.603763
16.600688
16.550278
16.600648
16.560001
16.558594
16.562727
16.565241
16.636467
17.067525
16.982531
16.994316
16.977039
16.993006
16.975507
16.773340
16.659013
16.554712
16.554803
16.553303
16.556925
16.561004
16.603773
16.567811
16.561684
16.603964
16.553693
16.551904
16.679137
16.640862
16.562370
16.561930
16.569526
16.562648
16.588469
16.642118
16.561306
16.583519
16.553994
16.552314
16.626088
16.684404
16.677135
16.686564
16.560574
16.554510
16.554025
16.709205
16.682635
16.547194
16.570318
16.622514
16.758917
16.974658
17.006357
16.992786
16.934548
16.512561
16.511665
16.552598
16.628680
16.553020
16.566520
16.553172
16.558640
16.616304
16.568230
16.599304
16.565134
16.567009
16.560333
16.564629
16.603389
16.566326
16.562607
16.559034
16.566093
16.553931
16.648359
16.597076
16.564694
16.568066
16.549814
16.559198
16.556150
16.624114
16.562460
16.568825
16.565271
16.561630
16.615170
16.655684
16.565163
16.561228
16.555799
16.564153
16.562341
16.632754
16.550153
16.566568
16.554083
16.556638
16.575688
16.557596
16.642700
16.559487
16.547907
16.551762
16.579710
16.601879
16.627414
16.510269
16.613117
16.556451
16.574781
16.560352
16.608269
16.557204
16.540716
16.546415
16.567608
16.564613
16.594132
16.639916
16.561968
16.557829
16.552892
16.553740
16.605263
16.660194
16.571243
16.597213
16.562433
16.561775
16.555025
16.635161
16.549077
16.559052
16.553733
16.564013
16.564625
16.674187
16.555054
16.605149
16.576581
16.551660
16.553020
16.618992
16.598613
16.556696
16.600340
16.575504
16.560895
16.589923
16.606295
19.880353
18.657614
16.654307
16.621677
16.581095
16.649224
16.615201
16.697421
16.655100
16.770424
16.657244
16.737377
16.627771
16.738696
16.674809
16.595255
16.603641
16.669800
16.795777
16.594923
16.811370
16.752975
16.644353
16.698349
16.741240
16.578770
16.726449
16.650101
16.646854
16.717072
16.757914
16.659603
16.694338
16.619667
16.642481
16.626395
16.792228
16.592650
16.559496
16.675122
16.683411
16.598253
16.771462
16.642531
16.590809
16.566426
16.554986
16.652919
16.593688
16.730955
16.689008
16.737008
16.598037
16.689767
16.735101
16.732680
16.644893
16.690648
16.686315
16.647809
16.695771
16.684244
16.663869
16.635583
16.595894
16.634812
16.692031
16.683104
16.727640
16.603567
16.559939
16.728143
16.692839
16.647749
16.693482
16.639384
16.688523
16.632458
16.737341
16.592549
16.745400
16.629497
16.558263
16.585860
16.548160
16.681507
16.737601
16.592338
16.612402
16.636218
16.630130
16.593035
16.680307
16.760563
16.641124
16.622295
16.623612
16.676412
16.707777
16.639263
16.636093
16.602137
16.635337
16.730960
16.514730
16.758208
16.601057
16.626452
16.626813
16.635503
16.593994
16.635710
16.723516
16.621031
16.632760
16.602836
16.607226
16.638558
16.636047
16.636745
16.591742
16.598623
16.643823
16.607708
16.610245
16.680916
16.705843
16.601782
16.662107
16.598033
16.711442
16.711654
16.632360
16.592636
16.559262
16.696570
16.684027
16.654018
16.682824
16.604947
16.639211
16.660758
16.713001
16.654826
16.644640
16.605913
16.714608
16.651791
16.560277
16.676809
16.668065
16.568113
16.595747
16.694325
16.648007
16.696250
16.704767
16.640877
16.589744
16.699865
16.678366
16.693161
16.770806
16.638879
16.585498
16.599711
16.683287
16.682201
16.695410
16.663161
16.675556
16.654713
16.695953
16.597793
16.741599
16.628032
16.630857
16.696841
16.635621
16.652134
16.748113
16.636418
16.713555
16.653567
16.642998
16.597904
16.726745
16.640085
16.637996
16.659366
16.597554
16.599119
16.592685
16.771585
16.599681
16.601558
16.628533
16.657443
16.648691
16.752919
16.714743
16.634306
16.704217
16.641043
16.640695
16.734071
16.773880
16.644100
16.633602
16.637213
16.670925
16.729253
16.716001
16.788838
16.686553
16.604662
16.623602
16.684301
16.881315
16.607602
16.626658
16.635450
16.633915
16.673206
16.792369
16.727421
17.188249
17.070965
17.072294
17.065719
16.938476
16.701575
16.744881
16.703660
16.703887
16.694522
16.706350
16.703637
16.937909
16.820116
16.702623
16.700535
16.655268
16.747263
16.940712
16.899383
16.853374
17.007149
17.007580
16.974203
16.883328
16.744842
16.662753
16.889315
16.846789
16.762648
16.818963
16.897237
17.078908
17.010495
17.034882
17.010502
17.015273
16.998672
16.992754
16.986451
16.977955
16.993464
16.973418
16.980115
16.993487
16.996091
17.018719
16.736154
16.987129
16.983021
16.995934
16.981248
16.994612
16.985714
16.984541
17.001642
17.007110
16.981205
16.988683
16.980294
16.982604
16.986620
16.997443
16.979705
16.965636
16.639421
16.730735
16.750781
17.000773
16.987446
16.979327
16.770935
16.666389
16.621138
16.958829
16.997162
17.008709
16.941985
16.913341
16.961023
17.028289
16.853204
16.910304
17.092133
17.008866
16.778789
16.616686
16.575077
16.568275
16.562583
16.553660
16.574979
16.603770
16.567969
16.564673
16.573826
16.588880
16.612519
16.562002
16.600402
16.564626
16.570413
16.566843
16.574670
16.574912
17.674353
17.991177
16.730805
16.675260
16.621676
16.702830
16.674390
16.666071
16.689968
16.679484
16.673427
16.640110
16.641592
16.698147
16.663856
16.703269
16.673729
16.661013
16.658088
16.658054
16.696589
16.693797
16.607100
16.638736
16.675409
16.617416
16.736412
16.644475
16.640940
16.600224
16.727443
16.682575
16.690109
16.608122
16.793366
16.944891
16.997424
16.744820
16.682717
16.640282
16.654985
16.648069
16.645753
16.686441
16.686617
16.647860
16.650437
16.650078
16.685164
16.711537
16.690482
16.701836
16.644649
16.635200
16.689993
16.688427
16.677387
16.638738
16.628092
16.662853
16.645744
16.690382
16.674857
16.688525
16.636759
16.681242
16.648688
16.684001
16.644500
16.649841
16.727495
16.678115
16.636607
16.683833
16.632124
16.798792
16.975404
16.997490
17.002451
17.009990
16.990985
16.913610
16.679031
16.630540
16.683331
16.673931
16.644572
16.638466
17.176541
16.997815
16.759079
16.719585
16.742203
16.688187
16.762506
16.740448
16.692724
16.652958
16.982567
16.945862
16.779119
16.659368
16.687592
16.735859
16.676605
16.566785
16.766553
16.637613
16.680663
16.683563
16.938360
16.644301
16.637911
16.795691
16.599783
16.631391
16.630143
16.690613
16.611989
16.774266
16.650288
16.616140
16.684855
16.707833
16.636032
16.801977
16.698302
16.695793
16.683677
16.643060
16.686046
16.675885
16.724619
16.654179
16.669345
16.682423
16.686434
16.646131
16.693659
16.689249
16.612950
16.685009
16.606710
16.687302
16.724881
16.640818
16.691979
16.660157
16.570088
16.644049
17.387624
17.035370
16.984831
16.997173
17.002744
16.851588
16.793282
16.645574
16.657639
16.633148
16.765314
16.670747
16.659851
16.659555
16.704523
16.623122
16.690799
16.695147
16.740004
16.733213
16.794356
16.776273
16.685953
16.682299
16.639002
16.642616
16.683442
16.652656
16.677501
17.358226
17.520280
17.381464
16.833258
16.929503
16.733567
16.845270
16.939103
17.012521
16.892330
16.925038
17.005606
17.006733
16.888884
16.817176
16.864376
16.799586
16.811641
16.780579
16.950989
16.888102
17.025918
16.846589
16.640804
17.055726
16.955275
17.128527
16.685933
16.601265
16.637551
16.888677
16.676812
16.693884
16.751384
16.732001
16.615878
16.674762
16.651177
17.043578
16.885210
16.895522
16.706347
16.853089
16.873183
16.873211
16.807461
16.804984
16.869724
16.983340
16.889316
16.773641
16.912396
16.968469
16.796189
16.944429
16.913347
16.704922
16.869355
16.685070
16.724780
16.799255
16.848715
16.806388
16.904814
16.797029
16.809256
16.973019
16.735898
16.930152
16.824905
16.832877
16.958072
16.997733
16.683865
16.906808
16.815631
16.814449
16.892047
16.922259
16.964408
16.818373
16.874463
16.951093
16.904854
16.926481
16.895318
16.637620
17.055851
16.999836
16.848396
16.880125
16.841796
16.904693
16.973453
17.122072
16.881056
16.769935
16.943980
17.140294
16.928017
16.931096
16.940274
17.005056
16.940684
17.019447
16.845538
16.676554
17.003360
16.837978
16.896523
16.811093
16.768452
16.691885
16.657867
16.774289
16.698914
16.721423
16.717163
16.684375
16.664615
16.772474
16.873353
16.998997
17.000871
16.899566
16.757375
17.077408
16.664412
16.663572
16.727544
16.667327
16.852590
17.033576
16.907819
16.641620
16.794465
16.725331
16.885089
16.944987
17.162633
16.766907
16.703287
16.760650
16.803994
16.848306
17.118295
16.797737
16.768253
16.812684
16.956750
16.809902
16.953660
16.755379
17.100620
17.019426
16.995847
16.987879
16.986353
16.990894
16.989409
16.980238
16.978803
16.978209
16.601910
16.596784
16.599717
16.607975
16.570214
16.575701
16.603374
16.606116
16.571482
16.566365
16.554910
16.570608
16.573342
16.652050
16.569289
16.602493
16.561184
16.562690
16.570458
16.649692
16.575593
16.564181
16.562381
16.564405
16.564419
16.593737
16.595224
16.577881
16.555079
16.557005
16.574006
16.601625
16.599672
16.561691
16.565261
16.562297
16.567390
16.591617
16.601893
16.569480
16.568388
16.560935
16.567948
16.565646
16.638131
16.611716
16.560778
16.569898
16.567960
16.711117
16.594953
16.621181
16.576058
16.556155
16.563083
16.576830
16.545053
16.615246
16.619129
16.570155
16.557254
16.560988
16.723650
16.637480
16.603084
16.572416
17.071853
16.905900
16.567210
16.658432
16.611885
16.563155
16.575538
16.580537
16.568250
16.604190
16.664447
16.616488
16.588562
16.562324
16.591891
16.576562
16.689732
16.573626
16.563009
16.560984
16.573476
16.577669
16.640461
16.574815
16.616603
16.568491
16.567960
16.565663
16.708874
16.619126
16.578721
16.567743
16.596026
16.565656
16.617319
16.612775
16.572379
16.573077
16.569390
16.564237
16.566640
16.664847
16.568535
16.580347
16.619381
16.560305
16.602884
16.607026
17.102400
16.997811
17.001315
16.987302
16.968174
17.076714
17.198397
17.067471
16.894413
16.915930
16.952101
16.856319
17.216292
16.994937
16.997617
17.101675
17.037184
17.047041
17.257189
16.956942
17.067643
16.933762
16.965692
16.893500
17.272609
17.132661
17.007836
17.050986
17.708498
17.039828
17.179730
16.909429
17.000528
16.989130
17.103556
16.895260
17.233125
17.096533
16.907745
16.879674
16.995047
16.907655
17.123378
16.848480
16.915056
17.043982
16.989388
17.554027
18.074328
17.044540
16.959659
16.987074
16.993325
16.986156
17.115435
17.006248
16.962064
16.780530
16.698359
16.732110
16.760096
16.651761
16.731994
16.597840
16.692367
16.676973
16.680152
16.684141
16.771135
16.668977
16.593405
16.649202
16.731057
16.612605
16.730492
16.714072
16.655528
16.615555
16.689976
16.639623
16.737569
16.679629
16.688810
16.704365
16.825195
16.849497
16.706767
16.735640
16.740804
16.696334
16.819055
16.652123
16.793266
16.709664
16.689859
16.688664
16.713543
16.692115
16.750832
16.696087
16.721104
16.703191
16.691077
16.682923
16.647709
16.719200
16.612601
16.769824
16.722545
16.825872
16.715554
16.785570
16.814132
16.663092
16.721216
16.794744
16.709196
16.822649
16.746500
16.964107
16.887753
16.771424
16.710222
16.735922
16.743289
16.801185
16.776479
16.684575
16.736804
16.729177
16.767092
16.694309
16.655046
16.732034
16.708492
16.729844
16.757493
16.601285
16.683108
16.724543
16.795597
16.845179
16.800656
16.768009
16.733118
16.833702
16.760675
16.673030
16.861970
16.650193
16.688243
16.652328
16.644978
16.725011
16.691951
16.652522
16.652579
16.685787
16.725931
16.645856
16.652298
16.694293
16.780498
16.753178
16.639767
16.718364
16.683763
17.001388
16.789662
16.738196
16.848245
16.794668
16.737446
16.815621
16.677443
16.770884
16.652287
16.652588
16.689232
16.682452
16.677782
16.682734
16.678663
16.685856
16.687022
16.729140
16.689719
16.642385
16.719903
16.773372
16.695517
16.817574
16.771584
16.693025
16.644640
16.663787
16.623235
16.596596
16.732898
16.680633
16.635242
16.695979
16.646876
16.634931
16.798761
16.689616
16.634117
16.681054
16.676354
16.671008
16.726080
16.712958
16.766098
16.671900
16.671684
16.763695
16.570527
17.190891
17.641904
16.794825
16.603281
16.697952
16.693108
16.684807
16.642408
16.600793
16.638768
16.677488
16.691582
16.635986
16.724394
16.684304
16.682000
16.675068
16.644115
16.631995
19.815103
17.250209
17.065741
17.076595
17.064002
17.072831
17.028462
17.007352
16.725700
16.802651
17.054278
16.985255
16.849968
16.828414
16.751462
16.791420
16.889183
16.693261
16.941936
16.799536
16.807289
16.838530
16.872221
16.981684
16.781746
16.782528
16.853086
16.782800
16.853806
16.995384
16.794205
16.720877
16.848404
16.882918
16.808989
16.953216
16.698865
16.576150
16.604102
16.641362
16.605515
16.698488
16.660315
16.599974
16.577322
16.601866
16.557052
16.592024
16.740086
16.557874
16.590812
16.644499
16.611659
16.608767
16.707222
16.634341
16.991126
16.950785
16.611301
16.614492
16.731248
16.613276
16.662977
16.653407
16.620400
16.564653
16.687471
16.639388
16.646189
16.657838
16.649111
16.648155
16.656520
16.646695
16.574203
16.601696
16.609244
16.687611
16.657878
16.695427
16.646714
16.640628
16.651982
16.604106
16.698472
16.731553
16.727491
16.648127
16.644495
16.608656
16.622229
16.761231
16.690894
16.649144
16.614208
16.684877
16.654935
16.703401
16.734824
16.680820
16.611854
16.611637
16.691197
16.607261
16.724635
16.664808
16.610290
16.680881
16.688628
16.733936
16.650263
16.703610
16.597291
16.647132
16.613917
16.691751
16.634762
16.753857
16.692244
16.571346
16.684695
16.658764
16.692169
16.737364
16.643736
16.650960
16.652298
16.688175
16.652033
16.732792
16.644964
16.612631
16.693755
16.642654
16.651596
16.706789
16.697489
16.644880
16.653992
16.647752
16.703260
16.741002
16.780119
16.732215
16.608140
16.572454
16.561390
16.602342
16.710137
16.604744
16.655952
16.641466
16.696107
16.632034
16.644019
16.719070
16.640064
16.643423
16.599509
16.603874
16.636461
16.698872
16.607913
16.597337
16.556367
16.615221
16.646488
16.663193
16.574697
16.748284
16.612103
16.566606
16.612373
16.794449
16.573132
16.626213
16.572624
16.674066
16.704555
16.638796
16.763938
16.677553
16.712502
16.625461
16.623985
16.671869
16.712605
16.660698
16.625392
16.667675
17.112540
16.989243
17.002990
16.986159
16.996288
16.989941
17.000428
16.985921
16.864324
16.697804
16.657050
16.696653
16.616469
16.593726
17.482456
17.003180
16.999321
16.989937
16.990102
16.645158
16.703450
16.732401
16.561028
16.606422
16.576042
16.630869
16.609674
16.701614
16.657093
16.614627
16.614978
16.668883
16.773065
16.785072
16.650134
16.648457
16.644201
16.599087
16.661376
16.700269
16.608548
16.652611
16.647264
16.653335
16.726944
16.731322
17.092936
17.098774
16.751339
16.606055
16.574327
16.661037
16.707250
16.653290
16.702553
16.707409
16.751932
16.586283
16.702013
16.732817
16.649253
16.645786
16.609416
16.607168
16.678707
16.682989
16.694594
16.566323
16.647910
16.695258
16.651317
16.700047
16.693513
16.651823
16.688937
16.645222
16.697275
16.655789
16.698387
16.732394
16.656496
16.651627
17.125366
19.589250
16.685239
16.670317
16.683134
16.710343
16.620989
16.631260
16.678113
16.676954
16.623452
16.631086
16.621481
16.619740
16.679900
16.583040
16.721149
16.669700
16.629400
16.664349
16.667253
16.619347
16.663899
16.644266
16.660189
16.686725
16.690344
16.650326
16.651734
16.634852
16.604878
16.636557
16.777196
16.603525
16.741834
16.607462
16.651684
16.702322
16.664309
16.717650
16.610685
16.562749
16.689482
16.681444
16.695239
16.686749
16.686206
16.694899
16.554224
16.677419
16.721200
16.696037
16.739506
16.605897
16.653098
16.604537
16.727186
16.658373
16.662461
16.644846
16.622650
16.682438
16.641439
16.693134
16.742884
16.606010
16.598271
16.681475
16.650310
16.767537
16.702552
16.655412
16.649071
16.650700
16.717149
16.615254
16.761123
16.600798
16.686577
16.690595
16.650569
16.548743
16.695100
16.730648
16.662004
16.659067
16.607973
16.694603
16.768642
16.660676
16.656484
16.641947
16.649129
16.645023
16.758692
16.703199
16.700657
16.682947
16.690434
16.610326
16.655406
16.685729
16.697992
16.644556
16.629451
16.563736
16.658584
16.683166
16.695140
16.739059
16.735091
16.619548
16.568505
16.609180
16.738644
16.660457
16.637435
16.649508
16.662177
16.694302
16.714275
16.662167
16.608110
16.695242
16.660408
16.603547
16.667007
16.659219
16.645061
16.687424
16.660159
16.643307
16.735852
16.692182
16.599162
16.666620
16.729254
16.605481
16.671544
16.732035
16.600893
16.658033
16.628907
16.654990
16.622231
16.662995
16.715130
16.673832
16.673325
16.605768
16.656926
16.612456
16.706909
16.610830
16.619943
16.657497
16.606468
17.466981
16.927483
16.576303
16.559934
16.563947
16.570352
16.576714
16.572409
16.576105
16.614372
16.579067
16.576624
16.576745
16.613553
16.610493
16.574993
16.571676
16.573874
16.572233
16.609614
16.582860
16.585469
16.620246
16.569336
16.567148
16.626113
16.609800
16.570441
16.579487
16.619889
16.572232
16.570555
16.650687
16.614766
16.569539
16.579934
16.569846
16.577153
16.620569
16.664233
16.603552
16.580902
16.570272
16.583006
16.566228
16.603054
16.568530
16.583385
16.580473
16.579545
16.584654
16.654975
16.568679
16.563470
16.575782
16.569500
16.573129
16.626451
16.617212
16.574155
16.576962
16.612770
16.576552
16.626607
16.701246
16.648304
16.565586
16.573953
16.557608
16.570962
16.752489
16.708054
16.653592
16.678419
16.650519
16.715459
16.699701
16.598206
16.587993
16.596500
16.596893
16.636857
16.628997
16.568865
16.576930
16.584086
16.563138
16.563547
16.570138
16.651069
16.571134
16.556096
16.570846
16.571991
16.564243
16.639134
16.576448
16.572912
16.571821
16.596879
16.600028
16.649902
16.611353
16.578492
16.568615
16.573855
16.566752
16.604338
16.678852
16.603713
16.560282
16.562401
16.566856
16.566744
16.606907
16.609654
16.566904
16.575900
16.611461
16.564161
16.673871
16.998877
17.012938
16.761642
16.578103
16.607586
16.607929
16.735398
16.626883
16.565988
16.572475
16.575154
16.570251
16.707283
16.579615
16.647387
16.569516
16.565984
16.566954
16.611802
16.569509
16.573262
16.574213
16.660320
16.646585
17.382776
16.868296
16.668983
16.610951
16.582869
16.573130
16.633146
16.581280
16.564170
16.559417
16.568651
16.576900
16.614129
16.608012
16.619427
16.570989
16.576682
16.562280
16.573448
16.651975
16.602269
16.592438
16.575501
16.571808
16.570413
16.642678
16.612028
16.567642
16.577462
16.581324
16.570378
16.557579
16.615976
16.569243
16.572671
16.574415
16.578685
16.565536
16.655709
16.554864
16.565216
16.579016
16.563289
16.567995
16.619275
16.625168
16.559507
16.557897
16.583095
16.619802
16.699525
16.659148
16.579314
16.559717
16.572993
16.577982
16.563851
16.613261
16.580287
16.569471
16.586981
16.565536
16.584882
16.663010
16.575920
16.568043
16.566735
16.565849
16.573432
16.610426
16.570036
16.560650
16.558518
16.561486
16.561404
16.566573
16.650780
16.571017
16.565336
16.568561
16.563555
16.579310
16.568484
16.579550
16.566587
16.574098
16.557857
16.575100
16.651833
16.616820
16.560103
16.568185
16.576563
16.567842
16.565254
16.597376
16.581348
16.554782
16.573294
16.570589
16.576208
16.622653
16.566590
16.568016
16.573371
16.568323
16.570785
16.561028
16.615292
16.568655
16.569283
16.564915
16.574246
16.615618
16.607705
16.567105
16.577140
16.572467
16.572876
16.567669
16.654469
16.576368
16.553151
16.572470
16.582961
16.562935
16.561647
16.571672
16.568858
16.565414
16.566907
16.570822
16.616993
16.653353
16.556637
16.569702
16.570896
16.575455
16.574355
16.657359
16.568306
16.573291
16.564876
16.575108
16.564242
16.620767
16.565119
16.565420
16.571224
16.561404
16.575844
16.592248
16.650405
16.587716
16.577638
16.573938
16.565350
16.563282
16.600241
16.567186
16.566145
16.572687
16.569620
16.572286
16.571322
16.578005
16.576256
16.581727
16.570639
16.568827
16.673789
16.567877
16.567164
16.563894
16.578626
16.562679
16.617360
16.611515
16.570343
16.576599
16.575748
16.566574
16.570337
16.733800
16.563365
16.567018
16.569784
16.570593
16.570772
16.711305
16.742425
16.599377
16.646848
16.570118
16.578360
16.649083
16.654647
16.569343
16.574000
16.582466
16.581511
16.621772
16.660052
16.572714
16.698777
16.650941
16.574757
16.575290
16.655633
16.645545
16.569486
16.566819
16.581202
17.008221
17.014338
17.010478
16.957260
16.608690
16.568459
16.577031
16.687482
16.694614
16.610836
16.573438
16.943147
