50
108.903829
108.909887
108.883283
108.894348
108.880889
108.782824
106.525889
106.327525
106.323212
106.160108
106.402499
106.204829
106.385948
106.453522
106.923058
108.296558
107.781258
108.734595
108.710586
108.714852
108.722907
108.724774
108.734642
108.739762
108.754816
108.749749
109.213826
108.778181
108.555320
108.692777
108.854259
108.726081
108.454270
107.073625
106.418512
106.321008
106.582205
106.511997
106.350654
106.277929
106.663417
106.374026
106.419828
106.335113
106.393185
106.447374
106.485676
106.388451
106.318663
106.340400
106.474839
106.394200
106.404809
106.666301
107.666270
108.730741
108.724317
108.766419
108.978625
108.738060
108.743001
108.696146
108.538427
108.568878
108.496996
108.507146
108.238272
108.475170
108.758320
108.770182
108.785351
108.716643
108.607275
108.321607
108.791376
108.748152
108.556245
108.668562
108.270444
108.566667
108.866997
108.572268
108.740505
108.761486
108.745907
108.742041
108.860081
108.304817
107.970537
107.645299
106.456390
106.419316
106.308199
106.470292
106.237207
106.339482
107.150086
108.139045
106.740863
106.379292
106.611164
106.303679
106.343193
106.274832
106.393939
106.492109
106.836144
106.273321
106.319774
106.452233
108.266558
108.718235
108.708296
108.730307
108.718216
108.737689
108.762502
108.725715
108.738104
108.770837
108.715661
108.751666
108.734393
108.735659
108.721714
108.724126
108.765707
108.738104
108.725426
108.735442
108.807945
108.493851
108.591438
108.731431
108.714268
108.742165
108.747814
108.718871
108.744558
108.691184
108.758796
108.745105
108.717379
108.745920
108.747354
108.721532
108.751151
109.056608
108.056584
108.169519
107.424992
108.504113
109.109969
108.571887
108.764606
108.770173
107.524902
107.823844
107.928677
108.299303
108.412556
109.003405
108.460903
108.752274
108.742308
108.732184
107.613471
108.377000
108.708719
108.625905
108.525416
107.906142
108.080131
107.670897
108.593735
108.673691
108.713483
108.742953
108.725409
108.734454
108.728072
108.743600
108.738177
108.737316
108.754096
108.761338
108.771786
108.742012
107.970329
108.209600
108.539786
108.273764
108.734597
108.744737
108.753012
108.738065
108.729978
108.614666
108.204284
107.067284
108.697455
108.420434
109.128895
108.241639
107.602073
108.537803
108.737217
108.807220
108.779226
108.760682
107.410317
106.937860
106.327067
107.641804
107.120390
107.293059
106.763551
106.772959
106.179265
106.135518
107.444507
107.783929
107.724386
108.082571
108.428671
107.869964
106.220414
106.259929
106.297450
106.198768
106.441003
106.301000
106.473367
106.363651
106.328096
106.375253
106.416901
108.054659
108.803343
108.765430
108.776807
108.772612
108.775642
109.073966
108.742380
108.759099
107.126986
106.500011
106.340887
106.475858
106.778867
106.355876
106.388298
106.944444
106.999155
108.716464
108.751247
108.763037
107.838761
107.745346
107.911386
107.845537
107.898025
107.771050
108.026990
108.101547
107.930978
107.711525
107.801187
108.379235
108.722339
108.260840
107.516522
108.132736
108.769898
108.791945
108.737815
108.761319
108.755932
108.768743
108.783533
109.083809
108.788897
106.955651
106.264598
106.375720
106.305535
106.251077
106.515901
107.496618
107.223277
107.775378
108.469452
108.755352
108.733056
108.776869
108.760601
108.808596
107.461107
107.021793
107.542103
107.625942
107.518598
107.663766
108.493711
107.943107
107.559345
107.931866
107.914657
108.285469
108.668586
108.761246
108.757893
108.790316
108.695735
108.713926
108.663986
107.746057
108.729775
108.785550
108.790573
108.784259
108.759383
108.753208
108.750398
108.817101
106.892363
106.423279
106.439623
106.578562
106.167212
106.540271
106.435748
107.465512
108.782377
108.788089
108.809064
108.786056
108.735354
108.530851
106.256638
107.671663
108.724256
108.748071
108.787560
108.759979
108.784881
108.807315
108.789591
108.763030
108.752646
108.750794
108.758143
108.778549
108.759025
108.769304
108.757381
108.746643
108.782430
108.750579
108.750438
108.726747
108.764297
108.710447
108.720398
108.761248
108.751772
108.758212
108.721035
108.735434
108.753553
108.772777
108.730938
108.732327
108.741919
108.733823
108.750704
108.766699
108.770907
108.719691
108.721397
108.753943
108.832999
107.668018
106.203091
107.640202
108.033134
108.102642
108.483121
108.739797
107.666899
108.348848
107.675415
108.246370
108.121093
108.250495
108.200502
108.360140
107.413553
106.474117
106.307275
106.880676
106.382720
106.236827
106.317985
106.488389
106.414319
106.503800
106.385894
106.491686
107.406606
108.771199
109.145513
108.461569
106.290374
108.285096
108.822045
108.811224
108.775193
108.756152
108.766250
108.787939
108.766387
108.788069
108.744370
108.760545
108.740542
108.760239
108.747526
108.720082
108.648151
107.205383
107.460622
107.005142
107.203131
107.531334
107.274555
106.928771
108.197869
108.771949
108.800967
108.794497
108.742672
108.749794
108.275733
107.509324
107.570717
107.529043
107.601500
107.578016
107.712614
107.834139
106.520458
107.667962
106.781444
106.535370
107.235951
107.359668
106.919157
107.670984
108.774603
109.074161
108.029455
108.167246
107.792894
108.115742
109.039406
108.805735
107.771594
107.770705
107.965015
108.203017
108.391479
107.730658
107.831241
107.864084
108.543471
108.694339
108.771868
108.782581
108.767018
108.721310
108.837105
108.417503
107.374701
106.459910
106.389030
106.854124
107.120164
107.104267
106.471899
106.116540
107.158322
107.044620
107.938514
108.760646
108.815880
108.198251
107.693058
107.216032
108.701185
108.826802
108.068625
107.700582
108.222121
107.967074
108.063738
108.016934
107.765689
107.876760
107.783457
107.971211
107.593782
107.844304
107.660719
107.879140
107.898121
108.543724
108.661235
108.473705
107.754683
107.730990
108.600453
108.385477
107.878401
107.912226
107.816593
108.526227
107.775781
107.562031
108.509481
108.113049
108.172374
108.604624
108.109518
108.194283
108.026858
108.135185
107.135391
108.398814
108.071720
107.221615
108.737408
108.756721
108.759635
107.994943
106.417901
107.679120
109.056812
108.769095
108.742109
108.757298
108.771399
107.894712
107.327627
107.339583
107.522319
107.467955
107.547925
107.965470
107.742541
107.453593
107.594145
107.492447
107.170179
107.498781
107.509393
107.433578
107.417011
107.481669
107.765424
108.561487
108.751351
108.713061
108.707033
108.724182
108.716889
108.724372
108.723639
108.728448
108.729976
107.445334
107.547426
108.167977
106.491248
107.809713
107.318000
106.812998
107.882936
108.920784
108.704265
108.502743
108.637639
108.770121
108.749570
108.299076
108.554738
108.776554
107.449350
106.420904
107.531757
107.572347
107.326500
106.534457
106.123933
106.048906
107.693940
107.834063
108.496974
108.571805
108.282567
108.429093
108.010685
106.391526
106.135800
106.199622
106.262874
106.414357
106.130629
106.172028
106.322384
107.594471
108.288333
107.820886
108.111070
108.749134
108.482072
107.576826
108.006325
107.887642
107.968637
107.904715
107.078192
106.460673
106.798850
107.160200
108.933020
108.239550
107.768791
108.103171
107.863355
108.110992
108.213761
108.708302
108.768024
109.206211
108.018927
108.100019
108.131398
108.803142
108.729823
108.749065
108.737609
107.832862
107.118661
106.682537
108.458129
108.749735
108.756666
108.766666
108.756621
108.377888
106.118071
106.955403
108.757547
108.753237
108.747783
108.738250
108.761152
108.749865
109.173588
108.664439
107.375905
106.180040
106.283757
106.834297
107.524136
107.420946
107.396422
107.432649
108.486573
106.219124
107.227683
107.382385
107.306159
107.338649
107.478252
107.248268
107.327976
107.479180
107.517135
107.813278
106.233142
106.810959
108.501225
108.313226
108.102851
107.733465
107.500379
107.710839
107.966414
108.616141
108.817180
108.351647
107.463781
107.655913
107.694459
108.155030
108.265815
108.518255
108.708960
107.561702
107.630097
108.010428
107.835221
107.834441
108.476076
108.095707
107.363678
108.472812
108.780259
108.893827
108.769819
108.763106
108.743451
108.791762
108.183909
108.037895
107.544939
107.735495
107.489183
107.578407
107.405612
107.692608
107.817709
107.878815
108.743125
107.997759
107.328304
107.434487
107.498015
107.498467
107.124243
107.233485
107.701829
107.686832
107.969164
107.498326
107.604076
107.537461
107.640412
107.452858
107.461538
107.445683
107.609077
106.427279
107.267717
106.343675
106.140596
106.124677
106.491775
106.411087
106.244872
106.193008
106.197478
106.417222
106.133161
106.558388
106.332470
106.190610
106.117245
107.510599
108.751643
108.792417
108.728016
108.086275
108.192576
107.875617
107.992742
107.920839
107.745189
108.182513
108.212541
108.139089
108.265272
107.787327
107.713786
107.964824
107.903394
108.242035
107.863710
108.050101
108.755819
108.749827
108.748892
108.741506
108.777184
108.760220
108.774681
108.070542
108.108378
108.750273
108.039260
108.159643
108.202916
108.042036
108.256338
109.064047
108.246001
107.873288
108.089055
108.090245
107.984464
109.936561
111.807588
111.620372
111.011685
110.083210
109.902833
107.970004
107.951581
107.815941
111.591250
111.593340
111.238156
110.408854
110.408723
110.623209
110.537235
109.118572
109.722101
110.634542
111.612829
111.404537
111.122618
108.836938
109.135724
109.221414
110.554850
110.685156
110.622021
110.639397
110.619931
110.692683
110.645149
110.695234
110.626958
110.690375
110.650033
110.751278
112.121815
112.114305
112.105272
112.064080
112.087469
112.080805
112.029474
111.987768
112.079384
112.028696
111.547097
110.491034
110.634059
110.622278
110.627666
110.598631
110.601679
110.349022
109.831975
108.791402
108.813459
108.461684
108.309160
108.204771
108.507085
108.181893
108.465209
108.770149
108.347190
108.163760
108.507836
108.352385
108.518324
108.237971
108.755947
108.327219
108.447123
108.340207
109.646761
108.404273
108.298217
108.283363
108.708996
108.615465
108.336335
108.391169
108.810546
108.341073
108.772329
109.110099
109.312715
111.115697
111.015905
111.312217
111.291802
111.046373
111.044977
110.921831
111.935361
111.941178
111.969254
111.770576
112.009733
111.970730
111.937887
110.609974
109.623454
110.787668
109.870516
108.847685
109.436410
108.523620
110.823208
112.022581
112.101560
111.873650
111.841964
110.804252
110.579719
110.553772
110.552726
110.569843
110.577819
110.600425
110.735248
110.777976
110.868764
110.757745
110.783735
110.801035
110.958469
110.638753
108.094483
108.446947
108.286795
108.431296
108.276765
108.288712
108.132586
108.421561
109.270193
110.813605
110.757134
111.138411
110.865551
110.861684
110.849792
110.926741
110.969363
110.814240
110.841097
110.883350
110.816677
110.809050
110.829180
110.908541
110.846815
110.862857
110.882063
110.887187
110.997664
111.299175
111.863847
111.917075
111.871230
111.593243
111.751837
111.269069
109.209581
107.922697
110.120020
108.509499
108.083639
108.186261
108.071521
108.260909
108.109211
108.353724
108.369873
108.135933
108.051000
108.114142
108.145142
108.131344
108.210951
108.198183
108.446709
108.219041
108.251628
108.164587
108.251964
108.180763
108.274477
108.360824
108.224195
108.193710
108.375850
108.287168
108.303772
108.319286
108.521055
108.462350
108.245239
110.196290
109.875681
108.162740
107.930151
107.743157
108.546109
107.930807
108.173617
108.112333
108.464114
107.987237
107.841113
108.601094
108.935426
108.933042
108.928964
108.930886
108.921368
108.899493
108.953916
108.964866
108.931543
108.961566
108.964896
108.976406
108.948474
108.979139
108.933542
108.755926
108.772275
108.782719
108.817545
109.097150
108.821017
108.790543
108.842951
108.822823
108.815660
108.785374
108.802878
108.791081
108.785921
108.774417
108.794295
108.817428
108.831763
108.826646
108.803721
108.806926
108.838373
108.805082
108.855725
108.814799
108.818840
108.811835
108.784661
108.814432
108.792064
108.830806
108.816930
108.812328
108.793003
108.809816
108.798180
108.823768
108.244245
107.220399
107.632197
107.668532
108.408045
108.033132
108.180942
108.232150
108.226750
107.815663
108.437530
108.695061
108.353314
107.231959
106.243053
106.182596
106.233232
107.085267
107.814806
106.325973
106.196178
106.176225
107.182651
108.537286
108.396018
107.917758
108.777827
108.780886
108.297965
108.948473
108.398637
108.428437
108.580584
108.397400
107.828472
108.729980
108.428229
108.771322
108.249698
108.589642
108.303958
108.594445
108.363047
106.071099
106.384558
106.140320
106.777243
109.006028
108.824666
108.718621
108.924495
109.059254
108.655820
108.338354
108.807647
108.205138
108.456211
108.594755
107.983656
108.508760
108.506989
107.953911
107.933745
107.227858
107.243720
108.820741
108.815801
108.811310
108.807470
108.841351
108.835390
108.814211
108.833855
108.798421
108.789552
108.780403
108.587907
108.554104
108.563797
108.536406
108.647725
108.154414
108.829031
108.787945
108.793315
108.804068
108.796859
108.773131
108.791837
108.801647
108.808234
108.807392
108.805613
108.795399
108.803443
108.814733
108.781133
108.807298
108.789774
108.806079
108.794557
108.829139
108.784349
108.781997
108.772470
108.801323
108.532278
108.674685
108.818557
108.869478
108.792413
108.538911
108.562234
108.759534
108.809926
108.764516
108.376166
108.835629
108.661050
108.477967
108.858313
108.785992
108.776279
108.792743
108.800428
108.804408
108.792361
108.785187
108.805604
108.799756
108.775266
108.791779
108.832902
108.810092
108.810242
108.814595
108.806301
108.807901
108.810213
108.825574
108.827038
108.780142
108.807775
108.764573
108.404446
108.776372
108.868308
108.907888
108.824207
108.655729
108.734636
108.725922
108.875050
108.452142
108.646495
108.571621
107.841438
108.523145
108.786800
108.354394
107.764797
108.326693
108.293338
108.401741
107.657841
108.290444
108.397045
108.579960
108.819219
108.717005
108.875781
108.844244
108.905673
108.816077
108.824639
109.095917
108.768815
108.800309
108.761850
108.778146
108.771200
108.784379
108.807054
108.794929
108.805709
108.789377
108.804028
108.833848
108.837849
108.904961
108.780158
108.791924
108.964614
108.935749
108.972485
108.989213
108.933285
108.933999
108.959337
108.920509
108.918075
108.920825
108.936550
108.916355
108.936946
108.967246
108.944846
108.930088
108.924651
108.933880
108.900765
109.226125
108.935862
108.812591
108.803911
108.830962
108.833658
108.764858
108.782066
108.776717
108.797256
108.771941
108.774663
108.859830
108.815220
108.801786
108.816160
108.779508
108.801690
108.790538
108.794904
108.776911
108.755010
108.754963
108.772739
108.774099
108.788807
108.802463
108.780421
109.025335
108.945715
108.925939
108.984883
108.923478
108.938370
108.933685
108.893890
108.888398
108.914671
108.941013
108.918162
108.921163
108.910991
108.928801
108.930027
108.915688
108.947173
108.977358
108.948242
108.914372
108.801536
108.800737
108.813373
108.762133
108.769640
108.798849
108.801558
108.855293
108.919196
108.932969
108.944553
108.919945
108.886981
108.942418
108.916804
108.922529
108.892417
108.919077
108.939733
108.928453
108.940605
108.933304
108.941555
108.942158
108.932329
109.004436
108.910486
108.907464
108.918030
108.947800
108.953057
108.940708
108.909923
108.943614
108.965717
108.932548
108.933252
108.965364
108.929378
108.932543
108.888874
108.907812
108.933750
108.944573
108.934738
108.952564
108.937119
108.911150
108.892198
108.907558
108.908173
108.914072
108.901867
108.912305
108.905130
108.939490
108.875635
108.807696
108.793266
108.802069
108.792390
108.775959
108.782546
108.775312
108.798608
108.817086
108.819204
108.822257
108.809991
108.797831
108.806703
108.822411
108.794614
108.833377
108.807304
108.798517
108.803806
108.800411
108.815510
108.790836
108.828978
108.801642
108.777214
108.784382
108.770625
108.775296
108.788688
108.882736
108.792672
108.817349
108.797144
108.814548
108.808689
108.817590
108.951720
108.879291
108.941650
108.953446
108.974956
108.959592
109.000593
108.937563
108.948476
108.952533
108.941918
108.938195
108.879827
108.791711
108.771558
108.810842
108.822170
108.726059
108.679793
108.925493
108.913302
108.925197
108.935460
108.905085
108.915582
108.918633
108.924531
108.957852
108.943153
108.921552
108.921707
108.944858
108.950823
108.924604
108.947957
108.949228
108.929223
108.916067
108.928581
108.920259
108.916487
108.939978
108.945263
108.917358
108.933410
108.916538
108.910920
108.913036
108.909835
108.876516
108.955262
108.837146
108.745279
108.454955
108.806585
108.547733
107.801116
108.320832
108.393587
108.585620
108.810115
108.770887
108.766299
108.790858
108.786937
108.801999
108.801559
108.811223
108.808661
108.781680
108.789548
108.762452
108.818355
108.803428
108.796955
108.792253
108.786959
108.774483
108.808488
108.795154
108.797850
108.807761
108.809417
108.791663
108.793648
108.798837
108.795001
108.842264
108.798017
108.833751
108.800936
108.806453
108.823210
108.823985
108.778760
108.760265
108.860242
108.795293
108.773263
108.789272
108.758057
108.754119
108.765183
108.786598
108.758106
108.740457
108.754520
108.782538
108.784922
108.788827
108.787835
108.776519
108.753563
108.757731
108.770544
108.774909
108.783224
108.805763
108.794948
108.789501
108.770507
108.796635
108.799266
108.810614
108.789952
108.814871
108.807582
108.789618
108.802979
108.946924
108.955501
108.946416
108.972550
108.982294
108.962366
108.945377
108.923525
108.943804
108.924561
108.958626
108.971946
108.930953
108.938142
108.955986
108.934416
108.900771
108.957055
108.926618
108.961792
108.935310
108.930968
108.905621
108.904223
108.881848
108.934097
108.932234
108.926422
108.917040
108.942452
108.929006
109.007046
108.972366
108.969415
108.954337
108.991766
108.943706
108.937280
108.986058
108.837394
108.838017
108.867711
108.884241
108.859483
108.865245
108.876758
108.923778
108.931209
108.971913
108.871064
108.848396
108.939551
108.844714
108.791791
108.723611
108.729067
108.725661
108.759801
108.546610
108.530364
108.501465
108.499678
108.487568
108.506537
108.467787
108.904273
109.029836
108.740583
108.747604
108.783972
108.753656
108.747751
108.707756
108.737146
108.733618
108.747670
108.782559
108.775717
108.769418
108.737602
108.760995
108.746962
108.747836
108.748351
108.730657
108.745530
108.738634
108.737501
108.748694
108.760331
108.749677
108.744694
108.762712
108.749524
108.782198
108.729850
108.742267
108.691461
108.699793
108.710153
108.696503
108.722438
108.751105
108.727083
108.694933
108.690638
108.726046
108.742388
108.737383
108.746726
108.755063
108.746167
108.776203
108.799675
108.783972
108.805186
108.802827
108.778421
108.770294
108.753302
108.763051
108.766266
108.757886
108.737824
108.753274
108.758421
108.765073
108.753224
108.746411
108.748713
108.738912
108.764172
108.756153
108.751142
108.734459
108.743056
108.715667
108.736647
108.818117
108.747350
109.025913
108.707829
108.705188
108.766049
108.735969
108.739302
108.724934
108.750094
108.758557
108.781132
108.783287
108.783995
108.767984
364.474206
109.050753
108.725794
108.732353
108.713305
108.726170
108.736270
108.760178
108.721841
108.743394
108.786744
108.786170
108.771034
108.776696
108.706525
108.712125
108.700408
108.701478
108.701587
108.705100
108.706345
108.712373
108.712367
108.697201
108.725383
108.748540
108.742984
108.745519
108.739018
109.184087
108.699275
108.694937
108.802931
108.695616
108.493865
108.506049
108.511475
108.528712
108.608702
108.790331
109.084792
108.774860
108.800820
108.764179
108.784718
108.793598
108.825477
109.031410
108.764536
108.770687
108.508668
108.620216
108.730886
108.764447
108.777537
108.762611
108.759561
108.794941
106.815672
106.331209
106.242264
106.334736
106.969045
108.778111
108.775662
108.779490
108.779241
108.777521
108.812044
108.767145
108.793558
108.769874
108.760150
108.764054
108.741395
108.777576
108.762571
108.791417
108.761775
108.761322
108.768153
108.799669
108.832458
108.805579
109.067731
108.806724
108.791108
108.782117
108.792458
108.768847
108.751381
108.745333
108.732169
108.894176
108.830751
108.806588
108.785025
109.016667
108.829152
108.825118
108.928575
108.847878
108.829753
108.798440
108.792256
108.788970
108.776792
108.793840
108.797573
108.788649
108.775116
108.804398
108.795642
108.814533
108.812175
108.883222
108.832044
108.775347
108.781372
108.755998
108.763589
108.774817
108.751901
109.022609
108.788184
108.783285
108.787347
108.780383
108.792236
108.814985
108.775661
108.798096
109.078149
110.164558
108.751488
108.767909
108.754910
108.766735
108.758193
108.774400
108.752636
108.748645
108.780110
108.741215
108.770163
108.757452
108.761263
108.762474
108.823929
108.746092
108.576827
108.809630
108.556139
108.660203
108.743085
108.593818
108.808728
108.357993
108.435240
108.574142
108.734713
108.734735
108.805436
108.788994
108.730560
108.735561
108.696935
108.832478
108.760715
108.768091
108.775488
108.928743
108.858512
108.791896
109.340506
108.900701
108.893939
108.836247
108.784901
108.765550
108.908320
108.818389
108.747327
108.760095
108.843369
108.987813
108.726149
108.789432
108.762006
108.753010
108.657686
108.619323
108.798438
108.761196
108.798748
108.786826
108.844349
108.555106
108.869449
108.080125
108.121923
108.619346
108.804256
108.850961
108.005433
107.345210
108.730293
108.799595
108.823205
108.799430
108.762518
108.759319
108.746343
108.802001
108.777709
108.766315
108.757025
108.776604
108.802020
108.819376
108.818051
108.809914
108.822105
108.814179
108.771824
108.794360
108.864353
108.795295
107.895256
107.804697
108.021299
108.392245
108.244372
108.383680
108.124014
108.737524
108.821889
108.439370
107.769471
107.996318
107.784727
108.033933
108.475560
108.565568
108.572109
108.322194
108.590143
108.267641
108.317354
108.185999
108.038006
108.301007
108.764738
108.737659
108.776754
108.790507
108.775598
108.779858
108.830695
108.782844
108.812837
108.828689
108.799815
108.787209
108.807299
108.813219
108.813525
108.788087
108.800087
108.795717
108.837881
108.767696
108.724957
108.713327
108.741926
108.757343
108.733616
108.930903
108.830113
108.765799
108.769654
108.750072
108.791248
108.785137
108.796230
108.561807
108.595582
108.759899
108.770810
108.973634
108.753910
108.816353
108.814088
108.782709
108.787124
108.832344
108.808579
108.797458
108.790261
108.836013
108.782652
108.817397
108.780762
108.833130
108.827150
108.811000
108.855315
108.846019
108.844797
108.805744
108.793757
108.803863
108.799677
108.798019
108.809345
108.764190
108.808761
108.756343
108.752923
108.764385
108.762886
108.740215
108.742096
109.166484
108.746114
108.757138
108.744377
109.427702
108.818451
108.770318
108.756337
108.728754
108.740409
108.759613
108.753640
108.755729
108.773615
108.760857
108.789499
108.780634
108.766373
108.793222
108.762881
108.876770
108.918086
108.903226
108.951236
108.944035
108.949338
108.967179
108.902197
108.901654
109.006677
108.699163
108.353860
108.909192
108.983642
108.886043
108.913003
108.923228
108.921924
108.885680
108.942887
108.905883
108.913529
108.909596
108.915186
108.927361
108.910040
109.116730
108.906954
109.126451
108.646469
108.316507
108.183349
107.834221
108.053827
108.289100
108.935031
108.896472
108.904439
108.939739
108.907167
108.924421
108.883205
108.918686
108.884043
108.441943
108.751691
108.741864
108.626994
108.517901
108.737833
108.313256
108.807212
108.492862
108.155573
108.269564
108.099416
108.236333
108.605075
108.334901
108.400002
108.951656
109.174592
108.762572
108.782790
108.794605
108.774510
108.773027
108.753148
108.769883
109.126840
109.086029
108.807138
108.787678
109.360937
108.798428
108.816212
108.808323
108.826395
108.777196
108.753954
108.774980
108.785298
108.790805
108.790310
108.807711
108.779481
108.787398
108.801213
108.749033
108.779232
108.776852
108.796817
108.762948
108.782213
108.532297
108.335096
107.702325
107.956432
108.017017
108.459828
108.841175
108.784537
109.043673
108.933823
108.913495
108.879527
108.906604
108.870704
108.868445
109.011809
108.927842
108.728807
108.532535
108.232081
108.459895
108.454322
108.534024
108.062374
109.195221
108.957978
108.937434
108.960520
108.947981
108.898929
108.907771
108.942017
108.916628
109.047178
108.944180
108.940637
108.951584
108.934829
108.975271
108.922944
108.919488
108.960272
108.918122
108.939490
108.926978
108.896518
108.903903
108.917007
108.935997
108.941552
108.957135
108.933313
108.929557
108.910742
108.916784
108.884235
108.935118
108.934817
108.942306
108.950457
108.925660
108.929113
108.874770
108.939260
108.907509
108.906130
108.068626
108.001583
107.605428
107.605647
107.941749
108.174280
107.620842
107.898057
108.674027
108.706705
108.900290
107.761026
108.466675
108.335906
108.203591
108.789508
108.314192
107.640066
108.190486
107.889314
107.496701
108.287666
108.079612
108.691520
109.151113
108.094372
108.322624
108.132682
107.633381
108.003788
108.708293
109.004248
108.747051
108.858844
108.815019
108.784750
108.781032
108.759992
108.801197
108.767278
108.747458
108.797715
108.772533
108.803151
109.073888
108.773641
109.261800
108.780022
108.786098
108.775904
108.815731
108.816801
108.797777
108.775767
108.758869
108.767505
108.766940
108.770251
108.790923
108.800967
108.926253
108.807773
108.790783
108.775832
108.783982
108.788079
108.786159
108.801917
108.797301
108.769983
108.780987
108.752237
108.757358
108.756828
108.778171
108.757192
108.755271
108.780574
108.349410
108.696472
108.784909
108.515287
108.895759
108.916465
108.429460
109.191458
109.059214
108.677905
108.450244
107.794025
106.284314
106.109873
106.126506
106.128671
106.216468
106.669533
106.356382
106.548922
106.503781
106.648320
106.676695
106.430008
106.178411
106.400787
106.283307
106.336466
108.271229
108.803313
108.768982
108.782131
108.782246
108.803715
108.782407
108.791005
108.779381
108.820597
108.788763
109.203196
108.820648
108.823765
109.115299
108.812624
108.826293
108.791469
108.799996
108.796296
108.809783
108.797055
108.783390
108.789498
108.796006
108.749084
108.737065
108.772590
108.754094
108.758069
108.917886
108.785691
108.815416
108.780570
108.786256
108.764298
108.768822
108.804551
108.805581
108.830591
108.797708
108.812247
108.804389
108.797210
108.792175
108.819877
109.342935
109.239282
109.017527
109.378175
109.076690
109.594260
109.627766
109.880737
109.361004
108.730672
108.763308
108.723352
108.736213
108.734129
108.735383
108.754181
108.717048
108.724523
108.741765
108.547612
108.447095
108.603420
108.762026
108.787854
108.781986
108.773937
108.785088
108.784407
108.523272
108.488749
108.688710
108.779217
108.773723
108.764843
108.773951
108.743449
108.936343
108.970156
108.839782
108.754699
109.311578
108.733698
108.737519
108.801125
108.743257
108.826357
108.812167
108.741357
108.755628
108.807310
108.756811
108.749156
108.735869
108.743806
108.743444
108.727287
108.365631
108.312971
108.809853
108.718509
108.696527
108.704449
108.696517
108.610978
108.722781
108.696969
108.651273
108.854853
108.754620
108.765538
109.998431
109.256360
109.587139
109.304484
109.622788
109.001755
108.393733
108.933823
108.477141
108.968202
108.596077
108.815477
108.624783
108.258945
108.320499
108.519053
108.469315
108.605186
108.624672
108.837099
108.727596
108.968272
108.768600
108.788689
108.762274
108.711594
108.392531
108.875676
108.746752
108.954080
109.154387
108.896981
108.886088
108.657557
108.597061
108.395330
108.213810
108.733007
108.479129
108.687583
108.295445
108.453211
108.703684
108.778204
108.402718
108.495745
108.133146
108.357381
108.463340
108.693419
108.221684
108.563170
108.806469
108.849479
109.394667
109.021865
109.185657
108.710848
108.571084
108.536700
108.717955
108.793077
108.465568
108.415274
108.453321
108.779396
108.705036
108.741075
108.711594
108.394291
108.676061
108.423661
108.581217
108.426657
108.863092
108.656307
108.835539
108.491434
108.685862
108.578091
108.572885
108.511029
108.482454
108.041782
108.540951
108.547679
108.752875
108.477765
108.847056
108.568785
108.050320
108.474179
108.583492
108.566900
108.273508
108.706165
108.960702
108.771827
108.556920
108.863140
108.797410
108.761604
109.248386
109.262567
109.027154
109.413898
109.591246
108.878955
109.227416
108.991862
108.999890
108.682957
108.526528
108.419923
108.485106
108.728976
108.828645
108.398544
107.874904
108.275351
108.403131
108.600751
108.740971
108.331790
108.359812
108.556454
108.370227
108.414676
108.661460
108.467397
108.606915
108.451126
107.985534
108.114317
107.657307
108.329572
108.038509
107.924296
107.543758
107.984177
108.506513
107.903113
108.235846
108.959899
108.708959
108.576022
108.689787
108.502618
108.780462
108.694740
108.366494
108.751317
108.502688
108.662568
108.811065
108.824031
108.769490
108.741839
108.777764
108.789324
108.790147
108.810939
108.760069
108.801337
108.829473
108.819633
108.796507
108.818376
108.781025
108.755000
108.732765
108.725446
108.696731
108.718124
108.718085
108.735971
108.789080
108.778795
108.793290
108.798377
108.813179
108.836243
108.756901
108.811417
108.752589
108.749865
108.745605
108.765954
108.733457
108.775681
108.737937
106.994878
107.424443
108.662049
108.177926
108.646998
107.980711
108.285393
108.005918
108.177064
108.045554
108.026536
108.140779
108.546055
108.235396
108.758360
108.477277
108.337462
108.329422
108.231118
108.176274
108.582779
108.357440
108.542153
108.026323
108.143202
108.729802
108.678301
108.402190
107.711945
108.605446
107.850853
108.283503
107.374006
108.708784
108.741803
108.724325
108.743296
108.776737
107.765437
107.322464
108.033175
108.339137
108.785841
109.268658
109.040944
107.962552
108.306524
108.560884
108.709888
108.365864
108.085158
108.729393
108.427289
108.831664
108.508704
108.337988
108.040262
108.341472
108.626776
108.794225
108.796257
108.780696
108.731785
108.531271
108.434328
108.311274
108.292894
108.088095
108.203180
108.687382
108.821273
107.035721
107.699640
108.264851
108.025071
108.272975
108.009518
108.639486
108.973886
108.922164
108.946358
108.952539
109.004165
108.786699
108.815416
108.860733
108.897926
108.921837
108.945598
108.929970
108.901095
108.888356
108.841498
108.884504
108.797498
108.886571
108.912534
108.934751
108.929311
108.920832
108.931646
108.946527
108.885152
108.963987
108.894387
109.051523
108.920179
108.909377
108.971504
108.976087
108.925119
108.930729
108.907783
108.819379
108.869740
108.963716
108.804495
108.842548
109.018679
108.924909
108.931290
108.901580
108.982749
108.866835
108.907297
108.835082
109.380524
108.734015
108.778425
108.439076
108.600742
107.628775
107.535852
107.436990
108.469208
108.567196
107.118521
106.754727
108.160309
108.584825
108.109997
108.218573
107.794634
108.199228
108.875437
108.873624
108.900543
108.886544
108.910325
108.894632
108.903459
108.906274
108.944002
108.673858
108.074186
107.349521
108.158127
108.742997
108.770237
108.712759
108.726853
108.778498
108.794370
108.828432
108.800908
108.770913
108.774830
108.765178
109.016781
108.749870
108.786580
108.774884
108.721503
108.788639
108.770010
108.808646
108.803777
108.792621
108.811772
108.786360
108.780738
108.816326
108.758522
108.762552
108.770301
108.763783
108.750509
108.755541
108.784178
108.809254
108.787792
108.792930
108.775781
108.814788
108.809256
108.796112
108.801751
108.765374
108.798796
109.139476
109.302665
109.931619
108.459158
108.889702
109.174126
106.594580
107.522084
108.840153
106.986364
106.642499
107.422253
107.073657
107.605092
107.454016
108.148444
108.242808
108.456567
108.875111
108.836679
108.472849
108.751101
107.226816
108.041573
107.842929
107.738854
108.022888
107.707090
107.015037
107.931110
107.790101
107.079345
107.336729
107.907117
108.677054
108.349099
108.541548
108.348627
108.316587
108.449247
108.209245
108.067987
107.695087
108.127560
107.972578
108.764274
107.434582
108.112007
108.140007
108.319159
108.509315
108.281106
108.356939
108.474507
108.367900
107.854235
108.048841
108.200869
108.527616
108.709289
108.036686
108.110105
108.050967
108.205331
108.722033
107.790490
107.911773
108.018380
108.140789
108.493995
107.852040
106.909907
107.180253
107.466758
108.738280
108.737442
107.828063
108.146448
108.498107
107.911334
107.535746
106.832383
107.888949
107.324685
107.370168
107.281421
108.190142
108.452413
107.284951
108.573212
108.746305
108.743183
109.136460
109.628369
108.726420
108.736812
108.746949
108.739957
108.794650
108.930593
108.769686
108.762083
108.729200
108.742415
108.731701
108.715373
108.863354
108.860922
108.869598
108.978075
108.944614
108.963666
108.866102
108.894748
108.885832
108.893459
108.812680
108.892374
108.848855
108.910867
108.879880
108.936943
108.917209
108.956028
108.593061
108.706478
108.865282
108.816733
108.909203
108.894709
108.892405
108.915889
108.893338
108.931630
108.875825
108.879706
108.836599
108.931333
108.891781
108.930026
108.861578
108.730333
108.688328
108.644536
108.734568
108.709720
108.743954
108.756878
108.748450
108.736490
108.718112
108.751222
108.741190
108.754226
108.753480
108.742418
108.757005
108.726129
108.760093
108.722842
108.720342
108.726603
108.804743
107.097931
107.867331
107.399629
108.186983
107.464422
106.774674
107.340900
108.535541
108.842081
109.001645
108.708979
108.745382
108.704772
108.753192
108.722454
108.728528
108.719952
108.716559
108.716866
108.744054
109.122769
109.029023
108.316780
107.244519
107.675732
107.844051
107.998609
107.769990
108.207406
108.214555
108.579668
108.553503
107.764718
107.451029
109.170478
107.304627
107.776545
107.770707
108.142332
108.292673
108.201466
108.030522
107.969895
108.152946
108.015029
107.896783
108.583104
107.853293
107.873761
108.240281
107.406515
106.825513
107.301886
108.020651
108.662075
109.453834
107.322261
107.280634
108.367154
107.218842
107.905947
108.325635
108.430684
108.746883
107.770040
107.997279
107.982376
108.033258
108.046686
108.071088
108.059237
107.765136
107.896227
108.495544
108.377053
108.019927
108.557696
107.983105
108.517626
107.882995
107.448444
108.466468
108.714508
107.142097
107.276016
108.548947
108.286911
107.739823
107.443930
107.351215
107.193571
107.134119
108.090020
107.115316
107.379187
107.423311
107.778578
108.277721
109.169999
109.735317
109.318811
108.416774
109.019641
107.888751
106.849295
106.091158
107.171456
108.796358
109.178579
108.818183
108.773771
108.763542
108.765432
108.783438
108.769489
108.770598
108.768348
108.769686
108.755321
109.017344
108.778568
108.743208
108.474316
106.501405
106.965116
107.276013
108.302914
107.894016
107.178189
106.914177
107.190506
107.037980
107.228567
107.738112
107.755025
107.020138
108.048341
108.195111
108.070322
108.418614
108.362368
108.610815
108.719559
108.531474
108.585157
108.518732
108.639932
107.948163
108.245009
108.576755
108.348681
109.237405
109.207994
109.628413
109.705623
109.009516
109.155409
108.181475
108.562691
108.578855
108.793912
108.787627
108.861124
107.899748
109.769220
108.237458
108.494594
108.528865
108.673505
108.849473
108.812093
108.812820
108.498598
108.785370
107.879130
107.722757
108.123878
108.370489
108.755409
108.745775
108.758274
108.744967
108.739657
108.719378
108.167992
108.084034
108.359362
108.730465
108.564886
108.026617
108.221646
108.322372
108.731435
108.366657
107.103392
108.493994
108.725545
107.672933
108.009384
107.235739
108.470150
108.582889
108.755946
