100.000000
87.448869
95.582197
114.539988
79.117514
79.076456
81.763075
81.234561
83.915742
81.114755
93.319397
102.613002
83.367253
136.411016
116.357683
82.597315
113.441905
87.733986
124.579749
107.733421
103.802687
79.566777
83.400447
96.263276
93.886182
83.214235
83.169754
105.702218
86.846524
85.673211
86.382054
87.397110
86.021865
84.725697
84.477432
93.455918
109.062372
87.232717
84.638652
83.630489
111.012785
107.310091
86.970872
84.767565
101.861673
108.375451
86.236366
83.979805
107.087474
83.889055
103.350688
129.862589
132.942718
108.449588
90.188089
122.511822
111.991921
119.928790
88.284374
86.047520
89.544950
85.435454
94.324910
90.708403
88.407575
97.067430
109.816282
118.673311
110.092105
87.058331
90.132090
89.570273
82.484606
86.619696
84.901341
87.715542
106.653692
86.096691
86.865948
84.153457
92.327825
141.570855
121.049136
86.730409
86.255067
87.222191
83.325156
87.563580
147.614273
143.679367
89.683407
83.113305
86.982688
98.964722
111.051339
100.967089
118.579713
122.296990
140.620161
90.388597
83.672782
85.631695
87.004849
96.996516
116.989407
109.646924
99.182063
126.016227
84.393413
84.081897
108.180264
113.651981
138.349326
144.545459
95.921053
113.135431
81.683330
87.842245
117.336576
88.684771
90.352567
87.096180
90.557253
119.824768
110.533120
84.145412
85.038056
99.734515
111.307904
98.392513
98.450671
91.379465
89.872911
115.232420
109.829855
108.816491
107.122528
85.786641
86.839905
86.531702
90.448829
133.662647
144.983866
84.673383
105.067376
82.460152
85.104182
83.940594
117.748851
101.672305
111.795173
126.502389
85.584101
82.381479
84.299199
101.128659
139.220413
90.270392
112.705458
101.744346
86.883638
82.283446
122.067008
85.332044
136.976392
130.054148
145.087696
109.053024
82.936829
86.098890
131.302450
130.441689
85.519084
86.156784
116.277906
84.850324
88.740098
85.425697
88.346754
86.084558
90.319619
114.774465
101.912228
86.033226
86.551194
113.796504
99.837350
84.769308
86.197681
117.859450
148.434881
120.021834
139.287970
132.911891
119.211013
97.360829
111.385113
84.753018
85.322635
109.709910
130.337478
84.705470
87.015567
85.196557
81.714204
83.940097
86.737722
94.831833
87.388679
131.713748
87.428622
105.672146
83.779950
113.653317
88.483231
87.329970
87.095855
85.328634
97.980863
91.454100
110.816961
94.674386
135.935457
93.249499
138.018169
85.461500
100.229369
85.818623
84.836410
85.654559
109.255183
84.895939
90.421209
142.331231
137.465370
139.376762
88.620406
86.187290
130.201061
88.127405
92.238347
82.689115
87.514984
84.843484
85.961666
111.823475
90.115883
102.246959
89.232832
121.514758
88.967924
111.246079
99.399091
133.501315
103.225424
129.861985
93.464913
114.417370
100.756369
97.456400
116.244327
126.112829
92.492247
84.296112
93.180417
84.753347
88.829491
84.177465
105.785111
116.335222
86.577607
86.718144
88.368832
126.944463
118.223342
88.543663
124.715042
84.814550
89.495805
89.404779
91.950039
86.759804
93.962149
92.120164
96.112873
131.759848
114.323682
90.367393
108.572213
94.367273
98.093316
95.840372
107.341203
89.542163
82.788181
82.595068
110.805954
102.280205
102.850512
145.882561
90.513589
106.698531
88.694681
109.969202
100.956065
108.108555
112.766697
145.444674
147.974669
89.817200
88.143745
87.823177
95.347472
120.371732
121.678900
106.353210
86.174095
86.886871
103.915700
115.317770
97.152075
89.539716
136.534758
107.062884
83.969604
93.532071
93.882574
84.649623
96.845729
91.761038
102.259311
87.651368
89.619464
86.484475
85.639840
86.689606
88.152077
117.895618
82.482125
84.996016
87.939314
85.313515
82.541307
83.788641
86.728200
94.195514
85.651517
113.495668
118.489392
115.151556
119.240123
103.268187
89.727570
88.008896
82.242559
87.504644
84.936401
105.687066
148.023463
152.835616
107.487406
142.382890
136.063015
99.049230
85.086722
95.924034
132.281639
93.149732
123.362901
123.622344
135.227055
106.683038
87.458007
101.537723
124.854638
130.572558
119.662033
138.421644
139.533045
113.788525
86.082330
91.171766
99.576088
112.975717
140.610397
118.007861
85.095385
85.449019
96.197800
90.124307
92.581698
86.042398
85.556985
85.337443
97.620906
82.450555
85.289373
85.130953
102.496680
89.665538
83.611432
92.771870
86.475035
84.287954
121.619779
88.320229
92.301639
95.283851
93.362695
107.233686
94.380041
95.198380
97.088827
92.942489
95.734528
96.964263
94.670947
95.066243
97.093038
93.390143
90.333189
93.522403
149.306360
104.985424
90.803338
103.092253
97.748779
90.528391
118.548888
122.770611
103.314821
136.043902
93.330070
86.450275
127.441122
88.526200
100.300895
87.687302
92.536510
123.465795
83.765490
87.223821
95.191278
134.367901
82.025113
83.888781
83.309299
90.996230
110.113552
137.369011
90.495903
98.711131
86.217042
87.640031
103.428394
120.875457
149.030990
122.784776
93.496412
94.566320
99.033120
98.601007
86.660964
82.651720
85.378308
94.758373
111.797238
88.407330
97.177415
102.972484
125.983982
132.089004
97.756186
82.657164
84.680442
86.913798
132.315652
116.755512
119.032771
112.295708
92.689391
86.138830
89.496233
130.449215
149.840339
126.547846
84.768358
126.945045
95.037228
83.753231
126.781703
149.517400
129.123855
104.590914
85.586917
98.787619
81.536660
85.041930
84.717510
95.596331
99.065009
99.097554
145.843572
145.346327
91.024439
84.983197
88.750351
103.851216
103.212876
135.615681
111.249510
135.108571
164.714633
115.215078
96.438442
90.735678
87.611206
94.028689
92.657378
94.249677
96.578840
110.362423
148.883102
88.190990
92.283141
86.644938
127.237513
109.556124
88.427598
87.478924
84.693334
111.361745
94.900668
101.285768
86.589184
85.508828
118.191927
85.263916
84.710709
84.524149
112.839906
105.020861
86.293545
96.895738
98.491691
85.996043
91.306920
88.472494
85.362111
84.129766
129.439228
91.013376
84.943346
96.145142
109.731364
107.823247
101.970128
114.250956
97.057057
94.909860
138.098463
91.270990
87.035998
137.308193
105.898083
132.558923
83.556926
83.749583
111.353419
115.738990
137.079930
132.774895
130.221930
114.175571
89.292403
90.454914
88.670677
84.229924
86.940217
85.414097
93.164289
88.400639
83.158256
83.012202
87.035888
87.539207
102.489179
97.431595
99.763347
96.402915
93.547787
89.992737
87.362684
84.891226
144.577582
129.104021
104.701443
115.537803
156.095442
