50
129.506120
130.032044
130.386393
128.168700
122.264965
120.895473
122.695373
122.477145
131.203325
128.364796
121.201847
121.460374
125.673257
129.162710
130.488996
130.398809
129.018849
129.552696
128.452493
130.768271
128.188494
122.224195
120.670255
125.128721
126.504011
121.038588
122.403249
120.783156
126.641120
130.103075
130.918900
131.465831
128.701470
123.826865
121.239771
121.276025
122.308796
123.726421
131.188315
126.755919
123.635336
121.665994
121.051304
122.219552
126.238522
130.512370
121.427525
124.491258
131.032039
123.555928
122.429475
121.314694
121.004734
122.386529
129.864052
125.877899
129.230917
131.242020
130.636946
130.404978
131.027622
130.132359
131.602594
131.270921
130.765036
131.945512
121.532958
121.726903
122.458701
120.432182
123.251078
130.568536
129.487367
122.411372
120.943276
122.090296
121.984243
120.750576
122.224250
127.400472
125.941854
122.283451
121.773744
120.646633
122.290268
120.884965
121.813951
122.509712
120.564985
122.183746
121.754647
120.791137
122.328068
121.051882
121.796768
122.086888
120.476738
122.394964
121.725923
121.005037
122.467152
120.785931
121.837554
122.240545
120.563284
123.165454
128.305117
127.632386
122.637676
120.242018
122.477526
121.503899
121.269448
122.465310
120.739956
121.938350
122.021227
120.815955
122.570855
121.198071
121.773933
122.270246
120.177071
122.151774
121.318079
121.155730
122.488327
122.047937
122.851959
120.970570
121.468478
121.993344
120.625424
122.361715
121.159992
121.535699
123.891042
129.123789
126.083310
125.069235
129.908063
130.884455
129.283059
130.747676
130.568246
129.549158
131.202955
129.132267
131.172127
129.184223
122.166593
123.839090
129.294171
130.229675
129.248778
131.265729
129.980634
130.880911
131.175218
130.069166
131.426284
129.863884
131.282896
131.382750
129.395605
125.339516
120.749543
120.856894
120.832174
120.954640
121.003956
120.997491
120.961547
121.232250
121.136119
121.153204
121.100235
120.855616
120.999231
120.773134
120.949417
120.848405
120.964605
120.909784
120.936589
120.582950
119.528078
120.742353
120.835034
120.806027
119.480878
120.978705
120.933670
120.893814
120.804413
120.789254
119.811111
120.848485
120.794773
120.809028
120.567053
120.358769
119.214376
120.495464
120.327976
120.476654
120.395917
120.405646
120.529621
120.556642
120.324806
120.487363
120.533210
120.470697
120.435192
120.444620
120.389661
120.563184
120.400555
120.377990
120.435475
120.402753
120.374980
120.410014
119.686949
120.025716
120.453425
120.581726
120.704031
120.561978
120.693218
120.651574
120.496379
120.629140
120.612381
120.504385
120.489284
120.424873
120.359663
120.474339
120.411970
119.185337
120.113736
120.440403
120.432375
120.483962
120.557905
120.311854
119.139138
120.547420
120.482591
120.451960
120.466795
120.538242
120.515223
120.511568
120.415613
120.389957
120.651378
120.465383
120.484736
120.325068
120.455699
120.473515
120.393597
120.400053
119.182049
120.452194
120.443074
120.409881
120.494889
120.373096
120.410956
120.489128
120.520394
120.570872
120.516647
120.373064
120.421824
120.459408
120.595922
119.185460
120.398180
120.572356
120.499949
120.478713
120.463140
120.501268
120.436011
120.612508
119.012716
120.485376
120.626885
120.498349
120.387067
120.531658
120.552743
120.608634
120.659610
120.605589
120.975575
120.605092
120.607309
120.753494
120.445910
120.597500
120.580005
121.604750
121.248215
120.518634
120.639242
120.586523
120.683007
120.629048
120.578162
120.633542
120.756473
120.648211
120.591698
120.764423
120.740706
120.539264
120.653599
120.668119
120.742797
120.712292
120.634968
120.668645
120.646782
120.487373
120.542498
120.606345
120.626031
120.740516
120.612544
120.494284
120.600165
120.613193
120.582330
120.558128
120.599640
120.629794
120.628252
120.559062
120.602124
120.706236
120.531139
120.627453
120.572256
120.687699
120.607024
119.504625
120.658943
120.733305
120.620928
120.598501
120.581795
120.534237
120.734538
120.583545
120.582039
120.583601
120.606010
120.617949
120.554945
120.636485
120.014846
119.798611
120.611480
120.686157
119.150810
120.605625
120.556247
119.340913
120.484026
120.634218
120.492234
120.578115
120.605014
120.569594
119.261325
120.598959
120.619245
120.631979
119.084325
120.658847
120.656564
119.152210
120.651932
120.650923
120.708394
119.315662
120.518820
120.696906
120.663808
120.452393
119.435042
120.610206
120.591691
120.578037
120.474169
120.456408
120.392675
120.455822
120.392014
120.517921
120.493035
120.456826
120.454378
120.403822
120.427118
120.384574
120.404547
120.502838
120.571962
120.580935
120.674777
120.635800
120.599640
120.597620
120.587540
120.609271
120.604156
120.550074
120.599371
120.611813
120.725631
120.614306
120.727421
120.526901
121.037521
120.615817
120.681024
120.630484
120.643675
120.586881
120.646421
120.667761
121.979279
120.580302
120.606746
120.557968
120.599185
120.749768
120.835958
120.630370
120.571863
120.677973
120.652006
120.741943
120.673453
120.601303
120.537007
120.459753
120.562388
119.436909
120.314597
120.670508
120.553202
120.674425
120.584951
120.567682
120.616459
120.689992
120.710981
120.684783
120.658012
120.565071
120.640834
120.520301
120.671212
120.601805
120.688371
120.578416
119.628649
120.686639
120.616465
120.571743
120.696846
120.617410
120.731256
122.225120
120.557380
120.677757
120.706629
121.871664
120.771482
120.549960
120.608579
120.688727
120.482804
120.620909
120.864799
120.585131
120.549951
120.633193
120.635011
120.588039
120.667066
120.600059
120.676859
120.771722
120.742517
120.599133
120.598358
120.583214
120.572020
120.732794
120.401318
120.420491
120.517504
120.611355
120.535354
120.580624
120.480603
120.811532
120.996188
120.853610
120.777603
120.700901
119.860121
120.251948
120.840899
120.841190
120.741859
120.792675
120.779752
120.825287
120.750480
120.735889
120.763700
120.864648
120.830599
120.770419
120.700979
120.656907
120.757592
119.438981
120.871903
120.760314
119.977860
120.287514
120.859725
120.632175
119.314189
120.707129
120.486913
120.538543
120.505863
120.559089
120.601560
120.401304
120.345197
120.486493
120.423288
120.438989
119.454389
119.930443
120.432474
120.421595
120.458493
120.442642
120.417207
120.395242
120.464762
120.427984
120.575419
120.549550
120.374029
120.477634
120.336857
122.158564
120.335065
120.433313
120.366059
121.996752
120.451836
120.360993
120.356992
120.416102
120.422616
120.517435
120.463593
120.416902
120.576226
120.446826
120.357917
120.470205
120.429824
120.442647
120.482459
120.362283
120.465950
120.333160
120.462675
120.693374
120.632482
119.856214
120.008489
120.568096
120.649850
120.628399
120.589819
120.594280
120.569751
120.581963
120.758899
120.730075
120.822895
120.620483
120.753491
120.617305
120.508665
120.680165
120.731536
122.285737
120.730443
120.655331
120.647802
120.671893
120.591846
120.638635
120.558945
120.700472
120.720098
120.725259
120.690979
120.609000
120.693716
120.610416
120.603091
120.645932
120.637403
120.612338
120.779966
120.587683
120.633900
120.764455
121.638351
121.254180
120.653976
123.679889
120.923846
120.505500
120.544474
121.480174
121.310796
120.650124
120.638455
120.636832
120.664386
120.573165
120.632738
120.537373
120.620635
120.651773
120.658041
121.215239
120.747268
120.576607
120.498420
120.662121
363.766467
132.398988
111.447530
111.433409
111.374850
111.347946
111.554981
111.485081
111.427605
111.446396
112.950723
116.371652
119.837372
120.618933
120.571882
120.501961
120.536295
120.583167
120.443019
120.447554
120.379477
120.583409
120.486591
120.441561
120.425063
119.131924
120.354787
120.442221
120.475198
119.081856
120.410475
120.489169
120.463915
119.120238
120.639353
120.439974
120.503606
120.524997
120.570715
120.453236
120.610927
120.691124
120.481691
120.496065
120.634328
120.519800
120.493398
120.549252
120.563742
120.456239
120.377131
120.631197
120.541207
120.417708
120.466539
119.199505
120.485517
120.432046
120.574180
120.495517
120.524641
120.571677
120.531654
120.502076
120.409713
120.436090
120.406687
122.309853
120.581476
120.550227
120.392871
120.414352
120.455456
120.611879
120.404720
120.477104
120.457253
120.516284
120.656925
122.070464
120.856633
120.576531
120.694662
120.716454
120.683272
120.614762
120.659571
120.825471
120.743311
120.683839
120.535443
120.634215
120.791665
122.213083
121.301349
120.705212
122.436707
120.634673
120.627502
120.771714
120.812724
120.642082
121.813215
120.682221
120.748575
120.695632
120.525059
120.710026
120.632824
120.698391
120.528907
120.765959
120.567044
120.668744
120.678008
120.586808
120.767123
120.606188
120.809203
120.892909
120.779669
120.751810
120.641704
120.673473
120.703931
120.604049
120.662208
120.597258
120.684340
117.850793
120.163967
120.335311
122.735906
121.692141
121.520411
122.695915
120.695485
122.403126
122.764049
120.380694
121.892072
121.525223
120.762933
122.411886
121.095755
121.333352
122.183433
120.231127
122.658155
121.046038
121.579986
121.924903
120.104005
122.898887
120.927708
121.634225
122.738649
130.307666
131.660531
129.239950
130.879579
130.187730
129.099214
131.029442
128.717513
131.105205
121.506924
121.632360
122.606559
121.911543
121.159263
122.665943
121.194162
121.616513
122.404797
120.621429
123.388092
122.922479
130.189524
130.800449
129.240280
131.045362
129.132892
131.172793
130.780036
124.967298
122.510089
120.690809
122.084686
121.783102
121.033857
122.670838
120.719291
121.731607
122.014528
121.245704
122.677663
120.415013
123.435224
120.320369
122.576380
122.298373
120.392498
122.382304
121.143532
121.442163
124.048156
129.408675
127.916562
121.003130
122.183969
121.436128
120.665051
122.686966
121.111923
121.372989
121.967526
120.643419
122.538758
122.008172
120.562900
122.531716
120.647457
121.939349
121.803163
127.227827
130.287317
124.269292
122.348831
121.193469
121.266267
124.063980
128.708489
128.283005
121.456339
120.987222
122.319237
120.894828
121.903273
121.785709
120.452073
122.226668
124.466682
129.447152
130.866300
121.997718
121.847771
121.504223
120.686398
123.473473
124.589793
130.627756
124.108689
120.888588
122.478816
125.037067
122.088427
121.794214
120.712399
122.458292
120.774823
121.831717
121.826024
120.594291
122.364928
121.457264
121.166673
122.369918
120.322642
122.080350
121.759223
124.545383
126.088657
120.751534
121.701713
122.350074
121.219082
122.421135
120.131177
122.206693
120.911037
121.609601
123.339819
121.741056
122.041843
120.724123
122.447913
121.723518
120.685921
122.372305
120.614357
121.784709
123.005968
120.555664
121.982587
121.824302
122.699258
130.963122
130.009617
125.581247
122.099058
120.491663
122.241968
120.693299
126.094211
126.423281
121.752070
122.663243
120.316643
122.219515
121.637940
120.816649
122.313478
121.134747
121.357403
122.313121
120.295849
122.171341
121.661427
120.675349
122.578847
126.295880
122.212532
122.142572
120.594142
125.163630
128.697083
130.811991
129.792626
130.224459
123.729301
121.285939
122.264596
120.453042
121.979585
121.596551
121.412643
131.084152
129.483250
130.869977
130.391253
125.813523
122.379282
120.320271
121.973529
121.578718
120.996962
125.438551
129.298632
128.756366
121.047698
121.309505
122.054070
120.344842
122.198994
121.883647
120.819673
124.408034
129.276069
130.733305
129.904057
129.942608
128.498414
120.927707
122.366009
120.642666
121.822831
122.225744
120.161993
122.402104
121.466126
121.071359
122.346341
120.622922
121.716386
122.060574
120.474956
122.505260
121.222516
121.313405
129.659394
126.090222
123.335214
121.285333
121.242728
121.689434
120.210120
122.104629
120.372231
121.818894
121.149856
121.496753
122.100251
120.507199
122.387015
120.922824
121.594685
122.040617
120.523989
122.460372
120.602361
121.960251
121.739685
120.721364
122.513752
121.167570
121.434620
123.538429
121.261636
123.114459
120.753157
122.539198
122.686099
121.997172
122.024961
120.190583
122.107097
120.732969
127.059586
129.520602
131.372724
130.275937
129.925846
130.032040
127.752295
129.801110
125.911975
122.427041
121.410863
121.715685
122.121293
120.659309
122.454563
120.760316
124.812050
121.568744
120.907968
122.218733
120.272457
122.142361
122.059074
120.281469
121.928793
120.977004
121.089081
122.164323
120.198356
122.166220
121.163655
120.751979
121.824592
120.390290
122.231271
120.232776
122.842653
122.163190
120.647990
121.957826
120.258013
122.033786
120.104217
122.280383
120.957472
129.012932
129.259444
129.760947
120.342620
122.074653
121.575737
120.816059
122.236136
120.836309
121.596127
121.705450
120.157172
122.509291
120.589957
122.066060
121.817393
120.900814
122.575778
120.683348
122.343899
121.734074
121.218770
122.527435
120.977866
121.913250
122.092567
120.567972
122.250837
121.449695
121.223064
122.446518
121.076337
122.122069
121.203989
121.712740
122.158522
121.336395
122.117679
121.579094
121.345509
122.313144
120.477980
122.203739
121.859945
120.669621
124.964340
129.648923
131.290816
129.567533
128.519546
122.137363
120.516404
122.045384
122.026457
120.722969
122.368960
121.523267
121.047186
122.575610
120.767544
121.960826
121.618240
120.804931
122.496057
120.842301
121.751413
122.215557
120.780127
122.723843
121.791190
120.819645
123.429939
123.020981
121.230148
121.684647
123.394293
120.663718
122.223078
122.163130
120.717498
122.550078
121.207834
121.563938
122.762239
120.814406
122.444390
121.828305
120.979262
122.596826
121.586553
121.257460
122.563815
121.250740
121.639220
122.383566
121.062468
123.352827
128.871092
121.580930
122.661835
120.543115
122.350644
121.214892
121.290240
122.531254
121.142719
121.935593
122.249969
120.932256
122.640815
121.390423
121.651678
122.647956
121.543671
122.584823
120.628547
122.623122
121.207395
121.573285
122.287889
120.422824
123.166585
121.366290
123.451345
120.895459
122.354899
122.011009
121.032670
122.523956
121.885132
121.267973
122.531646
120.368516
122.255082
121.783826
125.419532
131.013813
130.607311
130.631281
130.999837
129.210351
131.323205
130.692690
128.767400
130.897805
128.648990
131.014580
123.485454
121.583695
122.711291
120.954427
122.215769
121.902449
121.958565
130.404369
129.320908
130.280098
129.561280
130.197618
129.602001
131.364818
130.011077
129.768776
126.465143
129.681169
126.250782
120.482874
122.238872
120.991707
121.447712
122.007957
122.440152
131.004980
129.033232
130.934626
129.545056
129.939658
121.621217
121.035634
122.348503
120.083483
122.139982
121.327775
129.843098
131.234577
129.408163
131.382312
125.560168
121.966563
120.500192
122.176365
120.795696
121.727721
121.991622
120.653622
122.427016
120.524154
122.016535
121.588263
121.242694
122.384516
120.322175
122.486467
120.290737
123.184560
120.875216
121.842828
121.557496
121.001633
122.309517
120.322685
122.483608
121.112606
121.850340
121.560581
121.131459
122.223178
120.415636
122.719454
120.821747
122.234558
122.371339
120.770769
122.576707
120.781749
121.928644
121.419890
121.255714
121.980538
120.783472
122.622422
120.623556
122.391611
121.417505
122.214966
121.923621
121.196034
122.458808
120.351473
122.619410
121.570415
121.595824
122.511520
120.380740
122.618496
121.183969
122.015356
121.637467
121.419482
122.681901
120.538827
123.166187
122.822079
121.839602
122.000762
121.233831
122.310042
120.661489
122.438910
120.364139
122.449574
120.447805
122.301737
120.562718
122.182682
120.655290
122.272026
121.320783
121.396887
121.622138
121.172365
121.633741
121.240965
121.979545
121.221658
121.864570
121.030877
121.934535
121.214203
122.115099
120.638294
122.259691
120.442978
122.205298
120.545577
122.692878
120.461848
121.846818
121.020341
121.731456
121.410876
121.195448
127.977662
129.141100
129.982343
129.963051
122.098921
122.183289
120.227563
122.284917
121.559598
121.236744
123.459557
120.419131
122.308800
120.552749
122.169933
121.030050
121.344678
122.025985
121.338825
122.373064
120.896281
122.335895
127.568225
130.376329
130.913371
124.009970
122.555633
120.052504
122.455629
122.839167
121.102321
122.342647
121.132405
121.429330
122.406901
120.584204
122.188059
121.620071
126.950142
130.710730
129.698641
131.763126
128.056068
121.832249
121.119318
121.051282
122.169809
120.184485
122.434708
120.973473
121.694790
122.129467
120.769726
122.578670
120.527606
122.472814
121.086819
122.290156
121.533544
126.098700
130.493241
129.930310
128.555276
121.321637
122.574099
120.529249
122.852180
120.811241
129.914234
129.616894
130.552925
125.595009
122.535434
122.059925
120.765929
122.364814
120.798329
122.189189
121.477578
121.225438
122.650278
121.191833
122.441627
120.417455
122.672421
120.859728
121.976991
130.349936
122.686511
123.664599
121.001213
121.831285
122.079694
120.875089
122.645237
121.516391
121.459277
129.206552
129.004585
131.314469
130.271180
127.054902
121.812520
120.560047
122.217643
120.902961
121.872343
121.693848
120.795231
122.222713
121.126259
121.217692
122.299690
120.456843
123.504632
121.849212
121.760810
120.438327
122.547194
120.506301
121.983135
122.087709
122.146090
122.031780
120.759501
122.561212
120.591789
122.214596
121.435672
123.980766
130.237874
128.927187
126.239292
121.386040
121.916443
120.790769
122.055765
120.732621
122.548600
120.417374
122.293487
120.436066
122.349221
120.816577
122.004729
121.010552
122.128475
122.142108
120.784046
122.394942
121.003533
112.133417
112.098110
113.674927
117.362014
117.234570
119.482342
117.842303
118.772352
117.632701
119.858010
118.277908
118.686602
119.217903
117.904767
119.284019
117.252201
119.263208
117.943462
118.813883
118.989706
117.431888
119.225615
117.683780
118.697558
118.042067
118.214763
118.192616
118.189650
119.459320
117.416457
119.498094
118.142316
118.517489
119.012128
117.749886
119.342595
117.351650
119.166168
118.368550
118.371162
119.134551
117.473621
119.155247
119.789312
117.346107
119.135159
117.285381
119.129122
117.423048
119.167300
117.662717
119.855979
118.069613
119.070258
118.991371
117.848009
119.567953
118.030531
118.781987
118.777822
118.301293
119.430020
118.628781
118.553142
119.704112
117.779638
119.333065
117.510208
119.586831
118.028641
118.918041
118.682297
118.315594
119.269778
118.985962
117.533885
119.136243
117.431370
119.585917
117.705852
119.568156
118.175825
118.920113
118.703817
118.347787
119.659551
117.540174
119.491877
118.081291
119.136644
118.466846
118.928593
117.837831
119.330740
117.553636
119.308621
117.505324
119.598302
117.936799
118.893741
118.279267
118.723106
119.011114
118.529345
119.461288
117.691122
119.648806
118.725693
120.734733
118.900052
118.333735
119.385306
117.532578
119.255071
117.260858
119.371205
117.544406
119.309075
118.417878
118.487281
119.368241
117.912264
119.692417
118.292646
119.061010
119.093989
118.402607
119.741540
117.814738
119.745902
117.956811
119.573577
118.227897
118.948777
118.983467
118.296269
119.753385
117.467979
119.829596
117.821796
119.058000
119.357949
117.914633
119.802800
118.934899
118.478793
119.894075
117.574155
119.620501
117.565155
119.563597
118.869952
119.804083
118.848448
118.804167
119.595766
117.876407
119.807426
118.394039
119.258578
119.365844
118.063362
119.785866
117.846456
119.501023
118.114535
119.364920
118.500436
118.785328
118.524393
118.710642
118.852923
118.051380
119.554571
117.675782
119.745634
118.427543
119.155327
119.113106
118.586548
119.748647
117.780380
119.710245
118.540794
118.970515
119.619888
117.857083
119.694998
118.490439
119.054899
119.649873
118.005177
119.725718
119.157412
118.537817
120.153949
118.240907
119.810558
119.456478
118.228383
120.195715
118.410872
121.100607
119.092661
119.696829
117.879755
120.064610
118.531229
119.028046
119.664874
118.428877
119.436344
119.480772
118.846372
119.884650
118.178312
119.335792
118.381411
120.298141
118.542344
120.122483
118.100142
119.778710
118.937956
118.960925
119.474191
118.195118
119.779594
117.720393
119.944628
118.731018
119.461171
119.813435
117.971113
119.872978
118.611014
118.718568
119.684898
117.829507
119.799643
118.921819
118.993013
119.973269
117.828155
120.045261
119.323329
118.181522
119.740602
117.843885
119.744170
118.784694
118.636515
119.899694
117.654576
119.996423
118.360190
119.256647
119.321875
118.410365
119.682333
117.687583
120.300062
119.311110
118.340667
120.048042
118.725863
118.792690
119.771827
117.754354
119.665382
118.495135
118.887289
119.490643
118.167934
119.626007
120.011447
118.650561
119.918926
117.653836
119.754594
118.393886
119.032297
119.296282
118.735119
119.490008
117.819634
119.885020
118.016687
119.601192
118.696032
119.131711
119.588808
117.965228
119.954105
118.251240
119.430636
119.223682
118.359428
119.572167
117.706122
119.912363
118.940607
118.768771
119.721191
117.843256
120.335375
118.542807
119.102271
120.667039
117.870164
119.839164
118.810632
118.929178
119.910280
117.933571
119.607561
119.089044
118.765135
119.874411
117.761489
119.122223
118.813733
119.146533
119.657920
117.750552
118.980405
118.875892
117.847981
119.401424
117.364560
119.348087
117.773023
119.171991
120.663953
120.897538
120.859420
120.830725
120.789684
120.814031
120.766437
119.750611
120.938052
120.943844
120.911318
120.895085
120.709416
120.855693
119.521120
120.836962
120.842701
120.780671
119.418684
120.925208
120.783638
120.840368
120.713356
120.865047
119.277825
120.716855
120.708120
119.249403
120.782298
120.861155
120.792803
119.472942
120.979890
120.678619
120.719355
120.315381
119.585022
120.608238
120.748951
120.671974
119.347625
120.638102
120.701385
120.565639
120.495354
120.352804
120.472595
120.493883
120.396099
120.387259
120.395682
120.536041
120.512860
120.490414
120.352150
120.290137
120.399587
120.438929
120.497743
120.729683
120.581243
120.560302
120.519395
120.543570
120.362181
120.397787
120.593125
120.566546
120.545468
120.577384
120.574828
120.606936
120.572220
120.568942
120.555769
120.652874
120.468528
120.570117
120.576137
120.394876
120.404978
120.421538
120.328532
120.491147
119.107836
120.396614
120.494205
120.376244
120.472973
119.207502
120.377205
120.625224
120.591413
119.438167
120.194781
120.491247
120.557721
120.579652
119.078605
120.541963
120.390232
120.481936
119.659748
120.519618
120.629398
120.727937
119.316558
120.863261
120.826833
120.747334
119.284767
120.678051
120.653565
120.667248
119.350870
120.594888
120.789730
121.102606
120.502503
120.623719
120.611157
119.110488
120.631267
120.668793
120.516616
120.496751
120.495233
120.578473
120.354146
120.346167
120.352644
120.286863
120.286703
120.319207
120.501174
120.414801
120.412234
120.535691
120.647972
120.428300
120.494449
119.280995
120.553007
120.596257
120.480014
120.522274
120.476668
120.571279
120.618825
120.552333
120.502202
120.549846
120.617368
120.591893
120.484039
120.538416
120.445111
120.752588
120.419654
120.451754
120.965806
120.570890
120.685221
120.570078
120.521670
120.498532
120.504968
120.682910
120.530870
120.526335
120.555759
120.535383
119.579424
120.249495
120.453430
120.485655
120.210621
120.136385
120.319998
120.368509
120.386937
120.472203
119.839493
119.382825
120.407706
120.547638
120.392884
120.525575
120.482994
120.374798
120.382253
118.903093
120.360784
120.386296
120.367418
120.319538
120.353530
120.291428
120.295097
120.405538
120.385826
120.319568
120.407119
120.391459
119.014367
120.357550
120.409933
120.411053
120.317914
120.354847
120.464654
120.410732
120.362632
119.982411
119.241722
120.018769
120.011664
120.351993
120.429301
119.686209
119.730127
120.537118
120.527714
120.439794
120.385306
119.042260
120.380850
120.436965
120.303901
120.380757
120.338962
120.320209
120.337042
119.121850
120.403547
120.329098
120.357337
118.994998
120.375776
120.461214
120.745875
120.139098
120.232363
120.295984
120.379651
120.346259
119.002497
120.550720
120.591066
120.536565
119.229111
120.956372
120.504827
120.495538
120.461274
120.510688
119.308336
120.561251
121.651599
120.450874
120.321433
118.985046
120.445096
120.509323
120.347904
118.964858
120.344254
120.516002
119.340602
119.922766
120.261111
120.383829
118.913670
120.295052
120.264597
118.828889
120.389256
120.396362
120.279300
118.902935
120.354753
120.375911
118.896444
120.275650
120.458648
120.426592
120.461962
120.336474
120.320511
120.420678
118.996770
120.456732
120.370812
120.399246
119.172986
119.933181
120.423176
120.411096
120.378415
120.338036
120.261125
119.099465
120.501502
120.600967
120.536127
120.455340
120.442860
119.118259
120.419879
120.545984
120.473422
120.475285
119.524487
120.525136
120.418652
120.532954
120.535672
120.581913
120.491143
120.566681
120.143752
119.550762
120.581217
120.523412
120.531610
120.534328
120.548764
120.554651
120.681050
120.545036
120.450964
120.596701
120.503750
120.490584
120.401002
120.377994
120.481642
120.426850
120.358880
121.303813
120.956826
120.793539
121.780218
120.350927
120.396874
120.442683
120.383283
120.447666
120.376583
120.358452
120.401668
120.248746
120.448857
120.299528
121.975020
120.376360
120.308633
120.293191
120.434250
121.217081
121.692444
120.300752
120.343870
120.392887
120.393474
120.509299
120.575667
120.564742
120.508679
120.540131
120.545179
120.656568
120.693556
120.656641
120.687370
120.763060
120.647678
120.688120
120.597649
120.658622
120.711729
120.826276
120.624258
120.748828
120.607349
120.834847
120.678244
120.597563
120.460391
120.470572
120.329881
120.522400
119.064142
120.400973
120.236395
120.323944
120.436413
120.347975
120.542557
120.393974
120.408315
120.280431
120.321940
120.434392
120.255137
120.275669
120.401787
120.385101
120.512239
120.307368
120.303502
120.263249
120.304964
120.321487
120.332006
120.402557
120.408358
120.008216
120.151890
120.477656
120.572319
120.403914
120.421705
120.427369
120.408402
120.405409
120.335733
120.356771
119.082468
120.300577
120.448336
120.254484
120.474001
120.526522
120.487824
120.421001
120.398250
120.382269
120.375747
120.330554
120.573444
122.358996
120.689120
120.550909
120.614730
120.593895
120.602562
120.514729
120.461060
122.055931
120.609518
120.463773
120.546603
120.558433
120.598530
120.599470
120.612430
120.473948
120.501090
120.380270
120.375872
120.451289
120.484759
120.402350
120.439969
120.408963
120.332362
121.294987
128.135321
129.419159
124.975600
122.950458
121.530935
121.712218
123.292073
120.929345
122.386181
122.314876
120.756205
122.327606
121.737987
121.078665
122.521377
121.151380
121.688725
122.508900
120.253123
122.305212
121.865803
120.950469
122.482210
121.303870
129.410042
131.853431
130.069399
132.058483
128.659895
122.224502
122.120915
120.647461
122.493401
122.329218
120.922153
122.739930
121.731278
121.339653
122.636607
120.670051
121.976748
122.246096
120.592478
122.629890
121.569043
122.087010
123.643374
120.336622
122.632205
121.405794
121.608197
122.239060
120.629772
122.292896
121.703281
120.714562
122.339743
121.022285
121.881411
122.430567
124.626113
131.734162
130.228796
131.621189
128.854904
131.843588
130.343479
131.621681
123.960385
121.973006
122.254748
120.720562
122.337358
121.909731
120.834226
122.586812
121.562953
121.384351
122.520703
120.821167
121.952746
122.282641
120.716191
122.144068
122.187267
120.814940
122.214432
120.579092
122.533360
121.479896
121.251258
122.828555
120.687524
121.891872
121.832838
120.824722
122.373628
120.749640
121.891041
121.562915
122.614172
121.465997
122.420879
120.870545
121.789429
121.900796
127.686113
131.394560
130.590808
130.153687
129.461716
120.505324
122.408165
123.320103
130.421347
126.399130
120.982984
121.783472
122.312260
120.165380
122.175096
121.374225
120.938030
122.323081
120.322009
122.397833
121.947894
123.420245
120.316766
122.449102
125.793266
129.569757
131.785886
129.313599
131.851738
130.448916
131.824201
130.625337
130.970550
131.654106
130.514790
131.669687
130.241944
131.747975
130.048596
131.395723
129.977897
123.522148
121.173933
121.506087
122.404262
120.255644
122.276613
121.275926
121.186156
122.791009
121.606166
121.213437
122.376867
120.908654
121.713591
122.335109
120.717758
122.108071
121.991872
120.660042
122.522646
121.013401
121.438436
122.220589
120.221563
121.982413
122.277400
130.355230
123.045247
120.482824
121.851422
122.055858
120.773711
122.664681
121.440227
121.755392
122.892101
121.247704
121.423476
122.461555
121.027625
122.004337
121.646316
123.884168
131.497518
129.953039
130.836473
130.291253
129.712460
131.148213
122.293740
127.491992
129.938234
131.101327
129.483487
130.623516
126.044946
122.611277
121.470956
120.968975
122.171447
121.411509
121.631502
122.321234
120.829361
121.898624
122.338430
120.724898
122.279453
122.227595
120.570673
122.430309
121.276349
121.732949
122.514828
120.922901
121.910801
122.268751
120.755935
122.359896
121.661518
120.972111
122.847365
120.873871
122.004085
122.882647
121.137384
123.125986
121.645373
121.952827
122.702049
121.222122
122.087165
122.319395
120.766056
122.766661
121.257943
122.193708
123.074267
121.561187
122.036974
122.832951
120.676347
122.544329
121.471881
121.551077
121.693924
121.152083
122.721264
120.976705
122.123563
122.182749
120.843584
122.512893
120.673372
122.302566
122.367950
120.940476
122.712807
120.433091
122.544561
122.076257
121.176870
122.558570
120.620329
122.344430
121.617400
121.550193
122.068047
121.050621
122.428144
120.445666
122.561571
120.904056
122.283121
121.940516
121.336471
123.266348
121.224193
122.765972
120.911920
122.292290
121.959471
121.250565
122.602323
120.532742
122.793232
121.383498
121.764532
122.535257
120.453276
122.511537
121.862711
121.580255
122.308714
120.434325
122.550464
120.720652
122.123803
121.199191
121.738360
121.955328
120.841404
122.572822
121.009467
121.996354
130.396027
129.913764
130.458140
129.507519
130.286583
128.379593
122.369531
120.818386
123.107606
130.294277
129.762708
130.607206
130.397357
130.838027
130.145104
131.930487
131.221634
130.720461
129.967907
131.543256
129.890544
131.015355
129.089210
131.425308
129.649895
130.586949
129.972838
130.146613
131.550812
129.883414
131.833374
129.641820
124.087531
120.409958
122.253620
121.515300
121.240566
122.553480
121.296705
121.648248
122.572408
120.718869
122.482285
121.782145
121.086850
122.216016
120.414699
122.481835
122.114194
120.915579
122.837444
121.040284
121.885110
122.534903
120.949080
122.171923
121.811546
120.946509
122.773164
121.528762
121.303815
122.404714
120.815931
122.669407
121.942921
123.774699
120.593189
122.681556
121.636302
121.595410
122.495413
124.328116
130.710460
131.208513
129.693559
131.422093
128.787390
129.997185
128.203560
121.730095
123.061642
120.829376
122.252525
121.752222
121.231604
122.958042
120.827404
122.200193
121.471773
121.301289
122.021768
120.678146
122.550742
120.871854
122.347158
122.252141
120.897264
122.481651
121.420326
121.518287
122.393656
121.214221
122.709221
121.508585
128.987080
130.716598
128.788845
122.421861
121.718994
120.717281
122.616448
121.248879
121.894678
122.436817
121.096392
121.921782
122.593341
120.900831
122.565651
121.777765
121.279413
122.818098
121.216876
121.588407
122.333121
120.458096
122.670894
121.975913
120.976528
122.447469
120.625110
122.336048
121.894737
121.132488
122.749239
120.322885
122.580208
121.340219
121.496265
122.653465
120.414224
125.656058
129.130026
130.734895
130.013634
129.795398
130.405299
129.608199
131.323862
123.857497
122.408991
121.885085
120.512506
122.778279
121.097899
121.725877
123.018251
120.939878
122.288118
122.178020
121.092245
122.776537
121.445121
121.670265
122.299234
120.318266
122.562590
121.567787
120.835174
122.415367
120.781114
122.078499
121.773123
120.979223
122.564888
122.045527
120.823187
122.564465
121.361084
121.451182
122.560806
121.990415
122.290489
122.055409
120.860515
127.160061
129.841228
124.968042
122.217319
120.457154
122.580566
120.973337
121.385199
122.370268
120.296460
122.405652
120.716594
121.843797
122.044917
120.815804
122.715328
120.775235
121.815906
122.094875
120.685857
122.817083
121.022202
121.650153
122.396067
120.400982
122.194038
121.093458
121.394194
122.232188
120.400201
122.378296
120.828831
121.837468
121.808064
120.841523
122.652033
120.605028
122.167395
122.316096
121.361581
121.398156
122.473037
120.387427
122.614152
121.438322
121.339730
123.096434
120.811678
122.280704
122.007921
120.959975
122.613630
121.261529
121.511539
122.494539
120.901283
121.916060
122.074170
121.144448
122.480849
121.119735
121.814463
122.108123
120.628814
122.977677
121.146550
121.989309
122.021366
120.694205
122.671571
120.606850
122.405520
122.193305
121.535688
123.093377
120.729906
122.195507
122.010244
120.862893
123.363238
121.629467
121.346202
123.450498
120.879643
122.027514
122.022524
120.969339
122.545629
121.537371
121.356258
123.301098
129.269025
122.410405
121.489119
121.134566
122.506934
120.580497
122.267634
121.462435
121.760917
122.573868
120.345950
122.527248
121.295711
121.765311
122.362508
120.690818
122.902741
121.533802
121.492801
122.350686
120.708596
122.358266
121.111581
121.897579
122.461263
120.951953
122.627803
121.793768
121.312138
122.342281
120.680907
122.228188
121.230421
122.071333
122.519781
120.613565
122.616557
121.377741
121.357274
122.365913
120.451552
122.561419
122.515066
121.541806
122.463030
120.577823
123.005165
121.373007
121.965490
122.989862
120.775724
122.034360
122.663223
120.380793
122.657714
121.799615
121.496061
122.568811
120.825876
129.313439
129.219686
121.190772
122.784895
121.049028
121.918252
122.889180
120.592330
127.979917
130.486565
130.593831
131.564078
124.036857
122.166919
121.718154
120.591812
123.663705
121.354741
121.434191
122.539909
121.252540
121.719020
122.813358
120.714639
122.269198
121.708486
121.538428
122.355707
120.933517
122.379563
121.239304
121.672207
122.095449
120.548450
122.577251
120.963073
122.190311
122.303850
120.673190
122.739651
120.541448
122.013981
121.780463
121.082761
122.719317
120.888782
121.891929
121.899912
120.962460
122.490210
121.193708
121.920959
122.082702
121.296534
122.397117
120.699306
122.205561
121.995076
120.777132
122.480478
120.821915
122.350072
121.770167
121.274074
122.531708
121.716484
121.587306
122.668146
120.484565
122.616692
121.777363
121.455087
122.550477
121.282263
121.695323
122.500831
120.739444
122.677408
120.676909
125.672788
130.678466
127.415940
122.582546
121.530640
144.602644
120.273181
120.269705
122.280860
121.344339
122.790952
121.044744
122.307144
121.916892
121.447811
122.765747
121.574144
121.423776
122.654899
120.772509
122.257672
121.815034
124.915517
131.702232
129.686688
130.928234
129.581316
129.461693
131.600830
128.875677
130.910623
129.021321
131.077236
129.482957
126.270885
122.518184
120.523538
122.013398
122.035868
120.471685
122.505847
121.642479
121.262074
122.485202
120.416777
122.255189
121.439425
121.464944
122.696243
120.451122
122.904929
