50
30.958269
30.559192
32.476143
31.476502
30.494352
32.133465
34.303945
32.701935
32.439319
32.597831
33.707026
34.737506
39.485005
38.422247
30.130720
26.696897
31.196178
30.306577
32.374399
30.888608
30.972759
30.335311
30.387340
34.141159
38.467082
31.564215
31.550415
30.090190
31.580308
30.857892
31.585355
30.393159
31.294586
31.003481
29.543241
30.787367
31.356394
35.027079
35.900524
32.662469
41.729915
32.726328
32.260460
32.230833
32.391913
32.650814
33.899129
33.088528
34.172606
32.334361
33.689705
32.752784
33.302303
32.025833
35.083999
33.068829
36.528484
42.481304
41.605316
29.821226
27.418891
30.973363
33.424889
40.230179
38.056335
32.055595
32.180035
33.695914
33.871686
33.685918
34.317101
32.140755
33.813265
33.003546
32.639716
36.233476
41.206571
32.351400
39.898116
32.360353
34.284115
32.354622
31.278188
33.473780
32.926947
32.749335
32.999128
32.751527
32.116325
32.789147
34.123034
39.715068
27.625292
26.176954
26.067916
26.838566
29.041699
26.110163
27.934644
32.757333
31.294286
33.962886
32.742429
28.821911
26.695894
32.278831
31.636050
33.058029
34.405043
33.982401
29.820756
27.112924
25.865585
30.985277
42.657731
41.287588
34.064079
33.159912
33.515601
35.744142
32.455632
26.564829
30.446320
24.636932
26.351109
32.303887
32.970139
31.881380
32.747971
32.152481
32.588842
32.098919
31.283806
32.735211
32.813347
31.563020
31.751689
32.577318
35.292464
34.952620
35.268598
30.964030
29.293869
29.918274
27.152613
25.423914
28.668788
26.088627
31.010925
33.775851
32.293130
33.456971
36.627350
36.136610
29.739264
27.746047
33.151595
37.204174
38.569166
33.447131
32.909798
31.710472
32.235287
32.507467
33.013509
33.135435
32.728317
27.895741
30.454179
37.473825
40.204833
35.535851
36.035547
43.121824
36.655992
34.031587
33.809276
32.385491
33.806213
27.515477
28.755898
37.868003
38.433971
32.715052
29.061376
26.572536
27.586460
30.704434
30.339894
26.644968
32.669946
32.128456
26.823014
27.246512
27.283905
25.826478
31.809974
31.314496
33.026832
34.307376
40.131948
33.144914
33.465183
34.155665
31.965668
32.161826
32.551113
32.727114
28.973900
26.717031
25.750456
26.137052
33.596196
31.471024
33.260338
27.098369
27.643633
27.001637
33.403004
34.066671
33.000739
34.175609
31.301260
31.300637
28.151316
37.509834
31.624473
26.249611
31.740487
39.410800
33.451902
31.244447
32.470396
34.196648
34.610050
33.990839
35.383603
35.445975
34.150556
35.269805
34.817319
34.837631
33.573956
33.609551
34.921257
34.020557
34.781037
34.945945
28.357939
27.839658
30.797102
32.169678
32.417733
25.935298
25.914206
26.235890
28.904976
32.713968
28.085031
26.925971
29.016603
32.571907
31.386147
34.597948
33.814811
32.389087
31.486821
32.934818
32.903358
42.114839
38.487096
27.031098
32.157049
39.672930
40.302790
31.403697
31.573216
32.389365
33.317547
33.371367
33.061381
28.914693
29.141142
27.556031
27.263839
26.762580
26.611011
32.541348
33.778065
36.554386
51.299894
37.122206
35.888926
33.502357
32.002980
30.238109
31.759567
32.459526
32.213694
32.614184
34.056403
34.535949
29.613816
26.163338
33.718313
29.325387
28.052639
30.896577
32.351597
34.339267
33.048011
38.118086
36.359682
32.167216
33.184424
32.964737
31.679631
33.290214
31.297054
31.322708
32.625302
33.506005
32.500477
33.417185
32.267629
32.859426
33.548487
33.720276
31.906156
32.250010
32.402070
33.617525
33.521774
39.066870
33.991298
33.475197
42.133010
42.627515
37.271711
32.836800
31.930806
32.950124
33.179520
32.617304
32.283920
32.811393
27.240376
30.314552
31.754610
31.790345
32.741307
33.874066
32.895669
27.543312
25.611553
34.498853
32.935462
40.101123
39.226319
31.912758
34.133220
32.736968
33.685394
34.599789
28.639777
27.623880
33.775368
33.060003
31.625801
26.668934
26.184451
25.135392
31.259124
34.498296
38.485253
34.179390
33.403152
33.996368
28.012915
30.381422
32.454212
32.141334
31.500846
32.804150
31.757850
33.957574
31.769075
27.359246
30.092735
32.965047
32.292401
31.789365
31.078459
30.958281
31.168913
33.614230
26.714775
29.688278
32.362074
33.098139
32.412658
31.830813
31.848895
31.982949
33.632092
32.093416
31.784364
30.296196
30.880443
35.541364
32.717198
34.100624
33.518060
32.793869
32.476740
38.155377
40.669728
40.580467
36.677636
33.970943
27.653028
28.157507
33.021497
32.002090
25.341489
27.875693
33.655187
27.987085
27.309766
27.425704
33.018628
34.468424
33.860111
32.018047
31.583872
32.024416
28.691353
26.330119
31.021321
32.807189
32.810055
32.618037
33.412971
31.845053
32.148095
31.894058
34.370988
32.056794
33.259550
32.045439
32.715584
32.330726
31.993857
32.741925
30.758348
25.971888
26.740053
26.725381
40.902298
31.696038
33.620284
33.617375
32.806487
32.311878
33.284055
33.000162
31.970283
33.303617
33.315508
31.986693
32.748634
32.858828
37.054036
41.703541
38.227319
39.608251
42.224250
40.581823
32.867482
33.579986
33.420070
36.811584
35.707019
33.044853
33.176461
33.541440
42.368854
31.761646
33.525351
32.467703
34.470096
33.749318
34.306175
39.484663
32.938630
23.814139
28.050538
31.590332
38.606676
42.467613
39.915506
33.479101
33.983820
31.937739
25.712589
28.394303
31.940521
33.025689
32.281665
33.170943
41.363482
33.362039
32.659981
31.608679
27.569009
26.426594
28.646112
29.391474
29.066916
33.629183
33.095361
31.967842
31.785530
33.882542
33.064202
35.080896
32.796895
32.658879
30.352433
27.295290
27.295476
27.302972
30.107304
27.936960
26.214818
25.618896
27.312674
32.699497
31.266135
30.104324
41.541901
41.614820
34.734216
31.550071
29.309204
32.291882
32.539777
33.573082
33.736741
34.906051
49.541229
39.441074
33.211807
33.183843
27.523649
25.625334
30.297997
31.773394
32.648368
33.474305
34.328741
32.334332
32.468790
32.435484
32.653740
34.438332
31.767752
32.158277
33.258069
33.920228
34.450257
32.727852
32.654442
28.726659
32.797186
32.599757
32.609054
31.953903
31.337529
32.472977
34.425486
32.623018
31.838609
33.246651
32.635532
32.950664
35.353813
34.147066
34.059815
33.477307
27.303021
27.584960
32.885491
40.277456
37.130858
33.386604
32.365057
33.455373
34.041698
27.531221
27.660767
28.309196
30.248138
29.756463
39.840740
36.136594
31.703136
33.656119
33.200272
32.566417
33.953381
32.405098
30.674768
34.328983
41.908081
37.099848
32.777628
40.173858
40.338905
31.842148
32.918616
32.463329
31.606321
32.276747
34.158461
33.680378
33.398321
33.660811
32.998577
33.027747
33.608108
32.793711
33.731531
32.638506
32.280062
31.968027
34.601933
34.548449
34.048597
32.985886
41.439721
38.398583
33.194442
31.163826
26.682811
29.266109
33.907010
32.956227
32.167060
35.369638
42.994122
42.641267
40.300791
33.569459
31.263485
31.473740
32.749115
31.106416
26.495377
31.590639
31.101789
29.676418
27.036135
29.653823
42.131204
36.658670
32.963707
33.178880
37.770294
44.045260
36.277424
33.408843
36.453098
38.820929
30.667649
29.786005
29.440847
34.874562
34.241120
34.490337
34.581427
33.126407
31.714411
33.316571
42.278085
32.378586
33.862320
33.330332
34.177977
30.684322
27.387816
26.198986
29.465883
33.827436
33.963408
34.685657
32.073530
30.761727
25.168440
24.546465
32.070326
33.245253
32.623257
32.902560
34.741966
32.167154
25.316728
25.641412
31.736456
32.578277
31.832301
31.678805
32.344156
32.946504
33.624911
42.547989
33.768651
32.596420
34.642370
32.629459
30.270617
33.075446
35.830866
54.436697
42.822954
33.807173
34.601723
33.887211
33.256755
45.006539
35.485452
35.705741
33.669511
34.809049
34.836727
34.070064
34.291432
29.951199
39.001990
51.926611
43.198486
39.799162
33.890594
33.192344
32.732138
32.744840
40.557200
39.104811
41.364481
35.391153
33.266309
33.495372
33.357081
32.544643
32.473136
33.043232
32.742033
32.131177
32.136034
27.479679
32.264121
33.445249
35.729975
38.129431
33.852494
32.410706
27.004751
27.461480
28.156870
27.219073
27.924100
26.802568
29.675370
31.299757
31.586441
33.965966
35.258436
34.275759
33.358921
33.788925
34.928450
33.639753
32.679026
39.664440
36.754158
26.980971
28.800553
28.067140
27.370162
32.145214
29.209474
27.521312
29.400607
32.572741
34.180993
34.406638
33.655551
34.081880
35.508803
33.329715
41.176279
62.308905
26.516257
24.699303
29.429829
32.234749
30.501115
29.975137
27.552889
25.201966
30.291866
32.072085
31.405674
31.021142
30.440237
35.022687
30.731548
31.664898
25.483061
24.564773
30.953016
29.790594
31.765699
29.491134
26.839285
23.610919
26.907928
30.623150
29.281644
30.636737
29.703751
30.483188
31.001144
31.626323
30.626429
30.039817
30.325304
36.878326
42.297322
42.756461
37.130982
24.620200
28.804206
30.249525
30.867152
29.916760
36.166544
39.307917
27.653465
26.339532
32.793204
29.921651
30.976620
31.305630
30.804670
30.220484
32.429770
31.199395
37.125665
38.973333
31.826384
32.289749
31.193656
29.442762
37.218808
35.616540
30.901551
36.787251
30.451697
24.218925
28.139282
31.355835
32.204111
32.463587
35.982889
38.498002
39.325286
39.490460
33.826118
34.656677
32.915398
31.895253
32.395199
31.382731
33.240627
32.803546
33.104344
32.152618
33.286039
32.945321
31.602457
32.210324
32.777764
32.171219
27.322020
24.230710
32.328497
34.019796
28.920337
25.030104
28.212454
32.339925
30.346469
27.065222
30.354123
33.628507
32.833529
33.372857
33.114399
32.247730
32.225426
32.907693
40.171525
36.851806
31.853408
29.092963
25.738737
31.293193
31.601233
32.774248
35.164712
33.943290
34.753976
33.248794
33.923804
34.186753
34.099849
33.390057
35.174298
34.696581
35.215623
33.338062
35.001901
34.771464
34.958750
33.459239
39.925412
32.174420
32.335637
34.044867
32.314979
27.300738
28.390149
34.424869
33.751562
33.862450
33.436914
32.927434
32.364298
27.429396
27.256477
30.928288
32.258632
32.865511
35.405202
32.575868
33.487469
32.709093
32.691046
33.963628
32.366052
39.786052
39.859625
32.257879
31.314589
34.429188
27.197799
24.945663
28.271289
30.989662
31.889115
33.433696
33.496355
34.137992
34.311715
42.230959
40.132974
41.777709
33.295132
32.602618
32.732715
33.633559
34.568902
33.838954
33.905569
33.593072
33.018976
34.351256
34.369562
43.510862
41.643040
42.037546
32.516773
32.850011
32.072226
26.955383
27.015115
31.298056
31.187679
32.915050
26.515281
28.977084
31.120837
31.490128
32.994429
32.979726
26.549690
25.293376
26.012874
26.931701
32.264661
31.531828
32.937877
32.675465
34.141740
32.002298
27.733867
29.783101
29.912933
25.475770
31.568744
32.564776
33.483908
33.369341
26.225564
29.495226
32.616451
33.299426
32.212177
30.247453
31.116975
33.449760
32.069481
33.324184
33.680088
32.717845
34.471925
33.262536
33.234345
31.476271
31.805072
32.730878
39.963468
36.398528
26.992467
31.641636
32.923543
29.047972
31.547921
30.797732
31.513341
32.741242
34.065782
32.134375
27.458087
31.372926
33.445222
32.496553
32.896071
42.076384
35.362163
33.468840
32.057841
33.311770
33.381631
32.499943
30.641058
33.820121
33.113947
30.273822
30.046799
34.413147
32.938507
29.708978
33.021599
32.011403
34.473255
33.827461
31.447658
31.804559
32.284128
34.222467
32.371534
32.463005
32.469105
32.401972
32.133961
31.428874
31.590367
30.909984
31.664814
31.582787
39.132878
34.427232
36.875823
37.080774
42.611560
39.612759
31.857431
32.479459
33.065520
28.214601
27.820666
32.456118
31.965975
26.858014
29.824710
32.060935
31.237381
41.296692
40.432989
33.184385
32.621844
32.175109
32.652042
41.209004
42.044815
42.960074
42.168485
36.469996
39.292595
41.794495
34.381243
33.945971
27.890587
27.798765
31.144433
31.399324
32.181498
33.148856
32.695473
33.868310
32.122932
33.525346
33.610757
33.724247
31.479788
26.200465
25.865129
32.180627
33.111794
33.127075
32.769931
32.171753
27.119266
26.345430
28.936705
25.211663
26.431363
32.894110
33.238531
33.323541
33.018550
33.236761
34.178005
33.421545
32.174064
33.280803
30.718850
31.530619
35.280813
41.850793
35.543708
33.016959
31.918331
32.836586
26.847603
28.229749
28.625558
27.465601
30.901607
25.394159
28.176564
33.827161
35.818577
39.754361
31.086235
32.275082
40.099387
42.928213
42.307598
42.657743
40.131151
45.519635
44.030473
30.032991
38.075019
35.454227
35.593717
34.463842
33.790420
32.807052
34.133416
33.316175
34.237027
34.615387
33.629913
35.378045
32.904959
31.509829
32.827696
32.403547
32.538344
33.034844
32.545899
30.026615
32.715047
32.127713
33.577215
33.354534
32.219834
33.539305
34.878826
42.621232
36.604615
30.610551
28.554555
29.872386
29.065035
34.865645
28.844540
25.933843
31.014377
31.301701
26.973849
27.198322
33.515611
33.514481
33.089332
33.349257
33.887247
32.437287
32.692864
33.027140
33.568440
33.387959
32.050672
32.658536
30.772270
26.288377
32.236171
32.450536
31.582955
32.785744
34.314087
32.708656
31.371495
32.605419
31.257306
32.839157
32.793646
32.351040
33.855322
51.508169
34.154073
34.495265
34.677750
33.977284
34.593664
34.932564
34.884179
31.231418
31.627416
32.171983
31.340941
33.999984
34.028098
32.430326
34.211055
32.539459
41.245530
42.126049
33.499113
32.241060
33.249282
32.370212
32.071605
33.300794
31.307993
35.648610
41.796210
33.812473
32.430471
32.840295
38.018001
41.924186
41.989941
37.794707
34.563314
42.304511
42.725387
40.758557
33.765362
39.305944
42.106293
38.681456
40.018174
43.108270
38.832711
36.581313
42.671827
37.050793
42.526831
42.702203
39.215714
33.954041
32.367313
32.911745
32.544802
32.797544
32.115675
32.392520
32.721117
33.362397
33.958708
33.476795
33.450764
29.846062
25.908477
25.464175
30.753980
31.860960
34.067276
33.280631
32.962807
32.676799
32.279310
33.725254
33.519850
31.661676
31.978148
32.356859
32.509009
33.042973
33.915400
33.409620
33.605575
31.643587
39.734047
31.769245
26.486914
28.021717
32.535765
34.129988
31.442173
31.923095
37.510074
42.284887
32.579781
28.950413
27.513901
30.647045
33.057914
33.383750
32.809536
34.512349
32.235545
34.850216
32.566252
33.082768
34.315326
33.663483
30.539600
27.705298
29.657952
31.752682
32.166574
28.251299
26.791111
32.885392
33.527621
28.498792
27.379304
27.070909
30.931556
31.392964
29.381725
26.588175
30.774761
29.977314
27.315791
34.106908
31.640696
28.299474
41.111481
38.699904
32.262241
32.805028
34.876446
33.756435
33.459592
33.640918
33.478653
34.012785
32.512951
33.539835
32.662044
32.590730
33.958644
30.678122
27.641692
29.105696
32.289960
32.520187
34.217572
33.832601
34.708414
33.652430
28.013771
27.046199
27.226757
30.890537
34.612262
33.649657
33.074180
31.937049
32.626775
32.242091
32.766587
32.028953
32.699504
32.335711
33.113102
35.588648
42.388819
40.449560
31.455942
33.029139
33.867597
32.720436
32.936259
31.854902
31.716767
32.622244
32.470750
32.423375
33.774160
34.450316
33.421214
34.552035
40.059921
35.920792
32.894248
39.486375
34.573216
32.294699
35.383389
34.483218
34.078073
46.775857
38.484810
35.094495
40.736020
52.773865
41.253179
33.725693
32.018381
39.804461
31.653368
28.570393
30.593921
32.670886
33.787227
26.689521
25.127425
29.913480
31.233918
33.502615
32.411324
32.495281
28.092493
27.147615
32.127597
34.538653
33.322470
33.230588
32.956981
41.084026
51.016234
35.088251
35.031305
33.782787
31.812717
30.340177
33.473107
32.875864
32.985745
39.316966
42.959693
38.012569
34.726127
32.385084
30.908497
29.659308
30.457439
31.550127
31.359288
40.040688
36.450842
31.840023
32.411856
32.627578
34.300655
33.586213
32.464243
35.529070
43.183448
39.065947
32.168286
33.862128
32.853990
32.998763
32.437432
39.798752
37.245749
27.586176
25.744809
30.202540
34.756085
38.780768
32.984913
34.793117
33.034019
33.971214
37.729109
36.555990
31.299787
32.291168
33.097754
28.205929
26.755652
31.855914
32.954558
32.998308
32.614215
38.558958
34.225002
33.125661
33.876518
40.658696
42.097411
34.262981
26.277389
27.130664
31.187772
30.496955
28.303467
29.416756
29.785780
27.817726
32.565003
28.219421
25.686582
27.116587
31.976388
31.659183
32.390633
33.308951
31.760528
32.925492
37.026529
43.270802
43.767554
36.205681
32.777787
32.158659
33.938882
31.774380
32.587852
33.756991
32.982873
31.855794
31.516800
34.134464
32.984999
34.574422
35.030309
35.064586
34.694947
35.084529
46.485487
35.023508
32.261947
32.979034
33.597383
34.248476
33.334770
33.535439
33.984072
33.888819
30.810343
27.199616
27.816464
30.553977
47.166847
87.442176
25.775638
36.637142
35.889046
30.558192
24.296105
25.689707
30.366601
25.036283
27.234972
25.465233
30.485656
40.145261
31.690366
31.235779
31.840282
31.148041
31.124202
46.407686
33.072552
32.222603
32.340462
32.450425
32.477577
30.681233
33.184384
33.315193
39.781919
30.910625
29.717229
30.919627
30.465526
31.073868
30.827835
31.047185
32.798353
30.232008
39.899329
33.571569
29.231688
24.871619
28.273825
31.495602
30.225637
33.140506
41.129532
31.917214
24.156082
30.035636
40.109367
38.080266
41.115934
31.787152
31.767073
26.871901
26.471609
32.554368
33.612624
33.201121
35.555410
33.662664
32.401177
28.266756
26.649581
31.031813
32.431897
32.455377
34.310890
32.963401
28.018230
27.549984
27.371032
27.121187
32.845213
32.425688
32.796223
32.607457
33.319730
33.480857
33.713005
32.325340
33.725341
33.539761
33.833305
33.176313
32.724924
33.880304
35.530944
34.220767
30.484091
31.887406
36.346312
50.204116
32.559387
32.620935
31.822750
33.744951
32.412057
39.194245
35.503328
31.872269
33.512060
33.329667
32.777782
33.435376
31.975180
36.463056
39.833667
32.633327
33.560451
40.380677
32.027458
32.269604
32.987618
31.069344
27.149280
30.371217
34.458292
26.772005
31.847708
33.371913
33.277823
33.186561
35.270564
33.281256
33.304149
33.466666
33.665675
34.568381
34.143160
35.060294
32.428522
33.473561
33.244584
32.394656
32.855106
31.898934
40.992264
40.614406
35.210332
31.475092
33.548503
32.742211
33.548922
34.109665
31.955941
30.857964
31.363524
29.366082
26.069524
26.827806
33.496162
33.722180
39.539330
39.649158
31.927498
32.585037
32.820297
31.138317
27.259105
33.634382
31.171575
27.219235
27.601880
30.582468
33.673644
31.706216
32.264549
33.550939
33.327848
32.666522
33.412289
34.825561
33.431469
33.054379
33.357286
32.989681
31.246380
33.182693
33.613785
33.298489
33.457269
33.149719
33.020389
33.556329
36.879173
33.017479
26.275890
30.387908
30.099052
27.235403
30.426123
32.501432
31.566179
32.724343
32.722932
32.887910
33.454071
31.705666
32.801403
33.767263
34.380227
29.941968
29.541343
33.147776
32.407039
33.890465
35.717143
41.972894
34.332406
47.855200
51.550266
46.737852
40.220407
50.543956
38.259035
34.598257
34.871498
33.631947
34.649300
34.249747
34.578509
32.160782
30.103129
33.167579
32.931432
32.704374
27.018564
30.677166
26.606121
24.576225
34.170007
33.463288
42.077372
34.296862
32.032248
34.943461
35.327997
34.866784
33.001143
32.088322
28.241537
28.664688
32.955366
32.422486
31.911566
33.571495
35.099772
28.515783
37.677398
41.948206
37.849257
26.408961
25.108876
32.834769
33.164671
32.208390
35.885864
40.762918
32.557613
33.956878
41.298754
29.054914
25.743914
27.193130
31.279847
33.639610
31.642715
32.968710
32.960260
33.655881
28.162025
34.651696
32.811155
31.647764
32.651998
33.060513
32.839230
33.231521
31.812633
33.392714
33.000637
32.157269
32.070014
30.717618
32.149261
31.545577
30.469667
29.177373
31.424703
32.592308
31.851496
33.741215
37.151426
31.594839
32.168823
35.311610
33.673222
32.692278
34.160422
33.103066
29.001473
26.290005
26.933058
29.268086
26.203482
31.517769
34.434353
31.588168
32.184738
31.686308
33.739484
32.257422
34.290316
32.875519
32.794278
26.787829
27.273109
33.470271
37.954660
32.565299
31.376177
32.676313
32.814387
33.479674
26.577528
27.127568
32.377603
32.705994
33.397144
34.312247
33.730562
31.793285
24.912756
32.155452
32.082312
32.510576
35.514425
42.364483
42.277490
34.419503
33.905174
32.191990
40.476386
38.568794
33.301388
33.240517
33.084490
29.685202
30.906249
39.181021
28.513522
27.140527
33.006152
33.860060
34.734878
49.519980
34.209005
51.168198
34.854644
34.029942
31.290250
26.137558
31.179722
34.029231
33.893820
34.481866
33.938560
33.098925
33.189015
33.682708
26.300941
29.111989
32.223910
32.004407
27.395790
25.937615
31.556425
32.133440
26.528731
25.970629
28.903584
31.176553
32.633301
32.512263
33.843075
33.708868
37.192956
34.096100
32.713197
33.661701
31.511180
31.687219
32.070697
33.793901
31.143529
26.686247
31.476451
34.189924
32.640133
34.945127
33.716346
41.085008
32.518902
41.487650
41.523587
37.198691
33.801139
32.242725
34.142830
33.427857
31.733653
33.624271
34.359588
27.083999
28.515755
33.710647
28.835357
28.046061
44.411696
32.967517
29.490327
34.548550
31.590117
31.404681
29.974224
35.506211
31.745584
32.798761
34.032524
33.457952
36.505294
35.928677
28.763166
27.100381
32.803124
32.998713
31.409902
32.797999
32.708785
32.395681
32.970572
32.143560
32.678452
38.779204
40.219768
32.444470
34.102578
27.083457
25.627227
25.187698
31.388222
32.440556
33.259644
33.024178
33.354332
33.806609
33.543636
33.136852
33.569604
32.745518
32.403222
32.597767
32.876067
33.746481
33.537521
33.692932
33.487499
33.833509
31.733861
38.467652
32.085391
33.726575
33.840178
33.981540
33.591933
31.565889
30.014935
25.173347
31.144271
39.980182
32.840659
32.716469
33.891643
33.874865
34.156734
32.295085
32.848033
32.726071
32.456797
32.788467
34.670152
33.609023
33.944466
34.480985
33.849617
34.171065
32.335198
34.638871
34.313193
35.190255
34.672248
35.145797
34.694844
33.519389
32.179310
30.384823
25.915892
29.428038
32.570275
39.938825
36.556271
33.926053
32.384293
32.458670
31.557609
32.809882
33.550512
32.759010
27.080155
27.604573
32.083605
32.992532
33.104691
30.885419
39.544848
38.014507
42.915362
42.109870
36.542946
33.844731
33.077060
31.843649
37.979775
42.748458
33.000494
31.947006
32.002720
33.126362
33.128889
31.533641
31.395706
34.017799
32.941593
33.309729
28.908642
30.051561
33.382967
34.680915
34.799177
29.151666
31.658608
30.732671
32.652315
27.654906
26.989787
33.390777
33.049663
34.138112
40.758860
33.538646
39.565959
38.636637
42.084035
42.803322
32.350414
31.977105
33.377720
36.808327
32.617345
32.939224
32.351688
32.278838
32.455549
31.770692
31.355407
39.992776
32.594490
32.683636
28.373213
28.791866
30.377982
32.429115
34.242317
32.582676
31.956364
32.149892
32.599668
26.442659
27.558630
33.132049
32.831767
29.404843
28.128935
31.625439
32.482346
34.079557
34.448451
28.476588
25.828686
26.325421
26.615693
26.671683
25.674794
31.877811
31.088412
32.367448
26.802827
27.852146
32.829428
33.375527
29.680152
27.927017
24.632689
30.667463
33.000937
33.287538
33.065336
27.349852
25.381126
36.862924
36.176379
32.349753
39.083500
42.097845
41.623984
32.337548
32.484691
37.670884
37.996618
33.164106
32.465834
32.796434
28.460810
25.904813
26.183995
27.087942
31.954830
30.938424
31.248701
32.102663
29.541609
24.304207
26.313912
27.002374
29.453657
33.746282
29.629156
27.422535
27.627262
27.076062
29.147829
28.883475
26.986527
33.002808
35.548706
34.738605
33.024418
34.683761
34.157103
35.037612
35.191390
49.305525
48.185551
35.043279
34.693835
34.356421
34.783209
33.847654
34.495126
34.066295
34.110284
34.048530
32.911306
32.591843
33.954036
32.546744
34.400784
39.863637
39.379699
32.758320
32.937853
33.480154
33.220990
32.398660
30.720227
33.998867
31.396893
30.993861
32.532412
32.515325
32.723293
33.156758
31.814973
32.293699
28.180327
25.878499
24.033978
24.123446
27.217890
33.746953
32.384345
28.981228
25.423673
25.519511
30.505546
27.096624
29.651975
31.916387
30.894986
32.284626
34.069719
33.554731
33.955780
32.217871
34.469855
33.324959
39.321509
29.627437
25.631042
29.709429
41.112646
35.069470
31.190227
38.062256
40.519331
30.622957
31.628680
32.724885
33.097505
33.828650
32.636639
32.333082
25.193204
30.566718
32.083922
31.496993
40.727017
34.148193
26.481345
26.131129
29.319733
32.278044
30.743426
25.339673
29.311788
32.294147
32.940670
33.238072
33.088767
30.953208
27.564513
30.456162
32.364487
32.335546
32.286957
33.612219
33.561970
33.556354
31.450641
34.110821
34.341594
33.908678
32.124492
31.476683
32.073184
32.686475
33.748200
33.775491
33.643109
32.445758
39.517783
42.118438
37.707921
34.687999
32.363646
32.491681
32.695581
32.659055
41.823842
41.062667
31.373929
27.936376
26.046038
30.839720
34.404410
32.945324
37.412317
41.131048
27.552464
26.215464
26.171385
30.206640
28.140651
27.206478
33.265288
34.310473
33.018912
27.304030
24.916021
27.318220
32.170367
26.171274
29.685762
52.465919
31.814829
30.818267
31.335572
30.577175
30.833550
28.672550
30.192715
30.920586
29.911233
29.476718
29.338962
29.609413
29.630500
35.791772
29.220009
28.853055
34.348891
32.004231
31.768233
28.716746
29.979472
28.615078
32.487766
32.911677
33.388803
30.254740
32.544670
46.083631
28.637481
25.354504
29.629973
31.850989
31.459804
29.323616
30.917291
32.122525
32.988609
31.571170
30.196475
31.162595
31.825093
25.667628
30.080129
30.799108
31.690796
30.733373
30.983337
31.447172
32.320846
31.594181
31.885612
32.021637
30.883092
32.238829
31.891089
33.153716
33.667414
32.118378
33.492874
33.229029
32.056076
31.449739
25.099651
32.756607
31.351435
31.326863
33.386027
32.698154
33.538972
34.333081
33.627757
32.900194
32.493007
32.294588
29.604694
26.662481
31.409463
32.909820
32.401700
32.798642
32.593880
32.418278
27.061006
27.137610
32.594773
32.484608
36.786574
38.724531
33.584567
34.586408
34.992461
32.787094
32.797712
36.850657
31.293353
24.812534
31.699080
33.889945
29.224322
27.251298
31.316646
32.572451
33.268530
27.692470
26.535316
25.912570
32.072684
32.971974
33.828241
32.065697
32.586399
32.189306
32.664196
32.687718
42.561201
31.678237
30.665034
30.871350
33.319586
32.109542
32.286440
32.618035
32.215097
32.415461
33.415735
32.921845
34.070010
27.243286
26.092573
27.844912
31.385191
33.508217
43.196869
39.662115
36.659791
42.125261
31.075556
32.497125
43.604495
42.667983
41.934761
38.749950
40.938091
27.213152
32.224191
31.843884
32.771920
26.377463
27.930050
30.219627
33.495757
34.750457
38.783515
32.844998
31.756273
26.003669
27.670558
26.739664
31.330798
32.868015
32.066945
32.185125
29.188102
27.236138
26.018316
26.121611
29.118341
27.053327
31.098360
38.630124
34.638457
33.801201
34.163769
33.844161
26.221859
26.612931
31.172094
34.053405
32.180858
32.262530
41.141659
36.464678
33.619071
33.907342
30.709746
26.670431
36.883041
40.341657
33.644674
29.226066
27.860988
33.074927
34.621892
34.084373
39.687582
40.410792
34.332609
27.084723
26.233764
25.726652
28.359106
33.156445
31.382614
31.690668
33.018124
33.679566
41.745606
32.738179
31.885233
34.441435
33.477531
34.813454
32.846406
32.242870
33.203625
32.145907
33.162487
33.536646
33.967247
35.744548
35.339666
33.792567
33.936216
32.819493
33.143953
32.253609
34.414296
32.178915
32.225129
32.829980
33.943166
33.141417
33.303727
32.065111
31.894545
33.627784
33.227817
31.923164
33.492049
32.890898
28.051211
33.206051
32.188882
32.217202
32.759452
33.078293
34.096900
32.757165
33.130325
41.749117
42.393185
40.486012
31.893984
32.844970
33.200351
27.460614
29.288728
33.441928
33.492915
34.839332
28.078370
26.380958
30.068648
31.960867
29.191638
32.217899
31.152190
34.320343
33.419656
42.324093
34.385940
35.749357
43.223620
41.965155
32.972976
33.247111
32.145943
32.632349
37.634938
28.697622
26.461422
33.157671
33.233155
32.880738
31.938255
33.607381
39.577522
35.820320
31.474774
31.890689
31.981231
32.226991
33.331458
33.606714
32.845053
33.960868
37.537610
32.083151
40.646683
38.061015
42.002915
36.407519
42.048140
28.782735
29.726882
33.341758
31.113919
30.458088
33.095518
33.005506
33.377105
31.971026
33.794018
33.309984
29.782409
30.228317
31.782698
28.994118
29.828815
34.825048
48.582906
34.280466
35.095049
34.395085
33.113900
33.724212
34.975166
42.016617
34.377086
34.149304
33.083425
35.407585
34.353257
28.990662
30.536303
29.723899
32.800074
32.921826
34.775963
32.289772
32.230907
26.654138
29.348131
29.118363
25.842700
34.263827
33.622505
33.792496
34.258052
36.265832
41.888368
35.433870
36.194158
32.147305
31.450311
26.611538
26.061877
26.262056
33.045913
28.931785
27.299162
32.364442
41.699381
42.188998
36.837727
31.481384
27.463513
28.208274
33.812271
33.187784
31.844197
35.632392
39.374767
34.954178
34.315423
33.596474
32.941866
32.546120
32.690396
32.425394
31.565414
33.232826
33.237088
33.405197
34.623929
33.018023
33.310660
31.782484
30.696817
27.488905
25.859648
25.702446
26.405221
27.425307
27.159177
28.410699
29.430742
28.494572
27.293306
32.200172
33.537903
32.663927
31.116428
32.869554
32.694573
34.717287
33.639925
33.115062
33.468054
33.055178
32.256408
33.041279
34.230477
26.267169
29.616921
33.374418
32.457713
32.836893
33.955490
34.614736
31.972022
27.984329
27.799639
28.108368
31.582419
32.068502
33.464118
30.055444
29.426133
31.991610
31.551240
33.921403
39.752678
41.159540
40.408854
33.552843
32.454833
28.647832
28.868827
31.894462
26.861901
27.600444
31.056527
31.258768
33.496938
30.430739
32.106010
33.668983
29.750239
24.976916
29.422079
28.366748
25.309603
24.873604
29.820160
32.741495
33.117170
33.774473
34.095851
34.717152
32.159291
32.771520
36.214595
40.582612
32.540057
34.119333
33.036052
32.423980
34.320011
32.835208
40.074678
37.854794
36.097575
32.366956
31.347477
32.813931
31.803149
32.442132
33.045869
28.965074
26.930360
31.131509
35.524637
37.590864
30.298006
26.097484
25.359513
24.790335
26.319229
34.039034
32.787036
32.290640
34.354671
33.076203
32.589931
34.277625
32.211363
32.507693
40.010240
34.867322
32.208221
33.690104
33.048190
32.158767
31.981651
26.322136
28.299655
25.396226
27.571659
32.370259
33.734831
33.535670
31.416553
32.295763
34.232354
32.696579
30.577794
24.094920
30.761543
35.479707
32.705909
30.400173
31.373735
33.412134
34.078491
30.315868
27.076177
33.785188
38.843348
35.432141
42.350286
42.093596
40.179620
32.255556
32.575493
39.993631
32.738324
33.157993
31.851782
33.481784
32.884109
31.183815
31.935271
32.251712
32.368673
32.590506
32.390298
39.745771
39.670246
33.380979
34.053203
31.204961
33.007434
32.996006
31.997648
33.619695
33.021716
33.676961
32.349039
32.201295
31.827019
32.335051
41.856959
34.289444
33.488015
33.211567
33.648840
32.595746
27.916140
26.860215
33.955721
39.861900
35.648211
32.894102
33.239531
33.563439
31.106073
26.495756
26.303050
30.784091
31.411166
25.434320
32.336054
33.224166
33.190282
34.389367
33.579037
32.811715
26.047105
32.565358
33.206954
33.046685
33.635161
34.383550
32.062545
32.108292
26.583157
26.562495
25.723003
29.971438
33.151074
32.292081
28.689562
27.544868
35.349340
32.466452
40.175271
42.814740
37.229601
31.576361
31.964992
32.860166
32.745339
33.058733
33.564855
33.461207
33.374638
32.165863
31.099739
33.909100
34.126063
33.283295
33.470445
32.740277
31.552051
32.071250
31.991233
32.405246
32.231683
33.113296
32.099811
33.381544
33.077234
33.136325
33.141356
32.030024
32.578117
32.358389
33.058296
33.011215
32.270818
34.301241
30.584483
27.266576
29.518024
32.739836
29.242821
26.205311
30.860505
27.767219
28.859908
32.841050
32.600565
33.353432
34.051434
32.082305
32.127118
33.347374
35.733121
34.647901
39.565529
35.130334
36.537886
40.930679
36.943107
32.521636
33.540482
34.073058
32.966255
33.048259
34.004247
31.053690
25.556345
29.097356
30.724242
25.674763
27.181646
32.174898
32.572585
34.345640
31.860374
32.331571
31.314686
30.905501
33.263543
33.237745
32.418671
32.407891
29.447609
28.743380
32.221988
26.758933
25.588615
26.983643
36.813864
34.507160
34.927248
33.034241
31.907424
34.430030
34.038139
30.728231
24.668668
27.721055
32.877808
34.144785
35.115995
38.651708
34.303666
32.285273
32.102581
29.106483
28.851520
31.280419
31.962788
34.718517
32.829301
34.511480
32.942711
31.507076
27.779979
33.939421
32.854020
32.167818
33.994773
32.430114
32.864215
33.396168
32.984089
33.205502
33.596261
35.192116
32.274194
30.849471
32.044346
34.721464
32.358083
33.437542
33.877956
33.316736
31.996112
34.442330
33.157259
33.290785
34.159760
32.943868
32.163951
32.628673
32.642348
34.929451
34.323042
33.258717
33.213073
33.643813
33.630617
39.877989
44.259668
34.376331
34.426842
35.031511
32.881201
32.326991
34.013428
34.619158
36.180720
35.216992
35.425960
29.105172
31.645442
31.444091
35.154363
34.883050
34.942273
29.614063
30.015172
33.776882
33.215341
32.044614
32.288355
33.848107
35.651591
33.276065
32.710290
31.918306
32.540701
47.098839
32.689951
29.673557
28.207723
28.354383
32.401090
32.381933
32.507765
33.813018
33.794410
32.582367
32.190496
32.540586
32.784473
32.668333
30.366436
37.386212
35.984480
42.339954
38.297816
52.171042
