50
29.065253
24.454939
25.359392
25.086468
25.818741
27.868763
29.073626
31.378731
30.017315
31.033990
31.158967
30.417729
30.515283
30.648384
31.632892
29.572743
32.087150
30.293061
33.432316
30.974781
33.190239
33.859516
34.423261
33.178415
30.490749
30.914346
32.522217
32.221888
32.245052
32.321920
33.338370
32.729756
30.960030
31.897038
29.599104
30.033538
31.426942
31.627324
30.113728
29.009862
26.905287
28.308944
28.973860
29.648812
28.849856
29.570607
28.685193
28.811461
26.301647
27.849571
34.835504
39.614044
34.100537
33.123406
34.981538
32.805100
32.610770
33.395585
32.298133
32.831412
32.868303
30.925651
31.235313
33.807605
32.750916
29.307905
30.731061
30.372400
28.699715
29.714407
29.510385
29.779698
28.721347
26.228012
28.128448
31.858230
30.605649
33.255652
29.521051
33.892696
32.838573
28.281316
30.912510
32.029625
31.272627
30.744879
31.987696
31.073758
32.707661
32.479533
30.552035
30.756657
35.535736
38.897985
38.446087
37.532580
30.625802
30.235767
30.627132
31.436492
29.743666
31.311258
31.701855
29.480095
28.286238
28.909661
28.275770
31.338821
29.634109
32.487687
34.289286
34.255662
34.953995
30.570832
28.169162
30.216281
29.115104
29.746275
33.882987
31.928621
29.433512
30.654697
30.209780
30.639221
32.895515
31.206285
31.552527
31.406955
29.966840
28.260665
29.904442
35.220696
35.101440
36.777973
35.459108
35.312831
36.192510
35.317284
32.589769
32.021181
31.874294
30.612946
32.330785
33.270158
32.343215
31.607843
27.202169
29.105324
30.634921
31.412209
32.059220
38.478992
35.156055
34.081322
36.775306
29.964917
28.026264
27.163265
30.481606
31.054191
33.028626
31.944075
32.533247
31.615620
29.640281
31.588173
29.644722
29.410391
30.140488
31.121361
29.459661
31.015471
30.414817
31.312717
29.896887
29.550588
29.314559
29.096525
31.337258
33.125861
31.517956
29.709235
28.969493
29.458622
33.884178
32.438158
32.801624
30.257638
27.879727
33.046991
32.671731
35.299214
31.305922
32.874877
30.017051
31.777418
34.370450
30.189990
30.331521
27.802685
29.726938
30.098981
30.642139
29.054484
29.249308
30.032645
29.623422
31.000357
30.173834
30.664024
32.559611
29.513871
29.691754
31.792178
30.047619
30.517460
26.837103
27.075771
29.011214
30.498941
31.418506
31.399769
26.611242
31.995098
30.767409
30.906076
33.249429
31.846104
28.694875
31.389321
30.657679
31.103922
30.036052
31.826316
29.842464
30.383950
31.487164
31.790877
29.582619
32.793532
32.737961
28.854197
24.960930
25.985731
26.122780
27.646332
27.654849
28.024139
30.010138
32.372866
33.083170
32.237388
34.073449
32.884246
34.280409
34.555269
33.789901
33.373002
34.174480
29.096075
34.578172
32.797470
30.571207
31.282538
31.187204
32.485909
34.430799
27.753549
32.361437
31.424635
31.553315
30.140311
32.073731
29.904119
34.299250
30.258342
31.325022
36.853017
35.125133
29.125444
32.608153
34.587971
34.887204
33.805771
34.595397
35.986561
34.634179
33.626934
33.435076
34.393701
35.490211
33.942720
30.528031
34.704354
33.244225
29.905056
28.646063
30.557970
27.595964
28.736717
30.750169
29.556892
28.781033
32.009906
31.579303
30.864687
32.581896
31.229625
29.736869
35.340489
36.268509
33.503364
30.469532
30.319732
28.299317
27.343271
29.122378
30.628002
26.211396
27.646437
29.095162
30.645944
30.277262
30.405316
31.949834
29.903578
31.086803
29.280551
28.605104
30.428523
30.616109
30.708728
31.465643
30.001912
29.483923
29.011049
29.974739
35.581427
34.394644
30.031268
30.241555
29.445633
31.954763
31.665460
32.221021
32.527126
31.750557
32.456710
32.866093
30.804703
31.607133
31.194887
36.274331
35.822901
34.875513
31.637727
35.216942
34.658694
29.884548
26.553879
30.599965
36.504358
38.253172
38.143667
34.171599
30.370889
29.672396
30.070679
30.500470
30.395102
31.027839
29.153661
30.971554
30.732755
29.077074
30.917153
28.114736
30.096884
30.123798
29.632639
30.579767
32.731327
32.030974
36.326095
34.693096
35.828893
37.379790
33.931910
35.795005
35.002334
32.808352
36.594847
32.075132
30.428052
30.441167
33.119960
33.805717
32.069388
33.454996
30.611592
31.681702
30.239083
30.769697
31.339792
31.489126
32.546646
32.736346
29.586843
31.746736
30.979841
28.574259
31.722252
32.201446
26.207807
27.113996
26.142679
26.997985
24.965820
32.665381
30.963585
31.692262
30.218438
30.533947
30.330401
31.060282
30.675017
28.157616
30.122817
34.424364
33.210181
33.677202
33.124231
32.629540
31.103651
31.220626
33.943746
34.604156
35.046432
32.649205
26.494509
29.017177
31.610016
31.112927
31.028954
30.743672
31.403847
31.603442
28.620786
36.366483
33.213032
34.877220
35.165570
34.498303
33.470087
29.123028
29.442454
27.176974
27.184625
28.198120
29.192799
29.124832
32.026902
31.505022
28.956949
30.807774
30.236859
30.710324
37.239509
28.998385
29.476141
30.406186
29.569608
29.045031
29.404352
28.508785
28.762226
29.966018
30.570043
30.790506
28.636735
33.815548
39.167399
39.059373
38.667587
36.053993
33.807965
31.101376
27.091099
31.061263
25.191226
29.495287
27.673787
29.733627
27.281714
28.051931
29.545074
28.469098
32.386070
30.601090
31.130249
30.297638
33.876773
30.679835
31.605264
35.260888
28.975502
31.485111
31.735666
30.600843
28.510202
26.274716
27.302527
27.402879
27.559957
28.462603
32.220163
31.979582
33.764394
34.822324
34.152056
38.199210
36.693011
35.581721
33.405655
34.143312
34.313237
34.565318
32.965837
26.847012
29.416732
25.228385
29.997587
25.740082
28.687594
29.144215
30.400951
31.971999
30.374603
30.183074
29.382063
29.435004
30.480730
27.572246
32.985922
34.069900
34.587545
31.731836
36.612976
33.372512
31.332907
31.665095
29.242780
28.249218
28.547691
30.017700
33.422490
31.260896
31.014530
29.999452
31.872259
28.229301
31.423302
30.576646
31.677595
32.970302
35.477312
35.684420
33.711993
33.810874
34.988081
33.720007
31.774505
29.368876
32.442523
30.255146
26.832877
27.570987
24.946240
24.661585
28.537031
31.825978
31.806529
34.674243
34.152893
34.002176
35.719887
35.851516
31.925421
32.341551
29.876494
31.374944
29.588684
31.575681
28.885385
30.400252
30.253868
31.042646
28.434294
27.323310
30.013770
31.315269
31.048677
26.736843
28.630185
26.588603
26.742800
28.436255
33.467880
35.301701
34.607304
29.958598
32.044622
29.510004
33.420026
29.875579
32.445535
30.608445
31.709939
30.221009
30.682554
32.243699
32.676466
33.346234
30.926293
33.678508
31.564282
32.366002
32.518244
28.883083
25.651070
27.756998
29.060790
27.187637
26.256742
29.764918
30.263167
31.845674
30.156742
31.084279
34.159235
31.862217
32.313386
35.559857
32.954523
27.554104
32.301834
27.169881
26.493557
28.302343
29.436349
29.348425
27.450448
24.528298
26.563496
26.291379
26.094005
27.686803
28.768646
34.025295
30.038572
33.084551
31.080777
31.890371
31.084677
31.682282
31.781039
29.531024
28.153574
32.957188
34.559111
35.016236
29.437292
34.485966
37.185166
32.287004
37.168105
37.838709
34.716382
32.249247
32.408719
30.348168
35.416817
29.623156
31.464107
31.549982
31.512682
31.122078
30.176717
30.094080
31.704939
30.449144
26.534082
26.937414
28.399823
25.175157
29.704504
30.474980
31.371102
28.238915
35.104097
38.727350
35.464167
30.349657
28.911172
29.462284
29.351453
30.038915
29.698155
33.474714
33.752107
34.596908
32.557141
30.301473
29.424398
33.048759
30.833562
33.459924
30.067564
28.871804
29.066359
28.413980
29.459429
35.778901
34.131666
31.954640
32.607486
31.402288
28.736569
28.272566
25.429318
29.216962
27.940091
28.820391
27.431811
26.236101
27.866171
27.110807
28.195003
36.588024
35.066638
35.842799
35.146271
33.490621
34.712992
30.203406
32.402226
35.735076
34.161585
36.247768
32.191102
32.433905
27.534483
28.264139
28.603498
30.054929
29.539738
29.164787
25.706344
27.174238
28.618411
35.088951
34.226547
38.980694
30.674871
31.708129
31.202303
29.533596
29.109056
28.653877
25.898266
31.468466
28.611740
32.644651
27.995624
27.615085
27.838686
31.757195
31.966968
36.690291
39.568836
36.313465
39.070249
38.124305
40.193185
38.297955
40.330831
42.221143
46.333525
53.636384
32.505289
28.202636
36.055451
34.061701
29.454221
30.325724
31.019612
32.311765
29.951584
29.453621
28.902532
28.993801
28.275571
32.472946
29.858332
29.012702
27.835922
27.519138
29.027919
26.667870
29.396985
29.062701
26.511128
31.403343
33.030079
31.927047
30.448143
29.631075
32.732181
31.216087
33.683826
31.966072
30.195169
30.722517
31.752399
28.617527
30.748312
30.311394
31.131814
32.109462
29.616577
32.345874
32.472863
27.124230
29.942251
30.504505
29.106680
29.452815
31.863846
35.419841
32.557974
26.238480
29.255751
30.481601
30.980666
29.770355
30.692337
25.299202
27.891155
31.843314
29.636331
29.990232
30.956501
28.951127
30.398724
30.961722
27.492765
28.313551
28.308482
28.726314
27.742644
34.341449
34.707468
36.057405
31.596440
30.070143
29.929261
33.253482
29.278066
29.641462
33.223032
33.388952
29.121975
28.476047
31.399898
30.997580
31.634078
32.507935
33.282764
28.412466
28.671692
31.737610
30.023490
31.871319
30.522592
31.635571
31.369762
25.150835
30.468148
29.801838
26.729229
27.406578
27.501186
29.297950
30.423909
30.979088
30.663417
32.052162
30.900787
29.947698
29.166911
31.784443
31.028119
33.385799
32.287934
32.623698
32.489728
31.402808
30.311766
29.393218
31.306465
31.196694
30.630337
35.758244
28.358307
29.722865
32.436072
30.188749
29.802949
29.423994
29.356135
28.512832
28.151435
28.132022
27.772314
28.603353
30.793902
30.037597
27.992973
27.681474
27.796257
28.094862
27.516606
28.264417
28.007117
27.941609
33.040868
34.117609
34.944891
34.206453
34.316258
32.366126
28.093658
29.250843
30.852622
30.662713
31.293924
30.965768
31.377414
29.717376
28.722313
29.906706
30.785323
29.317009
30.143864
30.660383
28.851637
30.094328
32.432537
32.632438
28.841901
31.109891
31.361548
30.375291
32.581363
29.887963
29.321383
31.408239
37.195597
34.197355
31.731949
30.337948
28.450687
28.176800
27.458151
30.882851
27.657158
27.294341
28.330970
31.435793
35.535602
36.150823
34.273103
33.314467
32.868015
28.585255
32.247971
32.587031
32.168104
33.165304
29.027448
30.084670
29.269026
31.454355
33.930214
33.591367
31.036487
31.244793
34.208946
32.530855
35.747223
35.100291
30.652672
30.036389
28.851454
28.550688
30.610343
29.730490
29.827673
25.850698
26.787055
28.042972
26.089705
30.634003
32.466696
29.046188
31.180591
32.416634
30.492142
30.121482
30.921514
30.727919
32.239711
31.648644
30.453096
30.960406
30.037202
28.726307
34.425226
32.130428
30.229053
31.437485
32.505812
29.898445
31.868999
30.894304
32.240932
33.352045
27.175534
27.849924
26.870174
29.138177
30.614154
30.148164
30.148124
29.922828
27.524591
26.709557
26.516148
30.144952
30.768473
30.863222
33.367627
34.269327
37.780876
35.623921
33.249773
35.124613
33.654939
35.871042
33.362299
33.185584
33.684841
33.247169
29.158924
29.823694
27.589884
26.126312
28.184385
27.634321
27.054606
28.346500
30.778459
30.770685
30.753663
31.489386
29.651559
28.067100
29.097178
29.891652
28.953647
31.869548
29.593051
28.626408
31.847043
29.670565
27.529237
28.260651
28.061525
31.207855
30.600815
26.910208
26.078403
32.008605
27.642776
26.940945
26.719804
27.474040
27.222645
28.579980
31.381868
32.124772
33.148996
31.325810
30.390301
32.499858
30.361238
30.478291
29.685068
30.239942
31.246423
27.149762
28.698558
30.971011
34.098551
29.623130
30.595622
30.338797
33.574310
33.261082
34.360470
33.924637
33.332766
32.794531
34.622357
32.407553
36.303432
34.426624
32.471515
30.800816
29.991425
30.583628
25.366709
28.225519
30.750310
27.849225
29.414283
29.681088
32.175982
28.042227
28.198794
31.355735
33.230934
33.635998
34.540454
30.922365
30.782962
32.037239
31.316696
35.433979
35.189846
36.118146
31.472515
31.230445
30.644652
33.444345
33.156437
32.732344
32.655922
32.154660
29.394339
30.255873
28.360015
27.055748
24.955420
26.028352
25.931052
25.518280
29.026542
29.723493
31.023620
31.962818
30.207947
32.331020
34.312094
32.603676
31.293961
31.206480
29.501262
29.956087
30.439853
30.470134
31.924609
30.224991
29.348333
33.606513
31.238382
30.916061
31.304688
31.167583
30.666646
32.599569
30.166865
30.364644
30.127973
35.063498
30.347093
32.047786
30.639346
29.638088
28.598476
30.132598
28.471436
30.060921
39.491962
36.418411
33.009351
38.703514
36.880330
37.565584
31.122025
32.921021
31.681226
31.082295
30.035541
30.421804
33.713864
30.873037
30.296529
28.736718
26.874439
27.475206
30.565031
30.138994
27.539612
27.179212
29.899839
29.509904
28.644082
30.875573
26.359673
29.192891
29.963985
28.369540
28.636660
29.137131
31.705113
30.708247
29.727371
30.166162
28.471338
28.273041
27.025197
28.222433
26.584023
28.107553
27.609314
30.088965
34.106153
34.447567
28.302834
32.382538
32.987985
33.798405
34.375425
30.592789
28.631275
28.472622
28.197518
27.477824
26.412907
27.721846
28.805720
26.749377
28.641216
29.197534
29.340461
29.354059
28.349572
27.121604
29.381049
30.453824
29.991192
29.485891
27.694090
27.700707
28.335990
29.346651
24.560491
30.242079
26.154067
29.110234
27.196638
26.755101
27.017778
29.894110
28.956887
29.661591
32.317824
31.328653
31.719680
30.230981
29.739070
29.151105
28.501581
27.756395
28.543372
29.361663
29.833368
34.137436
34.935172
32.120738
35.978973
35.866982
34.324867
33.643878
32.403239
31.964360
31.589296
27.460150
29.144260
32.521059
33.669348
29.111985
29.509091
32.769271
30.080564
28.424111
28.504286
25.397585
26.253390
29.435499
25.411764
26.325102
29.174002
27.825387
27.128574
29.576467
27.523224
29.225212
29.429238
31.093932
27.709413
26.789872
26.683330
29.796498
33.855007
30.167853
30.066777
33.017726
31.570132
31.584090
30.907370
32.595711
33.153860
30.489784
33.938555
33.802447
33.615636
33.817916
33.193591
35.952139
34.751450
36.088606
33.264879
33.516623
31.965196
34.077206
32.438429
32.898824
29.068098
27.408283
32.353964
29.863139
26.043839
26.466287
28.144820
27.979648
26.185286
28.034637
26.112307
27.297604
27.746563
27.566320
25.704205
26.790188
27.478591
27.296788
30.707235
30.891147
29.090535
27.418085
27.372585
30.575790
31.752956
34.367542
36.550441
28.309963
28.607227
29.990291
30.838031
30.593159
29.030289
29.639215
29.802978
31.131851
29.819540
30.139270
30.571177
31.123814
34.167435
36.628177
34.306807
35.261232
30.763896
31.000146
31.102176
30.040193
27.768098
28.714252
33.141051
30.344025
28.476719
29.081407
27.216402
30.877043
30.081234
31.422945
28.878168
32.371427
32.458708
31.935119
30.327130
32.075967
30.965446
30.724239
30.704814
30.010713
30.396967
31.495088
32.156717
30.797529
31.199428
31.106317
29.889611
31.267859
29.668932
32.047279
33.470363
30.030318
31.004450
29.206817
27.651947
27.053534
26.810125
28.224029
27.487923
31.790068
29.709594
32.114737
31.068296
31.967649
32.362928
30.976383
29.602584
32.037790
32.073481
31.738243
31.593228
32.523823
30.811307
32.189688
31.049297
30.919148
32.394392
32.357055
28.684865
26.031022
28.059781
27.009475
29.811198
30.792664
33.663170
33.853877
33.352947
35.369427
34.544917
35.186063
35.587819
31.665377
34.736469
37.449504
34.323003
34.693574
36.670721
34.787573
35.051660
34.370036
30.750108
29.420417
30.329262
28.699320
30.941508
31.081267
31.869638
29.842132
31.366364
31.169385
28.755884
26.817056
30.006173
32.748580
32.444886
29.251076
40.540553
31.931108
30.634689
33.817022
35.904534
36.566287
34.799784
32.633918
32.250805
34.043008
32.810602
34.863808
32.431061
27.467780
26.946670
27.246690
30.197833
28.580096
28.092083
27.782301
31.096082
32.630181
30.336900
29.627580
30.293044
36.032929
31.368635
32.066032
35.265552
36.320004
34.293431
31.501216
31.342033
33.586832
30.608230
32.521496
33.512047
32.725128
31.905120
31.966364
33.642589
31.263472
30.677152
29.551416
28.548361
27.198254
27.411308
29.143375
31.319525
31.479329
32.695610
29.696812
29.843902
29.327821
29.530828
30.354465
31.092144
33.043702
32.020589
30.808937
33.768825
30.758537
31.751338
32.159196
33.986072
30.833125
29.546229
32.483484
34.523149
34.238570
34.727153
31.260155
27.951345
28.377237
25.598228
25.676412
28.512239
27.398521
34.679576
35.249924
34.800232
32.321621
29.784265
28.894478
27.628776
29.820645
34.390112
31.535118
49.343788
27.118082
29.265994
31.295000
31.652636
32.022809
31.618242
30.625718
32.540362
31.918493
30.106773
33.403742
34.168662
33.304473
29.842185
32.375510
30.018550
33.499311
35.485937
31.785335
26.956389
28.152260
30.806967
29.276731
27.387320
30.424086
29.086283
29.206102
27.140279
29.333870
29.918431
32.316658
31.349896
31.064458
32.729538
29.293273
31.307748
30.496089
30.405824
30.253795
34.400141
30.371355
29.267635
29.061764
36.962214
30.863084
30.740650
33.258240
31.815420
28.267268
29.126194
34.134333
36.696116
33.223069
36.272176
32.140557
34.686407
34.417339
33.331585
29.311643
30.474111
29.880285
30.833059
30.157795
29.623665
28.325319
27.502362
28.286459
28.252349
29.842574
29.857819
31.270101
30.173217
31.742708
31.867656
33.201570
31.581670
31.167894
36.955265
36.329992
34.574377
30.158192
28.585507
30.758794
30.054855
30.174252
30.901437
29.517541
29.939249
30.943930
29.518760
29.792635
28.677481
27.636221
28.120146
31.149556
30.143595
31.291555
31.293816
33.031911
32.396062
35.432111
27.891006
26.858326
25.250373
25.235262
26.071251
30.515219
31.482668
32.438477
31.899707
31.929629
31.961108
31.037339
31.701860
32.716030
34.130035
31.706069
34.009187
33.298772
29.285552
32.122682
31.586655
30.856688
29.808325
29.526308
29.933871
27.445866
29.894366
31.363028
32.663109
32.249300
33.933935
34.525414
29.959632
31.203480
31.384328
30.164851
34.483757
31.436932
31.257386
32.367324
32.534728
31.049882
31.814218
31.182226
28.753312
33.047924
30.439919
31.543897
35.805571
32.224216
29.629773
29.976957
26.726438
30.238330
34.298528
29.670598
32.566901
31.679338
32.015602
37.647853
33.042952
32.310926
30.236507
27.623602
26.102916
26.414585
28.949001
27.216746
26.353217
26.191050
29.212667
29.220758
33.102430
31.856607
29.284060
31.860697
29.859111
31.777892
31.685047
31.675884
30.964128
33.095732
37.749699
35.529574
35.179039
34.012114
35.630498
35.939928
34.489335
35.959988
30.757963
30.810597
32.515538
30.629954
32.541479
33.137475
31.449419
30.149862
26.571370
29.953978
29.297657
32.600995
33.728213
37.389866
36.339910
34.694132
32.525377
31.962502
31.156975
33.490887
29.204840
29.299872
31.886572
29.167225
30.958785
30.865318
30.486004
29.618068
31.668025
31.387279
30.687464
31.390816
29.947376
29.490343
29.013790
32.002161
29.948341
30.906991
30.454054
30.692077
30.630315
35.112636
36.889133
38.037487
34.657997
35.485376
36.003266
33.342668
30.982166
29.512236
30.459885
33.936753
33.365385
27.526509
28.325339
33.472171
33.211733
29.086732
34.447885
39.107711
33.669855
35.356459
36.609779
30.602563
30.576256
30.865752
30.118755
31.673855
27.848240
27.226540
34.608352
28.575383
30.751371
31.403868
34.294929
27.955023
24.999268
28.995620
28.887482
26.056103
26.645450
27.202103
30.700335
28.198367
26.493236
27.265032
32.774476
30.699642
30.741299
32.141564
32.991321
29.426390
29.981970
30.394617
31.130877
30.124446
31.588453
26.261384
29.225393
32.450491
34.390345
33.727209
34.831722
35.380386
25.944910
27.425095
26.641094
28.094306
29.664324
25.723898
26.641423
30.360777
30.505222
28.036037
31.115341
32.725647
30.241161
29.672737
32.213407
29.710731
27.805089
31.783210
30.333632
29.719744
31.197348
31.530232
31.720265
30.135321
31.411608
30.190831
31.358807
33.599031
34.898997
37.200795
33.883872
34.795680
36.412513
33.089662
31.041841
30.367701
34.086401
35.146458
32.888331
35.401688
32.636392
33.218465
30.855775
31.673525
31.882781
32.764254
31.974506
32.701546
32.388047
31.389218
31.463507
31.833611
34.292785
33.847249
35.652669
34.029836
33.755470
25.911963
26.392698
31.636392
30.828284
29.828005
30.657329
29.641288
30.629797
30.762653
29.353232
29.861925
30.311989
25.575255
26.384675
32.185777
34.154760
32.705815
36.089933
35.274274
34.338429
35.311160
32.878570
30.378182
33.251488
36.151024
33.588336
34.530083
35.439149
34.407893
29.121504
31.801966
34.367874
32.793086
30.736133
32.135573
29.546767
29.388118
33.460445
32.873903
33.026103
32.489035
35.204571
29.116891
29.620746
26.845080
28.222449
26.845029
26.773848
27.121408
27.009753
26.314047
29.798851
30.751691
31.890950
30.776281
34.475023
37.391914
31.654755
30.739062
29.283781
31.227198
29.726241
31.756813
28.748602
25.820513
28.678208
28.205035
25.977859
28.195588
32.077331
28.243670
28.000362
28.212658
31.619165
32.119449
29.631477
31.635943
31.548580
30.338651
32.520272
31.457624
33.210593
34.067830
31.680421
32.031383
34.370220
33.158137
30.366176
30.176763
31.359605
34.522704
29.784523
31.576859
32.537808
32.113134
30.788676
33.409276
28.662400
27.616747
25.001406
27.352767
28.913926
35.442941
32.960291
30.320921
27.642804
26.911475
27.707737
32.818338
30.972643
26.510943
25.562817
27.252976
26.541541
29.789118
31.579899
31.909748
31.697033
36.360041
34.895528
35.274244
35.239541
33.510237
39.031908
34.775671
32.926757
33.267531
33.209739
31.365303
32.995953
32.214538
32.193614
33.275278
29.360457
27.227255
30.351281
30.214773
27.780183
26.618822
27.949193
27.379450
27.142437
26.800459
29.147112
32.228791
31.872356
28.880045
26.391324
28.479916
29.886691
31.350074
32.044435
32.906003
33.659105
33.644293
34.031171
34.179326
33.758710
34.924330
31.008793
31.243419
30.001753
33.048215
32.015635
29.369436
31.418489
28.054788
27.686628
31.804725
29.347602
30.850277
35.128345
33.152815
30.478719
30.879529
31.019662
32.622816
31.542481
29.127894
29.648866
27.621339
25.956911
27.889980
29.704121
32.725727
32.293537
30.910817
33.651472
32.216892
30.657982
29.817372
32.085151
31.244221
29.492876
31.189978
30.062265
30.454288
30.654734
30.212409
30.033190
28.685544
28.806476
29.461576
30.881230
29.480593
33.840382
33.831054
33.915100
33.371674
34.440506
32.884222
29.229708
30.972281
28.322349
30.119393
33.957945
29.189462
26.132263
28.234723
27.378272
27.719334
27.977904
32.909817
36.134085
34.787829
31.713742
30.858828
33.267194
30.087213
29.823217
31.308667
29.118969
30.128807
29.282583
31.529738
29.844300
29.273774
29.172079
27.320660
30.087143
30.112177
30.770836
30.635931
30.526769
30.936252
27.976872
36.285856
37.648385
34.731712
36.784621
31.354935
33.046421
31.737234
32.653952
33.054740
32.357226
37.975432
32.815430
31.123402
30.220161
29.197557
26.559132
27.796843
26.991162
25.993839
28.301038
27.270699
27.140380
26.782364
27.555145
26.959174
31.698810
30.295976
31.142086
32.162448
31.095014
28.761522
27.681884
32.774867
28.236156
32.834515
29.725058
30.398218
28.734454
29.010330
31.007753
34.302953
33.373293
29.925491
25.912634
35.808476
32.577662
36.305277
27.948543
32.024722
34.428277
32.259567
29.824057
28.118971
26.448874
27.539152
26.388447
25.869608
29.515629
30.036748
28.803704
28.522834
27.426010
32.961153
34.925422
34.056864
36.447768
34.728371
29.174429
26.508774
27.349063
26.055639
29.408222
32.177136
28.137373
27.659391
26.205869
27.195404
25.860581
27.355762
29.073490
28.723595
29.564609
25.045727
30.853962
29.158866
27.519474
32.272741
37.932690
33.700032
28.382408
26.983086
30.303690
30.725055
29.359750
31.465678
30.716494
28.380135
30.163861
32.581280
33.101985
37.010251
35.630992
33.428341
27.321847
31.046650
39.522434
34.379497
31.335671
31.827829
36.094973
29.339371
30.359433
27.425578
28.881751
29.477275
29.813076
32.059016
28.642702
30.089933
34.276857
36.299248
34.967094
28.870566
34.411720
33.281717
36.875258
30.515889
31.193157
33.830201
34.000160
31.371777
27.449337
29.744434
28.567055
25.281958
33.059300
31.401198
33.135473
30.047889
30.552438
31.389538
32.924662
31.233823
29.311146
33.234413
33.266655
32.032036
32.573340
34.008932
36.691562
37.952274
37.158346
38.309492
35.454622
32.981965
36.667724
35.455460
34.806928
37.221948
36.821809
36.847208
33.072223
28.103256
30.633484
36.710060
36.766737
36.856697
35.856656
34.010529
35.141667
34.747283
33.609585
34.160539
29.635619
29.816259
29.377658
29.834961
33.340715
34.864731
32.807262
32.397504
33.696943
34.112701
28.909492
27.466783
27.357970
30.059293
32.215871
37.444691
37.420780
35.018427
51.377457
27.866744
27.270134
28.251374
29.008087
29.173909
28.467556
30.573665
30.584701
29.487198
29.489710
30.735307
31.473541
32.842425
30.622730
29.236813
28.088536
28.121070
27.118128
29.488715
30.047905
30.578475
31.103429
31.972988
30.941161
32.268517
30.302318
30.480740
29.923482
32.292604
35.649031
34.231413
34.219683
32.820167
29.472669
26.997008
25.798418
27.312087
28.963362
26.517636
28.502598
27.659024
29.821753
27.776810
27.160184
28.428155
28.540480
29.960247
27.121157
26.784775
30.428174
30.885342
31.277521
35.827749
37.106113
34.706716
28.007872
30.076625
28.625769
28.750234
30.551136
29.774633
29.350438
29.282559
29.452847
28.982820
29.792463
30.315238
29.976092
27.773922
28.587110
29.655594
29.904662
29.811380
26.438661
27.482419
27.755799
31.871107
29.067017
27.134886
30.339275
31.701992
34.292449
32.627972
30.892303
32.404692
33.540273
34.276431
31.690561
28.118375
28.446514
26.597759
27.326904
27.375416
27.373999
27.981029
28.536688
30.950738
31.704039
31.061533
29.522431
31.444110
29.005135
29.982209
30.025368
29.585508
30.675743
30.089961
29.671377
28.964012
31.445564
30.379545
30.356698
32.166673
32.459768
32.698283
32.815371
29.773485
29.387280
31.755355
29.600365
30.968491
27.777917
30.742147
31.754373
31.272254
29.998124
34.060540
33.277399
31.950064
33.508236
30.069413
31.752907
28.550987
30.620025
30.713006
31.343707
31.016969
31.536685
31.219872
30.254963
33.373099
30.950066
30.555440
30.551194
29.679135
31.916335
30.687866
30.101203
31.972884
30.918463
30.694387
33.011235
30.641283
31.152412
27.052877
26.962183
27.588347
27.285366
35.755771
30.565486
31.071935
30.785882
31.515898
29.684944
30.904968
30.002173
26.652947
28.389613
27.793140
30.250884
30.172754
30.617138
31.768788
31.460520
31.687948
32.432925
29.573039
28.577638
30.630751
32.926747
35.248238
36.186900
35.044913
34.329789
34.870185
33.262735
34.731989
34.799534
35.206386
32.808810
30.211590
31.199991
31.219680
29.482164
25.885705
29.588277
26.276465
27.349073
28.262503
29.262924
30.036680
33.737446
31.061639
31.184278
28.883260
27.238912
26.173442
27.653284
28.569371
30.237692
29.637224
29.790413
30.850017
33.577026
34.232514
30.377422
31.860268
28.730992
32.833649
32.027608
28.014307
25.850498
32.309481
29.976544
29.338900
30.989350
33.297219
29.267909
30.602654
29.537571
38.262937
34.115603
30.746829
30.472838
33.455308
34.959299
36.286573
34.587431
33.817146
32.416297
29.554442
29.143062
33.515467
31.020682
29.444086
30.615109
30.347430
31.206550
31.226319
30.566061
26.111803
24.739644
30.891696
29.784282
28.814801
31.964832
31.842645
30.734234
30.713570
33.054527
36.750330
33.251647
32.761312
33.661499
30.622420
33.692710
35.427997
33.746233
32.238047
34.247185
32.098805
32.581443
32.142326
30.441527
32.522245
33.524926
32.228288
30.181872
31.485660
31.248173
31.171578
32.714770
31.435465
29.471330
30.310510
29.765886
28.229688
27.808054
30.548041
30.796381
33.062076
31.003651
32.143764
30.725278
31.367215
31.268566
31.019150
30.917991
30.832397
32.880254
31.293236
32.276648
30.779992
29.223216
32.359846
33.737137
34.716563
34.177967
37.120603
31.973079
35.905755
30.465393
29.091628
33.982481
33.973327
32.316947
30.936461
29.291023
32.585423
32.553154
31.408963
29.979155
29.377399
29.595650
29.251671
29.541367
28.409946
29.701443
30.102893
30.480939
29.689210
31.129280
32.347183
33.021734
31.338294
36.033508
33.987297
29.535525
30.379695
30.555852
31.234669
31.380612
29.274461
30.192907
29.015083
25.706397
27.487948
27.495531
26.308072
26.698589
26.515219
29.908826
26.242101
26.180590
26.098448
28.843703
27.028316
27.943761
26.151930
29.267453
26.356010
27.472319
26.413123
26.318652
31.958318
30.002552
29.789971
31.606685
31.791090
29.933670
31.415308
30.097443
32.208395
32.348270
30.256774
29.148440
32.818477
29.961468
27.083618
29.324467
30.174412
31.591708
32.467360
31.686128
33.511542
32.361644
33.075409
28.274854
29.984950
30.883862
29.976072
27.734860
28.507441
30.310072
26.817305
27.288942
30.345842
30.134453
38.156159
33.201330
29.792731
30.659018
29.859495
29.768068
29.773591
30.848665
30.693914
30.335542
27.657984
34.747753
37.487067
30.408301
30.694760
33.513647
29.242490
28.057975
28.156676
27.306371
25.603064
32.617667
33.015388
34.237306
28.547553
27.440259
27.881194
27.237239
30.645120
27.235722
30.330762
30.035049
28.670293
29.539010
30.964442
28.328214
32.490264
30.997593
30.491304
32.345374
29.651496
33.767282
29.931380
29.969767
31.081473
30.506853
30.699104
30.033246
27.017365
30.021382
29.911133
31.426705
31.348870
30.749126
32.506124
30.494481
32.103569
29.007592
32.670852
31.525442
31.260710
31.468366
29.331473
32.557995
32.792054
28.421279
29.111682
28.934644
34.912478
35.032169
31.471837
31.906975
32.553130
29.917083
31.738389
33.062839
32.767281
30.445425
30.282133
31.476795
30.056158
30.754365
31.357059
30.877545
30.040043
29.523185
29.331906
29.992684
31.832803
29.824636
30.180227
31.628293
31.054532
29.104431
25.044336
31.003177
33.544675
31.955059
31.177475
31.702038
31.698377
33.317936
29.765368
30.149177
33.010073
30.973066
32.632263
32.417250
32.947825
31.886965
31.562897
32.258520
31.457640
33.987571
30.567218
30.177218
30.705319
34.298719
34.811314
34.722756
32.352006
34.009836
32.681486
31.596995
32.822962
32.362461
30.044950
29.749787
28.718566
30.907925
32.342732
34.089781
31.544622
32.293278
30.571218
30.272069
30.642376
26.856283
32.038281
30.517292
30.489789
31.495542
32.569043
29.913079
29.105983
28.161855
33.127594
32.582016
28.463965
29.496011
29.669085
35.366264
36.256885
32.524549
33.377783
38.521023
32.548360
29.035961
29.278769
27.629021
25.413933
30.323865
28.489891
29.023259
31.657719
30.793506
32.169950
30.896177
31.666163
32.925748
30.952479
30.730710
30.775201
30.017021
31.902861
28.480343
33.332951
31.121249
31.276642
31.938152
31.491875
31.211743
30.598013
34.788323
34.942111
30.713135
29.301360
31.366815
32.884549
31.979056
31.605901
41.419836
35.295765
31.211844
36.477351
34.849009
35.123009
32.408610
31.410963
34.898637
33.952524
34.698519
36.262370
29.173415
33.766650
31.641360
29.813045
30.598592
31.691544
30.573720
30.017693
29.821743
30.883441
30.986507
31.079017
32.603420
30.035355
32.895600
32.038744
28.092714
28.802524
25.145770
30.174445
25.977725
26.531581
27.378506
26.107736
30.070254
33.094450
29.942046
30.447786
31.087376
30.969092
30.881511
29.846577
30.886029
33.012776
31.951422
33.677705
36.796276
32.081204
34.585965
35.690588
31.583507
30.734436
33.790941
34.595507
36.463651
31.598542
32.106739
30.136206
31.274953
30.480326
31.166896
31.224572
32.940042
31.668505
31.714171
29.983372
32.327400
32.511068
35.438067
32.671694
29.663628
27.438602
28.956503
27.697830
26.667532
26.800382
27.961538
29.194508
28.698827
27.934606
26.717530
28.184498
27.824100
29.050052
30.033111
33.529621
30.265147
35.427026
33.901439
33.773839
31.203519
32.151146
31.868534
34.884912
28.330819
27.431632
30.364621
35.760064
33.154714
34.844555
35.884678
31.881784
31.424973
31.241384
33.113346
30.379616
26.171638
26.078365
26.893990
27.528891
28.708356
27.118007
26.458759
29.843731
26.038267
27.887326
31.898163
30.682564
28.904503
27.669520
26.237395
33.732669
35.302227
33.770642
31.530483
32.996747
31.401116
33.934159
36.832684
34.967663
32.201662
29.241733
28.165465
32.398192
33.617644
27.703198
30.679164
29.385369
32.106524
30.925174
29.965673
31.938973
31.271235
29.748775
29.128538
29.914372
31.420295
30.287295
28.843681
29.916374
30.235356
29.731252
33.723180
33.229621
31.000979
28.024545
32.102823
33.928737
28.458527
31.092750
29.784179
31.615278
26.342409
28.880388
29.275034
28.184751
27.193398
27.659998
27.477324
32.168893
30.169554
32.354129
31.805831
31.174650
30.563933
36.016322
31.644793
31.430018
32.013947
34.356952
29.785762
31.183984
33.475886
31.310857
31.610938
32.194446
29.684331
31.246691
29.520054
34.602274
35.435822
36.695548
36.371755
31.350721
29.183669
30.225511
32.122446
31.678921
30.427462
34.382808
36.207040
30.098346
37.039613
39.096595
33.937813
38.952250
40.174038
129.824882
