50
64.593378
69.421700
72.449417
73.734418
75.307635
75.305979
75.296883
75.222859
75.313544
75.180580
75.183180
75.189386
75.306763
75.472288
76.281328
74.919389
75.082272
75.154273
75.110555
76.641627
75.681513
75.265755
75.426577
75.306484
76.354680
76.829074
75.854277
75.634976
75.587763
75.430070
75.075648
76.885239
74.890486
74.974867
75.025200
75.060548
76.178940
76.485701
75.471086
75.385726
75.500010
75.393124
77.345099
75.192835
75.483409
75.335580
75.254287
76.120197
76.142397
75.160378
76.962018
75.547878
75.080330
75.173050
75.204341
75.188330
75.394980
75.490555
75.442289
75.464753
75.720785
75.376856
75.253107
75.160787
75.245036
75.589657
75.371334
76.633348
76.045948
75.156213
77.270732
75.192379
75.254917
75.397592
75.524552
75.398835
75.305044
77.220153
75.356366
75.105455
75.258798
75.342309
75.445498
75.422325
75.758355
75.583373
75.594812
76.981589
74.917306
74.835952
75.096541
75.454428
77.093030
75.170504
75.276570
75.212597
75.260785
75.647836
76.797243
75.250828
75.636673
75.328653
75.325504
76.818951
75.063820
75.059818
75.034039
75.351361
76.828498
75.334390
75.367153
75.366813
76.835077
75.934419
75.302349
75.525046
75.646932
77.553000
75.758886
75.464395
75.218128
75.587055
77.471194
75.361946
75.269427
75.233835
75.997022
76.637066
75.281220
75.298535
75.476580
76.862935
75.493186
75.413888
75.332872
77.319278
75.330679
74.957157
74.927938
75.004502
77.114079
75.122544
75.333050
75.274129
75.159828
77.025400
75.112118
75.393365
75.401233
77.092107
75.630910
75.218716
75.217566
76.386987
76.178365
75.269912
75.239349
75.422598
76.911785
75.174315
75.339877
76.790301
78.036382
75.732049
75.381841
75.312798
76.454843
75.985018
75.098162
75.309560
75.232277
77.345200
75.333002
75.276563
75.101035
76.906947
76.206936
75.258751
75.213025
75.249419
76.634113
75.343984
74.969542
75.141243
75.599108
77.215358
75.298315
75.259527
75.201792
77.208514
75.703447
75.508489
75.116551
75.248149
77.313571
75.329210
75.397532
75.287321
76.621443
76.081627
75.535417
75.584201
75.401981
75.417196
75.478274
75.426099
75.469037
76.950140
76.419386
75.309258
75.278216
76.225836
76.526878
75.406102
75.470363
76.147376
76.917277
75.304116
75.347992
75.364650
77.633454
75.731441
75.418259
75.291048
76.106629
77.069412
75.367887
75.281833
75.601141
77.576267
75.615678
75.478948
75.616407
77.608012
75.398879
75.262977
75.589257
76.904756
75.132814
75.208521
75.931785
76.830086
75.166988
75.416240
76.195512
76.986854
75.688769
75.593906
76.129652
76.713793
74.911071
75.021338
75.254805
77.261928
75.444955
75.330110
77.288411
77.025778
75.295958
75.444153
75.416241
76.965265
75.498663
75.411234
75.402469
75.946549
76.795476
75.343100
75.540690
75.395206
75.984930
75.492451
75.511540
75.710849
75.609274
75.526132
75.296439
77.222618
76.323098
75.754333
75.411079
75.445353
75.435392
76.898324
76.397501
75.324592
75.364290
75.463645
76.687929
76.099992
75.436832
75.180379
75.323991
77.295734
75.397406
75.366856
75.083882
74.789758
75.776316
76.343206
75.177555
75.358505
75.332736
75.692435
76.975977
75.406715
75.343009
75.537631
75.361387
77.478353
75.503406
75.356594
75.444966
75.275446
76.071815
76.852404
75.268496
75.349725
75.220799
76.125131
76.702484
75.409832
75.481038
75.492078
75.803691
76.730246
75.379721
75.382522
75.379236
76.689043
76.257912
75.333998
75.362740
75.527458
76.811126
75.727072
75.072685
75.164714
75.461866
77.299018
75.242180
75.238845
75.139603
77.162383
75.597281
75.654202
75.323037
76.660890
77.763211
75.495633
75.600930
75.549355
76.013151
76.885740
75.270675
75.356350
75.421003
76.874374
75.735116
75.261655
75.247579
75.267248
77.295177
75.406584
75.384258
75.435134
75.320778
76.986386
76.153403
75.207449
75.198832
76.038178
76.599763
75.147740
75.207990
75.256908
77.104890
75.247605
75.384783
75.434798
76.952626
75.638342
75.211059
75.293052
76.125330
76.362763
75.071724
76.347306
75.590792
75.414429
75.485981
75.473816
75.882336
76.936515
75.497478
75.246856
75.302471
75.384612
75.845984
77.057194
75.202137
75.172976
75.179057
76.799859
75.251031
75.058492
74.932363
75.772836
76.984254
75.359662
75.257445
75.336115
76.723497
76.327295
75.390602
75.274916
75.212626
77.270953
75.337286
75.212783
75.210692
76.129416
76.465965
75.820280
75.549298
76.130131
76.706817
75.348792
75.227433
75.202885
77.427045
75.545666
75.569899
75.416511
77.213761
75.715246
75.380212
75.200562
75.986233
76.906653
75.394747
75.349848
75.344402
77.383022
75.511470
75.473292
75.270778
75.938040
76.857978
75.381797
75.436485
77.715735
76.118647
75.192270
76.307121
76.834574
75.334527
75.468183
76.063707
77.149227
75.521926
75.487805
76.071891
76.791934
75.244038
75.246802
75.894681
77.149562
75.349098
75.426325
75.411805
77.647579
75.518801
75.492320
75.579853
76.690943
76.561246
75.359788
75.460593
75.442816
77.392787
75.422943
75.533144
75.383927
76.734752
75.850451
75.338152
75.261690
75.876760
76.833228
75.409669
75.559592
75.351589
77.357805
75.200267
75.677654
75.330350
77.406622
75.312819
75.159721
75.218296
77.363845
75.222695
75.085339
75.109775
75.874028
76.659759
75.447239
75.416981
75.571020
77.015248
76.127074
75.583347
75.363006
75.926432
76.917673
75.416279
75.226485
75.283186
77.255088
75.457121
75.330518
77.434967
75.585032
75.444310
75.394685
76.829412
76.003624
75.307527
75.284929
74.930279
75.069270
75.288886
75.420874
75.488712
75.581667
75.518165
75.307270
77.174754
75.591931
75.462418
75.314191
76.876133
75.489074
75.414278
75.051934
76.455552
76.225770
75.305660
75.321870
75.139240
77.366001
75.297270
75.469083
75.465467
76.751188
76.048739
76.140482
76.236988
74.930369
75.170950
75.300771
76.716424
75.785761
75.389431
75.360844
75.414379
76.641787
76.263061
75.437855
75.543611
75.507769
77.221424
75.789749
75.250956
75.348861
75.399280
76.747742
76.255041
75.482479
75.560349
76.471524
76.651260
75.339540
75.449522
75.439439
77.219326
75.567840
75.141682
75.236642
75.930994
76.721732
75.245854
75.289313
75.106443
77.225700
74.982552
75.406394
75.250002
76.664476
75.874240
75.203025
75.297056
75.933837
77.254918
75.296949
75.399513
75.246480
77.202732
75.256380
75.322315
75.290660
77.558979
75.391800
75.346298
75.312709
76.404454
76.129366
75.293925
75.161939
75.662812
76.985845
75.498628
75.510987
75.501545
76.886868
76.025903
75.462609
75.593535
76.509566
76.769434
75.599801
75.390049
75.650649
77.145755
75.253265
75.281376
76.027683
77.077568
75.196788
75.294442
75.932480
76.820854
75.424706
75.607828
76.496272
77.222001
75.481597
77.715911
77.560003
75.372019
75.208879
75.275463
76.928663
75.770329
75.496824
75.334468
76.348242
76.276833
75.179098
75.396157
76.061673
76.699603
75.240502
75.553838
75.467644
77.224192
75.225782
75.150461
75.184020
76.998770
75.575816
75.297297
75.179978
75.738642
77.440871
75.101209
75.274017
75.377329
75.353364
75.702906
75.479084
75.500793
75.376421
77.402785
75.324133
75.363990
75.552810
77.748142
75.529671
75.472815
75.347763
77.071074
75.719626
75.400715
75.301390
76.211195
76.424192
75.165309
75.283385
75.883642
76.790564
75.129282
75.286516
75.243478
76.522897
75.893631
75.075496
75.069989
76.275251
77.007541
75.246150
75.241183
75.244346
77.156223
75.223049
75.306221
75.380457
75.454765
75.664199
76.373888
76.532218
75.647506
75.471988
75.505805
75.314503
75.998986
76.772825
75.392331
75.607460
75.603309
75.512785
75.608283
75.628445
75.610769
75.388009
75.354145
76.957200
76.038076
75.494112
75.577224
75.356566
76.450728
76.171930
75.429402
75.520315
75.398130
76.515186
76.027439
75.248495
75.102630
75.327718
76.837205
76.130559
75.398263
75.705350
77.811658
76.524319
75.488574
75.577769
75.274542
77.390048
75.688540
75.526923
75.258289
75.894020
76.538589
75.311601
75.543882
75.615960
75.515639
75.341955
75.177467
75.376426
75.264047
77.561107
75.744743
75.435220
75.454722
76.468499
76.845890
75.584765
75.332675
76.140462
76.607876
75.390975
75.393159
75.775507
76.907222
75.208920
75.173940
75.282072
77.190506
75.658078
76.098268
75.809838
75.461441
75.324639
75.691332
75.663304
75.291536
75.226679
76.540663
76.311970
75.490727
75.507438
68.205493
71.500670
73.891009
75.008844
74.753949
74.714003
74.926736
75.131900
75.289865
75.231024
75.277403
77.368112
75.356932
75.377990
75.226044
76.328122
76.125634
75.206692
75.265311
75.235121
77.169890
75.157520
75.085532
75.207677
76.235253
76.589452
75.391440
75.580365
75.762980
77.203222
75.183317
75.030059
74.864061
76.582874
75.714145
75.419065
75.238522
75.649503
76.849972
75.196528
75.306227
75.516116
75.899516
76.964086
75.443678
75.565555
75.372543
77.191110
75.374629
75.223971
75.293496
77.557066
77.309075
74.994445
74.639051
74.791243
76.759798
75.042511
74.771646
74.907461
75.359308
76.327369
74.916550
75.740429
75.000608
77.088070
74.967986
75.664193
76.888128
75.119378
75.116648
75.154732
76.767615
75.338274
75.162814
75.229505
75.736280
76.925309
75.352752
75.250465
75.183922
76.227386
76.190667
75.269393
75.142673
75.696140
77.106280
75.651778
75.572213
75.650937
77.134111
75.233012
75.355089
75.396647
77.000451
75.042460
75.285294
75.399321
77.229254
75.337355
75.158670
75.242250
76.885944
75.459101
75.060421
75.076051
75.666960
76.354361
74.892926
74.902562
75.559332
77.073754
75.324658
75.606756
75.395257
75.383537
77.392830
75.944534
76.331242
77.345933
75.421734
75.457438
76.053742
76.747166
75.235484
75.169002
76.201981
76.606437
75.391335
75.177883
76.155316
76.356961
75.216348
75.427576
75.275508
77.168218
75.079102
75.115590
75.247186
77.141535
75.213435
75.376117
75.498679
75.554766
77.351126
75.291288
75.706212
75.253175
75.835758
76.522850
75.207904
75.194494
75.301062
76.748267
75.596045
75.391158
75.333150
75.373994
77.005552
75.752436
75.350999
75.684120
75.750819
75.475963
75.462221
75.372294
75.369035
75.204655
75.528536
75.282941
75.005568
75.165655
75.553660
75.533825
76.781707
76.311509
75.207348
75.383066
75.588461
76.370284
76.478368
75.609593
75.437970
75.166931
76.749578
75.524276
74.967206
75.013042
75.457480
77.654594
75.317438
75.054230
74.992373
74.936353
76.252557
76.033730
75.191136
75.259840
75.221969
75.175529
77.232556
75.340912
75.358858
75.415285
75.255290
77.526246
75.389064
75.482685
75.276905
76.763425
76.201056
75.446349
75.378508
76.031620
77.108102
75.330856
75.463053
75.434274
76.534891
76.002870
74.994848
74.990273
75.045940
76.858352
75.874529
75.602821
75.526844
75.478212
77.313665
75.089150
75.233733
75.192299
76.173703
76.168195
75.109309
75.259064
75.391748
76.206257
76.376813
75.257565
75.376279
75.029657
75.093343
75.030753
75.311327
75.374459
75.598891
77.011341
75.514255
75.467839
75.372447
75.426667
75.332062
75.497221
75.324005
75.466804
76.830593
76.100202
75.274613
75.212535
75.927230
76.763816
75.155368
75.118009
75.059005
76.294547
75.871956
75.060136
75.136881
75.035233
76.402084
75.988721
75.190400
75.112775
75.224175
76.309613
76.024602
75.144919
75.182359
75.403820
76.260109
75.490500
75.244224
75.406616
77.064447
75.192236
75.281513
75.290697
77.065229
75.376448
74.986038
75.072112
75.962610
76.380415
75.034628
75.167793
75.253049
77.212063
75.353753
75.261881
75.276159
75.913023
76.498621
75.028946
75.138012
75.657298
77.267935
75.570708
75.547903
75.304409
75.530342
76.637853
75.271490
75.265368
75.471443
76.344436
76.294349
75.297305
75.357577
75.388820
76.540580
75.912427
75.134776
75.201833
75.197978
77.186489
75.340086
75.377732
75.525588
75.281399
77.348760
75.231274
75.207137
75.178064
75.315564
77.004505
75.198593
74.997178
74.660335
75.212534
76.734230
75.091773
75.056641
75.297528
75.833945
76.554762
75.203888
75.313305
75.151148
75.144036
77.251940
75.349387
75.276152
75.314489
75.223898
75.859005
76.548595
75.301070
75.271500
76.975997
77.106321
75.033421
75.258544
75.282432
75.547925
77.155242
75.441115
75.380544
75.337464
75.230000
75.327964
75.153773
75.487242
76.490665
76.313389
75.629194
75.550229
75.460588
75.872195
76.452892
75.373857
75.315533
75.618377
75.309798
75.180397
75.060771
75.210787
76.580675
75.980120
75.268414
75.360740
75.571690
75.587516
75.598283
75.356277
75.213576
77.141819
75.038063
75.055909
75.400740
75.479165
77.421376
75.346474
75.549328
75.454089
75.402357
76.779574
75.686768
75.415075
75.516399
75.288597
77.436033
75.487606
75.355579
75.130237
75.078554
77.454501
75.450990
75.456555
75.381829
75.251113
75.298512
77.473783
75.458321
75.308923
75.372878
75.208911
77.305280
75.842924
75.430695
75.300546
75.143905
75.919849
76.461555
75.266296
75.219505
75.097843
75.321347
75.174648
74.958618
75.203319
75.312234
75.470761
77.522430
75.047945
75.111853
75.228762
75.251526
75.284247
77.063558
75.078730
75.225842
75.390169
76.048336
77.739961
76.163070
75.154163
76.360355
76.159661
75.418302
75.182394
75.077589
75.285258
77.349999
75.241283
75.164261
75.313052
75.282433
75.366364
76.976488
75.418957
75.300508
75.319855
75.333807
75.331498
76.750526
75.972317
75.369047
75.316207
75.157221
75.187615
75.303751
77.154986
75.052212
75.388702
75.321743
75.280012
75.574174
75.541295
75.473372
75.412181
75.252012
75.341532
75.365034
75.309408
75.415143
75.190061
75.015622
74.974781
74.995110
75.490749
75.456884
75.384085
75.363576
76.934285
75.697283
75.460652
75.474729
75.428659
75.414768
77.479083
75.361497
75.444538
75.509173
77.083092
75.939983
75.467284
75.398375
75.751548
75.207511
76.733069
75.981331
75.321869
75.368371
77.631456
75.703290
75.043271
75.252163
76.010094
76.499770
75.357682
75.232345
75.168105
76.750652
75.506357
75.254538
75.203393
75.662094
76.661968
75.280136
75.339792
75.103076
76.409950
76.132139
75.097907
75.524603
75.494105
75.382531
76.196647
76.403624
74.769986
74.931480
74.970682
76.389595
75.827195
75.268640
75.531611
75.765044
76.814446
75.265164
75.102994
75.073710
77.407084
75.253896
75.259396
75.255042
77.251841
75.330579
75.498006
75.347853
76.394669
76.124496
75.102502
75.226336
76.412131
76.427405
75.495960
75.583524
75.975578
75.429932
77.356179
75.460727
75.339183
75.339180
75.271257
75.369610
75.487222
77.609513
75.354033
75.229171
75.519239
75.295197
77.123422
75.243650
75.308058
75.392073
75.408207
75.266922
75.249409
75.379412
75.299370
75.409169
75.199800
76.947253
75.611179
75.333871
75.301727
75.333538
76.800071
75.626877
75.206865
75.114370
74.910421
76.578893
74.767802
74.673224
74.742347
74.679044
77.091819
75.355615
75.207068
75.327096
76.019705
76.544147
75.076810
75.052581
76.091997
76.394803
75.099188
75.033857
75.593252
76.827458
75.104548
74.960369
75.819466
76.417330
75.204340
75.244999
75.157461
77.281697
75.148059
75.079836
75.097354
76.657429
75.468313
74.846207
74.816510
75.708783
79.880470
75.394744
77.392386
75.524372
75.557024
75.335023
75.386931
77.238182
75.258584
75.110018
75.109516
75.082591
76.884485
74.968554
75.100546
74.902776
75.777940
76.554183
75.291859
75.361033
75.422692
77.386928
75.396628
75.228117
75.187802
76.252334
76.433937
75.364903
75.371652
76.344482
76.534023
75.123131
75.354791
75.616169
77.408684
75.320737
75.345992
75.414951
76.866796
75.401833
75.332730
75.250346
75.624974
77.253233
75.741617
75.578290
75.408157
76.861232
76.585977
75.515434
75.150565
74.671324
76.926798
74.991798
75.026785
75.067836
75.012692
77.109839
75.198990
75.189516
75.153620
75.773241
77.324911
75.266855
75.202844
75.318394
75.153410
76.975715
75.273383
75.046083
75.108000
74.945370
76.960386
74.919756
74.882643
75.212922
75.442664
76.966775
74.925002
74.998076
75.155765
76.255821
76.339701
75.307508
75.592904
75.327623
77.406269
75.192239
75.204446
75.227023
75.785031
76.477999
75.263960
75.101477
75.047327
76.755798
75.891896
75.277034
75.450821
76.094986
76.904758
75.506312
75.481491
75.416038
77.271218
75.388520
75.300999
75.309384
77.342327
75.391896
75.248834
75.379660
76.571791
76.585249
75.355540
75.136310
75.101752
77.100100
75.175165
75.361529
75.554121
76.448836
77.623064
76.200232
75.279759
75.225282
75.868132
76.909452
75.245616
75.245715
75.241831
75.288980
77.169254
74.948415
75.162992
75.356544
75.833830
76.904421
75.212258
75.289869
75.001722
75.615327
76.764054
75.181019
75.066613
75.192390
76.481690
76.200795
75.338762
75.331906
75.352162
76.651976
75.798787
75.109222
75.141766
75.225502
76.212246
75.554422
77.832375
68.662012
72.410035
73.723245
75.630446
75.392153
75.360033
75.294483
75.103757
75.141073
75.082181
75.261779
75.260849
75.298139
75.314490
75.331162
75.248504
75.172471
75.575402
75.286963
75.355451
76.830118
75.668467
75.416286
75.416623
75.442469
76.688060
76.145897
75.293932
75.264748
75.116531
75.776849
76.789167
75.483727
75.406388
75.313083
75.582634
76.904668
75.102219
75.142833
75.348173
75.347987
77.226390
75.383028
75.345171
75.351241
75.461977
77.371614
75.319397
75.401646
75.448341
75.486298
76.147918
76.220853
75.201305
75.187167
75.621049
75.386811
76.688537
75.562006
75.183108
75.307710
75.341347
75.874992
76.953837
75.456972
75.365036
75.258107
74.989204
76.877925
75.187005
75.170787
75.135048
76.891153
75.749403
75.194261
75.328388
75.284144
75.254043
75.439837
75.302757
75.170615
75.309023
75.637558
76.660867
75.311865
75.376490
75.200010
75.333285
75.327836
75.437226
75.330564
75.280655
75.137032
75.000142
75.287505
75.426051
75.971412
76.797734
75.601223
75.433555
75.409216
75.114526
76.812471
75.244458
75.200728
75.140487
75.268186
76.753523
75.831127
75.442339
75.291064
75.365099
76.928470
76.269807
75.260181
75.321947
75.318351
75.404603
77.095464
75.497384
75.314557
75.410447
75.346595
77.383441
75.204795
75.348145
75.357088
75.776870
76.674745
75.123229
75.107417
75.099694
76.556856
76.044668
75.445524
75.589693
77.777210
75.549347
75.395056
75.491797
76.055783
76.947152
75.385340
75.349513
75.237869
76.269279
75.905369
75.196141
75.441132
75.265001
76.766513
75.410681
74.775180
74.702365
74.710624
75.922253
75.789107
74.915659
74.954444
74.801750
76.542382
75.736563
75.223108
75.283465
75.221568
77.187217
75.196251
75.024920
75.174375
76.246479
76.000537
75.009685
75.111844
76.665860
77.268702
75.201815
75.309773
75.141936
77.345949
75.287525
75.268963
75.444809
76.700998
75.843161
75.192840
75.098194
76.227112
76.087959
75.148259
75.235945
75.311724
76.427313
76.082589
75.196930
75.091970
75.300598
77.331878
75.231420
75.378628
75.564805
75.324735
75.242170
75.280687
76.677680
76.817119
75.683174
75.456052
75.383863
75.320087
76.868020
75.506462
75.230609
75.123711
75.104061
76.596012
76.071748
75.367764
75.414517
75.385535
75.782630
76.556311
75.020657
74.924262
75.074312
75.211148
75.250496
75.304279
75.384238
75.225438
75.332079
75.262732
75.210299
75.382229
75.440959
75.303747
75.246605
75.380401
75.354745
75.731048
76.756227
75.260665
75.156802
75.318504
75.671898
77.954846
75.708811
75.252557
75.266395
75.397432
76.975948
75.774045
75.440074
75.378474
75.202087
75.976867
76.505567
75.245595
75.309057
75.343919
75.389873
77.282675
75.243578
75.343262
75.289692
75.250818
77.370798
75.460856
75.652686
75.624601
75.550663
77.041908
75.969052
75.439030
75.386761
75.296409
76.076818
76.636334
75.199291
75.410633
75.468788
75.339712
76.922503
76.029867
75.536088
75.367786
75.246755
75.859435
76.539837
75.247260
75.514776
75.225424
75.788868
76.698005
75.424216
75.620837
75.626046
76.693583
76.220282
75.055011
75.102105
75.184040
75.166392
75.184699
75.489613
75.500919
75.312477
75.252557
75.463177
75.638895
77.336659
75.577944
75.239316
75.152086
75.272875
76.454590
76.292152
75.340450
75.429133
75.534981
75.890819
77.106234
75.136037
75.165840
75.058049
75.778030
76.414639
75.203635
75.198627
75.302813
75.946365
76.578100
75.262558
75.258301
75.340735
76.974008
76.093565
75.349213
75.454237
75.397366
77.192368
75.609035
75.351711
75.342905
75.385079
77.449505
75.360657
75.306240
75.472216
76.093182
76.941065
75.217256
76.120942
75.098282
77.054729
75.345679
75.138679
75.128290
75.408400
76.605409
74.929084
74.977059
75.127037
75.944084
76.612891
75.402995
75.555362
75.399459
77.093476
75.675944
75.320660
75.313753
75.297126
77.663036
75.515046
75.621400
75.175620
75.165006
76.384149
75.837867
75.141927
75.141204
75.183317
75.670802
76.660780
75.272898
75.375595
75.284391
75.857041
76.829262
75.362692
75.461965
75.375092
75.720756
76.910452
75.199009
75.574955
75.507249
76.030285
76.509874
75.225063
75.335221
75.401958
76.273871
76.330646
75.300034
75.462241
75.355956
77.896756
77.086697
75.247175
75.273687
75.341456
76.831169
75.678397
75.247658
75.475965
75.337929
76.786110
75.941294
75.537461
75.453165
75.542094
77.239378
75.324328
75.135662
75.191965
75.602064
77.144496
75.476700
75.416780
77.364424
75.669575
75.108062
74.934478
74.834430
77.076955
75.093250
75.000462
75.083568
75.594693
76.717834
74.790435
75.280630
75.203653
76.784765
75.869826
75.370875
75.346226
75.517544
77.427857
75.547222
75.408383
75.397062
75.503043
77.442929
75.300219
75.272667
75.471512
76.016095
77.132275
75.404248
75.329882
75.271302
75.522500
76.880038
75.332529
75.536437
75.528646
75.405233
77.715170
75.664409
75.568005
75.666928
75.294707
77.316226
75.258447
75.280907
75.373217
75.478678
75.371447
77.068463
75.332924
75.440060
75.582606
75.390912
75.347060
75.305358
75.720136
75.749357
75.710810
75.719365
76.677502
76.350264
75.465015
75.458926
75.442217
75.360694
77.737001
75.484270
75.432534
75.119674
75.339659
75.296467
75.236313
75.274187
75.565274
75.556544
75.470667
75.451966
75.537049
75.395866
75.761403
75.602815
75.755180
75.945120
77.234437
75.998181
75.439526
75.118058
75.804739
76.384422
75.448299
75.576719
75.390317
75.296022
75.490458
75.649310
75.860854
75.850534
77.439067
75.492829
75.495410
75.284497
75.136673
76.288346
76.610160
75.693319
75.228534
75.314624
75.313956
77.237592
75.296893
77.644276
75.671357
75.612157
75.521108
75.399091
75.368179
75.337619
75.182114
75.681169
76.958504
75.332699
75.461946
75.210109
75.376124
75.328324
75.415357
75.574795
75.644327
75.640364
77.235952
75.696645
75.525965
75.372726
75.354320
77.384567
75.373701
75.473526
75.550077
75.645778
77.510577
75.803777
75.584728
75.479593
75.519561
76.754379
76.044155
75.352743
75.562581
75.295628
76.884424
75.689537
75.386461
75.931668
75.854118
77.394595
75.709365
75.575328
75.529685
77.047829
75.982104
75.380582
75.442265
75.490023
76.849142
75.245060
75.236370
75.400049
75.588814
75.318791
76.285173
76.058031
74.968534
75.060536
75.281206
75.401413
75.250700
75.121001
75.243337
76.925259
75.420362
75.444425
75.173673
74.980007
75.082922
75.138277
75.836769
75.682910
77.508191
75.294386
75.298513
74.919135
75.444444
77.010690
75.244829
75.179294
75.284943
75.239231
76.922320
75.467657
75.340785
75.389700
75.343095
77.150929
75.149154
75.111617
75.388833
75.668122
76.752872
75.193017
75.359109
75.622276
75.746105
77.053107
75.150700
75.222828
75.364179
75.382017
77.486463
75.571169
75.647428
75.491508
75.456927
76.897989
75.685268
75.337535
75.393427
75.324611
75.878987
77.072591
75.317765
75.268601
75.233028
75.350531
75.369736
75.486587
75.457203
76.943380
75.706938
75.629275
75.357483
75.495390
75.307972
75.220481
76.864092
77.917087
75.184815
75.040363
75.080383
75.900303
76.801989
75.355615
75.294642
75.140358
76.871349
75.400927
75.295314
75.407091
75.968706
76.711569
75.380624
75.324744
75.877600
77.360495
75.145938
75.078708
75.094234
77.489920
75.737881
75.665312
75.772111
76.197273
83.314114
75.095986
75.427585
76.359749
76.671074
75.663335
75.645368
75.175897
76.327521
75.896795
75.202704
75.275497
75.954987
77.048208
75.453136
75.407155
75.302678
77.252241
75.495902
75.178035
75.244231
77.025497
75.936510
75.538242
75.239636
76.928852
75.783839
76.433943
75.002497
76.942694
75.596021
75.344849
75.525831
77.108019
76.143851
75.316289
75.259635
77.146615
75.501225
75.129663
75.109964
76.300170
75.726266
75.103933
75.126227
75.359260
76.845674
75.213330
75.366921
75.383263
77.030216
75.568638
75.202577
75.505623
75.589919
76.831540
75.626485
75.308217
75.606317
75.534228
77.528370
75.017220
75.168446
75.130957
76.435583
75.927616
75.135711
75.152274
75.043203
77.161131
75.252877
75.054960
75.374775
75.684584
76.763561
75.201644
75.190708
75.108485
76.227232
76.268453
75.217150
75.037666
77.707933
76.284239
75.234521
75.301973
75.042481
76.876084
75.650802
75.116203
75.132513
75.603932
76.834791
75.148092
74.997695
75.064052
76.348706
75.862970
75.120881
75.442288
75.180228
77.147967
75.321448
77.671733
67.300767
71.386798
73.644722
75.333309
75.933195
75.790208
75.980823
75.818614
75.634055
75.663857
75.657664
75.924605
76.002288
75.860863
75.612647
75.569490
75.823265
75.732950
75.767390
75.615327
75.464304
75.829869
75.474124
75.235980
74.999479
76.949778
75.810564
75.343047
75.364264
75.326877
75.159075
75.165882
75.202508
75.336666
75.506623
75.316165
75.326737
75.366791
75.425712
75.449687
75.528359
75.504044
75.608523
77.444821
76.055441
75.582676
75.458833
75.320366
75.513558
77.465462
75.615318
75.232493
75.293889
75.270613
75.483299
76.742817
76.099758
75.537628
75.518377
75.679378
75.663602
75.703436
77.289479
75.637966
75.771815
75.502995
75.550936
76.981508
76.465525
75.357150
75.222535
75.313341
75.215060
75.211497
75.350382
75.901381
76.686094
75.285070
75.429613
75.599940
75.549606
75.509565
75.772847
75.577398
75.679769
75.546048
75.555077
76.180509
76.864439
75.611937
75.476003
75.599484
75.588091
75.493087
75.524284
75.753730
75.492929
75.368619
77.225759
75.306682
75.229707
75.395068
75.467331
75.420710
75.601301
75.595797
75.569716
75.498859
75.629734
76.019821
77.101358
75.645319
75.641371
75.508931
75.516016
75.523779
76.589182
76.315995
75.427810
75.202859
75.396650
75.611007
75.710105
77.634849
75.749898
75.533381
75.441579
75.694076
75.533764
75.956925
77.027376
75.456629
75.478992
75.439846
75.454235
75.656708
77.103200
75.976838
75.967752
75.362867
75.566872
75.748837
77.684773
75.719278
75.669206
75.466514
75.474325
75.495649
76.776071
75.633608
75.318952
75.221537
75.104662
75.219585
76.591726
76.081553
75.589378
81.972343
75.158412
75.500231
77.057063
75.321472
75.469014
75.550827
75.646490
75.554074
77.608960
75.737697
75.553049
75.620591
75.461888
75.399773
76.626225
76.321935
75.572396
75.559575
75.340586
75.367868
75.435314
76.413363
75.971313
75.302410
75.289156
75.319006
75.489110
75.051630
75.381975
77.267349
75.918406
75.243631
75.235827
75.356895
75.484094
75.534006
77.245744
75.959061
75.635868
75.659538
75.605850
75.417040
76.131396
76.913623
75.824498
75.255224
75.226347
75.273654
75.413249
75.541974
77.485280
75.578608
75.591896
75.417328
75.468250
76.936785
77.918533
75.354261
75.750549
75.509133
75.454569
75.644538
75.916849
75.692524
75.457292
76.671410
76.114439
75.325439
75.502338
75.480761
75.343104
75.672493
75.669349
76.639447
76.300438
75.600151
75.399080
75.380599
75.401344
75.549727
76.931353
75.440908
75.386786
75.337064
75.431845
75.312140
77.293464
75.349581
75.309526
75.598661
75.671347
76.468112
76.384792
75.334563
75.138188
75.311131
75.397868
77.363384
75.801013
75.540154
75.500939
75.497888
76.522556
76.325920
75.519893
75.432348
75.487922
75.297328
77.661171
75.287700
75.377078
75.452387
75.338430
75.368007
76.654249
75.963163
75.545587
75.365099
75.873584
75.427191
75.172117
75.383367
74.995137
75.473450
75.355982
75.994602
76.369083
75.054081
75.371733
75.417693
75.456842
75.878386
77.440830
75.436367
75.274443
75.723590
75.030392
76.028486
76.344018
75.235114
75.106277
75.184450
75.532877
76.989515
75.273581
75.443324
75.449762
75.527480
75.471341
77.403830
75.243408
75.122615
75.144441
75.308617
75.377675
75.826188
77.107413
82.046241
75.084310
75.066491
75.121338
77.381160
75.514879
75.520962
75.487959
75.350957
75.308086
76.209025
76.427347
75.545517
75.515425
75.632134
75.716020
75.572911
77.651815
75.594628
75.612148
75.384502
75.389148
75.770467
76.831166
75.439106
75.504038
75.520012
75.496116
76.237553
76.448019
75.486307
75.439907
75.346415
76.488111
76.215415
75.225148
75.419789
75.415578
76.064988
75.836360
75.391617
75.310980
75.570167
77.399648
77.757697
75.551919
75.478196
75.400513
75.557568
77.137052
76.019947
75.561245
75.837145
76.201904
76.172014
76.664882
75.194373
75.271393
75.334556
75.570779
75.838115
76.866371
75.392723
75.404649
75.457562
75.552988
75.791141
77.053004
75.440118
75.423552
75.297558
74.988841
75.078205
75.183302
75.225868
75.350774
76.351078
76.267227
75.466353
75.588635
75.577484
75.357690
75.205511
75.636309
76.861246
75.332127
75.465785
75.369705
75.489629
75.405937
75.440712
77.225964
75.774035
75.398214
75.429587
75.671249
75.692293
77.496470
75.555723
75.543689
75.568262
75.599552
75.651421
75.577464
77.479283
75.487046
75.655831
75.657032
75.437337
76.617958
76.363861
75.501075
75.430618
75.421438
75.479598
76.467276
76.234389
75.409445
75.518079
75.496279
75.524866
76.381637
76.492560
75.445692
75.154784
75.105603
75.273760
77.339204
75.505652
75.377459
75.308995
75.354618
77.323504
75.524520
75.506960
77.495657
77.082573
75.393381
75.405268
75.342129
75.530518
77.168905
75.364236
75.452352
75.355696
75.226388
76.284164
76.154554
75.155999
75.474512
76.070758
76.290580
76.039699
75.251873
75.225721
75.307329
75.215035
77.644129
79.181967
78.749354
75.260117
75.207619
75.369084
75.569113
75.394086
75.338281
75.536776
75.528411
76.793675
76.002225
75.395280
75.355220
75.566191
75.455801
77.243427
75.575535
75.432286
75.443451
75.403947
75.336652
75.649657
76.959238
75.291379
75.263149
75.452860
76.436871
75.325964
75.921988
76.171125
75.325143
75.277426
75.358825
75.450146
75.361532
76.188291
76.721173
75.311064
75.302637
75.351936
75.833219
75.516573
75.365110
76.085597
76.723257
75.714834
75.454364
75.581311
75.542307
75.527041
76.806387
76.309553
75.692237
75.666979
75.400989
75.448332
75.876320
77.030933
75.677517
75.613805
75.572073
75.505849
76.793098
76.359809
75.637112
75.961002
76.838923
76.712645
75.744605
75.494149
75.213256
75.602254
76.879127
75.403669
75.403112
75.522990
75.729153
77.751075
75.618305
75.657535
75.576538
75.537065
77.681011
75.481997
75.271049
75.562734
75.481692
77.113540
75.608562
75.559114
75.485367
75.393865
77.462258
75.542969
75.526677
75.516085
75.610423
77.276933
75.343997
75.450579
75.453481
75.705644
77.076393
75.692482
75.543288
75.423785
75.149378
76.889308
75.458900
75.205954
75.273020
75.320446
75.348710
77.488658
75.415815
75.589435
75.446065
75.434301
75.996541
77.398782
75.495970
75.287266
75.137550
75.163925
75.216585
75.060742
76.929028
75.154655
75.432231
75.387067
75.314462
75.451281
75.466819
75.818785
76.901435
75.322530
75.209078
75.236898
75.330906
75.899309
76.709031
75.145124
75.254609
74.994814
76.117675
77.504269
75.216330
77.188993
75.831144
75.610476
75.457046
75.441336
76.775972
76.006972
75.367109
75.351614
75.275068
75.493664
83.811782
75.158476
75.272648
75.670335
75.576370
76.337801
76.694951
75.329266
75.385763
75.284568
76.264534
76.745900
75.771233
75.678645
75.690602
77.663916
75.632977
76.146384
75.456200
75.272316
76.277396
76.238951
75.219496
75.308662
75.504657
75.698855
76.083179
75.944519
77.390843
75.362425
75.312397
75.374403
75.432593
75.199833
76.345926
76.146867
75.389830
75.257652
75.238843
75.291127
77.096153
75.918745
75.477074
75.585068
75.547157
75.651355
76.849584
75.286799
75.261927
75.335424
75.528677
75.634837
77.094659
75.626372
75.444950
75.469001
75.460158
75.367275
75.419070
77.389264
75.508399
75.391122
75.518908
75.675928
75.616622
77.355901
75.652657
75.350018
77.632347
76.670327
75.778177
75.758267
75.615019
75.637997
75.575487
75.658236
77.297519
75.572156
75.536798
75.502733
75.601465
76.691438
76.555169
75.347380
75.263214
75.158908
75.602078
76.882637
75.437914
75.519058
75.404088
75.783780
76.878207
75.646386
75.589989
75.485629
76.088806
75.325259
75.333042
75.168853
75.408998
76.696818
75.126365
74.995353
74.989987
75.625514
77.048647
75.402091
75.441837
75.411252
75.342555
77.466293
75.269355
75.224843
75.391466
75.466950
77.032369
76.131178
75.561257
75.630736
75.542768
75.751072
77.256712
75.541227
75.504650
75.461006
75.263834
77.459912
75.452996
75.479364
75.519045
75.190224
77.256274
75.828318
75.204562
75.282516
75.331558
77.435195
75.681458
75.750144
75.753111
75.731690
77.643466
75.635101
75.717611
75.565144
75.345087
76.781480
75.829658
75.372709
75.456898
75.778328
77.424705
75.364052
75.334308
75.523401
76.629777
76.785756
75.579165
75.698047
75.570948
76.419141
76.468308
75.374680
75.496331
75.443108
75.228743
75.273099
75.300431
77.413679
75.565756
75.735385
