50
42.092201
24.153562
22.789984
22.638665
22.644722
22.654932
22.655126
22.652108
22.658468
22.658046
22.648895
22.663463
22.650531
22.649820
22.655145
22.657832
22.652426
22.646698
22.642065
22.655060
22.657325
22.648513
22.655909
22.665717
22.648472
22.654954
22.645751
22.642741
22.644507
22.648358
22.642900
22.583937
22.559809
22.542196
22.561939
22.594279
22.565536
22.564892
22.551414
22.538273
22.546228
22.549763
22.545391
22.559030
22.557923
22.558574
22.554459
22.556553
22.555999
22.559529
22.560846
22.559309
22.566881
22.553130
22.561185
22.560793
22.546770
22.553185
22.551838
22.568193
22.541402
22.545812
22.561132
22.541340
22.549318
22.543899
22.548433
22.551142
22.547177
22.562584
22.555415
22.554243
22.547781
22.545576
22.545037
22.553302
22.542077
22.541298
22.548157
22.580331
22.549043
22.551600
22.550527
22.551033
22.556250
22.544488
22.551198
22.555474
22.567206
22.556911
22.559315
22.563638
22.573133
22.553663
22.566309
22.551968
22.556466
22.546354
22.559473
22.558873
22.558558
22.563820
22.543745
22.562251
22.558304
22.554029
22.556941
22.557062
22.555290
22.552481
22.555164
22.560960
22.553296
22.550533
22.555467
22.564701
22.558421
22.564808
22.552157
22.559133
22.558471
22.555024
22.549967
22.563691
22.559734
22.556225
22.558886
22.545000
22.553762
22.561874
22.551539
22.545905
22.549228
22.560569
22.548444
22.541781
22.574182
22.543472
22.984703
22.554524
22.559127
22.556371
22.562985
22.560354
22.564818
22.566217
22.553421
22.554098
22.559862
22.559358
22.553246
22.551182
22.552103
22.563143
22.552709
22.551619
22.561188
22.563768
22.544639
22.541422
22.559522
22.554996
22.560830
22.556664
22.561936
22.556014
22.554344
22.569162
22.562754
22.561655
22.567534
22.555882
22.551122
22.553348
22.561963
22.546923
22.562799
22.543915
22.542343
22.557571
22.553430
22.552460
22.563664
22.550698
22.557203
22.544865
22.553936
22.555286
22.559544
22.558684
22.559095
22.544871
22.556887
22.555360
22.546751
22.550847
22.554790
22.542345
22.540854
22.551567
22.552182
22.539944
22.569389
22.549828
22.542678
22.544154
22.548356
22.560093
22.557026
22.555645
22.554783
22.559736
22.564034
22.555912
22.575780
22.560493
22.557570
22.582977
22.554817
22.583341
22.572853
22.566410
22.569859
22.584845
22.549313
22.566175
22.568652
22.556713
22.571705
22.556343
22.629037
22.804178
22.553018
22.550671
22.752610
22.563096
22.554070
22.551928
22.561923
22.552765
22.561565
22.556236
22.570227
22.567428
22.569248
22.557033
22.562359
22.553982
22.557323
22.571875
22.563438
22.561092
22.557388
22.552346
22.554290
22.556352
22.579448
22.558897
22.564631
22.556883
22.571663
22.572096
22.561613
22.577036
22.557404
22.557971
22.549387
22.549313
22.558662
22.551945
22.553029
22.554534
22.551874
22.550278
22.556970
22.565643
22.544361
22.561131
22.556924
22.555931
22.562216
22.559835
23.038740
22.554474
22.568234
22.552369
22.555732
22.558875
22.722055
22.593057
22.552844
22.561609
22.561336
22.564731
22.564412
22.557944
22.562350
22.558203
22.559428
22.556785
22.552712
22.561903
22.566231
22.546747
22.565466
22.552981
22.538716
22.571004
22.551976
22.573477
22.565369
22.552128
22.559076
22.558876
22.542067
22.561361
22.562895
22.547346
22.556411
22.551895
22.544316
22.550847
22.545661
22.562644
22.564138
22.557136
22.549433
22.559610
22.561935
22.565377
22.557078
22.553270
22.565931
22.552744
22.556514
22.565495
22.572530
22.566947
22.550051
22.562020
22.566618
22.562666
22.564880
22.540934
22.559332
22.552007
22.564220
22.575562
22.557827
22.556626
22.560881
22.570795
22.537769
22.548005
22.550588
22.560584
22.493886
22.494170
22.489646
22.492630
22.499300
22.495018
22.502454
22.494464
22.492135
22.498901
22.545158
22.556634
22.549692
22.544489
22.736381
22.561704
22.555414
22.561424
22.555690
22.548802
22.549083
22.547978
22.559078
22.551709
22.551074
22.549208
22.550286
22.549992
22.559482
22.552043
22.555316
22.541093
22.540664
22.504230
22.567970
22.562560
22.544586
22.550398
22.549814
22.564430
22.543009
22.545065
22.541754
22.542656
22.544551
22.546515
22.555403
22.553827
22.553911
22.554505
22.559916
22.550549
22.553493
22.544333
22.550715
22.864366
22.562359
22.555535
22.538477
22.561848
22.543858
22.550265
22.553682
22.561388
22.559572
22.559318
22.553411
22.553961
22.563095
22.551299
22.548659
22.549041
22.551869
22.557660
22.560879
22.549660
22.544395
22.544506
22.558005
22.554412
22.550881
22.557707
22.554557
22.550937
22.559441
22.553883
22.558580
22.558527
22.557275
22.544567
22.571864
22.557561
22.573443
22.555103
22.558569
22.558454
22.558305
22.553596
22.561795
22.542604
22.559273
22.561880
22.541507
22.563811
22.555161
22.554978
22.560586
22.541745
22.561204
22.559257
22.567029
22.572836
22.556822
22.579343
22.567351
22.555033
22.554944
22.569428
22.566490
22.564693
22.560688
22.555803
22.617430
22.574206
22.570181
22.559366
22.566939
22.551887
22.542815
22.558997
22.547823
22.557536
22.551656
22.561740
22.551490
22.558919
22.541569
22.550233
22.547746
22.562853
22.548790
22.563057
22.555089
22.925323
22.551290
22.570101
22.563234
22.571847
23.400586
23.639174
23.639389
22.619643
22.551606
22.560432
22.560513
22.546862
22.555606
22.569884
22.545693
22.563762
22.552990
22.557209
22.555009
22.552603
22.568414
22.555179
22.563919
22.570330
22.552949
22.559441
22.558538
22.546595
22.550498
22.545310
22.548880
22.562198
22.555230
22.559545
22.564706
22.544369
22.552252
22.536027
22.552523
22.553287
22.554259
22.545522
22.547690
22.549591
22.545813
22.576330
22.553998
22.566513
22.553890
22.551039
22.556796
22.558108
22.552848
22.553196
22.572452
22.559517
22.555434
22.546441
22.557989
22.561478
22.562653
22.550306
22.560590
22.554257
22.556127
22.552226
22.557145
22.568319
22.565592
22.563931
22.563918
22.558333
22.562884
22.552717
22.554260
22.554504
22.558191
22.562090
22.553831
22.554599
22.568630
22.546762
22.558566
22.567421
22.548362
22.564036
22.568911
22.562539
22.558855
22.566844
22.569950
22.552278
22.562423
22.558947
22.564543
22.549956
22.550523
22.557631
22.556126
22.544666
22.554713
22.581137
22.554495
22.569399
22.552409
22.552539
22.555962
22.560890
22.554318
22.558203
22.556673
22.557153
22.578172
22.557035
22.563743
22.558560
22.552915
22.556911
22.558087
22.560705
22.568144
22.554918
22.571740
22.556677
22.560224
22.564771
22.560692
22.561390
22.564670
22.559876
22.556823
22.556140
22.560112
22.558414
22.565202
22.548098
22.555572
22.563272
22.548674
22.566485
22.556612
22.562128
22.560092
22.569539
22.549139
22.563422
22.549270
22.559376
22.552597
22.547412
22.559487
22.564568
22.558592
22.562448
22.554611
22.569251
22.570090
22.560019
22.561510
22.546596
22.549535
22.559706
22.566565
22.552935
22.561747
22.541762
22.552122
22.572253
22.559587
22.563569
22.546995
22.556511
22.558455
22.551132
22.551243
22.555988
22.559529
22.544918
22.549559
22.552066
22.563972
22.540222
22.550786
22.553349
22.542321
22.552056
22.560513
22.537885
22.542385
22.556021
22.561696
22.559717
22.553119
22.561508
22.554226
22.555695
22.552777
22.569721
22.550757
22.548491
22.562177
22.556701
22.547364
22.935710
22.564853
22.554366
22.545641
22.551205
22.552136
22.553922
22.549647
22.557100
22.553748
22.559838
22.560342
22.553164
22.557924
22.575721
22.565275
22.549652
22.561103
22.553197
22.560505
22.546909
22.549678
22.557810
22.555098
22.555447
22.561035
22.554767
22.554248
22.552013
22.558378
22.551840
22.581769
22.547608
22.552708
22.542998
22.555486
22.549201
22.553162
22.566796
22.562162
22.550257
22.565029
22.589856
22.560632
22.571316
22.557852
22.561487
22.612544
22.565360
22.557449
22.561184
22.566758
22.573040
22.561808
22.568665
22.545639
22.553779
22.555598
22.550690
22.556079
22.550446
22.561862
22.564711
22.543679
22.559588
22.562198
22.562696
22.555707
22.564960
22.566654
22.567839
22.559424
22.557427
22.558835
22.556272
22.564172
22.559975
22.556463
22.561209
22.549527
22.566550
22.556027
22.549092
22.556065
22.550033
22.549791
22.575360
22.560728
22.563373
22.572490
22.560688
22.545936
22.602578
22.737379
22.502356
40.301427
25.140560
23.693958
23.091761
24.304588
23.690395
23.277662
24.660315
24.437076
22.521954
22.514778
22.510070
22.519837
22.513334
22.532006
22.520957
22.518948
22.513384
22.546093
22.562188
22.565671
22.558155
22.554032
22.552765
22.557555
22.565139
22.626998
22.616209
22.523014
22.541026
22.923437
22.509996
22.498040
22.553008
22.565290
22.561165
22.561921
22.586363
22.567817
22.555280
22.642351
22.575264
22.564351
22.552477
22.553755
22.701695
22.723801
22.557812
22.564367
22.566020
22.562166
22.554466
22.567364
22.557661
22.563800
22.620810
22.558237
22.573076
22.558885
22.558978
22.569198
22.557684
22.578350
22.562398
22.617265
22.572659
22.566862
22.563652
22.585440
22.557217
22.579260
22.594083
22.564956
22.570209
22.579105
22.959460
22.727575
22.589577
22.710775
22.682588
22.553300
22.560742
22.568244
22.563799
22.602050
22.569500
22.584850
22.563378
22.559681
22.556614
22.566487
22.557327
22.570344
22.572375
22.590242
22.576218
22.576183
22.566643
22.571407
22.567284
22.567352
22.571177
22.575859
22.581170
22.564355
22.557785
22.562695
22.562838
22.575176
22.559296
22.568510
22.566573
22.585251
22.572441
22.569077
22.564598
22.571160
22.559296
22.561968
22.618716
22.588800
22.491653
22.494645
22.500989
22.505529
22.503737
22.512451
22.499554
22.493193
22.494269
22.745535
22.568650
22.565940
22.562103
22.551010
22.566173
22.559482
22.555149
22.547155
22.564274
22.559167
22.552113
22.561474
22.555740
22.553482
22.548048
22.551716
22.581640
22.551191
22.558780
22.556813
22.563207
22.571098
22.569443
22.561347
22.569449
22.556897
22.567863
22.563504
22.559884
22.615637
22.593081
22.559531
22.559644
22.573465
22.559574
22.561583
22.561015
22.554282
22.566442
22.560589
22.557824
22.571658
22.570993
22.555923
22.555764
22.555622
22.560519
22.550697
22.555385
22.570414
22.552767
22.556337
22.566937
22.561489
22.561822
22.563000
22.565655
22.558080
22.556814
22.727065
22.654048
22.770929
22.605129
22.575766
22.576002
22.574615
22.581756
22.573664
22.573912
22.577595
22.577296
22.573888
22.559535
22.548230
22.570593
22.807240
22.571726
22.556893
22.547882
22.544906
22.551654
22.550419
22.563072
22.565983
22.562990
22.559104
22.571197
22.546803
22.549711
22.557167
22.548614
22.543993
22.551344
22.553512
22.551031
22.560728
22.550490
22.551801
22.557176
22.555934
22.554344
22.548260
22.560499
22.559508
22.559118
22.563966
22.549492
22.554385
22.544351
22.559912
22.554102
22.563287
22.552965
22.556530
22.564172
22.560962
22.551964
22.567866
22.568750
22.573578
22.557744
22.563037
22.558425
22.543719
22.556909
22.560935
22.559528
22.561328
22.553809
22.562216
22.556282
22.560587
22.565553
22.572447
22.556156
22.571415
22.567676
22.562724
22.556785
22.557338
22.554337
22.547536
22.551768
22.543624
22.563863
22.547452
22.554438
22.557193
22.556754
22.555543
22.544224
22.541463
22.551681
22.553843
22.554932
22.544380
22.555163
22.548217
22.560163
22.546990
22.551073
22.557332
22.556875
22.557234
22.548317
22.552920
22.555228
22.540824
22.552546
22.569901
22.548946
22.545806
22.536451
22.547342
22.549718
22.543631
22.558859
22.553757
22.881078
22.554737
22.937538
22.550436
22.543872
22.554410
22.572823
22.558780
22.557265
22.555348
22.547524
22.557782
22.557318
22.558868
22.563494
22.553945
22.558166
22.556810
22.552984
22.556154
22.555478
22.559141
22.576573
22.565541
22.558827
22.552459
22.565675
22.556038
22.562484
22.647469
22.513355
22.507129
22.573105
22.560943
22.566705
22.556694
22.563590
22.555255
22.551963
22.563461
22.590689
22.572088
22.562713
22.562766
22.563603
22.557841
22.561219
22.560294
22.907183
22.545809
22.550776
22.548502
22.552070
22.549812
22.540568
22.757140
22.560797
22.557907
22.561410
22.563788
22.567919
22.541554
22.543061
22.557107
22.563562
22.548658
22.554864
22.567955
22.549737
22.562118
22.568190
22.561245
22.560815
22.560702
22.562809
22.556460
22.569120
22.562912
22.566520
22.560877
22.561859
22.555222
22.557160
22.562862
22.560873
22.564221
22.558238
22.546453
22.552777
22.561478
22.562650
22.569442
22.578639
22.561003
22.557333
22.574774
22.560682
22.570636
22.563441
22.563941
22.553141
22.540029
22.561749
22.555991
22.637192
22.686332
22.548151
22.547084
22.549295
22.547030
22.553620
22.575995
22.572023
22.563629
22.549069
22.565709
22.554977
22.593124
22.565077
22.569841
22.560430
22.555300
22.555667
22.560826
22.559504
22.540990
22.553674
22.554644
22.565082
22.555428
22.548956
22.557421
22.561971
22.555854
22.557487
22.555574
22.555093
22.546922
22.538831
22.557784
22.558505
22.558329
22.560507
22.555825
22.556513
22.558825
22.555595
22.554951
22.559257
22.556262
22.566384
22.552486
22.582189
22.552581
22.578065
22.568934
22.561710
22.549890
22.561519
22.552454
22.563619
22.761143
22.561280
22.555867
22.566111
22.565632
22.557089
22.561014
22.548928
22.563503
22.563743
22.546050
22.552483
22.574579
22.552721
22.559227
22.555716
22.564583
22.572731
22.564527
22.569481
22.558487
22.561103
22.565934
22.568454
22.565457
22.571664
22.640956
22.617634
22.533205
22.544989
22.557529
22.682599
22.800104
22.604381
22.553773
22.556707
22.566748
22.567921
22.555476
22.572921
22.566853
22.558757
22.565145
22.559450
22.553694
22.562103
22.542918
22.546273
22.550363
22.556454
22.545604
22.544873
22.549651
22.544497
22.547838
22.540138
22.548462
22.564435
22.565612
22.566993
22.563450
22.569098
22.572438
22.572341
22.568098
22.558364
22.563495
22.566045
22.574583
22.577414
22.563059
22.568246
22.553929
22.571245
22.820344
23.164684
22.537906
22.579224
22.551847
22.558277
22.563452
22.553405
22.559299
22.555439
22.550559
22.548793
22.864421
22.570419
22.553263
22.559081
22.560270
22.679755
22.558499
22.555896
22.554880
22.556540
22.555575
22.564924
22.571726
22.560135
22.552857
22.556213
22.558252
22.565464
22.550652
22.567035
22.543728
22.558337
22.552208
22.801926
22.607823
22.570324
22.569501
22.569464
22.552493
22.560348
22.563141
22.545330
22.560704
22.567539
22.554665
22.565857
22.549898
22.566436
22.567446
22.563026
22.569093
22.562089
22.568223
22.551304
22.561662
22.569392
22.569549
22.594018
22.570514
22.562949
22.551028
22.561925
22.548689
22.557858
22.563754
22.545100
22.557713
22.575115
22.559211
22.563541
22.559975
22.550278
22.562494
22.554518
22.552793
22.559765
22.556512
22.559560
22.554566
22.544233
22.546667
22.552171
22.544926
22.548372
22.550976
22.549420
22.547959
22.551181
22.555225
22.562029
22.559792
22.556192
22.560228
22.569502
22.568654
22.568190
22.562636
22.565460
22.567094
22.561887
22.561310
22.597321
22.567014
22.572436
22.556635
22.571556
22.553992
22.555997
22.546369
22.561617
22.551016
22.561600
22.558309
22.550723
22.563299
22.560838
22.560188
22.556418
22.550088
22.550170
22.561093
22.550022
22.553541
22.551556
22.553243
22.554385
22.558002
22.547887
22.562219
22.561632
22.571019
22.566315
22.574391
22.557566
22.566849
22.562886
22.554049
22.548004
22.554434
22.570405
22.563135
22.548589
22.563205
22.576620
22.557008
22.575033
22.567889
22.560820
22.558558
22.561082
22.561701
22.551961
22.544671
22.555492
22.562467
22.551301
22.554693
22.550751
22.562047
22.558385
22.558223
22.554107
22.547148
22.550033
22.553895
22.551020
22.553199
22.557451
22.555951
22.551186
22.543925
22.545528
22.552761
22.553436
22.551822
22.552508
22.551076
22.541807
22.573102
22.563672
22.561157
22.565790
22.557065
22.565027
22.573621
22.557901
22.768235
22.552010
22.550900
22.563332
22.560118
22.545451
22.541340
22.550955
22.551083
22.545866
22.550176
22.559036
22.558654
22.561741
22.560876
22.558655
22.557783
22.591152
22.951663
22.611671
22.577588
22.569719
22.571143
22.566583
22.572301
22.573199
22.574942
22.568106
22.581428
22.576155
22.580926
22.571743
22.557426
22.562458
22.572154
22.567398
22.555948
22.575927
22.565124
22.557802
22.557012
22.561055
22.557662
22.553695
22.549534
22.570453
22.568412
22.554928
22.582626
22.580268
22.559423
22.564685
22.574872
22.561392
22.567911
22.563941
22.565812
22.567129
22.568082
22.567765
22.575368
22.564238
22.564093
22.572057
22.562402
22.579928
37.897488
24.058601
22.762744
22.747894
22.750688
22.736956
22.758278
22.742516
22.743038
22.739912
22.747271
22.739312
22.752766
22.732593
22.738750
22.737914
22.745094
22.719932
22.730275
22.736589
22.723638
22.668789
22.568514
22.569193
22.601572
22.672077
22.567673
22.572393
22.572498
22.577201
22.588471
22.572723
22.580718
22.573406
22.574066
22.567458
22.585550
22.567147
22.578431
22.574768
22.578588
22.578840
22.577245
22.578635
22.576591
22.662658
22.536578
22.531953
22.540574
22.538486
22.543728
22.535189
22.549556
22.550027
22.576630
22.578806
22.581375
22.575215
22.564682
22.585769
22.582402
22.577663
22.583309
22.568199
22.579521
22.569653
22.839034
22.567639
22.578653
22.581392
22.584134
22.581613
22.573362
22.575726
22.573591
22.574272
22.560961
22.570127
22.576752
22.576873
22.579054
22.586926
22.576990
22.590172
22.580362
22.573678
22.584083
22.567467
22.576728
22.571821
22.580277
22.577355
22.570665
22.570554
22.571255
22.575099
22.565290
22.579370
22.571176
22.568157
22.585163
22.577727
22.573777
22.571715
22.596958
22.586879
22.569507
22.578387
22.574026
22.577774
22.584261
22.582319
22.908093
22.656592
22.586787
22.579976
22.608835
22.584829
22.588450
22.591307
22.599824
22.586478
22.575451
22.580181
22.583167
22.581188
22.604919
22.585468
22.585087
22.581282
22.578316
22.587657
22.565543
22.566898
22.571231
22.573390
22.583504
22.567645
22.576733
22.571575
22.573495
22.564217
22.563184
22.595937
22.589979
22.582769
22.582642
22.566176
22.574637
22.585266
22.579342
22.567277
22.576397
22.574567
22.580468
22.580588
22.578826
22.577632
22.577017
22.565271
22.581140
22.586714
22.575515
22.581515
22.569824
22.557173
22.563686
22.577368
22.572381
22.580972
22.571186
22.595026
22.575809
22.585750
22.581893
22.575700
22.563091
22.577717
22.580647
22.588182
22.576716
22.575262
22.569993
22.574725
22.574062
22.578779
22.563898
22.589246
22.571563
22.573106
22.581831
22.583056
22.571699
22.569630
22.571094
22.572045
22.575140
22.590174
22.561081
22.567694
22.581188
22.567500
22.570510
22.573981
22.571402
22.571484
22.570063
22.571044
22.562998
22.567676
22.549318
22.567024
22.556776
22.572402
22.566890
22.573202
22.566583
22.560485
22.568639
22.560771
22.576045
22.565883
22.574999
22.573404
22.565956
22.562823
22.565126
22.571741
22.575937
22.577841
22.559900
22.570855
22.572338
22.562634
22.566209
22.569656
22.566012
22.555194
22.556133
22.562615
22.563824
22.565877
22.566959
22.583279
22.563506
22.567309
22.570997
22.570200
22.562554
22.575146
22.571446
22.567351
22.564090
22.563335
22.575064
22.571746
22.574750
22.570111
22.606496
22.581841
22.592631
22.574810
22.571936
22.567696
22.574317
22.585031
22.573490
22.575980
22.578652
22.581891
22.573678
22.578686
22.574391
22.571458
22.585443
22.574806
22.559821
22.574795
22.573110
22.569003
22.573702
22.578417
22.572880
22.571300
22.561868
22.563769
22.571311
22.568649
22.567159
22.570865
22.570097
22.582951
22.557762
22.578044
22.564313
22.576833
22.553256
22.584532
22.580582
22.572780
22.562569
22.570716
22.564756
22.587485
22.565350
22.571913
22.581134
22.568802
22.576803
22.566645
22.556403
22.570402
22.569916
22.571808
22.575884
22.571619
22.563005
22.578954
22.559369
22.577229
22.569626
22.562511
22.574081
22.573797
22.578730
22.575450
22.570933
22.571995
22.574048
22.579371
22.573585
22.601703
22.574295
22.589268
22.572927
22.569401
22.576256
22.575751
22.571393
22.582502
22.581709
22.572639
22.579098
22.578273
22.566122
22.650825
22.997714
22.667749
22.799889
22.584341
22.563981
22.572785
22.575559
22.568544
22.571924
22.581752
22.572416
22.578907
22.565122
22.575689
22.571348
22.571910
22.579853
22.570291
22.572249
22.562119
22.568545
22.578355
22.563077
22.572873
22.569470
22.564611
22.560309
22.559383
22.579791
22.568510
22.573236
22.567220
22.566885
22.558462
22.560356
22.563687
22.568932
22.562929
22.574939
22.577623
22.560080
22.574641
22.564269
22.562343
22.563467
22.584629
22.574200
22.560607
22.572054
22.562809
22.561446
22.558251
22.570918
22.561694
22.570242
22.574026
22.571192
22.566920
22.562457
22.573419
22.578516
22.573929
22.561502
22.566982
22.576411
22.564284
22.561629
22.567626
22.557242
22.570564
22.571230
22.566477
22.566472
22.560050
22.567712
22.560351
22.553622
22.584173
22.578152
22.579595
22.576685
22.556136
22.567488
22.566991
22.559965
22.568832
22.570726
22.561590
22.566517
22.568918
22.576670
22.563543
22.568146
22.568518
22.578463
22.577638
22.570514
22.584276
22.659279
22.577746
22.580584
22.574498
22.567272
22.573111
22.557782
22.557165
22.571524
22.566154
22.567142
22.567542
22.563350
22.568631
22.561994
22.565333
22.568747
22.556665
22.559529
22.562426
22.554425
22.558196
22.570206
22.559296
22.576441
22.560321
22.554792
22.568169
22.564722
22.571546
22.571665
22.556094
22.568599
22.566042
22.562188
22.554731
22.558573
22.565242
22.576764
22.579762
22.567912
22.575847
22.571399
22.573953
22.580216
22.565644
22.588187
22.576311
22.579941
22.560683
22.566048
22.578186
22.575215
22.578351
22.572419
22.569189
22.560690
22.573398
22.563062
22.563553
22.565695
22.561209
22.553915
22.566914
22.566249
22.554895
22.555288
22.562962
22.566760
22.569899
22.554472
22.571192
22.576581
22.570892
22.572407
22.566583
22.560809
22.569489
22.569873
22.556580
22.590184
22.559617
22.570407
22.575759
22.560161
22.862121
22.571834
22.568102
22.572726
22.574782
22.569455
22.573790
22.574314
22.583295
22.577498
22.568536
22.568963
22.568578
22.575379
22.570593
22.583172
22.594043
22.578496
22.569333
22.559042
22.564216
22.575514
22.554452
22.568757
22.560417
22.553766
22.565767
22.554266
22.565206
22.561242
22.546323
22.587046
22.577746
22.565797
22.565735
22.591316
22.570149
22.575464
22.586376
22.566664
22.561945
22.571490
22.570197
22.557260
22.567702
22.578506
22.579243
22.574259
22.590161
22.570980
22.586808
22.576634
22.585768
22.584924
22.578069
22.583621
22.580265
22.577170
22.569723
22.567625
22.590258
22.570807
22.566930
22.569010
22.583157
22.634827
22.564941
22.569807
22.554268
22.566623
22.559100
22.560623
22.582665
22.579384
22.576543
22.569933
22.581364
22.569127
22.571296
22.585958
22.577312
22.570420
22.567101
22.579351
22.584012
22.577447
22.574849
22.566329
22.568642
22.557501
22.572855
22.562632
22.574461
22.589620
22.573784
22.567893
22.569344
22.568092
22.586143
22.585518
22.575090
22.586207
22.587850
22.569869
22.582429
22.562316
22.570222
22.579736
22.583757
22.566821
22.574529
22.584311
22.554756
22.565907
22.569126
22.565850
22.567861
22.559961
22.669680
22.569071
22.560039
22.573228
22.574471
22.553528
22.573167
22.560739
22.573329
22.577595
22.580096
22.565315
22.568481
22.558847
22.575978
22.566487
22.558300
22.563580
22.555487
22.556262
22.557289
22.568613
22.558456
22.562836
22.563461
22.562201
22.566919
22.553618
22.557296
22.568022
22.578579
22.569899
22.560146
22.566358
22.556978
22.556801
22.558985
22.562769
22.563536
22.565167
22.558660
22.565459
22.562329
22.550792
22.566154
22.560504
22.566222
22.565861
22.569420
22.574703
22.554651
22.563696
22.557597
22.552006
22.556065
22.550607
22.564575
22.560676
22.565457
22.567250
22.559721
22.569579
22.561846
22.570049
22.572910
22.569785
22.557944
22.558255
22.565267
22.557416
22.565121
22.560754
22.560117
22.564869
22.569499
22.576858
22.567332
22.564655
22.557979
22.574136
22.552256
22.572238
22.569737
22.575334
22.569975
22.577893
22.573874
22.584138
22.571549
22.570542
22.586987
22.572957
22.582083
22.568470
22.574361
22.565099
22.569142
22.565790
22.566375
22.568037
22.587024
22.573774
22.564136
22.585804
22.571743
22.562721
22.576431
22.564619
22.567390
22.586007
22.579579
22.581296
22.559020
22.556855
22.553477
22.565667
22.561976
22.561303
22.560986
22.563271
22.555782
22.562451
22.552419
22.572616
22.573115
22.564956
22.557622
22.563980
22.561089
22.567575
22.566086
22.574226
22.569192
22.569167
22.563070
22.568010
22.554814
22.561234
22.562177
22.571668
22.565445
22.569410
22.590313
22.567668
22.569969
22.584992
22.571805
22.570271
22.571024
22.570228
22.559666
47.172841
27.688552
26.533361
26.548612
26.785944
26.197741
26.538705
26.142052
26.027780
25.896502
25.212518
22.784982
22.659554
23.452147
25.613012
24.002477
22.788579
22.962737
23.180667
22.648436
22.620936
22.567074
22.559197
22.561820
22.558301
22.568728
22.562368
22.563261
22.563728
22.548668
22.558453
22.563490
22.564892
22.560494
22.559748
22.555436
22.549939
22.568652
22.594660
22.576702
22.576361
22.565724
22.561389
22.557112
22.565636
22.557931
22.560817
22.560576
22.573582
22.569194
22.562774
22.587487
22.570019
22.558310
22.576670
22.573318
22.565000
22.556656
22.552195
22.570376
22.559139
22.561594
22.562725
22.565338
22.557148
22.564905
22.567410
22.570219
22.566854
22.551213
22.568228
22.553887
22.571144
22.557842
22.554961
22.567853
22.579044
22.575138
22.567859
22.578062
22.554321
22.575419
22.560495
22.555305
22.555110
22.569895
22.572594
22.571109
22.563345
22.562105
22.560962
22.558233
22.550028
22.573962
22.560808
22.578029
22.547989
22.545228
22.558886
22.555379
22.557861
22.559776
22.560932
22.549930
22.564579
22.566852
22.562399
22.552330
22.593766
22.579633
22.566282
22.558770
22.555881
22.559815
22.549886
22.556928
22.558941
22.561591
22.562874
22.544616
22.549731
22.552434
22.551195
22.575896
22.551498
22.559402
22.564835
22.576937
22.563406
22.565691
22.574310
22.566810
22.559837
22.562925
22.568751
22.563207
22.561192
22.571673
22.571370
22.564804
22.577220
22.560195
22.561316
22.558239
22.569359
22.567329
22.565464
22.558556
22.558367
22.575824
22.564851
22.574303
22.573100
22.558368
22.560633
22.570261
22.554278
22.556773
22.560218
22.703003
22.596219
22.567715
22.574745
22.565337
22.564352
22.564646
22.568729
22.564766
22.565013
22.570044
22.577782
22.564076
22.554005
22.550105
22.996988
22.558972
22.573251
22.569058
22.559960
22.571917
22.574000
22.563549
22.566399
22.571649
22.567542
22.566924
22.565918
22.574759
22.564361
22.561356
22.571074
22.564151
22.563347
22.571073
22.569571
22.552751
22.568386
22.572905
22.563434
22.554805
22.568179
22.559733
22.568100
22.561664
22.563073
22.555896
22.561308
22.580202
22.563564
22.556104
22.573008
22.560827
22.553034
22.561249
22.556148
22.556529
22.596735
22.571950
22.560035
22.568270
22.567494
22.574355
22.575848
22.566089
22.559670
22.560993
22.549397
22.561300
22.591036
22.566672
22.557397
22.567942
22.573085
22.557739
22.562572
22.559605
22.547587
22.549232
22.572752
22.558184
22.556572
22.556631
22.554898
22.558866
22.564137
22.558598
22.560181
22.560756
22.568959
22.562674
22.565081
22.559356
22.556786
22.555896
22.564759
22.560375
22.559736
22.560462
22.548469
22.558655
22.563214
22.596130
22.552935
22.567039
22.550072
22.559166
22.556006
22.556648
22.550157
22.539952
22.550185
22.554077
22.534917
22.484981
22.499042
22.499540
22.498253
22.497557
22.491701
22.487664
22.491626
22.490487
22.489547
22.483616
22.495108
22.501726
22.494750
22.490156
22.495702
22.517672
22.553456
22.538052
22.554936
22.566929
22.558870
22.550530
22.545300
22.557662
22.554805
22.569114
22.561286
22.561647
22.547162
22.540775
22.561563
22.564203
22.552064
22.555164
22.559882
22.557741
22.563720
22.552733
22.559011
22.549874
22.553951
22.571653
22.562727
22.572613
22.564206
22.562164
22.557745
22.565520
22.557442
22.577666
22.561003
22.558862
22.563403
22.559374
22.565643
22.567097
22.556035
22.557183
22.549100
22.553353
22.551508
22.556088
22.558817
22.553285
22.552335
22.561758
22.561250
22.557614
22.547270
22.550337
22.552302
22.554821
22.550790
22.538945
22.550070
22.673700
22.551813
22.544238
22.558448
22.548740
22.546235
22.540941
22.551724
22.550752
22.544051
22.555237
22.556167
22.552702
22.592483
22.544636
22.550211
22.554883
22.560582
22.553414
22.558931
22.554844
22.549129
22.556085
22.553431
22.554218
22.550938
22.548083
22.590930
22.558135
22.572224
22.560577
22.560660
22.564396
22.571823
22.566747
22.559101
22.563466
22.568581
22.584752
22.569308
22.535338
22.510452
22.507274
22.511481
22.570170
22.595220
22.554812
22.559178
22.554809
22.568901
22.555371
22.546665
22.571642
22.562519
22.568337
22.555175
22.559879
22.561952
22.574285
22.550309
22.563788
22.572843
22.579896
22.564744
22.552727
22.566154
22.569999
22.564673
22.575464
22.574862
22.565723
22.569817
22.558655
22.561326
22.565563
22.569858
22.565608
22.554089
22.562189
22.572463
22.577981
22.555463
22.567666
22.572346
22.589469
22.572573
22.571401
22.563023
22.561997
23.115719
22.729713
22.736467
22.738100
22.728886
22.715175
22.746150
22.735259
22.735401
22.741258
22.753074
22.719264
22.734067
22.714449
22.729251
22.733936
22.739253
22.715052
22.727181
22.730198
22.724154
22.720506
22.761365
22.715727
22.744821
22.740732
22.741630
22.735862
22.761141
22.720369
22.718516
22.729636
22.732114
22.706493
22.735636
22.712717
22.718688
22.724873
22.729210
22.714503
22.732040
22.701100
22.730159
22.728299
22.743388
22.722947
22.738974
22.725705
22.726964
22.720098
22.730419
22.716819
22.720382
22.708137
22.733575
22.712999
22.737605
22.710386
22.734188
22.706414
22.723392
22.710687
22.733455
22.713363
22.733944
22.723253
22.732441
22.711710
22.716072
22.711612
22.716179
22.717687
22.731747
22.704396
22.731851
22.715512
22.733357
22.716146
22.741670
22.719455
22.732474
22.723491
22.737688
22.720209
22.713364
22.719498
22.703666
22.749124
22.733090
22.738047
22.732088
22.745586
22.744547
22.731944
22.733015
22.736956
22.890386
22.749725
22.719566
22.738055
22.742061
22.730425
22.723178
22.704554
22.716025
22.707477
22.721963
22.709800
22.716919
22.717618
22.714666
22.708890
22.729636
22.704304
22.724766
22.717910
22.721142
22.720456
22.715786
22.717266
22.726591
22.706706
22.723773
22.719547
22.726767
22.708765
22.723043
22.698950
22.731393
22.726372
22.740271
22.728250
22.731116
22.725899
22.748963
22.729262
22.748591
22.731102
22.737632
22.725360
22.739494
22.736919
22.747805
22.713470
22.739050
22.727669
22.731082
22.718779
22.741203
22.720563
22.736203
22.721732
22.732514
22.731440
22.746143
22.721107
22.740288
22.727349
22.724674
22.729828
22.731957
22.735532
22.731441
22.731286
22.744004
22.726675
22.744164
22.723465
22.734625
22.734323
22.759113
22.716935
22.748831
22.725849
22.726762
22.733639
22.739966
22.703247
22.728000
22.718695
22.709849
22.718072
22.718664
22.717604
22.713997
22.710157
22.729785
22.727220
22.736017
22.739685
22.717055
22.726555
22.707037
22.713731
22.728356
22.732028
22.723823
22.717752
22.705464
22.726122
22.708877
22.711802
22.701893
22.721419
22.710246
22.709534
22.715238
22.719037
22.701786
22.706011
22.715228
22.723668
22.698413
22.713159
22.698473
22.703220
22.709925
22.713356
22.722690
22.731849
22.625960
22.556891
22.582594
22.566406
22.564769
22.559041
22.558256
22.555680
22.548303
22.573919
22.555563
22.560299
22.566014
22.546782
22.552473
22.565370
22.562167
22.566376
22.554080
22.556393
22.550708
22.542504
22.560060
22.547427
22.565088
22.551924
22.554353
22.568157
22.565818
22.543037
22.556054
22.542320
22.552951
22.568886
22.543427
22.551807
22.544828
22.551393
22.560263
22.569132
22.546323
22.558953
22.553067
22.561035
22.555325
22.548164
22.565691
22.552565
22.554201
22.546144
22.548692
22.557924
22.552351
22.559170
23.038907
22.683955
22.586390
22.585786
22.592106
22.585677
22.577042
22.577630
22.568856
22.574866
22.576197
22.580809
22.583386
22.576200
22.576878
22.587860
22.576186
22.554331
22.556373
22.562213
22.541310
22.552227
22.552183
22.554308
22.692494
22.560530
22.560221
22.552066
22.553169
22.552542
22.557799
22.550155
22.556097
22.546490
22.578910
22.578223
22.551263
22.549828
22.555230
22.556243
22.566553
22.560276
22.567335
22.558602
22.560321
22.557982
22.584912
22.553942
22.556533
22.561781
22.555387
22.554890
22.562065
22.556621
22.560612
22.564416
22.564702
22.550536
22.574405
22.553655
22.558026
22.558668
22.561885
22.560711
22.615099
22.644849
22.540715
22.553028
22.560979
22.543043
22.561491
22.555771
22.558688
22.557037
22.556420
22.560550
22.549870
22.548620
22.553412
22.554999
22.552156
22.558852
22.562106
22.552403
22.562551
22.546851
46.644291
27.327579
24.794615
25.659417
26.378352
24.690433
25.445749
24.226489
25.926087
26.825445
26.693607
26.114841
23.673935
25.087057
24.809621
25.621879
22.899131
22.844993
22.730071
22.738099
22.745018
22.739347
22.733538
22.746319
22.755129
22.727763
22.742885
22.741035
22.731566
22.726168
22.738966
22.704685
22.804700
22.727326
22.739875
22.716074
22.734846
22.723475
22.722391
22.736354
22.725559
23.256437
22.740994
22.702867
22.717617
22.718648
22.708674
22.833623
22.713933
22.892356
22.718785
22.728464
23.894760
22.841893
23.025763
22.727902
22.724964
22.698812
22.711228
22.712431
22.716406
22.710938
22.706081
22.725259
22.722689
22.727950
22.706729
22.718511
22.720685
23.607784
23.685776
24.189265
23.399958
22.719056
22.706763
23.047976
23.212810
23.231962
22.728492
22.700139
22.717667
22.706415
22.737669
22.736325
22.724990
22.816212
22.723504
22.763438
22.744517
22.732687
22.728823
22.729135
22.736271
22.742973
22.763992
22.780802
23.011145
24.039606
23.925646
23.813771
23.180247
23.054460
22.573512
22.568983
22.573126
22.573547
22.573269
22.576521
22.568869
22.561719
22.571878
22.562762
22.580991
22.572611
22.573416
22.566108
22.570763
22.574069
22.564434
22.574049
22.563497
22.714548
22.555922
22.568524
22.566815
22.573261
22.577924
22.567386
22.569228
22.569742
22.597921
22.555842
22.551156
22.575360
22.566142
22.553319
22.556922
22.550539
22.564358
22.558818
22.549250
22.559351
22.561916
22.570101
22.560162
22.562915
22.557465
22.563075
22.558582
22.553479
22.568303
22.568841
22.570328
22.566144
22.562962
22.563858
22.563596
22.560213
22.569421
22.558159
22.560557
22.569404
22.563990
22.564952
22.557031
22.561643
22.562710
22.563995
22.574025
22.580339
22.570874
22.569368
22.554363
22.568759
22.578522
22.567298
22.558174
22.550859
22.559148
22.555850
22.573891
22.570699
22.564358
22.556220
22.570209
22.556539
22.550905
22.565393
22.562547
22.563927
22.562839
22.570886
22.564267
22.554995
22.575053
22.571446
22.557392
22.554149
22.566836
22.554290
22.561591
22.556951
22.551915
22.556566
22.572730
22.572918
22.556973
22.551705
22.555863
22.560563
22.544820
22.566302
22.563844
22.562140
22.560020
22.556578
22.552401
22.563029
22.554300
22.561671
22.545362
22.554909
22.565739
22.563787
22.558838
22.560972
22.579102
22.567299
22.574583
22.552363
22.564686
22.569611
22.569077
22.573578
22.570609
22.569495
22.554328
22.560184
22.552961
22.552276
22.568469
22.570052
22.558657
22.591345
22.568182
22.569062
22.560303
22.557230
22.564550
22.569908
22.567813
22.562088
22.569652
22.565322
22.570191
22.562457
22.560508
22.564611
22.562234
22.556767
22.511041
22.523430
22.515116
22.501182
22.510744
22.502679
22.534441
22.496915
22.491261
22.516114
22.507725
22.501316
22.922488
22.570276
22.549293
22.565787
22.561878
22.564683
22.561294
22.568315
22.551866
22.646439
22.537149
22.525746
22.516070
22.516834
22.531136
22.522356
22.534014
22.527692
22.522896
22.534610
22.530603
22.513307
22.533758
22.532928
22.530110
23.102103
22.583734
22.595070
22.601354
22.601668
22.585075
22.595807
22.581887
22.561025
22.599740
22.764608
22.572270
23.063638
22.568412
22.570598
22.561760
22.565468
22.551694
22.554292
22.562450
22.561070
22.570049
22.554453
22.558198
22.558477
22.562147
22.571012
22.567215
22.563711
22.561577
22.559558
22.562257
22.556112
22.557920
22.565226
22.560907
22.555420
22.551462
22.549390
22.553541
22.565426
22.567621
22.566603
22.549149
22.568564
22.560996
22.559744
22.566875
22.565746
22.558331
22.538143
22.563002
22.558162
22.635597
22.568421
22.565359
22.570254
22.563162
22.568431
22.818834
22.577211
22.571110
22.572002
22.612412
22.578834
22.560469
22.550322
22.557842
22.559274
22.551692
22.573956
22.564896
22.559753
22.555976
22.561216
22.576353
22.556602
22.564542
22.555327
22.563056
22.551773
22.553085
22.561995
22.555853
22.565076
22.560712
22.545202
22.560707
22.549527
22.568666
22.562743
22.565705
22.552424
22.575277
22.551449
22.570576
22.569160
22.552968
22.547155
22.546622
22.572706
22.558982
22.556316
22.563164
22.562118
22.566756
22.578009
22.563651
22.554614
22.568750
22.552203
22.967707
23.171053
22.515068
22.519408
22.531553
22.519756
22.868235
22.525286
22.530321
22.526814
22.515989
22.529367
22.533337
22.632549
22.524658
22.528933
22.527111
22.519884
22.519642
22.510426
22.498410
22.518653
22.515502
22.523642
22.514168
22.525236
22.516949
22.521567
22.541197
22.610323
22.566647
22.557999
22.722030
22.513825
22.526999
22.521531
22.518729
22.499487
22.529120
22.517954
22.518319
22.524949
22.526671
22.523657
22.514373
22.517936
22.514411
22.520831
22.519188
22.527462
22.517604
22.548823
22.529726
22.513337
22.518209
22.518766
22.536260
22.526425
22.520528
22.516456
22.522792
22.535712
22.538238
22.567012
22.563887
22.563502
22.561494
22.562928
22.567186
22.558598
22.569195
22.564729
22.583518
22.588905
22.581095
23.017110
22.798664
22.523394
22.600081
22.518965
23.569868
22.510405
23.932431
22.540729
22.528890
22.535321
22.503101
22.757606
22.524600
22.534219
22.513482
22.528941
22.629999
22.669848
22.547681
22.583059
22.573087
22.581750
22.573032
22.585512
22.589019
22.584194
22.596805
22.604813
22.521908
22.525173
22.513931
22.532089
22.521982
22.507576
22.536827
22.521945
22.592162
22.678538
22.858822
22.579792
22.581963
22.614839
22.566302
22.562501
22.578882
22.566633
22.568833
22.584383
22.564456
22.564634
22.565424
22.551805
22.559825
22.564075
22.555609
22.556463
22.564360
22.558444
22.644224
22.522678
22.524702
22.585879
22.563382
22.566521
22.556341
22.569722
22.616841
22.569573
22.574655
22.573373
22.561309
22.570361
22.571292
22.569622
22.567168
22.587665
22.568817
22.574573
22.563639
22.563092
22.561762
22.561984
22.557500
22.570913
22.560458
22.561331
22.565082
22.554397
22.559556
22.561622
22.570178
22.565096
22.560785
22.557545
22.549313
22.560320
22.566396
22.568166
22.567700
22.555238
22.558484
22.560931
22.681277
22.654217
22.650068
22.664659
22.653997
22.836549
22.646736
22.646978
22.687617
22.824941
22.739770
22.583704
22.668980
22.605787
22.571128
22.567903
22.568189
22.573859
22.589306
22.571682
22.579432
22.593496
22.555798
22.553920
22.562597
22.558851
22.635611
22.607976
22.578017
22.588061
22.624786
22.585816
22.550458
22.561410
22.550975
22.548436
22.546204
22.549774
22.555564
22.545239
22.571076
22.543358
22.556935
22.556757
22.556570
22.552130
22.555620
22.550036
22.548392
22.550668
22.563812
22.584015
22.573483
22.550658
22.555474
22.562762
22.567397
22.551122
22.596397
22.607848
22.565894
22.567603
22.550664
22.567319
22.563092
22.557468
22.560430
22.556438
22.551117
22.556968
22.555659
22.580671
22.581458
22.580595
22.578715
22.562444
22.572818
22.573824
22.585819
22.579440
22.577152
22.569482
22.566698
22.556861
22.567920
22.563819
22.550417
22.564989
22.570763
22.576757
22.560188
22.568008
22.568550
22.554240
22.557767
22.569645
22.551166
22.558774
22.555519
22.559123
23.253904
23.977710
22.868071
22.653530
22.644014
22.657126
22.640409
22.649067
22.647623
22.649776
22.547837
22.573762
22.557325
22.557684
23.063431
22.653025
22.651858
22.660588
22.651114
22.648056
22.651488
22.659661
22.652683
22.649082
22.650111
22.644956
23.116425
22.788965
22.662119
22.644606
22.663370
23.251463
22.655859
22.671444
22.653011
22.655422
22.660222
22.665010
22.876308
22.657466
22.651891
22.654882
22.654365
22.622261
22.569097
22.542360
22.564737
22.570044
22.576629
22.558461
22.566710
22.558901
22.560665
22.564841
22.568336
22.566193
22.567080
22.568308
22.564211
22.558296
22.605252
22.571229
22.571300
22.579422
22.578771
22.570877
22.578741
22.686509
22.537067
22.538683
22.710273
22.523355
22.584007
22.565052
22.562928
22.563883
22.564182
22.570939
22.564847
22.551707
22.561769
22.561629
22.555959
22.559205
22.560040
22.559972
22.555324
22.549426
22.558302
22.558353
22.544563
22.558607
22.549566
22.552159
22.562729
22.564913
22.557217
22.578605
22.563942
22.567501
22.567301
22.561745
22.563736
22.564496
22.552967
22.563925
22.561225
22.568333
22.559994
22.555550
22.553861
