50
35.195818
35.226526
35.219859
35.103065
35.183071
35.190044
35.186429
35.200808
35.073026
35.075456
35.063702
35.069659
35.190242
35.109300
35.045671
35.079918
35.082262
35.204493
35.136117
35.067163
35.081927
35.060346
35.060892
35.073650
35.068316
35.077653
35.065829
35.045493
35.120922
35.341220
35.245717
35.182114
35.164134
35.075531
35.232104
35.123719
35.255528
35.266076
35.275700
35.323591
35.804222
35.297504
36.432025
35.308921
35.200664
35.233761
35.214352
35.304695
35.290017
35.319866
35.308423
35.208380
35.268858
35.065047
34.975890
34.900625
34.899825
34.998975
35.092871
35.060448
35.056799
35.070394
35.061878
35.047662
35.060722
35.058609
35.044503
35.041810
35.036759
35.057544
35.048849
35.046517
35.051798
35.081298
35.177108
35.191495
35.202807
35.183088
35.198653
35.193814
35.207333
35.192407
35.197999
35.215252
35.098993
35.088956
35.241548
35.072053
35.063913
35.045759
35.048497
35.186143
35.186580
35.343251
35.249347
35.232158
35.592372
35.071531
35.224855
35.382433
35.291503
35.275853
35.275759
35.170551
35.218200
35.243661
35.184999
35.148875
35.082150
35.109665
35.146705
35.183918
35.204667
35.310497
35.235200
35.218014
35.350080
35.256086
35.292538
35.224092
35.226936
35.253101
35.152199
35.164874
35.237659
35.136840
35.058432
35.074670
35.073909
35.063647
35.113978
35.221300
35.217944
35.131652
35.061253
35.081281
35.176323
35.120919
35.203409
35.182368
35.098306
35.117171
35.100253
35.089684
35.085325
35.060328
35.119573
35.204737
35.228767
35.213608
35.202019
35.130387
35.203475
35.306619
35.197226
35.089420
35.298572
35.112196
35.079410
35.424256
35.064265
35.055158
35.090284
35.348675
35.327833
35.246655
36.222793
36.611684
35.258907
35.286197
35.258784
35.237699
35.534533
35.975669
35.670286
35.655657
35.617236
35.635212
35.652671
35.597033
35.621886
35.566575
35.683859
35.578796
35.591432
35.634834
35.674536
35.700764
35.571420
35.805425
35.653749
35.692734
35.526184
35.274854
35.382267
35.399169
35.362169
35.328362
35.403615
35.240339
35.307044
35.640250
35.417401
35.513106
35.707795
35.506912
35.626667
35.560226
35.462901
35.459315
35.467608
35.493254
35.790052
35.723539
35.715094
35.834158
35.746012
35.707635
35.750119
35.679598
35.771943
35.557750
35.594856
35.815586
35.520746
35.433984
35.513413
35.444518
35.529741
35.446583
37.299861
39.149220
39.023068
39.455175
39.278354
38.894403
39.243674
39.076336
39.382922
39.265595
39.309608
39.243001
39.420820
39.850562
39.410053
39.873808
39.952016
39.339935
39.397488
39.756461
39.940945
39.853843
39.597967
39.512442
62.184554
80.618677
61.056861
52.553447
47.879319
44.923873
43.047800
41.618109
40.694484
40.418697
39.946610
39.235226
39.233073
39.228475
39.205881
39.274668
39.296664
39.116010
39.058093
39.060267
39.071551
39.060638
39.258357
39.314592
39.062975
39.059637
38.982946
37.988806
38.920245
39.085179
39.257143
38.694254
38.216315
39.246408
39.232915
39.228308
39.347598
38.854933
38.240994
38.673706
39.242933
39.198778
39.232866
39.232145
39.204326
39.078455
39.030836
37.999954
38.882126
39.075895
39.088745
39.081247
39.075481
39.086376
39.061463
38.779092
38.013472
39.037370
39.088951
39.075668
39.071800
39.145202
39.113435
39.210552
39.228836
39.228680
39.121276
39.137530
38.375909
38.149274
38.760955
39.320547
39.236788
39.079477
39.068308
39.066829
39.074710
38.161377
38.670866
39.074786
39.085299
39.063305
39.110639
39.096762
39.087729
38.244357
38.583998
39.098969
39.075022
39.069808
39.100967
39.063133
38.964678
37.984605
38.927082
39.082170
39.073899
39.109532
39.068268
39.088920
38.048484
38.589154
38.893324
38.900949
38.912241
39.000609
39.087037
38.612868
38.187874
39.074631
39.081887
39.061173
39.069501
39.058761
38.730206
37.999845
39.102756
39.072908
39.066824
39.053784
39.093788
39.066803
38.364117
38.411765
39.090139
39.082180
39.100083
38.857031
38.011103
38.080800
39.062547
39.066561
39.042743
39.067164
39.066406
38.631214
38.091753
39.083740
39.072954
39.073364
39.059396
39.083448
38.272182
38.234457
39.085700
39.093201
39.087765
39.098296
39.088195
38.291082
38.459496
39.085658
39.106823
39.081304
39.074668
38.711073
38.008308
38.897540
39.078292
39.080815
39.079106
39.077259
38.484623
38.213042
39.067850
39.072691
39.053155
39.067170
38.902239
37.990340
38.861321
39.071446
39.052898
38.278188
37.985571
37.986853
39.000835
39.079906
38.328209
38.001344
38.034466
39.035390
39.074146
39.084012
38.783619
38.000167
38.393695
39.093623
39.078953
39.096682
39.061705
38.888730
38.009334
38.729837
39.067257
39.116097
39.049414
39.082436
39.109655
39.095591
39.076873
38.858696
38.012372
39.003437
39.069327
39.056712
38.543732
38.206151
39.077661
39.083121
38.628169
37.974778
38.114553
39.077995
39.089146
39.061498
39.097379
39.076992
39.086519
39.066447
39.078310
38.760851
37.992100
39.076637
39.071657
38.500647
38.009461
38.224025
39.048720
39.071521
39.061290
39.060826
39.065851
39.075833
38.468820
38.526911
39.095705
39.099738
39.068951
38.650305
37.979609
37.993071
39.026076
39.096770
38.265679
38.351477
39.071236
39.070082
39.060191
39.089276
38.191066
38.567127
39.065391
39.071837
38.761392
38.006905
37.984750
38.569394
39.054008
38.790257
37.983874
38.365419
39.067559
39.170604
39.231222
39.229779
39.215383
38.200357
38.862308
39.147994
39.173664
39.096999
38.666020
38.617739
39.086961
39.083029
39.059665
39.065228
39.094535
39.062915
38.424770
38.059897
39.062141
39.084384
39.049509
39.063214
39.149821
38.175058
38.903720
39.231951
39.258192
39.270944
38.897319
37.993817
39.067804
39.085348
39.095604
39.047810
39.065059
38.142788
38.535774
39.068189
39.052292
39.075797
39.074230
38.240607
38.410980
39.089003
39.065054
39.083393
39.068720
38.462520
38.219991
39.086618
39.056930
39.081729
39.086460
39.083268
38.513827
37.995805
39.057421
39.086376
38.511993
38.197354
39.069575
39.052194
39.058102
39.055395
38.879150
37.971095
38.891240
39.086486
38.973493
38.870077
38.885361
38.494407
37.785048
38.727131
38.869496
38.871859
38.867742
38.294293
38.038413
38.874557
38.883972
38.883848
38.883766
38.805423
37.807223
38.604785
38.872334
38.868051
38.859216
38.865636
38.861985
38.584706
37.814639
38.882184
39.034982
39.085077
39.085223
39.062120
38.464938
37.998251
38.581535
39.093879
38.721052
37.992490
38.975245
39.054591
39.069954
39.074180
39.059436
38.668293
38.138604
39.080916
39.072824
39.080714
39.064513
39.088397
39.068445
39.082350
38.548377
38.073754
39.070314
39.084257
39.078409
39.057370
39.086037
38.781442
37.981772
39.023478
39.078136
39.081267
39.098535
39.052031
38.409842
37.975827
38.001739
39.022806
39.080119
39.058701
39.073190
39.067956
38.564857
38.140543
39.084643
39.077915
39.088871
39.061854
38.947547
37.972090
38.874183
39.061269
39.085618
39.049413
39.076230
38.307494
38.345892
39.053020
39.065897
39.056093
39.077123
38.520317
38.126042
39.089749
39.082936
38.608269
37.991896
38.551547
39.051224
39.095127
39.076251
38.732807
38.010283
38.932922
39.080261
39.091332
38.745380
37.990531
39.014597
39.079725
39.112291
38.987216
37.999336
37.993504
38.740085
39.073399
39.052465
39.055271
38.096021
38.547324
39.080691
39.071247
39.104853
38.881461
37.992315
38.985689
39.074174
39.074269
38.252004
37.984020
38.215027
39.066660
39.081377
38.835019
37.990724
38.977607
39.068421
39.055697
39.057930
39.061616
38.338471
38.303527
39.088465
39.054528
39.073793
39.068818
38.891302
37.985132
38.897146
39.065359
39.060215
39.081253
39.089805
38.538586
38.220424
39.068812
39.090579
39.090767
39.073345
39.062392
38.483843
38.270013
39.070117
39.079265
39.062426
39.072509
39.090171
38.949297
38.877229
38.143393
38.560153
39.222248
39.216653
39.140838
39.168532
38.151504
38.368923
39.122404
39.166928
39.060605
39.079321
38.356827
38.273807
39.104907
39.062775
39.061839
39.058842
38.452924
38.116010
39.042880
39.060561
39.046971
39.080180
39.055142
39.087056
38.129111
38.524169
39.106994
39.105561
39.081948
39.016613
38.060885
38.967583
39.252336
39.245519
39.244558
39.186147
38.132483
38.814074
39.069926
39.079559
39.108420
39.195827
38.355531
34.844443
34.811238
34.801970
34.818767
34.807114
34.799579
34.821353
34.806015
34.847586
34.909305
34.885319
34.877978
34.884597
34.866986
34.861164
34.889312
34.870867
34.873582
34.889525
34.859951
34.872526
34.882458
34.859694
34.864132
34.883167
34.879430
34.892643
34.890531
34.869746
34.864461
34.892801
34.867577
34.867215
34.886230
34.867310
34.863348
34.877551
34.865869
34.871941
34.916733
34.907412
34.938670
35.037199
35.036947
35.056201
35.052394
35.100441
35.072630
35.057149
35.042740
35.102246
34.908764
34.863253
34.893973
35.045780
35.005725
35.026418
36.019310
35.018071
35.017482
35.037332
35.024415
35.010040
35.045664
35.030642
35.080399
35.054587
35.018647
35.106263
35.117174
35.041973
35.033525
35.167103
35.137719
35.157416
35.163460
35.078953
35.028456
35.023160
35.025140
35.031592
35.027971
35.036310
35.326286
35.654853
35.017022
35.048292
35.064585
35.054906
35.073011
35.029771
35.029326
34.888160
34.883794
34.941122
35.048558
35.062446
35.045855
35.034865
35.018730
35.043858
35.056146
35.024217
35.029949
35.053416
35.061598
35.014140
35.052309
35.031193
35.041948
35.039616
35.063333
35.031871
35.036014
35.020815
35.018842
35.043816
35.026449
35.011519
35.061662
35.015661
35.030826
35.288852
35.028536
35.045042
35.077699
35.057512
35.028269
35.068305
35.036041
35.037400
35.050239
35.039366
35.020469
35.056414
35.018948
35.040036
35.057148
35.029991
35.041332
35.037779
35.051531
35.046810
35.038497
35.045077
35.022378
35.997909
36.245289
35.639127
36.240858
36.682784
35.506696
35.229967
35.979519
35.039498
35.073429
36.067748
36.572836
35.039459
35.046457
35.059725
35.054733
35.029455
35.014966
35.061164
35.475917
35.113195
35.486829
35.282004
35.161841
35.072103
35.499179
35.256859
35.149673
35.181746
35.374329
35.300428
35.311925
35.225601
35.188923
35.269157
35.235325
35.184197
35.112064
35.208435
35.215086
35.632241
35.274373
35.162897
35.210204
35.258478
35.258495
35.212174
35.247669
35.257579
35.233638
35.330649
35.714351
35.160663
35.483399
35.258512
35.327517
35.356269
35.610366
35.161392
35.332900
35.097067
35.133094
35.236696
35.044198
35.117447
35.081741
35.201787
35.163786
35.196806
35.190483
35.094665
35.129996
35.137906
35.034906
35.031541
35.160077
35.025584
35.244646
35.089515
35.343651
35.741706
35.318231
35.860059
35.541669
35.361443
35.188010
35.135715
35.146939
35.149689
35.557291
35.771772
36.779214
35.914835
35.303280
35.333071
35.284428
35.234856
35.236960
35.193950
35.194079
35.666086
35.702966
35.052974
35.114672
35.213253
36.345257
36.495219
35.990142
35.061519
35.052140
35.035709
35.579959
35.970559
36.317995
36.925502
37.093015
37.788057
37.972528
37.968598
37.970764
38.291413
39.039069
39.065181
38.250456
38.142599
38.152229
38.149653
38.229765
38.132650
38.267690
39.396861
38.442540
38.154070
38.054367
38.126160
38.069488
39.069640
39.198659
38.704021
38.099018
38.135597
38.162472
38.223660
38.263667
38.714257
39.223804
38.244673
38.206471
38.059622
38.122231
38.306926
38.134867
38.276935
38.191248
38.191024
38.602517
39.084137
38.620649
38.114897
38.099733
38.085410
38.033708
37.970893
38.020505
38.085309
38.114291
38.096270
38.022920
38.102622
37.986327
38.025602
38.115929
38.132159
37.995895
38.004020
38.030604
37.949590
38.082085
38.162749
38.118305
38.003944
38.142993
38.143253
38.120568
38.118897
38.049064
37.971443
37.979740
37.954454
37.948393
37.985099
37.941353
37.959111
39.035299
38.416480
37.986885
37.994485
37.962783
37.943117
37.963307
37.993696
37.973143
37.976703
38.000572
38.134779
38.129894
38.096251
37.944411
37.949619
37.975795
38.059510
38.140415
38.126064
38.840511
38.778839
38.070887
38.112459
38.043948
37.948171
37.965083
38.014613
37.958354
37.980889
38.021783
37.958541
37.990451
37.974392
38.104503
38.148363
38.108568
38.084285
38.024005
38.073010
38.079451
38.136209
38.027387
37.990456
37.969400
38.055285
38.055225
37.948753
37.971250
37.980906
38.231785
38.050339
38.122410
38.134290
38.020349
37.940445
38.061466
38.929929
38.072065
38.063442
37.952540
37.949835
37.956006
37.976875
37.959626
37.965473
38.081806
38.117165
37.930274
37.950963
37.981922
37.975368
37.959255
37.945531
37.924330
38.096570
38.143310
38.090654
38.058561
37.947089
37.942701
37.953332
37.943010
38.079638
38.016749
38.053055
38.127209
38.101559
38.122117
37.953631
37.955287
37.950647
37.980529
37.960354
37.975442
37.954333
37.958314
38.133916
38.260621
38.266111
38.187244
37.977692
38.079217
38.124282
38.112866
38.108891
38.103267
38.128572
38.044706
37.945024
37.957480
37.947274
38.065761
38.022288
37.998991
38.118511
37.996799
37.078581
37.872433
37.967671
37.960963
37.979870
37.956644
37.952380
37.947716
37.952852
38.011344
38.106041
38.281346
38.120258
38.027428
37.939263
38.102261
38.253162
38.130803
38.177906
38.426870
38.118142
38.221172
38.039832
37.994252
37.185719
37.668442
38.233658
38.206972
38.278949
38.202561
38.304126
38.242062
38.201232
38.191706
38.192838
38.261186
38.245850
38.212826
38.135867
38.250256
38.122821
38.115541
38.104225
38.020969
38.127552
38.100049
38.151295
38.063471
38.013225
38.056934
38.012190
37.978891
38.038066
38.118916
37.261533
37.289565
38.021044
37.953908
37.993459
38.108588
38.029296
38.080114
38.091351
38.121125
38.081041
37.678651
37.060147
38.091406
38.006042
37.930395
37.998296
38.137763
38.014250
37.956880
37.979189
38.059553
38.279354
38.278597
38.258150
38.203621
38.233192
38.119663
38.261654
38.130850
38.258233
38.181372
38.014508
37.307381
37.821627
38.111807
38.176592
38.159621
38.112419
38.100227
37.810926
37.100274
37.829893
38.307189
38.219286
38.121018
38.107686
38.160846
38.145557
38.221197
38.107158
38.035144
38.045250
38.114156
38.187694
38.258035
38.132614
38.108104
38.155894
38.180227
38.349607
38.157508
38.172884
38.312157
38.336438
38.267388
38.255204
38.264335
38.280705
38.178201
38.233051
38.107076
38.036123
38.093174
37.958960
37.962814
37.873898
37.041580
37.736337
37.948525
37.951145
37.969906
37.939160
37.958698
37.950867
37.956811
37.978535
37.953080
37.963482
37.967318
37.967961
37.955571
37.959005
37.963825
38.023078
39.063776
39.038287
38.588809
37.958503
37.969284
38.001185
39.024317
38.402043
38.178380
38.139626
38.133786
38.113633
38.085739
38.126671
38.193160
37.991192
38.079510
38.022609
38.103442
38.091348
38.108789
38.124170
38.103829
38.140299
38.156201
38.021460
37.978091
37.957011
37.958316
37.967682
38.153616
38.156260
38.095688
38.041888
37.965220
38.183967
38.129121
38.090214
38.252933
37.773539
37.020214
37.755228
37.960065
38.040457
37.956906
38.103419
38.116771
38.061416
37.185353
37.225617
38.151995
38.082339
38.078062
37.982961
37.955528
37.951356
37.944469
38.559570
37.965099
37.950198
38.073159
37.960193
37.481917
37.211892
38.162425
38.258555
38.121819
38.034610
38.195340
37.977024
37.228244
37.198671
38.128599
38.124767
38.144990
38.121265
37.964760
38.189151
38.169627
38.300781
38.339375
38.290036
38.134415
38.095845
38.032728
37.945113
38.010305
37.964367
37.962642
37.951138
37.948044
37.967109
37.383025
37.052147
38.008300
38.108116
38.082836
37.967536
37.966480
37.995119
38.041272
37.950945
37.382659
37.097346
38.102872
38.061189
37.966725
37.944472
37.972567
38.099875
38.018214
37.958665
37.964123
37.733847
36.930508
37.317800
37.962920
37.969289
37.955374
37.957785
37.380548
37.149509
37.953087
37.961893
37.955234
37.964081
37.987685
37.953201
37.974911
37.956706
37.971371
37.950802
37.959609
38.263555
37.831275
37.816614
38.002727
37.831605
37.992097
37.968317
37.966994
37.966756
37.992771
37.953849
37.959943
37.974535
37.266807
36.950996
37.872488
37.969839
37.991309
37.964980
37.898664
36.935798
37.561654
37.965625
37.995657
38.196189
38.175188
38.146730
38.089746
37.960113
37.978178
38.020460
38.094846
38.120818
38.124796
38.136726
38.115977
38.054434
37.997510
37.128284
37.926073
37.957105
37.971937
37.956134
37.958075
37.963661
37.971771
37.969576
38.001158
37.688912
36.932005
37.509375
37.971436
37.967935
37.947307
38.099626
37.414634
37.556744
38.356918
38.322144
38.154465
37.958015
37.339482
37.014540
37.833923
38.043318
38.060893
38.047196
37.682584
37.153764
37.909042
38.310277
38.135288
38.121151
37.568571
37.356695
35.015070
35.146484
35.267919
35.194052
35.213777
35.282991
35.317778
35.056594
35.064456
35.130463
35.101003
35.155945
35.322100
35.089207
35.154447
35.111189
35.070477
35.191296
35.204612
35.201756
35.140879
35.059381
35.049518
35.307753
35.129487
35.205408
35.319091
35.251138
35.313705
35.316820
35.267647
35.740630
35.283428
35.196723
35.395274
35.213716
34.939841
34.918461
34.914574
34.886743
34.906076
34.881847
34.898503
35.181782
34.910000
34.886197
34.993203
35.049076
35.036351
35.042234
35.107260
35.171320
35.212926
35.199066
35.188956
35.239894
36.094676
36.109280
35.320673
35.053536
35.183364
35.132255
35.034639
35.165293
35.196314
35.186908
35.157380
35.219132
35.149344
35.074779
35.049030
35.088301
35.055099
35.077051
35.103275
35.178685
35.048447
35.382839
35.144173
35.104943
35.345821
35.234620
35.201631
35.244696
35.276161
35.237279
35.229820
35.215422
35.234042
35.246306
35.150857
35.345841
35.317069
35.200774
35.369569
35.236509
35.225311
35.051288
35.302171
36.141085
36.169661
35.312206
35.081704
35.266165
35.347969
35.402395
35.251234
35.408131
36.197575
35.426687
35.280869
35.393341
35.285073
35.262909
35.296082
35.265536
35.230031
35.237658
35.285774
35.161673
35.092343
35.184390
35.199242
35.691276
35.441365
35.411186
35.468670
35.257129
36.537819
38.073339
35.758483
35.122165
35.120912
35.087684
35.180509
35.258490
35.236482
35.189781
35.294267
35.358682
36.239280
37.877048
37.444522
35.634420
35.452994
35.363406
36.103160
37.469048
37.554051
35.368078
35.328021
35.334521
35.319687
35.248566
35.388453
35.487762
35.254935
35.301074
35.223563
35.313253
35.378675
35.367230
35.381202
35.298770
35.456545
35.377053
35.319687
35.230008
35.298445
35.295413
35.212285
35.343619
35.199368
34.951296
35.282551
35.202055
35.276077
35.283080
36.101661
35.415970
35.172535
35.128876
35.202705
35.102096
35.307909
36.903375
36.908453
35.227292
35.251974
35.095749
35.208979
35.363718
35.285772
35.362715
35.369377
35.278700
35.485468
35.505127
35.306831
35.178197
35.349422
35.336552
35.217333
35.082547
35.336010
35.262155
35.215709
35.794620
35.482287
35.177115
35.171263
35.123156
35.274359
35.543027
35.255109
35.333401
35.757522
36.889556
37.459053
38.135920
38.089297
38.498434
39.099250
39.195065
39.240423
39.269246
39.286833
39.241074
39.257759
39.230148
39.127393
39.060127
39.056403
38.475924
37.964336
38.588548
39.123969
39.068700
38.255876
37.978838
38.675118
39.070869
39.060527
39.049087
39.099601
39.219606
39.234586
39.252302
39.111409
38.123752
39.162317
39.240067
39.461272
39.289684
39.259126
38.539626
38.172610
38.178411
39.073830
39.102385
39.080303
39.099501
39.057880
39.065048
39.068229
39.101182
38.851223
38.008990
39.099937
39.124670
39.255654
39.225759
39.253914
39.295351
39.301982
39.319641
38.343807
38.720126
39.230697
39.223416
39.274625
39.239769
39.233556
39.082793
39.073374
39.201517
39.275830
39.196750
39.271753
39.296480
38.679444
38.445208
39.241471
39.201799
39.271149
39.244526
39.227467
38.631847
38.607702
39.218577
39.387367
39.409013
39.297243
39.035609
38.177032
38.136774
39.236729
39.275800
39.245118
39.254422
38.461013
38.303663
38.493297
39.270354
39.214415
38.490391
38.161120
38.570601
39.263180
39.099074
37.980538
38.859622
39.257188
39.034779
37.980041
38.904613
39.247712
39.259330
39.181567
38.276064
38.363863
39.368834
39.385024
39.202670
39.189302
39.253333
39.252454
39.236495
38.495070
38.022181
39.046502
39.072115
39.059012
39.078780
39.036663
39.048662
39.056240
39.050624
39.081863
38.935320
38.085537
38.301764
39.051945
39.107527
38.024809
38.006070
38.493831
39.247585
39.141483
38.168903
37.979148
38.148137
39.084047
39.086092
38.220454
38.204571
38.148281
39.264889
39.233070
39.227479
39.021944
38.213344
38.146209
38.777691
39.251156
38.994648
38.145247
38.653837
39.244536
39.227440
39.228509
38.150112
38.155913
38.894537
39.347441
39.238919
39.210273
39.167310
38.490827
38.384032
38.903989
39.311899
39.244556
39.092806
39.034117
38.070228
38.899229
39.230240
39.091009
39.084246
39.076789
38.387569
38.252819
39.242355
39.226540
39.094531
39.063958
39.076137
38.546309
38.150137
39.056828
39.073320
38.754959
37.987742
38.666995
39.075821
39.067753
39.075159
39.068754
38.965605
37.992720
38.316454
39.061552
39.060807
39.067412
39.036048
39.059181
38.622051
37.949321
39.072488
39.064187
39.055208
39.043923
39.056653
38.628678
37.976121
38.969283
39.213529
38.177670
38.541097
39.260668
39.261200
39.215500
38.150595
38.143864
38.574845
39.258567
39.233976
38.496488
38.145969
38.176507
39.237198
39.236329
38.985741
38.153940
38.161771
38.132093
39.122133
39.258528
39.228227
39.245763
39.139210
38.149141
38.178978
38.675895
39.237163
38.660495
38.131156
38.098383
38.565503
39.075737
39.204925
38.035980
38.194243
39.100456
39.078248
39.091829
39.100101
38.952531
37.980888
38.455339
39.103891
39.081236
38.377817
37.972120
38.066200
39.079993
39.241863
39.008031
38.180413
38.165405
38.161171
38.982129
38.900721
38.883560
38.896855
38.980513
38.302513
38.068200
39.231555
39.232319
39.198667
39.243416
39.082183
38.918136
38.152079
39.080292
39.058596
39.073449
39.052926
39.082594
39.010556
38.013172
38.690156
39.062278
39.067509
39.097171
39.058741
38.290653
38.110796
38.163857
39.320867
39.237138
38.147398
38.115850
38.154593
39.163931
39.184068
38.172603
38.140057
38.155248
38.470336
39.252590
38.768395
38.243601
38.193383
38.375831
39.257235
39.205927
39.241707
39.258073
38.416571
38.123264
38.146033
38.514867
39.120885
39.078151
39.053837
38.060138
38.812414
39.077920
39.109271
39.313259
38.572546
37.973946
39.092761
39.220651
39.225765
38.411056
38.139921
38.166808
38.711934
39.086649
38.818250
38.118363
38.188890
39.281920
39.249145
39.264691
39.183989
38.135556
38.746358
39.236358
39.186537
38.397519
37.990471
38.909490
39.063632
39.084943
39.065354
39.150935
38.581761
38.276558
39.224114
39.293962
39.364914
39.458576
38.800735
38.209792
38.756370
39.376154
38.631102
38.190251
38.154919
39.239385
39.263947
39.389151
39.059819
38.285924
38.338292
39.247473
39.390098
38.730418
38.186076
38.144873
38.967217
39.312023
39.370071
39.380306
39.392965
39.204803
38.125202
38.803139
39.182414
39.252588
39.290050
39.397517
39.286891
39.187777
38.155803
38.907073
39.223722
39.104155
39.063963
39.057196
39.071048
39.087013
38.509960
38.083971
39.155870
39.220545
39.223541
39.236463
39.246979
39.312108
38.885983
38.265450
38.222569
39.039977
39.274176
38.329362
38.297584
38.767691
39.383333
38.688970
38.229233
38.150257
38.893403
39.230085
38.308081
38.152529
39.036006
39.208376
39.235996
39.170793
38.532306
38.003644
37.990723
39.072485
39.335759
39.252831
39.239067
39.095648
39.068346
39.060178
38.649675
38.004024
39.074816
39.080955
39.063834
39.087553
39.081438
38.932292
38.892528
37.790117
38.075503
38.902722
38.950008
39.072783
39.067604
39.097172
39.068803
38.569589
38.026511
39.075549
39.067691
38.104413
38.180324
39.068338
39.154746
39.225428
39.239207
39.017193
38.145395
38.927494
39.220843
39.222975
38.473214
38.116930
38.239782
39.062729
39.076571
39.069481
38.987738
38.043917
38.631434
39.062961
39.047568
39.064873
38.475163
38.107044
39.056419
39.068117
38.875463
37.988012
38.530403
39.171783
39.203674
39.195157
38.943735
38.135129
38.744967
39.250028
39.237154
39.225451
39.203032
39.434358
39.272994
39.238808
38.895811
38.165320
39.132551
39.240723
39.225628
39.229206
38.908721
38.160764
38.976485
39.092093
39.151278
39.007788
37.983804
38.022020
38.043649
38.947534
39.070969
39.054481
38.556240
37.963087
38.011003
38.004285
38.749071
39.218286
38.392520
37.990771
38.895179
38.899549
38.903895
38.901805
38.684491
38.057821
38.976824
39.076765
39.222416
39.243964
39.240561
38.425246
38.374165
39.236968
39.163981
39.088269
39.052477
38.927355
38.138430
38.959949
39.222352
39.223671
39.249761
38.754783
38.260342
39.355730
39.383350
39.271432
39.242922
38.263831
38.473810
39.241158
39.241453
39.233842
39.011600
38.230856
38.857007
39.269639
39.188704
39.064013
38.668909
35.257342
35.186626
35.242059
35.201598
35.284266
35.423261
35.090717
35.278390
35.309572
35.201191
35.350042
35.003838
35.910790
35.418252
35.042196
34.855192
34.883961
34.875693
34.880062
35.508038
34.885854
34.923035
34.928252
34.910737
34.906429
34.917026
34.909839
34.911210
34.910681
34.930150
34.907623
34.913409
34.920888
34.906926
35.463815
34.903791
35.937532
36.256876
35.159488
35.232356
35.348616
36.630188
35.954724
35.336571
35.193728
35.155083
35.214111
35.188374
35.225433
37.106720
36.669788
35.954343
36.086617
35.290895
35.267665
35.241416
35.478037
36.417743
35.600320
35.814637
35.296270
35.163957
35.122182
36.327654
35.189489
35.226919
35.203582
35.206696
35.996370
36.649212
35.424413
35.717507
35.478804
35.187341
35.108503
35.540837
35.270960
35.159383
35.159974
35.164971
35.179834
35.166629
35.075083
35.145642
35.267169
35.276781
35.064633
35.124017
35.203638
35.124021
35.055834
35.155726
35.201085
35.182139
36.850322
36.942669
37.278415
36.426624
35.255984
36.820473
36.364412
36.756151
36.503184
36.597131
36.215087
35.035904
35.024563
35.029153
36.005359
35.174950
35.207426
35.188232
35.189892
35.202029
35.170076
35.161808
35.195655
35.034087
35.029763
35.168909
35.157341
35.049070
35.084753
35.034879
35.066150
35.948323
35.957635
35.106862
35.191097
35.179341
34.903393
34.878982
34.915776
35.221956
34.904398
36.731277
36.499395
36.167445
35.061473
35.054381
35.066101
35.103379
35.210890
35.052986
35.093007
35.206081
35.174126
35.057076
35.227774
35.221092
35.190415
35.186107
35.588145
35.175912
35.085527
36.237623
36.776168
37.117884
36.833416
35.223604
35.193311
35.671666
36.573715
36.730575
36.559577
36.296110
35.938989
36.848161
37.152687
35.752691
35.060553
35.151481
36.087723
35.061278
35.084685
35.115356
36.346622
35.745411
35.085880
35.132701
35.231341
35.268312
35.172568
35.190834
35.488045
36.698004
36.577158
36.806410
35.126836
35.331594
35.900236
35.231554
35.239607
35.233194
35.171714
35.289882
35.231001
36.017668
36.334005
36.539741
35.539434
35.188241
35.163330
36.317336
36.621328
35.285729
35.179535
35.565921
35.852912
35.107915
35.297927
35.147250
35.067536
35.366729
35.121559
35.139119
35.193273
35.224337
35.190066
35.085124
35.173538
35.181337
35.082915
35.052391
35.067084
35.187282
35.206982
35.188412
35.082220
35.133713
35.058837
35.032811
35.025355
35.040101
35.080557
35.053124
35.065006
35.039040
35.089574
35.045468
35.036326
35.129584
35.198402
35.169992
35.216537
35.210385
35.216240
35.210187
35.211187
35.168697
35.066067
35.448503
35.113195
35.248698
35.341134
35.346493
35.220658
35.204260
35.211693
35.206504
35.282342
35.343907
35.211231
35.188004
35.173420
35.214935
35.308541
36.244820
35.221473
35.205067
35.071774
35.124221
35.256235
37.529171
36.600543
36.231806
35.193384
35.241083
35.299695
35.343812
35.138384
35.037598
36.297141
35.188958
35.220840
35.237665
35.502170
36.118980
37.054706
36.975449
37.303298
37.988561
37.807085
37.800135
37.797694
37.796843
37.791130
37.798873
37.788854
37.800755
37.932715
38.868847
38.896112
38.154367
37.792510
38.856288
38.872913
38.885805
37.877123
37.807248
38.099586
38.933934
38.019831
37.995296
38.013108
38.734563
38.983921
37.977405
37.988917
37.987564
37.989728
37.983027
37.980401
37.988927
38.005029
37.970109
37.976875
37.981083
37.998739
37.988981
37.972487
37.975215
37.968119
37.994665
38.798050
38.982898
37.982074
37.976465
37.968521
37.975051
37.975900
37.981065
38.249310
39.061398
39.053339
38.233869
37.971163
37.965979
37.968787
37.963815
38.006765
37.987847
37.981738
37.982040
37.969854
37.964966
37.986829
37.965592
37.973668
37.981070
37.985727
37.967282
37.990932
37.952695
37.987709
37.980249
37.982674
38.032222
38.002842
38.013778
38.004072
37.977140
38.457321
39.167591
38.504199
38.122588
37.989794
37.978910
37.992466
37.983891
37.975563
37.986850
37.938879
37.972328
37.969472
37.967648
38.131048
38.082490
38.131966
38.132254
38.081472
38.155188
38.149981
38.114987
38.156738
38.157357
38.146940
38.119083
38.099966
38.005789
37.978520
38.122230
38.129377
38.152239
38.142935
38.125213
37.301137
37.281432
37.993726
38.128664
38.143130
38.103510
38.034176
38.150724
37.414461
37.092785
38.105976
38.102572
38.104587
38.094659
37.968482
38.034133
38.192554
38.255127
38.154986
38.050313
38.154100
37.978279
37.949639
38.136742
38.297463
38.287942
37.294300
37.368076
38.235848
38.276798
38.185842
38.155755
38.134772
37.263683
37.560724
38.151310
38.207112
38.194177
38.180250
38.220987
38.299344
38.278425
38.196933
38.269579
38.236256
38.158478
38.156043
37.782770
37.055159
38.113238
38.197648
38.266410
38.206966
38.223226
38.191281
38.185870
38.202680
38.197342
38.028621
37.976057
37.255510
37.912207
38.100720
38.214952
38.085076
37.971328
37.975063
38.011301
38.142980
38.162209
38.271715
38.236875
38.241586
38.126715
38.131083
38.292639
38.425887
38.284874
38.238095
38.238635
37.983181
38.081616
38.121608
38.040900
38.128506
38.181999
38.185119
38.130653
37.981662
37.956080
38.114162
37.617383
37.129418
38.210801
38.218119
38.131682
38.213766
38.271041
38.281216
38.230275
38.296207
38.305596
38.107212
38.129192
38.200790
38.148184
38.352221
38.352455
38.262944
37.537451
37.579891
38.143806
38.048374
38.190668
38.108842
38.139752
38.257828
38.254872
38.211829
38.336709
38.169302
38.144308
38.155954
38.290687
38.201403
37.767335
37.116703
37.927427
38.323098
38.165709
38.137564
38.094636
37.742080
37.206831
37.706378
38.177213
38.228739
38.304421
38.149107
37.777856
37.722122
36.763038
37.426744
37.796536
37.798339
37.790178
37.794718
37.824020
37.805428
37.790755
37.797023
37.789984
37.800660
37.806015
37.815860
37.811014
37.807258
37.963612
38.007814
37.980279
38.122827
38.140341
38.160084
38.160392
38.191781
38.198431
38.083099
37.983647
38.121754
37.177147
37.630121
38.288408
38.301424
38.308802
38.024484
37.969806
37.988316
37.986594
38.008368
37.974111
37.996124
37.985902
37.994319
38.005314
37.983558
37.614360
36.964725
37.964896
37.986535
37.996618
37.977155
37.979950
37.986813
37.991797
37.914865
36.948507
37.499681
37.976901
37.979002
37.990368
37.971190
37.994600
37.977105
37.107447
37.481758
37.994244
37.996549
37.980996
38.001748
37.976133
37.984464
37.977121
37.993464
37.979082
38.007101
37.975452
37.992736
37.987370
37.988714
37.978899
37.981053
37.989236
37.975971
37.995059
38.004012
37.980962
38.004068
37.649886
36.966448
38.002041
37.975574
37.987601
37.987862
37.995050
37.995045
37.992196
37.995720
38.006171
37.976550
37.998443
37.979063
37.808636
36.932753
37.579615
37.988523
37.977454
37.980389
37.989450
37.980261
37.987974
37.992632
37.995110
38.174326
37.574701
37.055911
37.987121
38.001856
37.992246
38.035331
38.638091
37.708365
36.955936
37.996798
37.994388
37.976943
37.956845
37.981632
37.471044
36.942729
37.873282
37.960996
37.983393
37.952924
37.965439
37.967231
37.693717
36.958131
37.578275
37.950672
47.616418
36.974644
36.982836
36.985309
37.954290
37.984256
37.966665
37.974609
37.968450
37.975265
38.003178
37.997084
37.964640
37.948313
37.977434
38.018041
37.974908
37.980044
37.966570
37.967378
37.955234
37.351391
36.957778
38.019228
38.112280
38.095116
38.133580
38.168575
38.172662
38.209084
38.130204
38.126464
37.716507
37.028505
37.951516
37.977849
38.001676
37.969032
38.064178
38.284338
38.140338
37.999171
37.315039
37.276690
38.144512
38.115912
38.144790
38.178008
38.189651
37.610821
37.239425
38.197815
38.213179
38.334424
37.942899
37.950795
37.310834
37.366534
38.059482
38.127916
38.164409
39.071963
39.055940
39.069651
39.057223
38.142872
38.362525
39.067279
39.054609
38.386492
38.047549
39.051445
39.073905
39.047343
39.050276
38.373447
38.358283
39.063312
39.081819
38.846160
37.981131
38.482398
39.042148
38.966281
37.956879
38.280303
39.059082
39.055771
38.450906
37.959858
37.980853
38.947431
39.088969
38.997205
37.981350
37.964357
38.201918
39.044863
38.944034
37.971417
38.306629
39.050396
39.054900
39.059314
38.570721
37.980910
38.054085
39.109053
39.083530
39.084551
39.088383
38.868215
37.978157
38.834908
39.074571
39.067845
39.086790
39.048632
37.981299
38.533446
39.070452
39.080686
39.058928
39.089783
