100.000000
87.038728
98.154831
88.330313
124.690253
79.218168
81.533131
80.377282
99.757013
79.628776
97.680989
79.433474
80.919542
96.333010
85.139177
88.627428
80.926456
80.767791
108.089397
82.628378
100.984016
123.032389
124.559876
83.406495
108.660616
83.702689
147.200116
112.254608
106.073101
96.471983
96.873091
97.998242
88.976975
89.038008
89.855704
93.844229
91.211772
92.035766
89.812541
90.183640
93.315266
95.848481
114.369634
96.550338
95.449209
95.343532
95.996724
95.479586
94.759455
118.785535
151.090490
103.572700
117.870927
85.442784
94.865883
98.628087
90.635738
93.451278
95.807788
140.713484
123.075813
115.092903
93.416093
85.900326
84.217950
85.447450
85.716684
134.758305
84.042482
92.490343
88.175884
83.158065
107.765973
90.679540
86.701139
86.130015
85.928584
89.017919
90.377122
92.697717
85.222644
83.930902
83.324139
87.402096
86.627638
86.946471
132.089534
88.416630
86.066239
83.316116
87.368932
86.904606
82.070881
105.959736
88.585570
82.606963
116.108961
94.646555
91.610395
85.178780
87.375119
98.867657
104.195291
106.958318
95.719087
110.771422
99.590165
112.840677
100.587145
85.615539
83.798559
83.353752
92.329188
92.516216
91.199113
85.628916
100.950016
125.456740
92.468713
139.430225
88.429328
86.505634
86.030668
89.602828
86.309122
108.482624
94.030297
121.355391
83.443105
85.240242
90.447766
85.015045
87.550529
112.263004
140.788690
109.179743
93.016496
104.721956
129.530390
134.512175
116.156465
86.724629
108.642512
152.577663
120.721485
83.974154
129.510449
90.580516
98.788334
97.726273
85.813183
88.301794
88.321326
91.646829
103.597807
89.253871
85.386745
87.934378
84.612699
89.119438
86.752874
84.845197
99.231750
116.731760
107.338893
112.703854
88.906104
84.347693
90.638502
117.294170
122.548582
99.630848
85.267828
84.514476
84.147291
88.652376
116.095381
111.800744
103.490061
84.733514
119.776225
85.611788
88.968848
85.740124
91.274013
131.115071
99.484485
87.628830
90.573282
123.145582
82.140343
86.488094
88.478553
92.834999
86.230064
84.287287
94.131263
87.095934
115.215558
120.318980
112.888199
103.891340
112.866986
85.944691
88.044840
87.143298
95.670604
93.736306
139.659429
144.789112
107.333730
94.494269
87.126055
133.341762
139.548109
104.012922
126.205815
85.264961
123.999793
135.980959
95.481303
83.862858
117.810829
85.072502
95.717801
86.633579
134.008762
98.692842
105.511611
109.423952
97.183538
83.948528
91.568441
131.369105
116.667649
82.419776
80.811958
92.834355
148.372361
140.302717
99.606846
93.684026
136.302132
127.709090
92.989746
85.627111
86.473878
86.093464
89.180329
98.164958
89.485124
83.453698
84.837943
95.537882
105.635175
84.766228
86.479780
97.853966
83.331188
85.270501
86.413847
93.049665
112.263276
128.429605
85.875865
87.190280
92.460528
134.408501
130.536494
139.526900
97.516932
90.379964
86.995777
90.069297
93.777636
110.844456
101.275447
86.118334
92.265736
114.350666
117.646657
133.251720
84.397359
105.189127
99.473627
91.741886
85.304647
88.222698
86.364202
90.555683
118.030002
87.659229
84.118639
93.425462
125.983418
86.324352
130.591713
92.934764
83.949179
81.418619
86.312513
94.798075
88.652922
111.181470
112.677875
117.891590
84.799050
85.749586
86.524717
129.125578
132.367328
88.152434
86.290319
85.700227
83.893962
88.700049
100.695683
130.739746
97.505304
103.787401
86.474669
86.249783
130.572539
93.884375
105.983148
83.984073
84.508221
93.486578
96.908257
95.602358
134.798441
127.644519
94.640308
86.717575
90.503407
88.772243
94.342783
90.357627
90.414973
88.877503
93.397135
88.294872
101.763394
95.914626
94.824948
94.795708
84.588365
109.373675
87.277162
127.734055
108.844584
107.674194
96.625300
110.261486
91.790958
86.508498
116.002549
145.156954
91.349436
121.959292
93.777436
83.901786
84.739194
83.860790
105.171879
90.783655
129.651429
115.050846
85.470422
82.297736
85.767094
83.385343
85.363099
118.262515
127.821498
86.955507
99.415590
89.277579
117.404400
125.683035
89.455231
86.545078
91.388855
121.886162
142.130261
133.444477
88.289175
85.888985
86.218280
86.304684
87.252504
88.688047
84.558424
88.656306
86.942999
86.447802
90.885319
90.041207
114.976004
88.969913
126.108175
113.958032
96.491390
84.824450
85.323803
99.356368
127.073838
123.138695
143.780354
124.528150
136.326217
140.117503
97.043319
135.142776
124.223390
127.367578
136.321959
93.373675
91.085486
118.920478
131.071808
98.278480
84.811686
88.481229
87.255602
86.262111
85.579354
110.982956
115.557747
84.390718
89.449414
87.085058
147.505086
119.293018
142.427541
99.395220
91.901494
96.496750
85.126430
85.818826
97.815776
117.253601
135.215628
84.792613
86.529915
86.041629
124.382205
117.512047
84.215057
83.938629
89.930833
86.694639
92.529954
87.819835
125.736530
141.856478
123.838886
81.893763
85.188601
84.617313
94.191803
113.806045
107.997206
96.958737
89.130806
112.074721
96.635923
82.801704
88.059734
96.251967
91.185989
131.209784
109.764251
88.955587
85.560084
83.963585
114.265414
84.053073
105.506205
85.509679
90.549575
83.453947
125.792843
108.686783
90.847217
138.067918
126.482212
120.887674
82.166786
85.213165
134.342593
103.873800
86.676675
141.880068
113.039828
149.502347
133.977983
94.611410
84.878023
85.433301
109.882678
140.386227
102.782238
90.486756
135.155231
122.669204
143.560991
110.276925
83.627194
130.235901
99.770516
121.779055
97.850011
100.656914
85.355528
83.295742
86.933086
86.099553
85.033861
84.291680
105.442281
143.430178
139.076525
84.425150
85.883234
85.101159
88.462163
126.852650
114.623535
112.343395
122.619050
112.530783
88.388725
87.262663
84.360941
84.954392
82.632426
84.324918
128.344643
133.500952
97.357784
149.211414
151.337236
109.201021
108.469573
99.081101
87.071045
85.419769
88.996836
91.214383
90.134279
85.893928
86.328980
85.558653
139.187318
139.716876
114.170191
88.003480
97.976026
111.811605
86.892427
85.053355
93.083707
82.842865
89.283205
88.734273
99.219062
99.912349
116.740674
129.219635
84.133343
82.323263
94.733995
87.987018
86.032219
90.542251
88.912435
88.860676
100.581524
138.214989
150.975004
129.382755
117.791067
108.680424
118.627413
138.225993
105.089197
91.064858
97.120224
89.796174
89.682550
99.903762
84.702227
95.452046
118.091329
100.479340
83.026028
86.807777
85.327564
86.307194
103.188812
120.091074
