50
127.640179
134.601008
137.188980
137.242602
136.867407
141.053998
136.787203
136.634516
137.078264
136.517419
136.405832
138.640465
136.603622
136.841746
138.335972
138.362521
136.737352
136.814357
136.617264
137.453528
140.985684
136.339041
136.309906
138.469624
136.813127
137.012105
137.381828
139.024089
136.843571
147.290118
166.881346
133.473695
136.874046
136.749622
136.926162
136.694846
137.013089
136.922791
136.794972
136.609079
136.550977
136.433583
138.474200
136.819184
137.703067
137.395097
136.705434
138.040577
136.991773
136.668904
136.637727
142.185969
136.410575
136.524119
141.441558
137.223546
137.247694
136.780925
136.416435
136.388838
136.632988
138.762631
136.760227
136.985181
138.811937
136.779133
136.829118
136.783541
137.645175
138.572372
136.567606
136.767576
138.779252
136.633716
138.056029
136.893596
137.088434
140.803587
136.930228
138.017676
137.307082
136.629934
137.966957
137.448830
136.511826
138.398264
136.418290
136.555564
137.847034
137.294848
137.138866
141.426676
137.306752
137.262741
137.165523
137.174812
137.146181
138.899672
137.734834
136.942295
138.718423
136.700975
136.550385
138.445978
136.446861
136.668988
138.197879
136.073148
137.330721
136.821966
136.031064
137.848998
135.762767
140.672157
136.590922
139.635483
136.320264
141.746226
136.757546
137.810407
137.707999
136.562776
137.329152
137.885546
136.574610
136.705076
138.404750
136.668989
136.649071
138.946667
136.910716
136.709579
138.685299
136.637502
136.718667
137.990579
137.859057
136.742861
136.399065
136.864324
137.982181
136.445557
136.428080
138.326363
136.437742
139.775436
138.699183
139.467773
136.513467
136.968374
136.499135
136.519481
136.370372
136.439278
138.127319
140.213370
136.057019
136.115747
138.049842
136.061382
138.057477
136.559255
140.579165
136.096898
136.279443
137.644817
136.369801
135.983953
136.855044
139.101897
141.007641
137.030330
137.098124
137.042010
136.869548
138.996466
137.527935
137.581733
138.101225
136.641403
138.732004
136.452623
139.258098
136.811319
136.624612
138.641364
136.563178
136.534677
138.587386
136.522461
136.473252
138.444248
136.376304
136.349985
138.904546
136.609391
136.613963
138.523794
136.576093
138.426616
136.606838
136.912699
138.515103
136.525616
138.423349
136.522818
136.580567
138.025235
136.149746
138.327713
137.708054
137.230576
136.988132
136.417039
138.585485
138.010438
138.189738
136.686887
136.522927
136.547066
137.875120
137.555615
136.243061
139.126143
136.059152
136.166952
136.203020
136.192777
136.163075
136.032920
138.794624
136.308827
136.205023
138.281570
136.124861
136.893581
137.539664
136.213683
138.903323
136.247722
138.340755
136.395849
136.170425
138.205037
136.380521
136.315252
138.207667
136.211115
136.255304
138.213737
136.290149
136.691609
138.041741
136.375050
136.421041
137.711408
137.440215
137.243202
136.954425
138.833568
136.840081
136.875749
138.842016
136.869096
136.735664
139.054317
136.722100
139.705293
137.022215
136.763307
138.791456
136.821976
136.783424
138.566597
136.444808
136.832194
138.619994
136.818308
136.942047
138.874116
136.941262
136.583756
137.408475
137.889929
136.677716
136.672953
136.516553
138.526937
136.670096
136.768891
138.415601
136.485861
136.451317
138.112985
136.310885
136.333178
135.853020
134.585185
136.607502
136.517789
136.483515
136.479095
138.002895
138.438249
136.375668
138.239582
136.289976
136.448683
138.340439
136.300201
136.346796
138.341990
136.386907
136.379057
137.025484
138.448228
136.481458
136.367485
136.606670
138.598687
136.738050
137.039510
139.253681
136.992956
136.625383
138.308894
136.047493
136.087009
138.152822
136.041049
136.170405
138.292038
137.420245
137.959754
136.429788
139.012098
136.343914
136.349246
138.490872
136.590486
137.060851
137.685909
136.138472
136.613720
137.695544
136.104282
136.550927
137.645778
136.089851
136.051907
137.993293
136.063721
136.091598
138.167186
136.115105
136.005170
138.726583
136.326649
137.087214
137.500005
136.157562
144.686122
135.920457
135.917029
137.963134
135.936302
135.969734
137.957233
135.990552
135.907453
138.260402
135.958498
136.146541
138.082655
136.082427
136.255535
138.266528
136.424321
139.651803
136.249015
136.091170
138.537725
137.515409
136.977955
138.812588
136.682043
136.822275
138.924120
137.179722
137.308594
137.184932
138.758913
136.458502
136.307032
139.031348
136.328471
137.741151
137.237732
136.510743
137.847768
137.072980
136.513282
136.911209
138.862844
136.688891
136.548543
138.724360
136.603936
136.710134
138.583709
136.600260
137.305767
137.253207
138.706479
136.809624
136.748290
139.376828
136.629373
136.216269
139.224806
135.917172
136.232101
138.029433
136.113882
136.239622
138.242873
136.219218
136.071490
137.970848
136.288925
136.514119
138.448902
136.436855
136.750539
137.183752
140.026277
136.846997
136.860595
138.668534
136.591867
136.680401
138.380692
136.985679
137.676144
137.091615
138.732916
136.876940
136.676651
137.134688
138.615183
136.705870
137.555777
138.091204
136.842536
138.724303
136.666923
137.188905
138.720123
136.376917
138.291360
136.260873
136.160398
138.230202
136.460951
137.485233
137.484255
136.450412
138.431620
136.363907
136.440947
138.350362
136.530399
137.181488
138.226840
136.718649
138.756002
136.724162
136.684267
138.598652
136.647483
136.651188
138.600779
136.512209
136.332717
137.468876
135.977769
136.642503
138.778780
136.796398
136.883579
138.972174
136.781109
136.780274
139.086294
140.043003
136.656205
136.874237
138.610917
136.341294
136.939926
138.245346
136.506817
137.838878
137.338625
136.528707
138.746188
136.765107
137.466381
138.524756
136.617504
136.888958
138.020911
136.562892
138.985425
136.790972
136.832228
138.451371
136.369562
136.510929
137.250173
139.955483
136.417292
136.357805
136.636624
136.402437
138.395211
136.543654
136.541996
136.419193
138.502833
136.301591
136.004316
138.072535
136.147793
136.162578
138.256188
136.155710
138.205907
137.901953
137.166207
136.064652
138.542319
136.391709
137.601519
137.251517
136.554906
138.955459
136.880120
138.783063
137.249425
136.685671
138.433293
140.655162
136.539580
136.291487
136.563017
138.215125
136.431092
138.346979
136.586800
136.585775
138.624466
136.469351
136.631467
138.720380
137.554447
138.438905
136.609557
136.726207
138.384172
136.435392
137.231240
137.521184
136.470719
137.306920
136.778395
135.958507
137.435551
136.789640
136.486261
136.389073
136.692354
139.952559
137.139124
137.066938
136.827675
138.866207
136.396768
138.515195
135.943119
137.478537
141.259643
137.257177
136.516008
136.549411
136.718339
138.282310
137.138515
136.485188
138.562004
136.495129
136.637834
142.540999
136.556966
136.586420
136.899147
138.477082
138.835539
136.581721
136.528445
138.628250
137.523623
139.633677
136.600806
136.460787
138.413722
136.431563
136.413655
138.332674
136.378670
136.316031
138.524026
136.399215
136.372183
138.536606
136.036198
139.646155
136.490642
136.423835
136.598760
138.429887
136.259943
136.632539
141.094245
137.129225
138.484412
136.653376
136.227948
137.820014
136.853884
138.790607
136.521059
136.489673
138.411771
136.617287
136.832732
138.408110
136.651455
136.464247
138.280346
137.105139
137.209725
137.054299
138.594237
136.367043
136.382770
138.222915
136.380228
136.482973
136.917466
138.209145
136.920922
136.013424
135.892128
137.957642
137.781186
137.282830
136.989963
136.954380
136.216612
137.876466
136.327859
136.206229
138.105123
135.945759
136.051358
137.861229
136.505602
136.117919
137.962359
136.408968
136.032010
137.183919
136.990564
138.948427
135.931492
135.924370
137.686140
135.910227
135.994035
138.001616
135.966546
135.881670
137.966477
136.125201
136.165996
136.832955
137.429134
136.153254
136.230954
138.313904
136.446305
136.173286
138.164496
135.975469
136.113839
136.698515
137.430129
136.399782
136.456325
138.326636
138.489729
137.250258
137.025722
136.598408
138.634415
136.577904
136.567715
138.521611
136.523574
136.550675
137.371831
137.818050
136.730944
136.666657
138.715114
138.061985
137.503530
137.350546
137.368476
138.792860
136.696368
136.561556
138.308791
136.241287
136.151673
138.251332
136.219155
136.225126
138.043463
136.173856
138.662308
137.955846
136.059197
136.899919
137.431611
136.538127
137.384565
139.194595
136.420247
135.955299
138.069111
136.105820
136.148162
138.213987
136.116165
135.979200
137.879195
135.922957
136.092649
138.075210
136.035962
136.055134
137.868209
135.917210
136.278228
137.665403
135.878304
136.619265
137.517227
138.424999
136.132690
136.181879
138.406880
136.526483
138.768936
136.313574
136.021291
136.054331
136.286262
136.506980
136.529618
136.655268
136.777228
139.786816
137.238172
136.814789
138.911753
136.947804
136.936974
138.782885
136.840601
136.741217
138.696725
136.638729
136.827921
138.185464
137.338613
136.699871
138.361023
136.980577
147.913389
136.525150
136.513302
131.724814
134.388087
136.467716
136.506299
136.678649
136.640715
137.720275
137.467206
136.643109
138.525240
136.444813
136.258107
138.329448
136.910945
136.802199
136.927736
138.735202
136.622794
136.478675
138.596654
136.831142
139.130641
137.166259
136.471565
136.449617
136.640725
136.703560
136.376114
138.307550
136.323353
136.255231
138.203566
136.092728
136.250366
138.048960
136.291603
138.578137
138.115436
136.751024
136.898078
138.679966
136.805046
136.601284
138.814695
136.795484
136.646516
138.495355
136.434881
136.556788
137.922514
136.507697
136.230926
138.031604
136.557327
136.206207
136.389188
136.542253
136.364846
138.250794
136.364411
136.407865
136.355370
136.490227
138.610119
137.317580
137.199695
137.494404
138.005827
136.548454
136.611018
138.528459
136.548137
136.683233
138.755773
136.863168
136.831315
138.767077
136.847835
137.194956
137.640604
138.466332
136.770938
137.991198
138.203137
137.623486
140.192698
137.026442
136.591009
138.678999
136.603096
137.506745
137.505256
136.504099
138.058413
137.187267
137.199826
138.903802
136.585513
137.095515
138.606792
136.674426
137.680129
137.710228
138.626994
136.698497
138.037093
137.243446
136.731949
137.570974
138.768772
136.745303
138.380271
136.623989
136.509015
138.595645
136.608098
136.658610
138.998054
136.748264
138.096475
137.455078
137.157238
142.441250
136.683137
136.300581
138.040166
136.352704
136.280226
137.513375
136.772509
136.251073
138.395671
136.356407
136.255708
139.239149
136.285277
138.798651
137.182825
137.051357
137.247338
138.748752
136.693495
136.311000
138.455234
136.442681
137.588719
138.762374
137.001686
138.090063
137.552034
137.920521
136.693901
136.755575
136.691743
136.760276
136.880724
140.946264
136.658510
138.472988
136.219126
137.187023
137.673490
136.545473
136.451954
136.564942
138.670279
136.744361
136.772843
136.581683
138.542136
136.549563
136.785644
136.446208
136.463134
138.588865
136.644906
136.546903
138.498263
136.509846
136.318067
136.920610
137.291164
136.111537
136.130702
138.231074
136.230317
136.260839
138.136752
135.935607
136.437491
137.037721
137.537831
136.307427
136.631920
136.609224
136.863573
137.723430
138.256115
136.461142
136.395157
138.423848
136.453982
136.386492
137.806793
137.009221
136.691863
136.404429
136.558426
136.426064
138.411972
136.426561
136.441875
138.266867
136.421258
136.426651
141.261628
137.088329
136.807910
136.684049
138.394302
136.638909
138.119415
137.033103
136.787806
138.807335
141.964854
136.535106
136.428222
136.119085
136.431932
138.428993
137.431706
136.680094
137.735042
137.777170
137.054120
139.457323
136.108679
136.393788
141.604319
138.155428
136.523121
136.908312
136.569495
138.735938
139.873983
136.626782
136.311914
136.926389
137.622438
136.007056
136.101007
138.249530
136.237356
136.359819
138.384168
136.454047
136.484389
137.141486
137.033891
138.310534
136.724445
136.499156
136.535140
138.509996
136.640774
136.323656
136.815049
138.120986
136.470369
136.566142
138.442478
136.553916
136.564621
138.399245
136.423076
138.453432
137.019955
136.463922
137.032632
144.896874
136.418360
136.580627
136.513227
136.532458
136.667214
137.403676
137.647879
136.859417
136.788232
136.615154
136.577327
138.617172
137.834157
139.399423
136.600038
136.859329
136.476147
138.299513
136.223351
136.330984
138.338350
136.278106
136.286743
137.990805
136.766979
136.467543
137.326197
137.111182
136.382402
138.485766
136.335686
136.616912
157.693072
134.132577
136.157608
136.175388
136.181060
138.513319
136.311062
136.440506
136.303404
136.038837
138.242949
136.410038
136.374248
136.510357
138.399221
136.301813
136.370999
137.107435
137.655166
136.820397
137.074558
137.674323
139.376795
138.580795
141.099634
136.549506
136.540334
136.645320
136.519342
138.747655
141.394089
136.527820
136.629821
138.869969
136.641707
137.749095
137.120986
136.629062
136.692672
138.094481
136.337860
136.414753
138.237383
136.334804
143.653631
137.599231
136.973225
136.996968
137.208002
136.973232
138.984106
136.904328
136.964270
138.647324
136.882010
136.638839
138.871106
136.704026
136.637378
138.467639
136.563795
136.428895
136.537081
138.236246
136.876474
136.671524
136.787332
136.756327
136.780145
136.543945
136.839523
140.187067
137.096806
137.042769
137.829742
136.585931
136.533410
138.568620
136.829189
136.842115
138.758166
136.770872
137.061503
138.695740
136.842563
137.016116
136.984298
137.689033
137.809109
136.791560
136.766390
138.600206
136.628280
136.734859
136.625153
138.488366
136.448284
136.543801
138.625744
136.662582
136.611988
136.625810
138.478486
136.636379
136.456026
138.330728
141.396715
136.475364
136.140037
136.647374
138.636800
136.693188
136.617064
138.256751
137.245175
136.870032
137.591088
136.752470
136.135911
136.128104
136.283730
139.215482
136.134081
136.101432
136.226812
136.206209
136.303972
136.209934
136.306936
136.098531
136.137763
138.498184
136.402695
136.326991
136.477556
136.353902
138.382182
136.393075
138.082597
136.399089
136.996850
137.747829
136.527517
136.429709
136.969738
137.622007
136.347921
136.404378
138.174512
136.444791
136.385592
138.257457
136.351970
136.596905
137.484464
137.297338
136.328067
136.230250
138.226828
136.233485
136.157720
138.212392
136.325550
136.202095
138.102462
136.108387
136.171302
138.078055
137.385003
136.283859
136.229406
138.171439
136.247550
136.430396
137.377108
137.355824
137.942661
137.926771
136.122131
136.180253
137.944013
136.388855
136.299028
137.480708
137.251937
136.408813
136.465253
138.583872
136.465754
136.521277
138.781416
136.994869
136.777467
138.632469
136.770574
136.599521
138.255684
137.381921
141.021148
137.156030
136.953945
137.226675
138.382676
136.817685
136.624521
138.289854
136.380127
137.806695
136.886867
136.481670
137.787147
136.892764
140.603230
137.621813
136.565733
136.464298
136.361378
136.194260
136.295655
136.436229
137.613990
137.213282
136.585620
136.456334
136.372183
136.489405
138.574064
136.292321
136.613146
138.386719
136.368853
136.270559
138.267510
136.640263
138.871810
136.095424
136.186920
136.195725
136.657023
136.694077
138.608330
137.217380
141.602252
136.867577
136.831593
136.796948
136.729308
139.513923
137.244094
137.285291
137.238897
137.048092
137.071868
136.443639
136.242056
136.531694
136.296099
136.308606
138.939425
136.222499
136.122086
137.849911
136.119930
136.352968
138.006852
136.247430
135.965659
138.294620
136.839675
137.036341
136.974122
136.941000
137.175223
137.041370
136.707065
137.051708
138.583226
136.824701
140.241178
136.539219
136.722676
136.489994
138.267201
136.572152
136.485093
137.986631
137.027255
136.220917
136.486625
138.180944
136.339738
137.351548
137.490217
136.521328
137.035703
137.511958
136.393665
136.521358
138.652074
137.740253
139.688153
136.243185
136.008901
138.143177
136.048836
136.973228
137.582745
136.083809
136.169165
138.222227
136.119533
136.179852
137.366729
137.114613
136.351674
137.178814
137.506435
136.246980
137.114074
137.533014
136.516938
136.522939
138.317590
136.130988
136.349858
138.097705
136.316088
136.104123
137.094703
137.659408
136.309997
136.227631
138.221192
136.242938
136.381592
136.314588
138.205510
136.282165
136.260539
138.073461
136.196010
136.343903
138.128404
136.257029
135.968956
137.079199
137.580957
136.305128
136.428668
138.280639
136.296161
136.538938
136.685872
137.952820
136.171729
136.347691
138.492213
136.633285
136.671638
138.540073
136.619633
136.451863
138.290345
136.431428
136.449829
136.545942
137.417841
137.667948
136.643042
137.263201
137.987945
139.530865
136.957614
137.000821
139.254228
136.828361
136.804218
136.881688
138.305431
136.828794
137.248606
138.384955
136.726430
136.507483
138.280432
136.952464
136.431498
136.486380
138.502449
136.582461
136.547271
136.684760
138.466741
136.238787
136.287272
137.388094
137.060237
136.343559
136.361296
138.182506
136.324244
136.479881
136.517469
142.241412
136.453034
136.645609
136.564844
137.038275
137.954984
138.152341
138.150037
137.523633
137.998681
137.531145
137.570029
137.524225
137.290012
139.719012
137.398463
137.088530
138.815448
136.803050
136.732349
138.661869
136.712848
137.038353
138.645171
136.466552
136.161344
138.765914
136.804162
137.007521
138.589516
137.062396
136.860049
138.765353
136.826806
137.623689
138.468951
136.872192
136.809774
138.605166
137.391908
137.625553
137.422230
136.918013
138.886116
136.845529
136.822036
138.730080
136.775952
136.703293
138.690034
136.612451
136.820481
138.332210
136.984607
136.609011
138.647263
136.586612
136.492134
138.574534
136.545523
136.588892
138.323618
136.123746
136.110128
138.140487
136.216467
136.268877
138.035102
136.090260
136.182657
138.170156
136.122949
139.583767
137.836360
137.228171
137.376928
136.052109
136.435849
138.296631
136.188983
136.085604
138.502374
136.220545
136.251843
138.133039
136.319872
136.439201
138.292430
136.564586
132.767181
137.076104
136.814312
136.956866
137.263106
137.168715
138.631931
140.948464
136.702239
136.734601
140.080198
135.494656
136.342384
136.473378
137.477665
137.549690
137.692364
136.964226
136.705637
139.159603
136.543997
136.021966
137.458328
136.907646
137.002585
136.697564
138.495229
136.741759
136.877645
138.572946
137.406325
139.927550
136.841388
136.792207
136.911094
138.996913
137.293533
138.560883
136.901634
136.754226
138.153374
137.630787
136.656832
137.477376
137.563980
136.641222
136.614443
138.564696
137.385647
175.481013
133.591753
136.637235
136.221250
136.314209
136.519875
136.694907
136.845729
138.708881
136.706593
136.585299
138.766040
136.805064
136.720696
138.013903
137.296569
136.812877
136.762064
137.987638
136.383155
136.672023
137.018109
136.966916
138.010909
139.167547
136.783050
136.970343
136.744117
136.720815
136.799832
139.363611
139.042721
136.985881
138.312958
137.721711
136.904386
139.053335
137.177968
137.144066
139.150292
136.959145
136.705510
138.750390
136.822826
136.950791
138.725076
136.621134
136.648825
146.422373
136.588358
136.419303
143.268073
136.251404
136.175985
137.730067
136.789915
136.201902
137.994035
136.204615
136.340856
138.529547
136.263411
136.318570
138.646170
136.483708
136.280894
138.850623
136.277658
138.830267
137.371934
136.209271
138.468958
136.176058
136.489286
139.220086
136.340670
137.637897
136.936300
136.232158
138.283038
136.309628
136.310953
138.305012
136.224446
136.154502
136.307423
138.386163
136.385323
137.430657
137.526227
136.723697
138.796175
136.645734
136.743395
138.804563
137.130084
138.983630
137.343382
140.850554
136.760027
136.763247
137.147503
138.538937
136.409765
137.198041
138.274960
136.717561
136.630778
138.648046
136.554629
136.650239
139.294299
138.580601
136.402520
136.222359
136.052721
138.093245
139.881009
136.225107
136.248852
136.127905
136.274468
136.388360
136.592619
136.383608
136.513126
136.342420
138.340489
136.568713
136.342874
137.683034
137.339744
139.329684
138.714901
136.643928
136.583435
136.412596
136.426585
138.370531
137.851010
137.629489
136.399763
137.646301
137.297457
136.082893
136.516557
137.744111
136.166405
136.196601
138.393985
136.583388
136.411343
138.294274
138.035134
132.956288
133.823385
136.447142
136.470087
136.348799
136.148716
136.093326
137.082721
138.608459
138.113586
140.663667
136.786656
136.749741
136.601960
136.752165
138.472395
136.535239
136.544442
136.690747
138.615439
136.672214
136.722650
137.686713
138.487790
136.480362
136.366970
138.441210
136.230662
136.640719
137.073387
138.686396
136.555736
136.161790
137.733167
136.531372
136.259685
136.090235
138.268062
136.314183
135.964100
136.520607
137.556975
136.277374
136.239605
138.228889
136.239016
136.335978
138.246954
136.156418
136.050047
138.332440
136.138304
138.128285
136.151387
136.039771
137.882226
136.361509
136.601438
138.392222
136.393744
136.685251
138.319958
136.198869
136.170788
138.327525
136.234029
136.308984
138.292661
136.387856
136.607671
138.343015
136.170861
136.212647
136.361485
137.226444
137.396039
136.518741
136.587771
136.485984
138.405028
136.343997
136.150497
137.971244
136.139968
136.152655
136.071828
137.981173
136.221258
138.148451
136.603017
136.023839
138.065067
136.066714
136.160521
137.578834
136.689696
136.085171
137.793191
136.359862
136.154588
137.943977
136.149225
137.379675
132.192302
132.297028
136.181888
136.246134
136.471986
136.341396
136.369433
136.409001
138.818123
136.387499
136.357396
138.348619
136.811232
136.704653
138.642417
136.653927
136.323821
138.430886
136.355528
136.280000
136.958663
137.482410
136.423189
136.347688
136.674886
138.100482
136.662029
136.329950
140.907127
136.222261
136.377115
138.185138
136.335957
136.323276
136.439044
137.906775
136.311543
136.423218
138.135830
136.217614
136.144593
136.201127
137.986501
138.462697
136.433605
136.159243
136.267260
138.023755
136.226163
136.099647
137.105083
138.099240
139.126384
136.101755
136.271303
136.168021
136.003902
136.913240
138.168623
136.072139
136.069792
138.156154
136.067698
136.325044
136.145933
136.444322
137.827403
135.817532
135.753537
136.951293
136.595891
136.113364
136.216963
137.118378
140.267029
136.086064
136.167994
136.376422
136.147130
138.228761
140.825363
136.274598
136.023613
141.062286
136.235730
136.167004
140.909115
136.444379
136.737656
136.353979
138.323770
136.172398
136.351195
138.401519
136.356709
138.441455
136.352926
136.325403
138.422007
140.393396
136.355651
136.293151
140.638181
137.190260
132.482814
136.348128
136.366042
136.178760
136.356611
136.257711
136.979175
137.702513
136.386040
136.836155
137.963002
136.248226
139.170486
136.456033
136.504956
138.124736
136.577714
136.452690
136.933566
137.754607
136.462403
137.706316
137.030948
136.211765
136.191901
138.080686
136.268664
136.565765
137.657667
137.189967
136.541938
135.980755
138.054098
136.526365
136.083195
138.810722
136.074975
136.229855
138.023668
136.002457
136.158348
138.147583
136.157164
137.396280
136.881473
136.105413
138.090551
136.093490
136.050380
138.156744
136.052387
136.363610
137.658107
136.514518
136.106194
136.309734
138.247156
136.175907
136.216973
142.409512
136.193569
135.982368
136.095359
138.186739
136.182402
137.505484
137.016715
136.144612
138.188265
136.364369
136.123937
138.294470
136.236890
137.271302
137.824667
138.351728
136.105151
136.702536
137.481515
137.572310
137.169664
136.120142
138.209364
136.219021
136.186669
137.620241
136.501389
136.146930
138.255303
136.325062
136.099721
138.132207
136.148982
136.301622
136.071815
136.477060
137.746767
139.815237
132.095523
135.244549
136.074737
136.148603
136.117652
136.246694
136.138812
138.062803
136.515583
136.738871
138.344201
136.406365
136.214811
136.191157
136.345755
136.999511
137.620902
136.226896
136.694107
138.805542
136.984209
137.214641
137.348301
137.428308
138.197235
138.090762
137.019400
138.143282
137.268254
136.592285
136.794767
138.143288
136.517835
136.493060
138.484316
136.583692
136.468937
138.419773
141.818584
136.881419
137.106407
136.895390
136.905598
138.411721
136.936334
136.733678
137.464398
137.676977
136.653373
138.409618
138.066420
137.675308
137.691123
137.654414
137.088640
138.785773
136.716619
136.847470
137.080077
138.068016
136.554295
136.732743
138.523257
136.596561
136.555343
136.343066
137.125360
137.860346
136.593668
136.742792
138.020241
137.441436
140.585955
174.253292
142.215760
142.071547
142.114814
142.213951
142.203412
142.177936
142.584009
145.211907
142.615697
142.266986
142.399630
144.276209
142.252815
144.709801
142.553916
144.825013
142.316813
142.349223
144.338296
142.554332
142.310388
143.734892
142.107294
142.027356
144.115970
142.049304
142.081853
143.840704
141.984314
142.074323
143.839786
141.828519
142.038075
144.299987
142.429814
142.403741
142.563240
143.974685
142.234296
142.368938
143.754355
142.927105
142.388948
144.145083
142.203137
142.269502
141.909895
143.786187
141.917957
142.183276
145.010204
142.107794
142.155298
143.256298
145.830125
142.689974
142.475142
142.371105
143.067002
143.635390
142.460487
146.706327
155.323859
158.468501
156.224922
145.084564
141.855571
144.192604
142.106919
142.052359
144.782771
142.434407
142.290947
144.259401
142.484596
142.260077
144.092616
143.101406
143.545753
145.192707
142.933336
142.381195
142.422395
142.344631
144.135901
142.485367
142.186986
142.742031
143.756566
142.297419
142.887970
143.453933
142.244360
142.424341
144.677235
146.143508
141.930174
141.729119
142.068048
149.351773
143.585558
142.360321
142.480447
144.539608
141.801337
143.250251
142.913041
142.501054
144.046067
142.970333
142.397277
144.005831
142.780870
142.255795
144.039421
143.535262
141.866830
142.128323
141.830480
150.747272
155.728894
156.077385
155.680781
155.960944
153.030273
145.091327
157.114174
145.452367
164.059809
140.700482
136.182885
136.056491
135.965693
136.182849
138.027690
137.542919
136.087896
136.086553
138.146168
136.210473
136.369934
136.694920
138.471480
136.794227
136.604489
138.430314
136.599888
136.472899
136.961231
137.417168
136.197884
137.062679
137.406626
136.152465
136.912174
137.683548
136.092526
136.411703
137.839651
136.450279
136.532701
138.663507
136.942203
136.806894
138.769642
138.473845
136.408321
136.343158
136.506568
137.359328
138.397197
136.507143
137.287945
137.916415
136.831866
136.979698
138.288967
136.168616
136.017934
138.067166
137.950694
136.440208
137.010302
137.716285
143.085517
137.423635
137.345921
137.417032
138.937565
136.853554
136.487737
137.986860
136.041001
135.974473
135.991172
137.528432
139.304772
138.051152
139.447631
137.411626
136.994038
136.633948
137.333961
138.340001
137.334511
137.273679
137.471868
137.362143
137.342864
137.447881
139.492920
136.995891
136.926799
138.723071
136.598267
136.493588
132.616355
136.185457
136.459322
136.340254
136.546049
136.468151
183.921446
135.344822
136.400467
136.578856
136.621746
136.454445
136.356038
136.312868
139.811918
136.711792
137.063557
138.898872
136.939046
136.831940
136.938478
138.080492
136.067451
136.357027
138.115629
136.368645
138.349203
136.371729
136.528336
137.882456
136.932680
136.295491
136.446557
138.358007
136.386154
136.502765
136.555132
138.625074
136.674086
136.585420
136.733787
138.306931
136.515009
136.695615
138.644590
136.478095
136.247676
136.374226
138.334682
136.402039
136.596370
136.667505
138.345982
136.659235
136.734309
136.792615
136.778599
136.729383
136.565342
136.616865
138.575124
136.824233
141.700494
136.705270
136.455916
136.542233
136.634759
138.519861
136.593736
137.309432
137.844787
136.506680
134.646158
135.167469
136.918865
136.800086
137.174514
136.969745
136.740894
136.866852
136.778089
136.683949
137.940545
137.122026
136.640634
138.684477
136.603430
139.951312
136.406620
136.923075
138.473375
136.682796
136.426322
136.719663
138.631887
136.706849
136.481055
138.042091
136.224099
136.211829
138.441128
136.330027
136.927992
138.234117
136.113413
136.024493
137.047278
136.996482
136.111279
137.321865
136.932494
136.338650
137.466394
137.373578
136.367021
137.273000
137.940202
136.232692
136.417959
138.209599
137.832831
136.245366
136.342016
137.061426
137.497116
136.467076
137.650351
136.897517
136.333377
137.657429
136.660329
136.182392
140.107138
136.342006
138.285401
136.290315
136.769807
137.809126
138.263188
136.226655
136.192799
137.619918
136.829413
136.119979
137.781245
136.562598
136.295223
138.034081
136.528084
136.300579
138.304791
136.229149
142.071360
136.375515
136.273355
136.349499
138.240267
136.283774
136.184518
138.228696
136.218710
136.292234
136.209907
138.582891
136.363790
136.795139
138.159656
136.516871
137.487320
137.099510
136.421603
138.189864
136.297573
136.335879
138.483463
138.766186
136.424317
136.720458
137.666136
136.366282
138.354078
136.238229
136.169016
141.620050
138.469632
136.330395
136.313922
136.255640
136.206157
138.499771
136.539597
136.853021
136.549226
138.271839
137.004165
136.668116
136.511203
136.318611
136.372831
138.295576
136.403173
136.554675
136.322719
136.313937
137.017802
137.825530
136.425268
137.572775
136.846827
136.179341
138.192327
136.362245
136.350214
138.219867
136.154375
136.756655
137.748107
136.270025
137.049517
137.459714
136.330827
138.407943
136.347255
136.419094
138.177110
136.259068
136.659806
138.478791
136.761927
136.373844
138.963150
137.888595
136.388003
138.117684
137.647485
136.324073
136.918998
137.710675
136.252458
136.910708
137.852454
136.491022
138.557041
137.253100
136.382514
137.950839
137.340761
136.463782
136.436109
139.119310
136.160273
136.137522
136.061155
137.955183
136.109210
136.171562
137.194351
137.119408
136.106684
135.996952
137.913618
136.098757
136.124524
137.842070
136.120556
136.189104
138.063980
136.435023
136.416885
137.005426
138.246122
136.434565
137.332629
137.425972
136.460440
138.270873
136.681424
136.486298
138.380102
136.339820
141.103795
136.605635
136.605861
138.568884
136.289949
136.447441
136.325995
138.313190
136.138224
136.299711
138.193786
136.098892
136.171968
136.153744
136.281746
137.828169
136.294352
136.176006
136.217899
135.983614
136.034593
135.969628
136.138023
136.113877
138.183254
136.223607
136.064703
136.893432
137.604946
144.929049
136.394755
136.373577
136.362402
136.206405
136.194850
135.993295
141.515462
136.948535
136.524938
137.965442
136.219019
138.141764
136.456751
136.283732
137.621049
136.756281
136.358894
137.570485
136.788729
136.439528
140.316276
136.504341
136.437120
139.466595
136.039669
138.353782
136.354344
136.290917
138.102122
136.054645
137.758045
136.313367
136.189431
138.204863
136.202063
136.080909
138.120487
136.120739
136.068823
138.286726
136.113176
136.250123
137.069977
137.830245
136.372578
136.305501
138.240397
136.440759
138.739807
136.495135
136.537882
138.432174
136.339866
136.181139
138.598671
136.535796
138.183254
139.365191
136.888001
136.845437
136.809647
136.567576
136.505277
136.484519
136.427598
136.774870
137.873563
137.360192
139.285132
137.358095
137.585466
137.542056
137.474166
138.194310
138.846845
137.018631
139.588225
136.727715
137.194253
138.802700
136.613434
141.049172
136.495489
136.363182
138.045169
138.315636
136.255956
135.984683
138.057031
136.097164
136.175446
138.261940
136.658523
137.970397
136.128040
138.003875
136.104291
135.964854
137.737472
138.536997
136.615553
136.243990
136.074698
136.031507
139.092956
136.089575
136.371339
136.603130
136.448315
137.033098
139.090361
138.672146
136.905266
137.148512
136.725248
138.112177
136.077468
136.314688
138.147197
136.200911
136.078662
138.125119
136.201982
142.577945
136.394854
136.205949
136.223963
136.729075
137.487430
135.954779
136.113283
137.922233
135.933292
135.917055
136.051592
136.314089
136.730580
139.553535
136.619602
136.564481
136.499086
138.466562
140.137012
136.410372
136.368913
136.460375
136.946017
136.987382
139.647807
136.639532
137.296297
136.973251
137.776101
136.077183
136.033880
137.953017
136.081071
136.200239
138.120796
136.128869
136.531567
138.402313
136.339433
136.542924
138.298003
136.376108
136.447418
138.243349
136.305375
136.877609
138.213202
136.746172
138.862061
136.958935
136.572000
138.769822
136.655854
137.541137
137.598607
136.570706
138.483565
137.017448
136.840008
138.800242
136.638824
136.662854
138.822134
136.695688
136.988233
138.325508
136.558108
137.468516
138.179425
136.746868
138.655188
136.412533
136.513699
138.378205
136.471185
136.543824
140.218415
136.453736
136.195959
138.229662
136.279576
136.230774
138.134509
136.329736
136.341706
138.124128
136.204041
136.365039
140.526332
136.214662
136.414826
138.421878
136.201789
136.214345
138.229724
136.199826
137.119008
137.441662
136.234313
140.420167
136.237280
136.172612
136.160611
137.902131
136.349409
136.654133
136.588208
138.521516
136.447711
137.901708
136.424687
139.941316
136.567923
136.779870
136.600179
136.882910
137.114840
137.049469
136.767088
136.293073
136.255721
137.478540
137.205671
136.277552
136.990240
137.653215
139.521294
136.323410
136.286989
137.403457
137.491084
136.457591
136.547992
138.183205
136.637616
136.294138
138.866143
136.389907
138.377537
136.416122
136.579446
137.574285
138.427231
136.289291
136.393198
138.392040
136.338966
136.291096
138.285524
136.464951
136.232733
138.395089
136.304628
136.225896
139.828522
136.217061
136.238053
136.266996
138.189886
136.361978
139.352464
136.295221
136.841201
137.738359
136.370061
137.760488
137.062229
136.475871
136.513604
138.384325
136.215166
136.204314
137.386184
139.165988
136.271479
136.276087
136.333835
136.335079
138.576962
136.708636
136.034086
138.018397
136.477139
136.139523
139.843696
136.317296
136.196912
136.158146
138.068294
136.201197
136.053414
138.226348
136.019421
136.066383
136.160232
138.353917
136.628168
137.370617
140.132391
137.097960
137.069366
136.850707
136.692294
140.241361
137.194832
137.166761
137.209668
137.191542
140.596206
137.272599
137.472374
137.219775
136.934872
137.175786
137.204705
137.196623
137.079679
137.172935
137.122216
136.929118
138.581260
136.748401
136.751044
136.747415
138.494019
136.584934
136.620987
137.667843
137.669841
136.918587
136.784553
138.821888
136.685587
136.590318
138.622817
136.816017
136.745245
137.955652
137.950629
136.828200
137.427053
137.995671
136.845084
136.677651
138.622992
136.525229
136.559497
138.291862
136.445108
136.185689
136.910158
137.569519
136.433656
140.197260
136.856352
136.780162
137.847652
137.251748
136.647747
137.431405
136.994216
136.022728
136.127241
137.928718
136.306251
136.100180
136.094548
137.933960
136.275181
136.148292
136.415405
137.750851
136.321710
136.820187
137.563349
139.444904
137.179637
136.979748
136.736311
140.743046
137.787579
136.051593
138.947054
136.223831
136.230158
136.332376
136.478696
136.314665
138.075340
136.281089
136.223297
138.310951
136.203629
136.349965
138.261742
136.414721
136.431531
138.085618
136.326013
136.358646
177.018860
135.214803
136.119573
136.609215
136.266964
136.369209
136.241979
138.235654
136.256087
136.001102
138.044205
136.181705
136.102174
136.019845
138.083393
135.960563
136.034180
136.910235
138.146630
136.631178
136.569410
139.275977
137.038598
137.149987
137.271663
136.252451
136.597799
136.348367
136.248557
138.037702
136.461718
136.355864
136.264005
136.318384
136.258368
136.324478
136.156638
138.112308
136.409322
136.144941
137.097947
136.827390
136.096428
136.008769
138.066761
136.480455
137.855053
136.122625
137.403953
136.979852
136.083682
137.096255
137.223034
136.042604
137.210400
137.041720
136.064363
137.161322
137.053913
136.083299
136.131431
137.966196
136.081969
136.339063
137.779982
136.182824
136.377394
137.817322
136.081343
136.145172
137.991774
