50
37.989347
27.663455
26.974974
26.791639
25.154839
25.947098
24.168545
23.936369
23.449368
23.464261
23.476221
24.325087
23.464058
23.601667
23.462791
23.461727
23.473778
23.457828
23.636673
23.451730
23.478532
23.461280
23.451754
23.849771
23.641004
23.887696
24.023282
23.431403
23.458083
23.444140
23.462383
23.454710
23.466330
23.433531
23.432636
23.427345
23.431794
23.417466
23.439612
23.441932
23.424685
23.426736
23.628161
23.892112
23.449451
23.433411
23.429857
23.435362
23.435755
23.427479
23.445699
23.437231
23.458509
23.440905
23.430095
23.448983
23.449011
23.438170
23.434378
23.451444
23.471599
23.450179
23.441669
23.416279
23.436799
23.437559
23.465336
23.446309
23.458502
23.478137
23.438663
23.443612
23.434720
23.456717
23.533228
23.457102
23.794721
23.454549
23.447490
23.437754
23.442035
23.439637
23.442192
23.466032
23.444187
23.478348
23.470419
23.445532
23.555574
24.394319
24.587482
24.676458
23.598770
23.458079
23.438173
23.455251
23.447255
23.482602
23.562990
23.563463
23.782602
24.059740
23.481817
24.173710
23.643527
23.462093
23.447565
23.458318
23.420675
23.453001
23.441872
23.464701
23.456178
23.445895
24.194948
23.464265
23.437124
24.244330
23.454563
23.448534
23.477759
23.465044
24.340278
24.893519
23.452511
23.607135
24.312774
24.005151
24.487976
23.990528
23.440414
23.442018
23.425470
23.454328
23.420143
23.436615
23.424249
23.445181
23.424440
23.449513
23.423752
23.434742
23.460415
23.421500
23.448104
23.454394
23.424271
23.433532
23.449952
23.425621
23.410678
23.561457
23.456874
23.443191
23.451566
23.458730
23.466033
23.456803
23.477552
23.935000
23.540678
23.460626
23.450235
23.532165
23.919953
23.440171
23.523422
23.454847
23.462464
23.458384
23.445570
23.452370
23.478977
23.453780
23.442705
23.446164
23.452025
23.438951
23.451572
23.460151
23.457019
23.456930
23.450907
23.451516
23.475800
23.458807
23.453269
23.452947
23.445689
23.442751
23.450988
23.440880
23.448809
23.438081
23.446753
23.449629
23.446103
23.445985
23.450898
23.443978
23.520563
23.449320
23.452520
23.447901
23.460215
23.457828
23.449179
23.432476
23.474101
23.452679
23.424293
23.427510
23.432755
23.456763
23.412115
23.441224
23.447692
23.446459
23.461229
23.490460
23.974692
24.164793
23.935528
24.145597
23.487247
23.488790
23.493052
23.522003
23.448697
23.462176
23.473239
23.909814
23.529073
23.484148
23.453260
23.467849
23.457762
23.485306
23.470079
23.489455
23.444762
23.461768
23.473531
23.436339
23.470609
23.452048
23.442596
23.463389
23.444096
23.455894
23.465677
24.059149
23.445981
23.446544
23.460518
24.463441
23.972257
23.467125
23.971153
24.347084
24.712735
24.290972
23.452069
23.465333
23.457868
23.467499
23.452789
23.434938
23.465388
23.462963
23.474829
23.460753
23.469574
23.818197
23.479000
23.607609
23.461816
23.458123
23.485376
23.868800
23.300623
23.281562
23.299612
23.290205
23.291687
23.284460
23.283902
23.285378
23.272017
23.275219
23.285990
23.283440
23.284781
23.278869
23.275104
23.296839
23.266553
23.385069
23.270078
23.283685
23.279419
23.288037
23.276564
23.319138
23.278934
23.296986
23.280866
23.294384
23.325902
23.264068
23.294592
23.264983
23.278593
23.267459
23.590535
23.400680
23.704897
23.426687
23.412794
23.418657
23.415335
23.407871
23.400324
23.281197
23.269998
23.284431
23.281760
23.299729
23.296053
23.288453
23.283279
23.274783
23.280849
23.291818
23.304482
23.295101
23.291187
23.307904
23.284702
23.279994
23.303101
23.303487
23.281227
23.285402
23.298136
23.290567
23.299424
23.293828
23.286850
23.298790
23.266544
23.276943
23.266957
23.259375
23.262690
23.277220
23.278220
23.275407
23.266241
23.270185
23.282550
23.292294
23.292053
23.280052
23.305115
23.270367
23.276785
23.295383
23.286789
23.256934
23.281518
23.258490
23.270789
23.279210
23.291915
23.293957
23.310818
23.303119
23.290711
23.297015
23.276479
23.285381
23.263621
23.304129
23.299730
23.305849
23.283894
23.260388
23.291140
23.300654
23.284518
23.285810
23.296299
23.297342
23.302607
23.286855
23.301537
23.281684
23.282149
23.285235
23.284552
23.279957
23.281130
23.284315
23.289397
23.276391
23.294276
23.287688
23.299653
23.293767
23.310784
23.308627
23.287222
23.277822
23.267970
23.279322
23.268855
23.284629
23.294299
23.297614
23.272311
23.282326
23.295574
23.284519
23.303539
23.282522
23.302040
23.289956
23.298194
23.291037
23.301487
23.270242
23.280458
23.558177
23.281346
23.294565
23.303809
23.285181
23.287575
23.293747
23.304548
23.290400
23.277930
23.264348
23.282536
23.274138
23.279950
23.263411
23.281147
23.297698
23.320863
23.311023
23.309495
23.303431
23.266115
23.291950
23.265322
23.305260
23.283941
23.295588
23.319043
23.290243
23.275308
23.270039
23.328961
23.289204
23.281015
23.316102
23.274584
23.300076
23.304808
23.264994
23.268522
23.274774
23.273541
23.260756
23.253134
23.274161
23.285746
23.297450
23.281994
23.264783
23.293057
23.276609
23.279343
23.304041
23.289554
23.269624
23.287417
23.281138
23.311713
23.287206
23.291843
23.336138
23.297881
23.306094
23.293834
23.311582
23.305013
23.288854
23.287074
23.297810
23.303148
23.281830
23.274942
23.289890
23.284772
23.295353
23.271685
23.298217
23.280929
23.284893
23.299039
23.318192
23.278166
23.278234
23.296756
23.284944
23.293926
23.282469
23.291253
23.270193
23.298087
23.286651
23.293890
23.307077
23.278834
23.286027
23.309768
23.292636
23.281338
23.282135
23.262894
23.266628
23.279842
23.277000
23.295038
23.282246
23.298573
23.280207
23.281806
23.286680
23.281753
23.272392
23.265833
23.278845
23.281925
24.409338
23.623220
23.296314
23.291491
23.301198
23.286183
23.296952
23.321087
23.293578
23.387757
23.239591
23.274651
23.275676
23.255501
23.284819
23.276300
23.246316
23.242424
23.322931
23.306957
23.268644
23.289746
23.305694
23.251420
23.257659
23.253598
23.232772
23.255305
23.279009
23.722619
23.336577
23.328772
23.317455
23.347915
23.294097
23.287931
23.295658
23.315597
23.287105
23.267131
23.288515
23.301863
23.292983
23.276505
23.309794
23.313477
23.294364
23.307774
23.269152
23.277689
23.286919
23.301935
23.293525
23.303932
23.273861
23.264340
23.285948
23.286666
23.282198
23.288820
23.266013
23.254743
23.259330
23.278949
23.279284
23.295720
23.266365
23.269842
23.268910
23.270006
23.288620
23.270092
23.264561
23.296756
23.269145
23.290631
23.302221
23.290132
23.259058
23.287772
23.278854
23.269113
23.301225
23.271812
23.284395
23.300396
23.295468
23.279591
23.279398
23.290886
23.311504
23.307188
23.279514
23.291945
23.314810
23.287798
23.270182
23.303583
23.281777
23.266979
23.266745
23.282032
23.276145
23.301569
23.362887
23.433261
23.420325
23.409408
23.421506
23.556680
23.440370
23.427174
23.393096
23.395226
23.359336
23.412819
23.347405
23.354767
23.927122
23.466783
23.467914
23.437150
23.623873
24.253237
23.819230
23.465878
23.473547
23.492992
23.469158
23.484720
23.465568
23.469360
23.463530
23.457453
23.461371
23.448276
23.455217
23.449601
23.457509
23.463831
23.451018
23.461455
23.460089
23.449246
23.453902
23.452627
23.465119
23.453677
23.476100
23.450734
23.462015
23.475627
23.481378
23.454204
23.467826
23.475243
23.458425
23.448278
23.465979
23.477568
23.464307
23.485227
23.472405
23.463516
23.450324
23.496677
23.508512
23.504909
23.414056
23.452460
23.455693
23.602193
23.453943
23.460998
23.454352
23.460816
23.468852
23.466263
23.483719
23.453268
23.451641
23.522130
23.974349
23.439184
23.431659
23.442879
23.450893
23.460837
23.404055
23.452382
23.410113
23.421365
23.426941
23.455791
23.455985
23.431689
23.464634
23.525324
23.717396
23.440239
23.447025
23.441976
23.446040
23.457404
23.483300
23.456334
23.715483
23.452920
23.477773
23.460034
23.463863
23.460710
23.467177
23.450578
23.611373
24.595492
23.419053
23.409817
23.614272
23.314658
23.328844
24.312359
24.416839
23.616754
23.401132
23.455257
23.552412
23.405262
23.405222
23.413553
23.413806
23.409920
24.139855
24.792694
24.313396
23.410330
23.418018
23.423882
23.409814
23.400472
24.255931
23.711416
24.281644
24.875408
23.273368
23.304817
23.277823
23.270844
23.282508
55.863622
47.158738
36.238120
26.002740
25.328219
26.775131
24.909797
26.323388
26.011119
25.149989
24.640304
24.453638
26.384480
25.892692
24.669499
23.503220
23.457794
23.454082
23.484817
23.466714
23.489681
23.517379
23.469667
23.448956
23.451774
23.469214
23.457213
23.474333
23.469931
23.452613
23.457707
23.444697
23.441538
23.452197
23.452560
23.449005
23.453833
23.452829
23.450147
23.440373
23.458013
23.448949
23.445535
23.446764
23.457473
23.444977
23.434442
23.441340
23.449922
23.467512
23.461894
23.439081
23.445023
23.437328
23.446872
23.445884
23.439256
23.436334
23.441475
23.415558
23.431937
23.434147
23.437479
23.430935
23.459090
23.452188
23.467829
23.432878
23.437429
23.436652
23.447848
23.440209
23.443116
23.439432
23.461793
23.426316
23.457248
23.438541
23.449016
23.431147
23.427498
23.445318
23.446312
23.422517
23.453547
23.441395
23.446927
23.442466
23.451652
23.429425
23.433367
23.443019
23.431173
23.414583
23.458565
23.447634
23.450502
23.435295
23.438012
23.435577
23.446832
23.429206
23.455948
23.433026
23.438797
23.458311
23.446919
23.444074
23.458424
23.458280
23.453295
23.438161
23.452929
23.450404
23.447728
23.450988
23.451211
23.437441
23.443829
23.434533
23.438707
23.440675
23.444059
23.434466
23.462686
23.443012
23.441324
23.436110
23.450466
23.345428
23.372232
23.410550
23.479951
23.432042
23.439411
23.454802
23.509713
23.460557
23.402363
23.353806
23.470964
23.379890
23.576175
23.539487
23.795933
23.773348
23.601047
23.762886
23.655332
23.538007
23.498560
24.133243
24.172637
24.037536
23.510264
23.460579
23.457243
23.453370
23.444666
23.405659
23.311558
23.499299
23.369068
23.548658
23.449309
23.530773
23.480863
23.463140
23.513041
23.513795
23.405933
23.511792
23.427826
23.400928
23.456702
23.477322
23.428079
23.567921
23.358291
23.481968
23.402502
23.482597
23.511682
28.908216
23.871307
23.886189
23.551064
23.437252
23.421048
23.456219
23.460722
23.442153
23.571457
23.435708
23.609387
23.254822
23.493674
23.512557
23.573137
23.611549
23.508729
23.426942
23.449059
23.481705
23.473818
23.456597
23.703478
23.639615
23.472929
23.539450
23.745303
23.629990
23.468427
23.633135
23.466115
23.584854
23.592901
23.584675
23.486639
23.506917
23.433051
23.460283
23.646799
23.467410
23.437194
23.558853
23.465417
23.438920
23.435330
23.461572
23.516032
23.446204
23.638842
23.443946
23.460905
23.458606
23.576590
23.506285
23.465825
23.468754
23.690473
23.485897
23.515623
23.555091
23.499807
23.451037
23.563215
23.586098
23.453418
23.491683
23.788583
23.568642
23.472439
23.438293
23.455297
23.442458
23.513560
23.553551
23.555931
23.440469
23.443468
23.526945
23.606310
23.496018
23.461974
23.424083
23.561839
23.438807
23.293244
23.997655
23.577444
23.588150
23.423255
23.333149
23.773060
23.983575
23.330684
23.331387
23.301370
23.324974
23.311049
23.322270
23.429697
23.415417
23.417262
23.310693
23.298415
23.318711
23.425149
23.297902
23.293483
23.423055
23.300396
23.311375
23.548668
23.384488
23.444695
23.319157
23.326521
23.380418
23.302864
23.319270
23.332931
23.320901
23.312726
23.334579
23.325004
23.342173
23.325112
23.311939
23.338519
23.334023
23.338085
23.331979
23.334678
23.333454
23.346331
23.340426
23.339062
23.423479
23.501640
23.331765
23.361886
23.335129
23.346110
23.331333
23.346029
23.324559
23.446957
23.344289
23.333261
23.341504
23.342105
23.322672
23.339501
23.334225
23.337408
23.328781
23.327711
23.314951
23.338216
23.331821
23.325370
23.344421
23.354157
23.377986
23.865614
23.445171
23.570609
23.398417
23.605425
23.542727
23.696343
23.325149
23.436848
23.595192
23.413393
23.341109
23.331304
23.330030
23.329909
23.319221
23.328495
23.318128
23.330801
23.332992
23.310980
23.320657
23.334843
23.097207
23.202577
23.223844
23.066132
23.327736
23.415894
23.271366
23.246603
23.299109
23.221826
23.333931
23.315160
23.320063
23.316633
23.306844
23.323256
23.321870
23.322545
23.326200
23.333308
23.324663
23.324543
23.324135
23.329973
23.313711
23.321500
23.307086
23.363110
23.331962
23.334299
23.325132
23.334398
23.317452
23.325892
23.318407
23.344457
23.310085
23.309221
23.312572
23.351191
23.328828
23.320915
23.313899
23.306233
23.322515
23.300803
23.317931
23.317326
23.319155
23.321206
23.304444
23.308798
23.311014
23.304858
23.308779
23.313490
23.318345
23.317215
23.314618
23.320439
23.309286
23.311870
23.297954
23.318845
23.322925
23.318621
23.308575
23.295126
23.320958
23.322741
23.347165
23.158487
23.084026
23.529392
23.320136
23.407934
23.525922
23.546085
23.464486
23.455374
23.473622
23.457812
23.487351
23.774057
23.567581
23.462689
23.471349
23.633047
23.478349
23.541009
23.601745
23.587241
23.465899
23.731850
23.449316
23.447838
23.539313
23.453781
23.541749
23.687492
23.572778
23.538577
23.451530
23.455773
23.456042
23.579600
23.526307
23.472598
23.664257
23.469606
23.495424
23.558624
23.588600
23.428965
23.460029
23.454447
23.727043
23.452750
23.444960
23.545450
23.742908
23.484955
23.850730
23.648460
23.449868
23.525691
23.508087
23.452860
23.438668
23.515168
23.515725
23.446379
23.441111
23.517392
23.442822
23.455766
23.526471
23.498517
23.591627
23.426962
23.512764
23.551760
23.500301
23.450347
23.442853
23.445919
23.477619
23.607336
23.506231
23.447368
23.469163
23.440099
23.453123
23.503908
23.460928
23.457882
23.436316
23.444587
23.444998
23.564649
23.476668
23.607023
23.459361
23.729918
23.822371
23.522681
23.447724
23.460008
23.448385
23.453165
23.452232
23.438678
23.460212
23.440099
23.452083
23.462820
23.443691
23.451640
23.539891
23.451841
23.494676
23.438659
23.441468
23.459960
23.466373
23.452135
23.424464
23.448876
23.443022
23.518853
23.460485
23.485697
23.457213
23.461622
23.472435
23.467391
23.475638
23.467897
23.461338
23.464965
23.464781
23.457591
23.457677
23.457202
23.835428
23.305378
23.301777
23.297391
23.299967
23.545118
23.317088
23.320744
23.316978
23.334084
23.304209
23.320837
23.352746
23.334056
23.334514
23.322191
23.314869
23.334170
23.313761
23.324373
23.321607
23.319353
23.301728
23.328965
23.326342
23.311568
23.320193
23.317308
23.331080
23.223602
23.330731
23.305664
23.398646
23.355873
23.278136
23.298923
23.325078
23.322110
23.316928
23.335669
23.299148
23.323033
23.326062
23.356842
23.306818
23.268549
23.326349
23.320479
23.328185
23.327393
23.324996
23.317578
23.321057
23.324529
23.331760
23.322120
23.319053
23.316801
23.327507
23.338378
23.330541
23.325805
23.317635
23.308219
23.312885
23.318436
23.367515
23.336942
23.324287
23.309292
23.332480
23.310565
23.563008
23.326011
23.315411
23.325183
23.316516
23.316003
23.324463
23.406956
23.319133
23.316431
23.318976
23.327582
23.303578
23.308777
23.316762
23.313831
23.323432
23.314691
23.318277
23.316982
23.328093
23.299187
23.312209
23.324782
23.312123
23.315732
23.323829
23.309329
23.326977
23.319883
23.331852
23.317359
23.315080
23.305425
23.306126
23.312519
23.322764
23.312606
23.319924
23.312751
23.314950
23.310031
23.314291
24.266098
23.500658
23.807240
23.475769
23.492160
23.475905
23.462610
23.500169
23.490442
23.482777
23.467941
23.481488
23.469127
23.475541
23.480545
23.472320
23.467278
23.495263
23.499110
23.469833
23.467170
23.478132
23.478911
23.473656
23.487612
23.488827
23.495452
23.470436
23.471024
23.489835
23.486198
23.477377
23.471886
23.483288
23.472405
23.472209
23.481106
23.462323
23.485963
23.514786
23.496603
23.475193
23.472506
23.462021
23.475333
23.476490
23.460110
23.479803
23.461887
23.472602
23.470215
23.472189
23.473199
23.497417
23.476491
23.497189
23.475300
23.472875
23.457089
23.464444
23.480292
23.482352
23.432095
23.311298
23.310997
23.305849
23.302343
23.313350
23.293594
23.311316
23.297761
23.300600
23.294655
23.306098
23.319124
23.310360
23.308527
23.316298
23.317455
23.303424
23.315137
23.299206
23.291133
23.339894
23.300116
23.303131
23.306223
23.303607
23.276933
23.296891
23.310808
23.305913
23.300417
23.296294
23.310348
23.387727
23.313071
23.318502
23.299510
23.310171
23.316370
23.308130
23.318598
23.309708
23.298243
23.305106
23.301570
23.323633
23.309550
23.306878
23.295376
23.304976
23.292772
23.302371
23.301712
23.294291
23.299435
23.282903
23.306496
23.288645
23.290738
23.291949
23.309924
23.309863
23.298614
23.304481
23.294435
23.312084
24.772618
24.593066
24.946458
24.293630
29.414703
30.536703
35.254499
38.333391
25.489191
24.781471
24.259888
24.269426
23.669593
23.523067
23.265085
23.254469
23.247288
23.280048
23.323654
23.288981
23.274344
23.276075
23.279377
23.314223
23.279346
23.283341
23.285101
23.274892
23.261041
23.289237
23.279468
23.264494
23.272663
23.291373
23.277203
23.274665
23.272242
23.282306
23.267147
23.269207
23.264662
23.278021
23.271403
23.274181
23.285872
23.280064
23.452264
23.358756
23.269351
23.266952
23.278254
23.296740
23.283652
23.282778
23.286585
23.259135
23.282726
23.270528
23.271627
23.279091
23.273456
23.289333
23.255914
23.308713
23.293316
23.279164
23.260448
23.277379
23.269074
23.262020
23.257162
23.258783
23.254749
23.486435
23.391519
23.410545
23.405414
23.386828
23.362798
23.261468
23.268896
23.262369
23.272003
23.277898
23.254675
23.275776
23.262117
23.265366
23.256824
23.269993
23.254757
23.264313
23.268523
23.273108
23.249736
23.284754
23.284022
23.269039
23.256705
23.257305
23.248794
23.273876
23.274686
23.276270
23.263618
23.268043
23.272683
23.256577
23.254443
23.360295
23.244257
23.258674
23.271551
23.293570
23.271790
23.262761
23.253549
23.269381
23.269769
23.270996
23.255950
23.261772
23.283569
23.285201
23.280615
23.262064
23.265112
23.245024
23.266341
23.278400
23.268637
23.260152
23.272398
23.295312
23.251234
23.263415
23.315893
23.266186
23.248624
23.255561
23.247943
23.266317
23.268274
23.277037
23.265222
23.269413
23.268521
23.253638
23.266544
23.238532
23.275855
23.422337
23.234415
23.247303
23.238657
23.243092
23.253295
23.243094
23.249791
23.244110
23.224506
23.281100
23.293489
23.278645
23.271389
23.252579
23.258676
23.261694
23.269574
23.263179
23.271305
23.255536
23.258417
23.267757
23.292170
23.269571
23.257060
23.270493
23.262441
23.275575
23.274700
23.257229
23.256394
23.273342
23.264271
23.265534
23.278992
23.278160
23.256139
23.282870
23.273907
23.255139
23.255878
23.258123
23.262120
23.248478
23.217751
23.275111
23.235307
23.312055
23.251455
23.239678
23.226402
23.222928
23.246573
23.241845
23.239191
23.233900
23.293476
23.298370
23.272872
23.246816
23.258128
23.319162
23.252353
23.247538
23.274538
23.270254
23.278335
23.284336
23.252229
23.256991
23.242403
23.264043
23.278125
23.259701
23.246635
23.262394
23.246750
23.247895
23.276740
23.275315
23.341791
23.282305
23.275940
23.260104
23.276975
23.286926
23.251733
23.262405
23.259792
23.248258
23.260548
23.268510
23.719860
23.458928
23.393288
23.290646
23.259552
23.285530
23.259104
23.263796
23.259391
23.530400
23.225601
23.235912
23.217967
23.205945
23.210288
23.203510
23.205597
23.564815
23.276857
23.267700
23.248272
23.259227
23.289524
23.283780
23.272819
23.287747
23.256695
23.310326
23.288149
23.260011
23.276074
23.256844
23.265574
23.264454
23.301360
23.335446
23.396809
23.254471
23.268410
23.243819
23.266137
23.251188
23.250309
23.244724
24.139830
23.256939
23.647637
23.268089
23.244632
23.550352
24.754750
24.253218
23.658850
24.272886
23.278296
23.917385
23.272096
23.295242
23.271318
23.281290
23.275507
23.279929
23.311362
23.276791
23.292223
23.294081
23.290620
23.276201
23.279732
23.366603
23.471080
23.286083
23.278789
23.276277
23.267026
23.913150
23.950315
23.459424
23.433237
23.397735
23.405411
23.399835
23.383262
23.453398
23.389617
23.396560
23.406612
23.403595
23.402212
23.265751
23.278355
23.267086
24.197894
23.550628
23.394744
23.404867
23.392806
23.401009
23.389751
23.396971
23.400742
23.477731
23.434025
23.396128
23.397070
23.404143
23.461164
23.264088
23.280777
23.255271
23.306440
23.263289
23.289957
23.260426
23.258786
23.246483
23.241322
23.280555
23.269020
23.272063
23.262098
23.271644
23.440965
23.441449
23.462203
23.445486
23.438327
23.397725
23.435224
23.432920
23.432085
23.453443
23.423909
23.427171
23.431031
23.439440
23.430819
23.888697
25.093090
23.544791
23.452717
23.448660
23.467779
23.454061
23.428610
23.434211
23.464605
23.444817
23.451715
23.415661
23.416628
23.495779
23.503514
23.445880
23.435467
23.449985
23.425543
23.398174
23.441186
23.415391
23.424184
23.408054
23.413763
23.407910
23.420036
23.436227
23.387361
23.427117
23.473806
23.403500
23.413188
23.390158
23.437937
23.405341
23.456069
23.425558
23.683303
23.433891
23.445233
23.437013
23.409747
23.389345
23.429428
23.457562
23.439528
23.415841
23.436578
23.432130
23.634565
23.399014
23.409701
23.421867
23.413926
23.423341
23.453769
23.438665
23.461380
23.437395
23.446048
23.445053
23.446873
23.434272
23.410828
23.436035
23.706039
23.476031
23.470905
23.498418
23.486527
23.481708
23.464436
23.629174
23.428547
23.441716
23.424821
23.395015
23.408751
23.427274
23.441477
23.434543
23.429043
23.430854
23.449006
23.423283
23.415396
23.463351
23.524506
23.433480
23.475091
23.442019
23.429871
23.430527
23.413797
23.423616
23.443718
23.453884
23.446917
23.449528
23.643080
23.399175
23.880407
24.428762
24.389334
23.448705
23.445558
23.436820
23.448842
23.439076
23.450533
23.424914
23.421822
23.426824
23.450932
23.407427
23.423786
23.422728
23.471674
24.557856
24.574101
24.678881
23.452873
23.414708
23.395435
23.423686
23.428970
23.395167
23.416509
23.424665
23.417824
23.421453
23.402404
23.395335
23.401284
23.433510
23.398063
23.432156
23.458130
23.429852
23.556236
23.433327
23.438216
23.443346
23.427741
23.463158
23.430718
23.436362
23.442309
23.454027
23.470006
23.393808
23.435426
23.423458
23.410437
23.425481
23.437575
23.436710
23.417396
23.433726
23.434057
23.493868
23.441451
23.450633
23.624260
23.400329
23.406427
23.417261
23.414989
23.423946
23.440583
23.420470
23.421657
23.417330
23.400613
23.387046
23.432563
23.408485
23.417903
23.403217
23.427714
23.438333
23.432293
23.423816
23.411351
23.435810
23.469697
23.420539
23.412415
23.433018
23.403023
23.402787
23.431593
23.418951
23.435998
23.397329
23.401180
23.425276
23.417962
23.464386
23.673733
23.474535
23.432410
23.553280
23.415218
23.441929
23.437070
23.442748
23.422893
23.435873
23.444546
23.285709
23.262146
23.272287
23.266827
23.263676
23.265730
23.266978
23.265904
23.256292
23.264604
23.253825
23.249479
23.422782
23.428304
23.456287
23.442325
23.436002
23.415859
23.436938
23.433993
23.436674
23.440040
23.449972
23.416650
23.423707
23.434363
23.432284
23.444453
23.438670
23.512249
23.559746
23.435513
23.427138
23.435773
23.466603
23.439744
23.438734
23.437522
23.428947
23.420401
23.431960
23.435649
23.440789
23.457378
23.446467
23.449397
23.404298
23.422656
23.435100
23.439154
23.438610
23.439277
23.639685
24.392627
23.482580
24.392294
24.468097
24.421675
24.365469
24.367518
24.511177
24.045718
23.726669
23.443824
23.421003
24.555440
23.623036
23.566316
23.585025
23.576933
23.569563
23.509321
23.494137
23.426558
23.430933
23.559444
23.449576
23.427097
23.427871
23.438574
23.461929
23.446720
23.435567
23.438515
23.486412
24.105888
24.373425
23.420674
23.436678
23.420420
23.448298
23.432929
23.434644
23.431471
23.430140
23.419445
23.424848
23.456256
23.424261
23.403465
23.412777
23.415645
23.425123
23.420321
23.410146
23.431031
23.438184
23.416060
23.426687
23.425807
23.456064
23.414633
23.443217
23.443906
23.443762
23.446488
23.644172
23.592672
23.554692
23.871205
24.440130
23.861524
23.439749
23.457637
23.962378
23.442110
23.496479
23.552671
23.450907
23.487666
23.425857
23.667525
23.592063
23.479763
23.598215
23.718340
24.747331
23.559995
23.427826
23.422944
23.437129
23.459352
23.446619
23.445376
23.437784
23.457051
23.457264
23.443747
23.446675
23.428963
23.431804
23.432848
23.438869
23.436931
23.439390
23.435299
23.429288
23.454563
23.418603
23.425658
23.409712
23.441640
23.427215
23.569569
23.450897
23.428965
23.463751
23.444592
23.443930
23.431319
23.445689
23.433712
23.447427
23.438488
23.444461
23.430866
23.426799
23.450669
23.453160
23.447225
23.443737
23.443483
23.463537
23.438010
23.447128
23.440268
23.438865
23.442210
23.447181
23.431798
23.437174
23.427857
23.448001
23.441853
23.437079
23.435972
23.424882
23.476669
23.440425
23.438285
23.444623
23.451623
23.442447
23.427138
23.455676
23.432506
23.422647
23.421978
23.436130
23.435559
23.417378
34.304694
24.609079
23.417988
23.431853
23.423278
23.422489
23.407065
23.338425
23.299966
23.291868
23.283754
23.287992
23.272967
23.279978
23.276843
23.284310
23.282120
23.286848
23.281126
23.287543
23.276432
23.281714
23.277042
23.274948
23.273039
23.274759
23.269013
23.279350
23.281792
23.278671
23.297793
23.285530
23.287154
23.278865
23.539942
23.418838
23.397325
23.331571
23.294708
23.294763
23.268408
23.293917
23.420413
24.032521
23.518895
23.423714
23.411448
23.419442
23.421694
23.413734
23.432069
23.403419
23.413530
23.580595
23.422914
23.408154
23.418944
23.824441
23.675387
23.629863
23.606876
23.637634
23.601909
23.559074
23.421319
23.415046
23.417735
23.335985
23.280242
23.609991
23.761662
24.731458
25.189937
23.332358
23.258309
23.250395
23.262246
23.256738
23.246393
23.249198
23.260766
23.259499
23.258733
23.264999
23.268189
23.247859
23.272767
23.898768
23.754501
23.557871
23.736884
23.418428
23.716356
23.586316
23.819348
23.429561
23.422519
23.409347
23.408065
23.517125
23.353132
23.314675
23.282606
23.288217
23.275213
23.282544
23.292710
23.281543
23.292276
23.699010
23.540547
23.934753
23.581318
23.744707
23.419676
23.509578
23.345976
23.373416
23.339033
23.324192
23.316920
23.320983
23.318629
23.325747
23.317982
23.698050
23.731846
23.622622
23.578625
23.515209
23.413738
23.410856
23.392394
23.415318
23.386455
23.401356
23.400358
23.402881
23.551836
23.411611
23.403005
23.389868
23.578425
23.503926
23.400009
23.406219
23.412819
23.388369
23.400531
23.412521
23.409922
23.398800
23.388302
23.406375
23.400831
23.398733
23.755702
23.382117
23.285384
23.280164
23.274609
23.298149
23.293530
23.275119
23.270358
23.283076
23.289246
23.282145
23.271529
23.276253
23.321271
23.489253
23.480864
23.590746
23.590326
23.586773
23.406092
23.775717
23.508539
23.352293
23.262436
23.259144
23.427300
23.255175
23.511460
23.439740
23.889547
23.407158
23.415293
23.289097
23.499761
23.280204
23.286232
23.512686
23.910246
23.876717
23.317276
23.339371
23.321478
23.327535
23.316200
23.324111
23.591866
23.313702
23.662976
23.646071
23.621852
23.395808
23.375572
23.311951
23.286868
23.281944
23.299249
23.284568
23.282555
23.279615
23.271933
23.287209
23.504061
23.405820
23.519185
23.572191
23.242235
23.459288
23.248673
23.259032
23.629734
23.916359
23.269751
23.290838
23.301626
23.598049
23.408399
23.257018
23.244607
23.308245
23.254103
23.324840
23.415559
23.258253
23.276674
23.721703
23.541075
23.802341
23.487536
23.435331
23.284415
23.254860
23.248241
23.650972
23.595839
23.325513
23.299046
23.291957
23.290744
24.052448
23.438556
23.704259
23.517723
23.481826
23.505711
23.783064
23.402127
23.541290
23.658323
23.803271
23.593276
23.910739
23.555122
23.808656
23.412723
23.653097
23.777485
23.640088
23.496150
23.624557
23.404946
23.407638
23.526458
23.409937
23.401863
23.400585
23.392076
23.426639
23.378101
23.265308
23.259955
23.280854
23.435540
23.041432
23.251100
23.268592
23.365523
23.157031
23.084009
22.908318
23.034500
23.280579
23.269864
23.285310
23.269749
23.336040
23.720652
24.372594
24.480651
23.272563
23.281528
23.284686
23.286327
23.277692
23.283316
23.287718
23.285165
23.288954
23.291875
23.270789
23.303939
23.292666
23.284075
23.289840
23.276391
23.409153
23.280247
23.274504
23.281511
23.529439
23.291701
23.287323
23.289748
23.277824
23.430424
23.503279
23.283988
23.273260
23.277381
23.277950
23.532321
23.296516
23.274275
23.284990
23.290094
23.293584
23.289587
23.267998
23.270711
23.287399
23.314476
23.282972
23.278213
23.290702
23.267418
23.273656
23.293215
23.296208
23.281045
23.294074
23.278079
23.276780
23.307364
24.092683
23.340712
24.632051
23.416166
23.417197
23.400810
23.281201
23.299302
23.270734
23.285849
23.297428
23.297015
23.275359
23.293829
23.299249
23.299262
23.307524
23.290939
23.294388
23.292891
23.286538
23.275566
23.278943
23.268606
23.283652
23.287274
23.265107
23.274693
23.281570
23.287981
23.284177
23.274244
23.266982
23.275578
23.268233
23.289439
23.280112
23.275134
23.278840
23.275017
23.282196
23.285326
23.277605
23.283258
23.545673
24.035564
23.871662
23.288553
23.272715
23.284238
23.292821
23.283048
23.275765
23.436543
23.354202
23.311693
23.293332
23.288848
23.275491
23.287035
23.287500
23.297344
23.286025
23.285608
23.284168
23.295261
23.292274
23.296755
23.326107
23.284953
23.278808
23.285484
23.290050
23.287327
23.286516
23.273912
23.274774
23.294002
23.298478
23.276898
23.290902
23.284753
23.283492
23.288838
23.291469
23.993307
23.363068
23.306972
23.309488
23.290181
23.296989
23.284628
23.273036
23.278834
23.299955
23.288971
23.296740
23.280136
23.286363
23.308337
23.007352
23.050697
23.144796
23.079209
22.975938
23.001568
23.444618
23.192217
24.751976
24.152974
24.025471
23.444149
23.423680
23.462545
23.422318
23.441307
23.443761
23.423078
23.424476
23.423274
23.413593
23.439376
23.418471
23.445817
23.424783
23.427668
23.445233
23.401498
23.426992
23.436023
23.405238
23.568621
23.411592
23.439922
23.428147
23.424840
23.421633
23.432613
23.425474
23.429528
23.407828
23.398683
23.411632
23.421506
23.425994
23.644765
23.411630
23.435849
23.425332
23.408357
23.418070
23.435736
23.419560
23.426592
23.425129
23.416226
23.416900
23.445345
23.408148
23.419499
23.403708
23.537613
23.422289
23.426034
23.422981
23.437001
23.457775
23.439808
23.445420
23.428926
23.473709
23.433243
23.438179
23.441465
23.414973
23.437508
23.436777
23.423031
23.416908
23.431856
23.434910
23.520756
23.426390
23.433868
23.437848
23.443880
23.433545
23.438171
23.577128
23.423884
23.416605
23.405674
23.292567
23.281469
23.277651
23.329812
23.259304
23.252053
23.278829
23.290897
23.279685
23.273517
23.265183
23.283691
23.277411
23.269295
23.287688
23.285359
23.280671
23.269856
23.362181
23.274987
23.288193
23.271243
23.271657
23.275525
23.281981
23.282616
23.273051
23.280401
23.283350
23.286419
23.280760
23.282641
23.393914
22.959385
22.776492
22.807020
22.809211
22.757348
22.833045
22.697640
22.765631
22.985790
22.826754
23.027757
22.981582
22.881371
23.068587
22.856171
22.961089
22.895096
23.006524
22.902788
22.817745
22.876490
22.915254
22.907295
22.821005
22.851576
22.772468
22.910326
22.834120
22.821895
22.825538
22.810590
23.195559
23.261728
23.263210
23.268056
23.267624
23.273953
23.269634
23.275357
23.281778
23.272624
23.267167
23.271523
23.265217
23.344226
24.105189
23.257864
23.260070
23.262018
23.409077
23.937789
23.247352
23.260489
23.259756
23.247776
23.264093
23.259259
23.258543
23.253538
23.266603
23.269527
23.265729
23.243955
23.292545
23.254169
23.271395
23.254652
23.250713
23.274666
23.257314
23.255036
23.262720
23.249995
23.274776
23.267890
23.260684
23.251607
23.258753
23.253768
23.269106
23.277757
23.261629
23.254871
23.142097
23.027996
23.054522
22.963935
22.897398
22.947012
22.958550
22.883692
23.320860
23.385067
23.257048
23.272637
23.264970
23.256616
23.260291
23.261961
23.257687
23.268607
23.256662
23.272023
23.268622
23.250529
23.267003
23.841620
23.690676
23.649000
23.552232
23.325062
23.598258
23.331528
23.551203
23.333162
23.327707
23.342256
23.332315
23.330974
23.333770
23.354354
23.382630
23.331927
23.332843
23.325579
23.502727
23.371821
23.459651
24.166099
23.790185
23.913299
23.250468
23.261771
23.258950
23.259714
23.251146
23.249319
23.258898
23.343612
23.285154
23.329725
23.290397
23.297481
23.281295
23.292283
23.271323
23.268011
23.290634
23.284047
23.285644
23.271089
23.287759
23.294851
23.279149
23.273808
23.298422
23.275498
23.303609
23.297727
23.317902
23.277262
23.284378
23.292279
23.296180
23.289228
23.277677
23.274189
23.281628
23.286747
23.271155
23.288079
23.285649
23.278798
23.287334
23.288419
23.347803
23.298692
23.275670
23.286993
23.275813
23.297038
23.276239
23.282342
23.285521
23.283414
23.270611
23.277646
23.291000
23.290039
23.276905
23.285795
23.281039
23.279787
23.268294
23.281407
23.288901
23.285118
23.282521
23.282477
23.278672
23.271223
23.280881
23.287420
23.287678
23.283738
23.278873
23.273897
23.273705
23.283961
23.288710
23.279312
24.132352
23.862654
23.813345
23.659934
23.501967
23.420419
23.432195
23.409296
23.399137
23.397389
23.446836
23.623593
23.403760
23.428292
23.416174
23.386953
23.409304
23.418357
23.377310
23.286776
23.288002
23.279067
23.278993
23.279863
23.288877
23.281770
23.287178
23.739400
29.386066
26.919323
27.947854
33.098426
42.248544
101.735587
38.449779
26.196827
27.380991
25.719117
26.140849
25.057510
27.631572
25.313491
25.524595
24.051231
23.689493
24.456562
26.423005
24.496531
23.597865
23.461901
23.441852
23.449939
23.470865
23.437795
23.430145
23.436374
23.433112
23.414798
23.442205
23.462706
23.449407
23.430832
23.447131
23.429519
23.420123
23.423859
23.416596
23.433194
23.420019
23.430813
23.423331
23.438799
23.429460
23.405364
23.426331
23.426632
23.415556
23.442483
23.414809
23.439588
23.423568
23.417219
23.405868
23.416016
23.393622
23.427494
23.427965
23.446213
23.414548
23.426566
23.423766
23.388137
23.414244
23.410090
23.399078
23.400522
23.464401
23.408891
23.395575
23.394761
23.412281
23.434459
23.410414
23.421438
23.620793
23.471448
23.418247
23.432722
23.416029
23.422229
23.419816
23.442983
23.419118
23.432813
23.444437
23.424896
23.415191
23.426981
23.489250
23.446829
23.437945
23.430546
23.451218
23.495744
23.448083
23.450019
23.463793
23.456000
23.445066
23.457259
23.431425
23.444319
23.487440
23.467481
23.440263
23.432152
24.433232
24.482500
24.131079
23.503243
23.497475
23.504125
23.547654
23.843226
24.413858
23.468944
23.418396
23.442248
23.427747
23.424136
23.404884
23.405177
23.411318
23.394404
23.409440
23.425415
23.420264
23.421781
23.439641
23.414603
23.393514
23.418053
23.401873
23.448043
23.404961
23.417314
23.410078
23.429475
23.443826
23.413907
23.410042
23.405133
23.419116
23.410280
23.387171
23.416996
23.442152
23.436066
23.460078
23.434645
23.445968
23.441371
23.445412
23.451542
23.432166
23.439173
23.434315
23.450012
23.418619
23.426392
23.437348
23.428639
23.446965
23.444858
23.451935
23.412860
23.443654
23.459437
23.448214
23.480488
23.443277
23.449686
23.432980
23.754958
23.452861
23.457882
23.456815
23.460841
23.441744
23.460227
23.420567
23.427927
23.436048
23.437441
23.741284
23.452181
23.444021
23.449573
23.434411
23.425055
23.426244
23.438102
23.422469
23.427536
23.451852
23.460758
23.445353
23.417365
23.428432
23.478495
23.443619
23.444782
23.419750
23.450330
23.417146
23.441863
23.426981
23.683684
23.457816
23.437630
23.454215
23.450257
23.436981
23.486273
23.434457
23.455923
23.433617
23.456746
23.438298
23.444884
23.425201
23.434185
23.430367
23.444974
23.426560
23.436396
23.432589
23.456898
23.432898
23.437038
23.415616
23.485341
23.405732
23.439361
23.428216
23.445993
23.439960
23.413441
23.425068
23.434426
23.991365
23.439287
23.463471
23.539102
24.087651
23.257329
24.755852
24.440645
23.318681
23.282377
23.274368
23.259687
23.279933
23.286443
23.284574
23.259061
23.250952
23.280647
23.278903
23.271049
23.294567
23.264491
23.277554
23.266201
23.286990
23.277752
23.280264
23.295652
23.292411
23.259099
23.273468
23.288113
23.264797
23.266064
23.270012
23.294025
23.285216
23.267011
23.273247
23.275281
23.310496
23.247378
23.258672
23.248912
23.276487
23.295252
23.278924
23.254145
23.259266
23.274670
23.280877
23.270931
23.266709
23.270940
23.285728
23.252981
23.279942
23.280120
23.336905
23.256526
23.245491
23.265138
23.278385
23.260416
23.263619
23.245215
23.259606
23.324358
23.263677
23.262744
23.275315
23.283237
23.282224
23.265207
23.286868
23.285144
23.289393
23.282011
23.300539
23.285637
23.281000
23.256639
23.262059
23.281460
23.277409
23.291509
23.272086
23.263013
23.248655
23.283924
23.309509
23.277563
23.261078
23.284082
23.283299
23.280345
23.271208
23.273110
23.289628
23.256416
23.246385
23.259921
23.260871
23.288231
23.269717
23.284119
23.259151
23.291523
23.279468
23.282758
23.264760
23.249257
23.269944
23.265768
23.252999
23.243965
23.278867
23.252754
23.268157
23.251971
23.269042
23.300633
23.256161
23.248816
23.250490
23.306418
23.241766
23.280286
23.257843
23.269715
23.322601
23.290400
23.254128
23.241460
23.270902
23.252045
23.294876
23.277158
23.266678
23.256764
23.254002
23.259783
23.254573
23.261243
23.250394
23.259229
23.262597
23.290750
23.245949
23.290629
23.248493
23.258874
23.278193
23.240995
23.249947
23.247753
23.285235
23.251670
23.278156
23.254743
23.252917
23.293214
23.251097
23.273152
23.267556
23.312443
23.266470
23.263048
23.258079
23.261001
23.262908
23.246607
23.264412
23.265127
23.319322
23.243814
23.256040
23.264940
23.256302
23.307435
23.259654
23.244118
23.258139
23.291629
23.258004
23.284681
23.264077
23.266647
23.279075
23.251585
23.258674
23.253999
23.285098
23.255524
23.258534
23.259080
23.268180
23.276971
23.269941
23.263445
23.262688
23.270674
23.256211
23.261082
23.251866
23.247788
23.291081
23.251984
23.260724
23.248678
23.288199
23.245926
23.241237
23.240906
23.255381
23.263038
23.270407
23.274029
23.252679
23.266224
23.307960
23.257901
23.258022
23.271372
23.279315
23.253352
23.272753
23.249039
23.274919
23.294434
23.280962
23.263106
23.267906
23.288327
23.266615
23.263219
23.257491
23.269035
23.252997
23.272250
23.257646
23.252121
23.248658
23.240762
23.252348
23.255629
23.282111
23.274674
23.259367
23.257646
23.262070
23.279305
23.260980
23.286843
23.266560
23.276885
23.281734
23.260802
23.271853
23.255629
23.281406
23.281643
23.280250
23.271791
23.291749
23.281594
23.276266
23.262679
23.271469
23.287207
23.256630
23.280742
23.261987
23.252428
23.250007
23.280449
23.273237
23.255179
23.292356
23.270517
23.262592
23.264587
23.297690
23.290265
23.282020
23.282002
23.267394
23.304774
23.283059
23.287261
23.267369
23.279251
23.297386
23.285790
23.270284
23.255092
23.292154
23.276462
23.262864
23.256601
23.304199
23.261053
23.273942
23.254086
23.288959
23.302307
23.263599
23.249099
23.250053
23.299676
23.285285
23.278469
23.262305
23.258612
23.292383
23.286939
23.264900
23.272711
23.270342
23.286076
23.261702
23.279466
23.266697
23.290371
23.303984
23.289161
23.257351
23.285973
23.294591
23.273703
23.288951
23.283319
23.301814
23.259795
23.270797
23.264185
23.288950
23.281844
23.254353
23.255362
23.267630
24.207355
24.305367
24.391289
24.051407
23.292436
23.295589
23.297772
23.287080
23.300163
23.295990
23.261372
23.256901
23.252945
23.303142
23.264914
23.259706
23.246383
23.273543
23.292089
23.284197
23.287443
23.254518
23.288449
23.299614
23.267045
23.293416
23.295955
23.312341
23.284095
23.269778
23.278955
23.297718
23.277027
23.275784
23.265108
23.270977
23.244259
23.270493
23.274496
23.273842
23.314821
23.261070
23.270472
23.248003
23.261069
23.302975
23.285496
23.271959
23.278143
23.285904
23.292148
23.287885
23.254763
23.280983
23.285713
23.277858
23.267096
23.252744
23.290160
23.262492
23.270818
23.272324
23.298570
23.300377
23.275456
23.270942
23.301650
23.304889
23.283104
23.256657
23.273724
23.302188
23.257533
23.271371
23.287404
23.264838
23.299982
23.268865
23.260939
23.269136
23.284706
23.279838
23.273195
23.271989
23.259294
23.316623
23.292243
23.210827
23.309529
23.285425
23.296268
23.263391
23.274089
23.259180
23.302659
23.286920
23.282897
23.295215
23.275133
23.279785
23.252209
23.292357
23.259855
23.313525
23.262530
23.286021
23.279140
23.301364
23.278283
23.275780
23.294804
23.277912
23.273031
23.253780
23.266996
23.250246
23.305221
23.274688
23.270350
23.263796
23.283304
23.277249
23.273946
23.264291
23.283845
23.298774
23.263317
23.285501
23.253368
23.273933
23.265995
23.243045
23.245455
23.251653
23.296184
23.267031
23.275386
23.257679
23.283293
23.275235
23.271128
23.288081
23.271109
23.287223
23.278463
23.274223
23.258963
23.482794
23.565769
23.426415
23.429982
23.438635
23.462751
23.434157
23.438875
23.433942
23.449363
23.427269
23.417215
23.426758
23.417726
23.473038
23.409911
23.419798
23.419313
23.432377
23.413817
23.424259
23.410479
23.400742
23.442382
23.431998
23.399467
23.427827
23.416444
23.402992
23.406193
23.425787
23.372903
23.456405
23.416626
23.425403
23.408041
23.422821
23.406168
23.406684
23.404460
23.435846
23.413895
23.417550
23.395815
23.453196
23.427089
23.401560
23.398599
23.402194
23.419778
23.390308
23.415533
23.409897
23.415425
25.009081
23.425649
23.442893
23.415847
23.438864
23.415859
23.409883
23.414502
23.405118
23.410049
23.408423
23.413928
23.412022
23.410884
23.437087
23.443082
23.416954
23.425439
23.441166
