50
35.942612
35.346133
36.182169
35.962547
31.657804
31.272050
31.649927
31.146112
30.500311
30.688405
31.994148
31.203018
29.904236
30.112833
32.511226
29.507375
28.096891
27.079585
27.867435
35.319636
34.746860
32.908699
28.316469
29.761040
30.518289
30.939402
31.688184
28.274696
29.616015
30.630503
30.832141
29.076535
29.360496
31.319011
31.408579
31.665524
30.907922
30.266908
32.859204
34.430511
34.676293
31.164942
28.129812
31.005847
31.470769
33.846458
29.385917
29.795966
34.612327
37.178401
36.115207
33.251941
35.334813
31.261597
35.120095
32.196649
33.294833
33.068965
33.531064
31.620363
31.146038
29.124698
26.723627
29.133006
26.756813
29.305310
32.150892
33.747302
33.414465
32.318630
33.277464
32.675755
30.348717
29.596254
30.020163
29.532687
29.863988
27.896982
29.321861
30.464978
29.896315
31.127057
31.885797
30.815196
30.183638
30.003846
32.628884
31.721130
29.759691
30.997747
29.417690
27.108036
28.794068
27.909997
26.949192
28.234945
30.147681
31.325447
31.736107
36.781429
31.233832
30.572304
32.268972
31.631257
31.919494
32.683607
30.272691
31.474612
33.572659
33.855657
35.364339
33.494355
34.705584
35.181130
30.256112
30.759831
29.126550
27.293495
28.932011
30.533282
30.650171
30.905961
32.604813
29.498101
29.680576
28.843863
29.093470
33.728431
29.989461
29.354956
27.531999
25.267601
27.835474
25.901592
27.346247
27.247838
25.948439
27.462287
27.179153
27.699649
34.058725
37.288941
29.432641
30.911183
30.038069
27.712108
30.058756
27.923255
26.214109
34.053810
32.733111
29.828099
27.355700
28.104950
26.556659
30.077084
35.198908
32.812395
33.587123
33.823184
30.453451
31.286723
31.058304
30.467578
29.237383
29.702148
31.162210
31.368532
32.884050
30.433454
31.481421
31.549613
30.884666
30.900715
31.360290
30.697434
32.461140
30.156922
31.631879
33.987353
27.947247
28.358974
29.590465
31.573507
29.704390
31.862245
38.678770
36.797848
27.080153
28.243935
32.231913
34.340661
35.947225
30.559320
29.835932
30.710145
31.611091
28.081923
30.854268
30.584213
31.043648
31.285314
31.868374
29.400775
28.276965
30.319848
31.198014
30.571805
31.017673
31.791813
30.765983
28.406985
29.868149
30.814221
32.115244
29.152262
30.636585
29.657511
26.553375
28.164383
29.870191
30.828811
28.622928
26.287984
27.346083
30.227266
30.947092
31.025166
28.105546
30.234313
31.945828
30.775405
31.110894
29.593661
32.490090
30.917023
31.049780
30.222438
30.881728
29.767933
29.535447
29.292065
30.637208
29.837790
28.563496
25.701565
28.131612
27.029815
26.247232
28.136052
29.097128
27.512917
26.472047
27.488306
27.025015
29.651339
27.541023
26.397425
25.482094
28.732032
28.414252
27.126139
25.769380
29.423635
27.289179
26.074124
29.486562
31.656027
32.239495
31.115213
30.674796
31.172281
32.642688
30.908835
31.961757
31.402623
35.310209
32.224469
33.866644
29.675259
31.306109
27.700559
27.621574
28.205645
29.578931
27.349446
25.871597
26.500568
28.895260
27.468148
31.132057
33.815144
35.867509
34.099046
33.715097
35.663041
34.918084
34.501440
33.121846
32.695423
33.669250
32.395939
31.532890
32.188405
32.198298
32.283211
34.323739
30.423585
32.969492
32.539739
31.417718
31.734654
30.545462
29.361146
32.200087
26.455528
26.666450
28.088706
31.961108
30.599486
34.423253
35.822171
33.932320
26.498492
27.419305
29.672154
32.528999
29.843151
30.993640
30.669426
32.051343
31.182334
30.922942
31.314374
31.120387
30.866867
30.677307
31.604303
33.660437
30.636911
31.641464
30.062463
27.944892
26.833434
30.762131
31.282252
32.574906
33.309120
32.009182
30.937726
31.484777
28.909366
30.215098
32.379578
36.245395
31.509611
31.271733
29.189615
32.039482
27.410309
29.083825
30.573799
29.180465
26.088950
31.534470
28.692346
29.348467
30.338881
26.816440
25.247932
27.692374
27.777158
32.637418
30.312665
31.135264
30.676933
30.008936
31.883239
30.708732
31.020113
31.651730
32.282906
31.937291
31.797755
30.828254
29.986813
29.579343
31.785968
28.723937
26.771177
27.530438
26.026955
27.271828
27.133094
28.551466
26.925311
26.480952
26.851918
25.947668
27.775951
27.061571
26.185268
26.501469
30.475549
28.562707
32.561691
28.103152
28.824259
31.291473
27.871343
30.174181
32.098234
30.501784
31.565673
31.817336
30.710321
33.412409
30.436839
31.891635
30.025229
28.607693
31.077140
29.114644
27.342396
29.192470
31.453112
37.850581
38.869160
30.419209
29.850725
29.753872
31.385799
30.826895
29.377603
30.131873
29.866358
30.165447
30.834634
30.042761
31.516445
25.469155
29.429170
30.229664
30.076689
30.249897
29.150402
30.301628
26.627210
27.613253
27.536923
31.862785
35.262560
34.454579
32.770038
32.447184
31.781731
31.656329
30.139852
31.346116
29.840572
28.844169
28.718408
28.719456
28.046821
30.316705
27.213566
31.848059
30.902361
26.907449
26.643661
28.531849
29.325342
31.629371
30.046643
30.158687
29.330514
29.242165
28.919840
31.625034
27.539444
29.766045
30.121036
31.284193
32.371061
31.961466
30.491535
34.196544
32.962400
30.313212
31.129238
30.827992
32.803502
31.725308
34.331470
32.569853
34.115336
34.747788
37.240143
33.904082
35.355665
31.068276
36.984448
32.284789
30.755090
34.253060
33.510570
32.956873
33.688650
31.524453
31.622694
31.100107
28.477155
32.333494
30.824960
30.637743
34.926613
32.604232
31.254322
30.809482
33.201451
35.102111
36.024198
35.681979
34.743626
30.614231
33.034585
28.635381
28.408323
27.016497
27.815361
30.407271
26.930636
27.665375
30.864170
37.346207
38.270040
39.333148
34.364664
29.748130
27.162266
27.287673
25.745108
32.371741
35.622408
32.963204
32.093489
32.706603
29.523395
32.092350
33.660688
30.622242
31.107599
28.131992
32.951370
34.506769
35.251573
29.572534
28.991794
31.270909
30.394423
31.751404
34.796299
33.982293
34.689052
31.924835
31.144448
32.308179
31.629763
29.895469
34.061600
32.473712
30.822849
30.262905
32.711473
34.373796
33.460195
34.023046
34.382272
36.398315
34.358770
30.714937
30.835661
30.465846
31.414346
33.041698
35.032866
37.932662
34.111982
32.421289
31.441384
34.882180
35.569685
28.637993
26.627644
26.929627
27.847012
28.635733
31.615132
30.394001
29.944469
31.239692
29.861595
35.651995
33.627474
30.645238
29.409189
35.556047
36.065700
34.486354
27.214632
29.793409
26.963283
26.739451
28.136273
28.181024
32.403069
35.625834
33.926047
33.188257
28.870611
31.515756
30.543889
30.789176
32.885753
31.494089
30.768729
30.417870
31.363945
27.645607
31.113089
33.266373
31.451967
32.727399
32.415495
31.038334
31.978906
32.769305
37.292511
34.964180
34.691526
38.239039
29.712886
30.422726
29.162528
30.246567
29.827090
28.281241
28.217024
31.447149
36.965530
39.887177
31.462181
29.795300
30.451252
28.182948
28.885674
30.818395
28.672515
28.999903
28.436100
28.379028
25.947517
28.111255
26.395685
28.719532
29.018290
30.315412
30.190312
31.151959
30.688117
30.525990
32.094738
31.479964
27.982304
26.655511
24.653639
27.389723
27.997464
26.968802
30.317208
34.743480
35.299916
30.992467
35.042863
34.639654
34.897845
35.626026
31.929068
30.455496
33.747392
32.725872
29.978375
31.097216
33.201096
31.873982
30.783631
30.037028
33.105412
33.033723
35.587740
34.908618
36.930223
30.078070
30.505357
31.016844
30.591728
35.424972
34.469550
33.088354
29.610382
28.464970
32.632019
29.924871
30.170479
31.037001
33.295874
31.347378
35.590094
32.239923
30.879453
30.654877
28.856391
32.227964
29.215024
29.820326
34.341849
32.571273
34.340496
33.119513
24.281281
28.599787
32.431136
29.470296
32.083407
33.294980
31.815084
30.265787
30.775642
28.622661
27.138956
25.527923
27.788679
28.277153
28.302755
28.439355
29.209164
26.033420
25.485533
27.452908
28.148285
27.120389
25.520817
31.517956
30.773104
35.110816
36.716210
33.769201
32.163134
30.620701
36.218001
34.445397
35.623677
31.941649
33.744654
37.168259
36.237345
26.506868
27.966551
28.985541
31.157239
30.765852
31.957328
30.163832
31.319108
35.202033
34.851596
35.635920
29.379951
32.428393
30.344717
27.430438
26.146743
26.163886
28.151025
32.314071
30.251643
27.249950
31.146400
28.411383
26.382895
28.252503
29.087296
28.457360
28.111625
27.469155
27.664299
27.091708
31.548852
46.301584
67.521385
27.089047
30.782929
30.688186
27.611257
27.818049
29.703485
30.070586
30.228060
28.969187
30.102402
30.516831
34.347511
35.107413
31.361806
26.934746
35.977469
35.259433
33.938354
33.980652
33.822526
31.352145
32.323803
32.216060
30.446710
29.852021
31.994463
31.467325
29.361225
30.294916
29.290378
29.554216
30.320864
30.062409
31.379024
29.418318
31.106006
29.439198
30.735402
31.742382
32.545749
29.310487
32.859423
31.188550
31.873897
29.758224
32.725235
32.642056
29.309643
27.088061
30.295926
31.660977
35.902733
31.145015
30.345394
31.251537
29.648920
36.155481
37.947699
30.362396
30.800598
30.458315
30.258260
30.870601
30.194924
33.272158
33.899447
33.689526
32.675365
34.392662
34.112546
35.654727
33.418072
31.550987
30.156878
29.892905
28.407566
30.913978
30.467225
28.313681
28.509349
30.294516
33.526425
30.522405
29.049773
29.444714
28.198363
28.901906
32.252676
38.877712
29.734430
31.404998
30.008304
30.579409
29.457001
30.516556
28.893121
27.923873
30.356405
29.023506
27.309918
33.393590
32.581675
31.264861
31.639420
32.406500
32.687443
30.472323
29.496756
30.542839
30.481314
31.203524
31.849471
31.081260
30.032412
30.692122
30.789738
31.398157
29.561307
29.606798
29.467214
29.378586
28.672249
28.792397
28.753898
27.181091
29.395362
31.486524
30.095716
31.296926
32.828923
34.234151
34.817105
29.797941
27.992900
29.205215
28.536186
34.896401
34.604724
34.129756
34.869514
34.796143
35.135658
35.327958
31.679032
30.613501
27.454959
27.351036
28.563617
29.845051
30.709330
31.251149
29.908997
30.479763
29.687535
31.625274
32.253837
31.531918
33.667148
33.377751
32.094610
31.057888
30.120231
30.900697
32.887939
30.194704
30.374026
31.945657
31.493032
32.430072
30.992513
29.881130
33.150669
29.494385
30.209888
26.131935
27.664722
28.112237
29.275971
33.074797
33.576244
36.076400
32.188667
32.416735
27.234680
29.742365
29.159730
27.754678
27.137499
26.410804
28.224162
27.855903
27.066515
30.849532
29.846514
28.998279
28.317695
27.322336
29.311481
29.693793
30.743305
30.845171
32.341492
35.358872
32.938851
31.868615
34.153752
33.301428
33.536225
34.629887
34.473577
32.847420
32.905596
32.715342
30.383846
30.802499
30.249811
27.873388
27.627917
33.029098
35.525699
26.580395
28.583196
27.284802
28.437185
30.692823
31.051534
31.479517
30.991055
31.606876
29.652245
31.634721
31.967223
32.451165
31.486720
33.071180
31.745023
30.462260
30.863548
32.867557
30.272646
32.607393
29.331757
30.890682
30.656393
28.705261
32.033509
36.722142
34.304742
31.624029
30.095706
30.406115
31.649678
30.048001
27.543528
27.969345
30.779031
29.597047
29.964206
29.603027
27.706152
27.682096
26.574848
29.564529
28.658802
28.761669
27.598267
28.284711
28.205826
25.625397
30.486828
27.489702
30.724016
28.678952
33.629334
32.051627
38.388099
36.578702
35.101892
35.115330
31.984160
32.099299
31.657278
30.253087
31.792064
32.803445
32.452637
31.267324
30.836029
30.001163
28.297886
30.103224
31.102944
33.510549
37.561452
29.194684
31.039161
29.401843
32.482443
33.257965
29.941962
30.905667
28.843911
27.261084
26.502342
28.272153
29.739703
31.508142
31.761339
31.860758
28.766943
32.648049
31.131429
30.922820
30.297798
32.570557
30.670658
31.053634
38.818156
31.679488
29.593148
29.538336
30.280169
31.156708
33.678620
33.331957
32.969234
33.645973
27.175862
27.585170
29.848218
28.361228
32.078909
26.608926
27.119731
32.522985
30.572241
32.620525
30.717314
35.922978
34.078616
30.721263
32.277908
31.273570
30.203059
30.462008
29.288424
31.389864
29.648387
28.846108
29.553674
29.970750
29.183030
29.301563
32.058349
30.090118
30.880601
29.612215
26.522646
27.600819
29.541208
32.205435
32.069360
29.927589
27.401173
31.118226
31.539480
30.837803
31.919558
31.094758
28.191663
28.464859
27.044879
27.198327
28.589559
26.637140
27.213729
28.030031
30.005710
30.272344
31.633980
28.872721
29.105640
30.098265
30.912555
31.343665
31.926339
30.868775
29.060103
29.144321
29.327944
29.496202
30.005164
29.416100
29.372755
29.715089
30.308952
28.244187
30.315466
30.694083
28.800054
30.953594
30.488986
30.681558
30.044850
30.414047
29.086437
29.770845
30.541206
32.175191
30.580920
29.326151
30.353860
30.900571
28.614671
26.830983
30.228220
28.963508
26.577591
27.049858
25.248647
28.982478
30.910506
28.388176
31.325013
28.762856
31.835978
29.568141
30.730676
29.988705
29.985387
25.985219
26.547376
26.615600
31.340990
32.875182
34.524053
34.271123
33.801017
34.850768
31.328139
25.784954
26.892587
28.348354
33.172074
33.136343
28.728147
30.960598
30.426357
31.278030
32.391966
29.723745
36.356472
31.622589
37.625602
34.180748
29.662784
29.946950
27.531244
28.387578
31.168534
34.390847
32.721287
36.273310
33.808039
34.614386
33.162295
33.244606
33.672728
34.650979
35.722931
37.757813
34.546479
32.570322
31.093903
30.196294
34.536341
32.718646
30.898684
29.826128
31.721896
35.537753
36.977515
32.261547
35.476934
32.771260
32.998778
31.501372
34.282741
34.840135
33.045197
30.935977
30.916957
30.579943
28.778097
32.444992
33.009125
30.281094
29.599911
33.822543
35.632170
29.399255
25.216078
27.226004
28.252742
28.142910
29.623328
27.182156
27.896985
27.240766
27.094210
27.816721
27.472960
28.012328
26.756510
27.661171
26.142926
29.797741
33.405802
31.668078
31.399591
30.091815
27.540698
30.641005
32.260380
31.686517
29.087184
30.864830
36.583670
33.566071
29.783432
28.131335
25.780469
27.980009
26.370755
29.678232
30.453155
30.566351
36.160872
35.808330
30.395639
30.539016
31.230513
31.452423
29.926824
31.060816
31.287907
30.982863
30.467964
30.185245
29.692583
32.352713
30.145331
31.429468
28.202181
28.591818
28.778478
29.034976
27.801109
27.793825
27.612450
27.239509
29.402259
28.501726
29.172528
27.252655
33.409553
31.382850
26.563425
31.415344
34.916674
38.839253
38.113090
39.631561
41.138760
40.010366
38.193917
38.316226
40.203136
40.195173
37.470250
30.502273
30.454963
35.519904
35.804555
37.938840
30.122773
36.114735
34.306806
29.125757
32.002661
33.446202
30.013852
30.832058
31.677778
31.232020
32.371836
29.190833
31.436655
28.844232
31.717123
32.978771
35.477600
36.461927
33.829724
33.905884
33.026931
32.099125
31.312033
35.282676
34.401827
32.284511
31.339933
27.425718
29.000473
33.556382
31.684076
30.359893
31.822132
30.755937
30.565186
30.363109
31.331711
32.741698
32.529532
31.829826
32.554083
30.268072
29.605540
31.816184
30.445137
30.964298
32.168231
31.421770
31.884245
33.394880
31.434533
31.759252
29.791617
31.118325
32.227678
29.866367
31.539165
34.710084
32.694216
32.877330
33.593238
27.978768
30.917991
27.446957
29.432763
30.362142
31.023557
30.341453
28.002758
28.168602
29.973649
31.384618
32.442554
30.390273
31.743822
29.961327
30.391813
30.321235
31.413786
29.368640
32.467001
30.356510
27.595093
29.803630
28.041180
31.883537
33.536904
27.368086
29.650807
29.445567
36.563185
33.924521
37.041162
34.816759
30.356385
35.450882
37.744362
30.933541
36.648767
35.467693
31.818403
27.244069
30.297593
29.479752
33.631600
32.706559
32.121220
31.821231
28.613911
30.301240
34.179840
30.657721
31.747301
33.080541
33.533592
30.689066
29.251613
30.026254
30.042398
33.543505
31.246801
32.983182
30.944839
28.847877
27.173256
27.882985
28.057431
29.556126
29.777689
27.790699
30.817163
30.645110
28.758159
36.418041
40.579804
37.210227
35.168595
37.209620
36.347428
31.545324
30.784379
31.172497
30.373737
35.900098
35.460490
29.733534
30.240158
26.100949
26.563154
27.372072
30.696242
30.307654
30.327886
28.963700
30.632460
28.814059
30.367165
39.016630
35.913670
31.088480
33.702191
29.346607
30.785504
33.530201
33.369528
34.426923
34.286810
31.894501
29.610652
30.837162
30.755254
29.483642
27.828209
27.302302
32.463080
32.707780
30.970331
30.776967
31.122204
30.823004
31.145737
33.128670
30.518971
29.282159
33.326083
32.998695
31.298415
32.516014
34.177026
33.397547
31.170380
25.737877
26.276219
25.479640
28.751838
26.143132
26.883492
28.450019
27.887937
27.569527
25.568744
29.109419
32.902550
30.598982
38.284675
38.960776
44.387644
45.459832
32.686492
30.911727
30.354082
29.562784
27.674749
32.671366
32.073759
29.300474
29.105326
30.823749
27.894859
29.201084
29.552317
29.492893
31.038675
28.226693
26.676192
29.132362
28.209766
27.976889
27.999754
27.964309
30.060458
33.963640
27.141292
28.423772
33.274843
34.350218
32.765744
32.002217
31.999282
29.103746
31.884752
33.077625
31.648895
29.066376
32.426954
30.200940
29.980804
27.254534
28.569712
29.375076
32.471322
29.797657
32.336407
30.247325
26.907813
28.173579
27.528394
25.921612
27.003844
28.566169
27.921972
27.845418
27.734737
27.817380
28.744957
30.896699
25.774989
28.395547
28.266001
29.641039
28.646214
29.697928
30.554626
29.945298
29.606139
35.744361
37.912357
29.801103
27.964725
28.335810
30.028398
30.115922
30.296061
29.690967
27.746046
30.629470
30.436475
29.410739
32.721708
34.236043
32.295170
30.379650
27.714708
29.798140
30.414496
32.305231
30.823305
30.721510
32.112926
29.019745
31.309079
31.597735
32.692871
32.747683
34.596422
33.043768
28.293296
31.258322
28.792394
27.628364
25.663063
26.905537
28.115221
27.926152
27.242733
27.534045
26.494131
28.610267
34.681974
29.409038
31.562140
31.677796
29.014017
32.502890
31.795105
29.509020
31.005480
32.284986
30.364303
28.747354
31.369729
30.171410
30.628055
27.709395
30.180932
30.347659
32.265288
31.473961
32.844754
29.046310
28.072025
27.493229
30.880201
33.763243
27.616603
32.836682
31.779516
30.725508
31.555839
34.660166
29.895050
30.552824
30.439622
34.371651
31.707920
31.107863
30.833128
30.489810
28.395587
30.814141
30.834072
25.907867
28.291543
29.757640
30.055572
32.774853
33.763396
29.673934
27.334192
30.957050
28.656788
30.259388
28.003843
25.264071
27.795681
34.971696
30.982331
38.884836
39.487958
32.934798
39.783494
40.495390
32.409347
28.161217
30.782709
29.071716
30.327307
27.208738
30.040317
32.960411
30.114297
30.101670
30.126055
31.869983
27.948821
28.718005
25.490203
32.225688
37.385219
34.830989
34.235978
33.446787
35.400080
32.782477
30.248696
30.423059
29.506658
30.440338
31.853293
30.181161
31.631968
33.860949
37.357439
30.434210
26.410892
28.286022
27.507471
27.375035
26.846383
26.373362
28.386419
29.725719
31.732377
29.978290
29.064871
30.419699
30.457364
29.628485
30.151670
30.873653
29.050982
28.837065
28.082720
30.544026
29.914445
30.741605
30.449597
30.818175
31.073157
29.951448
29.657891
30.113347
28.898763
31.334909
28.899846
29.041981
33.390279
35.031132
34.118030
33.601330
33.966009
36.573893
34.952505
31.862818
34.966293
31.434960
29.960082
32.028699
34.852871
33.794022
29.204698
27.905430
30.793105
29.762651
28.244575
29.172068
30.138402
29.117605
27.213969
28.662251
29.465938
30.024438
32.742259
32.114494
37.142948
33.888327
28.947291
34.689669
30.387854
32.207265
29.127991
32.941296
34.637269
35.321910
35.645288
37.019251
33.380679
34.678122
35.276912
33.517693
29.129382
29.724097
29.691822
28.184473
28.932734
28.928661
31.593753
31.448851
32.749614
31.865965
29.214377
28.721937
30.317770
34.227517
33.651190
28.728779
27.764372
25.481729
27.322571
26.909935
27.307748
26.995440
25.296776
30.702872
36.158715
32.219602
30.875311
36.006330
29.099697
30.082682
30.786464
32.093443
29.925412
31.721965
35.577559
30.080471
30.374440
31.542050
30.963333
33.482741
30.996402
32.510653
29.963428
32.984097
29.861893
27.901823
25.887418
27.868153
29.606396
26.828886
26.298210
30.842643
34.771893
30.996557
31.272987
33.509344
34.850091
35.880257
35.369795
34.606278
37.099607
29.860264
33.174191
31.321229
31.534839
33.284650
32.213062
30.076361
31.313438
30.556774
29.576425
31.378045
28.257134
28.389716
27.788908
26.420308
27.951090
28.674164
25.673830
30.261255
32.409658
33.745181
31.061621
31.600233
31.216838
32.117118
30.331910
26.795772
28.193555
25.944926
28.123260
34.712345
33.799901
29.320796
38.431220
35.924468
34.992762
33.085414
29.816038
31.276180
27.666750
27.288263
27.266169
28.428740
25.735652
25.756422
27.715048
32.245371
34.059302
38.202043
37.719688
29.562803
28.997193
32.006584
33.246065
29.844732
31.737149
31.320658
33.528910
35.366285
29.435964
34.341784
35.515179
33.795432
32.753375
35.226660
33.348780
36.552996
29.684736
31.103661
30.389468
30.464907
26.422288
27.419179
28.916621
30.300385
32.316816
30.351497
32.073118
30.807177
34.498441
35.222052
31.111033
35.086875
33.408685
29.117699
26.634658
26.453947
28.093143
31.120343
31.772244
31.438621
32.090168
29.056744
29.207671
30.997152
28.540865
31.981445
27.743113
32.945452
31.059991
28.784130
30.386918
28.663284
30.167813
29.195258
29.156873
29.418722
31.594354
31.075899
29.979041
30.695338
32.549077
28.455256
33.667803
36.075193
35.109533
34.912418
28.578524
26.952131
31.861847
33.494438
35.796750
33.993593
27.726917
28.335995
27.346471
28.662776
28.020340
26.585371
30.460894
30.866067
29.972008
30.097392
28.949939
26.785273
27.700785
27.433231
29.175200
30.637738
26.057706
25.857223
29.012536
29.857822
29.243273
26.678499
30.182383
31.015605
29.190583
29.586138
29.580485
28.181487
31.616036
33.624177
30.880861
28.750039
27.334589
25.698539
27.551731
28.790502
28.183557
29.088072
30.156624
30.629163
31.612500
28.665713
26.898378
28.084255
33.526904
32.024394
31.569214
29.944133
29.833729
28.358887
27.420010
27.089444
25.158400
28.196283
28.245144
26.652153
30.818099
31.837994
29.791325
30.216340
28.572186
31.620255
32.630090
36.396096
30.917040
32.489070
32.728856
28.280708
29.432000
29.159409
29.118128
27.740817
29.873525
25.979848
31.206055
30.314176
39.125444
32.156355
25.262836
30.277933
32.072090
32.532950
30.762480
31.673429
30.733965
32.717032
31.150102
32.363003
31.845135
30.649010
31.039312
30.844302
32.763532
29.942151
31.538181
31.503094
33.533040
31.224281
31.097330
31.994064
36.179250
39.243135
40.481907
39.560657
39.583295
34.182645
30.721108
32.108972
32.693819
33.159454
34.373699
35.264508
36.048665
38.200712
35.445039
35.299298
34.538103
35.135197
30.357342
32.930033
31.844964
29.764827
31.087960
31.706537
28.807473
32.814321
29.816427
31.834433
29.672578
32.312543
30.690674
30.915462
31.838537
30.128134
31.357839
32.229134
32.373847
31.979730
25.756549
25.419661
26.964003
28.774466
27.097503
29.880476
30.022765
29.901358
30.604666
30.385101
31.818191
35.026147
33.030368
32.207892
33.477045
30.612324
26.924360
29.400303
27.399759
28.988102
25.890064
27.593861
26.570897
27.242863
27.355609
25.609989
26.101651
29.853794
33.471600
32.333215
29.780493
30.381268
33.696683
31.543975
31.539244
28.486617
29.507804
32.161686
30.569384
33.287463
31.554221
29.675262
27.139861
27.364923
28.541382
30.454949
26.531266
29.209809
35.204429
36.076452
28.995839
29.093060
29.497475
32.540937
26.829688
29.281184
27.493382
29.101807
28.340803
26.358013
28.475395
29.568942
26.045047
27.020473
29.676878
28.768972
25.599495
26.877845
26.032596
26.275832
30.398056
34.533021
35.118280
34.586589
31.870945
28.184941
36.750811
36.178498
34.841219
38.898531
34.906522
36.657413
35.673006
30.482633
30.455606
34.279338
36.014515
33.191937
33.195914
26.318369
27.752299
31.133134
33.228537
31.375335
30.052380
30.367110
32.519422
29.714748
26.797076
27.530547
28.102870
26.975412
29.546561
31.189953
30.198154
30.784358
25.336712
26.726541
33.210865
30.175363
29.648476
28.818338
31.391434
31.833498
35.723857
34.200577
30.078871
31.902494
32.996407
31.928406
30.003431
26.234823
26.288227
28.392409
31.001474
28.691968
28.099612
32.021991
31.233294
31.002263
30.350357
27.962947
29.736172
30.361639
27.610911
27.351301
27.050852
28.797143
27.553541
29.029891
31.318397
30.814800
31.272968
30.731845
30.951872
29.013984
32.299081
32.472074
29.636407
31.069992
28.989964
29.567899
27.827330
26.361440
32.276181
34.932567
34.737253
34.999680
36.104102
34.442990
35.153489
36.202989
31.088529
28.296863
27.133987
26.763517
28.751190
28.937802
27.253598
33.918958
36.251188
37.082801
33.752457
35.610438
36.490484
34.522807
32.274962
27.416154
31.777915
30.853271
31.633318
31.899394
29.397984
28.010284
26.774548
26.048159
27.307551
26.938416
27.813803
26.825156
30.949553
31.755020
27.953602
30.846957
33.169492
36.198293
35.410959
33.259310
48.283980
32.134915
28.220647
27.240443
29.693561
30.611152
31.286745
29.458725
31.738704
30.950876
28.403938
31.171845
28.352412
31.207954
31.872396
32.052366
34.983578
36.787163
32.138431
31.030181
33.597427
30.339733
31.570695
30.247447
31.107292
30.700080
31.981487
31.671092
26.623922
26.864267
28.196285
29.363347
28.899390
30.146761
29.183077
27.974133
27.827357
28.074376
29.498330
27.162309
25.901105
29.106909
29.527239
26.570359
26.111091
28.000976
27.987131
33.875573
37.506228
30.717280
30.295644
30.244016
29.701666
25.648869
26.537765
29.951286
28.936106
29.179277
28.884271
32.646479
31.306325
29.219626
28.379323
32.025634
28.937000
30.901351
32.128903
32.575751
33.888983
33.019475
32.133811
26.718324
32.843498
35.431661
33.325895
30.264356
34.875891
31.160718
31.071498
30.643020
27.733996
28.192290
29.002884
31.715074
28.438177
28.220851
27.873138
28.764031
26.848451
24.936982
27.771315
26.226320
26.280508
27.002747
27.093333
27.032329
28.717375
31.636594
30.335025
30.242090
32.955646
30.104383
30.705516
31.248224
31.736892
31.832515
31.217591
32.334304
33.255495
30.479797
31.676388
30.114937
27.195776
27.060859
28.542425
26.116598
28.305501
31.349719
31.399135
29.454756
33.195226
31.101669
31.503596
29.873873
29.718761
30.604853
30.972569
33.506192
32.271336
29.166353
29.092008
30.137370
30.000966
30.026195
31.126053
29.753212
29.534031
29.221042
29.439356
30.415692
30.002672
30.752652
29.899020
30.735099
31.526052
30.268161
29.869618
30.640138
31.337837
30.047191
30.718488
30.968588
29.329304
29.910979
29.737195
32.845773
34.745599
34.505727
30.974770
28.286829
31.054488
30.570363
32.134932
29.148515
30.950299
32.080719
36.471914
35.113721
33.636960
29.070252
31.456621
33.042403
31.365945
30.766363
31.670284
32.769378
32.818670
33.349082
34.939445
29.796361
27.916421
26.520890
24.958994
27.392457
28.203244
26.533917
27.709121
28.897414
27.175397
30.830322
27.761972
28.240938
30.170491
29.673606
32.584344
33.148555
38.623671
36.112518
37.524699
33.045793
32.577144
29.918632
30.355507
30.470195
30.049743
35.709642
34.145214
34.100670
33.013740
31.275838
31.603041
31.195274
31.609159
36.266792
32.295723
31.836906
31.462032
30.300914
31.011583
30.824684
28.947814
32.008513
29.045117
32.213378
29.024335
30.836769
27.315162
30.507577
31.901068
30.371042
26.338540
27.688566
34.140341
28.242910
31.049378
36.339201
37.754980
30.666868
36.263371
34.116864
32.829154
30.905901
29.301417
29.829855
33.694191
29.593871
32.821795
28.896629
30.325093
30.996393
35.067898
34.696652
33.888064
31.948481
31.180064
30.080900
29.976288
31.349906
33.219383
35.549198
35.624506
35.566940
33.287502
31.524444
27.451826
30.068475
29.013207
25.992808
29.114457
28.906278
27.211176
28.040311
29.947599
33.766906
28.014013
28.979320
32.766649
36.877319
30.206439
30.205624
28.903324
28.698247
30.198589
28.576604
28.533919
28.230719
32.303083
34.679011
27.872233
28.330911
32.707340
29.550875
32.536707
31.047728
31.331529
30.976046
29.884354
30.818929
31.558617
30.776970
29.919919
32.244082
28.830010
29.750837
30.118170
30.767003
30.524924
26.180191
29.260050
27.762831
28.643528
30.074702
34.551718
31.013185
28.747486
33.233940
33.778655
30.529300
29.845747
32.327314
30.541581
29.052903
29.319692
30.428980
28.274135
30.690019
30.791211
34.214605
30.692996
32.322913
30.340909
29.453217
30.811870
30.126038
28.226279
32.344592
28.656797
26.428822
28.829468
29.303308
32.771825
31.847942
30.056177
29.765166
30.022130
31.980401
31.516019
29.063421
27.848235
29.391919
28.882843
27.402795
26.771834
26.409722
26.916618
29.571867
24.949888
27.126507
26.363419
25.669756
28.329316
25.734122
26.200109
27.280004
26.988692
27.581123
30.445595
32.256899
30.690004
31.970261
29.139849
33.055673
30.526816
30.024800
32.997515
29.866888
32.022190
30.826537
28.548503
29.680292
26.609898
29.617685
28.704911
29.736630
29.418030
29.540994
29.634999
27.392331
29.897068
30.727084
31.383573
31.261599
31.098043
31.367806
32.987595
33.285084
34.586207
33.842216
29.799847
30.103965
32.019286
30.895206
30.876447
29.577823
29.591833
31.010668
30.632587
31.158178
31.322646
29.659766
26.148667
25.693183
25.326368
28.169571
30.939353
32.027403
33.581213
29.241584
28.298920
26.683823
25.509134
28.686896
27.120377
28.123852
29.059049
29.089076
36.763863
35.218867
32.573550
31.220865
32.965846
31.598432
31.043484
28.074988
30.181594
35.428182
30.769782
30.206654
28.516112
30.482803
29.803895
32.562041
29.611200
29.933924
30.535757
30.832953
29.885240
30.811122
30.186180
28.247244
31.777838
34.914160
32.071439
28.777166
29.374369
32.925519
31.556750
27.332185
33.156482
28.523556
30.724762
29.168129
31.492081
32.177199
30.276361
29.057122
34.314220
29.700661
28.705902
26.577459
28.241326
31.298072
29.416578
32.118755
29.015070
30.547377
29.146262
30.675775
31.332956
32.162460
32.219444
31.560680
33.916307
30.652812
33.811294
31.411215
32.859050
30.818327
32.800604
30.349082
30.732639
29.898996
30.468499
29.758316
34.214508
34.959280
33.907107
34.344372
30.031874
31.013003
29.780085
31.162950
32.795020
32.921513
31.652560
29.009324
29.696742
29.971064
27.713562
30.386723
28.956812
30.066248
28.578296
28.934886
30.914487
31.575571
32.568038
33.444408
28.008047
27.891361
26.280382
28.393787
35.001716
37.220833
30.129742
28.268834
29.641965
31.502047
29.964391
29.950743
28.443509
30.026174
30.373570
29.138445
32.514512
32.725909
35.194674
31.238864
33.156884
35.011669
30.951560
30.034637
29.318980
31.708603
30.137234
27.198215
27.044065
29.655674
30.860266
32.389002
29.783958
31.289838
31.129841
27.985679
27.474260
27.523593
31.264998
28.030095
27.108344
26.962704
30.835872
32.569374
35.859926
36.031854
32.492554
32.124852
30.458368
30.285820
30.102472
31.802796
31.296757
30.333369
30.515114
33.637114
30.985530
32.362418
33.906403
32.910874
30.808986
30.800565
29.940161
30.398246
30.072911
31.003343
31.991832
30.962876
27.811591
29.564062
28.093144
31.845970
30.430537
29.736737
31.106595
31.632631
32.311492
27.901137
30.696997
29.500960
28.852163
27.928494
29.274858
31.671884
29.883958
36.823529
37.611801
36.374453
39.509822
30.775281
29.678738
29.038077
29.274113
30.212803
30.661228
29.983596
30.261955
30.693748
31.049957
29.548392
33.921945
35.399551
33.106545
27.374459
31.641560
33.925485
33.300802
36.427543
38.052808
39.384480
38.270350
33.554266
31.953011
32.589057
34.691471
29.791442
32.313065
30.628233
29.645181
29.952119
31.340873
31.107857
28.419016
26.622897
27.916494
28.466330
27.226397
28.760676
28.984941
33.261723
34.172985
36.387614
34.893398
31.269321
30.822596
29.806402
29.889032
29.589671
30.321189
28.795411
29.805857
30.863104
29.496208
29.905066
28.590980
32.742520
35.042234
30.437815
30.391634
34.365946
35.511200
35.389528
34.780237
34.019649
33.328451
35.171695
34.675672
33.682877
35.218473
29.329688
32.279195
27.650561
26.592842
29.226777
28.436223
29.816538
29.557781
34.377282
30.235564
32.312255
32.867655
36.528778
35.534157
28.313307
28.869806
26.590206
27.742837
28.133206
27.303092
27.918499
30.811263
30.330998
33.440287
30.474118
26.644207
29.015352
27.799941
28.661924
28.443722
28.560317
27.335222
27.621669
27.977863
28.434321
29.483332
35.177269
36.167296
27.324094
29.126861
27.848530
31.768328
32.070288
31.355721
31.830981
36.329753
34.993372
34.651614
35.932250
30.684141
30.067728
30.222409
27.648995
30.233369
30.782886
30.647595
28.694162
31.561599
30.367790
30.013741
33.060947
31.204086
32.997760
31.541004
31.772241
31.859367
29.561982
31.881773
31.797847
31.790262
28.990386
29.263913
30.029299
31.988708
33.038004
34.443166
34.105763
30.736714
31.729139
31.108618
35.667326
34.905653
34.775166
35.455151
33.734510
32.778561
32.844787
31.793243
29.000814
32.468995
32.554025
31.087385
33.247446
29.471218
33.123324
30.678416
31.683213
31.352806
31.079405
29.880507
31.714406
29.930479
30.610446
30.795641
31.595448
33.776313
35.727829
31.284624
37.132024
31.570168
30.087302
32.739963
32.429964
31.232125
29.459987
30.960872
27.462643
30.897845
31.164603
30.483902
28.187709
32.380596
37.465093
39.284031
52.916527
164.534716
