50
61.267270
62.495502
63.239089
63.287683
64.674033
64.732934
65.510361
66.561533
65.426779
65.669755
66.551182
65.527860
65.443929
66.481328
65.806841
65.195811
66.486948
66.156049
64.761459
66.447840
65.808529
65.137646
66.490762
65.199838
64.715046
66.345355
66.282698
64.752134
66.023640
66.413958
64.713871
66.000094
66.326552
64.599338
66.220974
66.043127
64.555403
66.325864
66.264675
64.508480
65.984153
65.998181
64.578519
66.211493
65.811080
64.406926
66.171409
65.757753
64.614813
66.216228
65.731101
65.229671
66.633396
66.544435
65.756554
65.074095
66.570642
65.434293
65.438094
66.453674
65.089722
65.632590
66.615155
64.795007
65.901176
66.433081
64.654297
65.882811
66.073429
64.729814
65.939044
66.099380
64.653022
66.053939
65.888278
64.679689
66.223863
65.826078
64.781064
66.223373
66.147883
64.665119
66.131874
66.435016
64.705114
66.224726
66.339983
64.750851
65.997679
66.407389
64.987327
65.605397
66.413683
64.921455
65.569704
66.586791
65.155885
65.719555
66.637385
65.006927
65.680375
66.033566
64.746548
65.703782
65.846870
64.631366
65.722057
65.999691
64.845156
65.525828
66.343834
64.720012
65.776731
66.679845
65.427574
66.000160
66.002278
66.336890
65.151329
65.233951
66.626137
65.117553
65.884508
66.575543
64.861382
65.813397
66.539130
64.974626
65.395926
66.315659
64.708460
66.011405
66.200033
64.827779
66.467442
65.558942
64.793004
66.436510
65.577193
64.681921
66.334028
65.587892
64.857031
66.449083
65.381232
64.886377
66.551633
65.189722
65.254799
66.625704
65.014811
65.522071
66.566291
64.730988
65.674968
66.449962
66.482532
66.457866
64.695687
65.893992
66.057255
64.693837
65.977671
66.469036
64.636532
65.916616
66.429012
64.891493
65.826937
66.474331
65.084777
65.678272
66.326068
65.972741
65.565413
66.425484
65.500837
65.479083
66.400484
65.874348
65.195587
66.342927
66.106121
64.787565
66.477407
66.032794
64.782907
66.363728
66.033417
64.636087
66.438002
66.119281
64.771817
66.374724
65.953927
64.691862
66.505503
66.148671
64.662358
66.471590
66.017004
64.781794
66.689944
66.062403
64.678780
66.319623
65.845527
64.849177
66.515265
65.778644
64.708232
66.453431
65.759906
64.765723
66.430396
65.778167
64.728110
66.413491
65.830036
64.978240
66.443778
65.313775
65.211532
66.432612
64.709556
65.563492
66.087729
64.686179
65.607750
66.256854
65.010863
66.534392
65.389127
65.563943
66.503455
65.379067
65.294436
66.504806
65.694088
64.952591
66.533597
65.575731
65.051641
66.692775
65.353180
65.503693
66.670275
65.033914
65.696368
66.619903
64.715793
65.896917
66.210216
64.835116
65.750602
65.714558
64.452919
65.806851
65.847721
64.519424
65.927635
65.869588
64.600782
66.467558
65.862698
64.533857
66.329942
65.339676
64.879603
66.327444
65.016661
65.507001
66.327042
64.737117
65.524880
66.363841
64.640391
65.419460
66.150822
64.575314
65.370263
65.885760
64.559197
65.381110
66.194086
64.531843
64.802627
66.307882
64.801906
64.816081
66.280598
64.580492
64.825263
66.359058
64.718537
65.749763
65.929292
64.648666
66.337171
66.293511
65.471631
66.310069
66.418348
68.170796
66.504950
66.759183
68.240432
67.049071
66.299911
66.284578
67.913617
66.371528
66.285730
66.326490
67.474356
66.860755
66.316716
68.050292
67.236467
67.272144
68.205912
66.494768
67.880505
67.543963
66.871614
68.176409
66.700688
66.312563
67.684056
66.721185
66.289659
68.081405
66.268633
67.979967
67.139112
66.312681
68.004450
66.432461
67.413837
66.999498
66.878817
67.775829
66.341721
66.338645
66.271001
67.943492
66.350410
67.600708
67.998107
66.295675
66.212147
66.364922
66.298966
67.326686
66.939469
66.374449
67.277717
68.048785
66.258722
66.322681
66.369622
67.937714
66.431294
66.377886
66.467400
66.608450
68.029842
66.157800
67.931734
67.151700
66.944903
67.276931
66.280424
66.325644
66.729500
67.586843
66.416583
66.494281
66.624931
66.607970
68.096141
66.427873
66.353296
66.423066
66.504894
67.266364
67.359897
66.424921
66.439316
66.410974
68.238257
66.425878
66.417992
66.681255
68.018483
66.479326
66.615956
66.567200
66.455893
67.216825
67.502408
66.416122
66.484073
66.409224
67.375296
67.264628
66.622715
66.953657
68.388984
67.063997
67.741259
67.444433
66.407458
66.636004
68.192442
66.868694
67.921416
66.397348
66.480663
66.466929
68.131967
66.524613
66.481906
66.497920
66.475233
68.084473
66.421680
66.401590
66.447217
66.858008
67.747404
66.477274
66.473943
66.769746
68.022892
66.446358
66.488691
67.508714
67.287470
66.388410
68.156489
66.836372
66.337144
67.572926
66.830816
66.490845
66.943556
67.369361
66.322220
67.128171
68.171642
66.759641
66.338812
66.341698
66.222852
67.103265
67.055665
66.383892
66.306241
66.336078
67.470209
66.913666
66.348456
66.510804
68.267664
66.364072
66.320240
66.324509
67.226154
67.202230
66.460152
66.494980
66.479302
68.174706
66.550602
66.552708
66.586960
66.480026
68.192722
66.428411
66.530397
66.518409
67.455623
67.204700
66.491080
66.516672
67.474922
67.309317
66.473468
66.492586
67.914041
66.689180
66.297125
66.348417
67.916996
66.539694
66.312953
66.939240
67.333452
66.305590
66.316190
67.340737
67.119999
66.429238
66.245879
67.881237
66.507607
66.373211
66.336384
68.072023
66.269631
66.324252
66.411316
68.233639
66.461701
66.455173
66.354988
67.179693
67.556926
66.427607
67.323844
67.577899
66.474369
66.477599
67.666289
67.416257
66.308516
68.061439
66.309408
66.355602
66.378482
68.061156
66.420616
66.344425
66.359568
68.099326
66.422516
66.366165
66.821316
67.543138
66.316517
66.260479
66.634112
67.810059
66.204983
66.337053
67.447457
67.131635
66.347317
66.579126
67.777394
66.234549
66.950968
68.191494
68.055972
66.319575
66.336329
67.935040
66.507614
66.478380
66.421860
67.812670
66.798924
66.396185
66.426840
68.139362
67.627395
66.477695
66.477519
66.558176
68.017281
66.413276
66.395170
66.466746
67.923551
66.908443
66.590423
66.502010
66.733801
67.792164
66.502505
66.518935
67.019413
67.727878
66.528165
66.464652
68.074155
67.414052
67.376973
68.177100
66.446537
66.464724
68.317942
66.688184
67.698352
67.519580
66.439452
66.395425
67.729964
66.928836
66.437409
66.428762
67.054144
67.593133
66.444195
66.468713
68.171785
66.532549
66.483407
66.340662
66.497227
67.782321
66.231117
66.297846
66.538205
67.720158
66.297818
66.297972
66.314077
68.232757
66.367885
66.314205
66.592119
68.140855
66.470365
66.614652
68.207010
66.580121
66.518084
66.605796
68.256326
66.382971
66.424392
66.447285
67.746690
66.912188
66.498000
66.572606
66.435586
68.150544
66.584944
66.453389
66.482449
67.034845
67.689051
66.533983
66.469898
66.788754
67.809912
66.433175
66.626902
67.066811
67.693782
66.492920
66.464419
67.243164
68.351492
67.339318
66.575880
66.441009
66.421295
68.264347
66.376548
66.510749
66.525877
66.931366
67.677987
66.473653
66.473412
67.276842
67.438791
66.462280
66.425804
67.917720
67.672801
67.597006
68.228985
66.418514
66.505362
66.981914
67.768136
66.479238
66.517711
67.785624
67.026527
66.408148
68.106648
66.568057
66.477043
67.919963
66.789946
66.381084
67.364438
67.254454
66.492502
66.451748
67.882297
66.981479
66.500734
66.719280
68.368902
66.454457
66.481732
66.434605
68.140843
66.430826
66.338798
66.391719
67.869116
66.478918
66.309939
66.260326
68.004936
66.327476
66.434255
66.360517
67.441318
66.761793
66.236503
66.292884
67.494834
67.030148
66.227679
66.301555
67.540741
66.840218
66.506245
66.450216
66.428010
66.510165
66.520665
66.529346
66.560881
66.477387
66.450375
66.569047
67.537247
66.452322
66.461018
66.422892
66.443555
66.432250
66.478836
66.309418
66.163980
66.077164
66.094507
66.146840
66.147790
66.147642
66.157098
66.158537
66.163668
66.131042
66.106882
66.097391
66.205344
66.151617
66.156200
67.185988
67.311043
66.269623
66.290819
66.302959
66.283753
66.302165
66.290837
66.379602
66.258171
66.289582
66.295856
67.205025
66.721990
66.209010
66.352412
66.276806
67.951072
66.261542
66.317256
66.883024
67.594403
66.332390
66.286599
67.129209
67.232507
66.366551
66.336855
67.076844
68.190021
66.394638
68.030164
67.454508
66.964140
68.211506
66.716906
67.727383
67.820119
66.644130
68.192110
66.845805
66.312785
61.512577
62.979283
64.569014
64.909333
65.052888
66.663696
65.703010
65.609171
66.682446
65.443375
65.857578
66.545123
65.356012
65.685991
66.684826
65.190938
65.905218
66.433618
64.713107
66.115314
66.388573
64.316801
66.119266
66.095567
64.618606
66.247197
65.283830
64.451237
66.182583
65.264641
64.420856
66.156735
65.062097
64.579134
66.232398
64.778211
67.154428
65.356657
66.491687
64.685857
65.182004
66.278593
64.433873
65.682655
66.248801
64.620264
65.473100
66.237108
65.085382
65.023367
66.177432
65.076782
65.141441
66.278098
65.498073
64.712429
66.233167
65.754700
64.577338
66.190317
65.708313
64.594987
66.290767
65.484801
65.026816
66.210696
64.970033
65.156456
66.271262
64.822271
65.204297
66.236041
64.472675
65.329641
66.223211
64.595247
65.567678
66.220206
64.819860
65.340590
66.193160
66.188751
66.292624
66.163842
64.625982
65.339603
66.050373
64.464859
65.202942
66.102318
64.407079
65.649057
65.605006
64.404573
65.841755
65.338933
64.418603
66.204219
65.410732
64.405002
65.265573
66.290994
66.177904
67.296989
67.785134
66.264043
67.729165
66.397298
66.993056
68.106789
66.504682
67.520563
67.766646
66.557998
68.161351
66.733193
67.490936
67.699006
66.682027
68.052108
66.710389
67.385708
67.565737
66.181384
67.775206
67.525516
66.662491
68.136212
66.468844
66.998199
67.322820
66.263674
66.222577
66.205217
66.181604
66.266198
67.763797
66.158915
66.214337
66.187025
66.250551
67.344971
66.658456
66.148322
66.229261
67.566970
66.499989
66.250503
66.231503
66.217954
67.142723
67.064839
66.248528
66.262717
66.342038
67.866491
66.206628
66.199255
66.265482
66.215422
66.622249
68.139859
66.494623
66.160363
66.326657
66.211871
66.204580
66.287816
66.233660
67.728639
66.330660
66.274772
66.237006
67.793529
66.749837
66.293963
66.221645
66.215639
67.896101
66.191485
66.218609
67.400502
67.586944
66.446201
68.097519
66.613312
67.604209
67.819928
66.321431
68.136340
66.937632
67.288708
67.898449
66.262735
68.130287
66.957229
66.760419
67.461692
66.263861
66.724869
67.423160
66.210683
66.230309
66.748548
68.099363
66.493780
67.634764
67.177330
66.540737
68.163652
66.970753
67.262575
68.029340
66.233764
67.968235
67.198814
67.056228
68.178031
66.421244
67.536119
66.670807
66.217572
66.251452
66.168869
67.947725
66.230331
66.231300
66.238856
66.312373
67.533053
67.486622
66.265248
66.159645
66.253886
66.562818
67.566857
66.168494
66.301872
67.992930
66.211492
66.280388
66.379379
67.711819
66.277057
66.174684
66.266039
66.974725
67.132741
66.162430
66.178187
66.261414
66.206364
67.810823
66.160698
66.174731
66.221419
67.410109
66.741431
66.394497
67.676931
66.254394
66.707450
67.441524
66.197796
66.202195
66.228591
66.271079
67.202516
66.831206
66.233842
66.228698
66.294247
66.155642
66.182761
67.811617
66.227716
66.221938
66.253697
66.233691
66.486430
67.446953
66.211917
66.188533
66.211944
66.209956
66.195234
67.638210
66.168538
66.182229
66.232466
66.976840
66.996919
66.319040
66.228275
66.211662
66.244119
66.184997
67.013264
66.850075
66.221073
66.214839
66.556073
67.824308
66.159739
66.243934
66.195340
66.262611
67.746723
66.317261
66.699454
67.548652
66.170325
66.184333
67.606817
66.630554
66.252219
66.288512
67.807834
66.490605
66.922158
68.110457
66.160202
67.892907
66.681026
66.278391
66.222454
66.211052
66.660053
67.162265
66.207149
66.279706
67.351999
66.844091
66.300225
67.387386
66.857963
66.183079
66.243498
66.248652
66.912122
66.931989
66.228712
66.270944
66.153694
66.250163
66.275878
67.288743
66.722927
66.203265
66.189442
66.289658
66.483285
67.504921
66.181080
66.215277
66.214689
66.457902
67.519278
66.232293
66.264087
66.261381
66.247214
66.275904
67.822973
66.221662
66.291303
66.501301
67.527463
66.235383
67.446203
66.858895
66.165959
66.211372
66.501917
67.525561
66.142482
66.284529
66.248033
66.178018
67.737942
66.355132
66.201223
66.244572
66.209698
66.967642
68.102217
66.630644
66.204355
66.183812
67.706089
66.321441
66.186745
66.210900
66.246424
67.157141
66.970014
66.225773
66.197635
67.929348
66.494297
66.220645
66.262784
68.091418
66.238382
67.173862
67.180036
66.228218
66.205146
67.183485
66.950269
66.230787
66.201894
67.198147
66.921369
67.282286
68.059322
66.427743
66.276863
67.651993
66.220391
66.245881
66.202166
66.210410
67.320323
66.520591
66.192028
67.376654
66.749801
66.336958
67.381475
66.903121
66.197065
68.090668
66.398927
66.977283
68.092688
66.490519
67.980473
66.389728
66.266281
67.904475
66.544022
66.153635
66.232795
67.868367
66.206945
66.183651
66.218920
66.332155
67.631879
66.470131
66.189313
66.243176
66.204327
66.256479
66.170055
66.177725
66.240710
66.217882
66.219420
67.882782
67.149720
66.294914
66.245946
66.203136
67.217478
66.871571
66.236847
66.214054
66.255948
67.092266
67.194471
66.220169
66.221686
68.096367
67.300334
66.199569
67.700654
66.521674
66.270106
67.913729
67.134146
66.985379
68.190982
66.399813
67.696764
66.522983
66.250349
66.206063
66.961104
67.150515
66.281744
66.446283
67.744884
66.286842
66.236827
66.200756
67.413108
66.486453
66.227999
66.223491
66.198972
66.190195
67.384856
66.846913
66.255150
66.202364
66.261138
67.733662
66.364086
66.227385
66.241251
66.452305
67.560993
66.215738
66.258547
66.284068
66.217287
68.085069
66.785526
66.252628
66.271115
66.352888
67.887825
66.223955
66.226315
66.150175
66.945132
67.406244
66.219941
67.782176
67.314919
66.216410
66.376604
67.627203
66.317824
66.292354
67.346494
66.879561
66.257156
66.634789
67.742391
66.146522
66.228964
67.890478
66.399187
66.190446
67.486700
68.103628
66.517323
66.220090
66.598912
67.524379
66.181193
66.241892
66.208412
67.951096
66.316239
66.327573
66.210798
66.989523
67.076549
66.246350
66.345676
67.622551
66.518613
66.152246
66.181377
67.165232
66.865854
66.104478
66.923295
67.341850
66.158455
67.317337
67.157632
66.199710
66.306371
66.200023
66.964675
67.150926
66.217021
66.215473
66.267443
66.218615
67.646251
66.399173
66.248379
66.226688
66.255815
67.521177
66.579862
66.251172
66.162786
67.358097
66.720828
66.685587
66.719872
66.772157
66.623928
66.162993
66.212535
66.210005
66.240122
66.222217
66.238793
66.209694
66.233079
66.286240
66.254854
66.238781
66.190353
66.218870
66.193566
66.185855
66.300031
66.134942
66.270574
66.268182
66.223055
66.242081
66.171518
66.553572
67.540611
66.226972
66.216686
66.223321
67.394760
66.776415
66.212008
66.328957
66.258666
66.225823
67.782072
66.229375
66.230581
66.145749
66.266834
66.255500
67.754843
66.216877
66.262073
66.338264
66.175759
66.245998
67.790315
66.339113
66.285274
66.238205
66.215280
66.154255
67.139093
66.999337
66.194453
66.213841
66.211992
67.945192
66.216393
67.864136
67.088756
66.184228
67.718139
66.726642
66.824862
67.638003
66.240271
67.137258
67.071783
66.218517
66.237377
68.132962
66.253558
67.241308
67.030568
66.206458
66.166072
67.824899
66.187485
66.203275
66.170612
66.221326
66.756402
67.282553
66.196899
66.271724
66.149188
66.193040
67.702367
66.213711
66.243510
66.195584
66.170552
66.230628
67.649003
66.640783
66.180653
66.244342
66.305216
66.271450
67.396289
66.567549
66.178172
66.200206
66.251601
66.189955
66.218617
66.293370
67.608570
66.280845
66.203743
66.239573
66.204201
66.177090
66.208837
66.717733
67.424577
66.218153
66.240540
66.273274
66.225094
66.258003
66.164567
66.201796
66.234930
66.177009
67.647865
66.246099
66.172445
66.270576
66.234201
66.200856
66.269901
67.836633
66.199628
66.223380
66.239066
66.258225
67.216061
66.829387
66.254015
66.251437
66.205504
66.238164
66.566555
67.629208
66.238497
66.257801
66.238898
66.220968
67.872725
66.284155
66.245028
66.221606
66.427058
67.729718
66.200968
66.207309
67.283961
67.176552
66.220306
66.196740
66.239341
67.947549
66.264627
66.251647
66.208402
66.232321
67.921241
66.169260
66.239492
66.252500
66.198837
67.584745
66.362980
66.181541
66.254522
66.240988
66.157171
66.252309
67.575145
66.571076
66.139145
66.232115
66.175454
67.891678
66.325042
66.235303
66.185517
66.382087
67.754270
66.192215
66.124485
66.145882
67.927046
66.246348
66.247236
66.265476
66.448393
67.759367
66.193757
66.276837
61.380716
61.424147
62.071149
63.452117
64.430710
64.373970
64.794594
66.224479
64.880196
64.940021
66.116221
64.667267
65.357506
66.191678
65.346347
65.078002
66.201335
64.722300
65.322795
65.799454
64.387932
65.760374
66.193057
64.545316
65.793361
66.235404
64.450468
65.733408
66.217614
64.692781
65.490814
66.099440
64.458037
65.774811
66.255285
65.605992
66.152331
66.190966
66.230495
65.924997
64.453552
66.189583
65.279693
64.729143
66.179968
64.900171
64.987993
66.124693
64.546020
64.979686
66.179881
64.938918
64.822505
65.997519
64.740538
65.291012
66.177321
64.547766
65.131180
66.234356
64.573378
65.333799
66.183502
64.445280
65.553556
65.753462
64.347663
65.740114
65.556964
64.393097
65.674891
65.853373
64.418270
65.526946
66.054013
64.396968
65.699464
66.203323
65.787209
64.415958
65.975164
65.930792
64.344588
65.733503
65.950300
64.382991
65.459844
65.784966
64.401285
65.470021
65.599772
64.407509
65.288884
65.715672
64.383430
65.464351
65.731762
64.388079
65.501288
66.241583
64.501463
65.273479
66.238288
66.083329
64.442915
65.983232
66.197997
64.492952
65.688677
65.977345
64.435743
65.808194
65.664229
64.365602
66.180536
65.410480
64.718458
66.159208
65.016638
65.071616
66.185048
64.631340
65.187399
66.116854
64.848557
65.345793
66.228426
66.148834
66.197861
65.111169
64.495232
66.236396
65.260430
64.867056
66.240825
65.520057
64.758669
66.149651
65.764991
64.489618
66.302949
66.155105
64.844585
65.464493
66.171186
64.552892
65.496749
66.219505
64.980702
65.036971
66.202046
64.928033
65.132755
66.171667
64.921610
64.434913
65.940664
65.348365
64.996071
66.171399
65.699608
64.167214
66.149361
65.737082
64.676908
66.179524
65.471857
64.820622
66.306225
65.208461
65.364191
66.235529
64.635416
65.662003
66.100607
64.463492
66.085256
66.309820
64.638083
65.284516
66.003383
64.361958
65.528739
65.955734
64.447502
65.872423
65.447824
64.825059
66.410554
66.194707
65.993396
64.672264
66.337938
66.261817
64.882230
65.658741
66.261346
64.827289
65.514109
66.391094
65.248988
65.716958
66.294208
64.874472
65.640495
66.230165
65.145599
65.090255
66.254668
64.696319
64.600785
66.207561
64.644329
64.830480
66.187804
64.594176
65.689300
66.251568
64.591751
65.742222
66.176217
64.905827
65.561147
66.111556
65.598615
64.915864
66.168757
66.177525
64.865617
65.552240
66.278631
66.250791
66.180651
66.164976
65.270549
65.269607
66.211768
65.893623
64.634788
66.163532
66.178527
64.754769
65.555614
66.134086
64.880404
65.444085
66.221050
65.162970
65.293695
66.216042
64.761285
65.412280
66.159376
64.846221
65.536121
66.484869
65.425998
64.654688
66.207082
65.621150
65.073241
66.211402
66.189217
64.982780
65.506998
66.197981
64.921531
65.233947
66.165044
65.126593
66.158237
66.119730
66.170705
66.116659
66.133165
66.185132
68.762505
66.222955
66.203680
66.195524
66.161545
66.188377
66.208146
66.179969
66.149584
66.194045
66.201666
66.139210
66.146426
66.165509
66.136405
66.162690
66.100873
66.165768
67.702097
66.083044
66.208729
66.138972
66.141787
67.030334
67.038660
66.178510
66.254065
66.295858
66.620031
67.349493
66.095266
66.157825
66.210500
67.570326
66.445726
67.293541
67.994860
66.196838
66.706643
67.538033
66.201899
66.250294
67.814901
66.304589
67.083480
67.286469
66.211948
66.165841
66.214825
67.815172
66.155398
66.187169
66.194564
66.105284
67.749062
66.177311
66.092997
66.241672
66.401260
67.655014
66.345877
68.005057
66.599750
67.568776
67.363905
66.111269
66.630357
67.374816
67.844668
66.378526
67.124317
67.473145
66.184577
66.160399
66.151763
66.198608
66.120119
66.155576
66.134309
66.111915
66.223007
67.385152
66.385955
66.156172
67.021778
66.697710
66.164758
66.115131
66.144525
66.162475
66.167083
66.100577
66.100237
66.172672
66.148872
66.788971
66.931320
66.156466
66.083326
66.105710
67.499211
66.129859
66.099468
67.870713
66.120650
66.192727
67.677442
66.151139
66.090637
66.178569
67.688773
67.008886
66.521468
67.801800
66.138983
66.107903
66.104404
67.990772
66.182339
66.163955
66.120317
67.798360
66.167569
66.149876
66.150003
66.183968
67.685236
66.148403
66.101046
67.274089
66.805418
66.141407
66.178144
66.391281
67.568779
66.145607
66.911069
67.234629
66.197086
66.157232
66.145439
67.623704
66.127180
66.158828
66.114545
67.059060
66.813783
66.186382
66.162384
66.965670
67.171379
66.091381
66.123250
67.198030
66.760981
67.052146
67.976613
66.114228
66.645618
67.300643
66.156616
66.134948
66.122547
67.732847
66.184273
66.118394
66.166166
66.957486
67.147192
66.201334
66.197163
66.190484
67.131288
66.882807
66.124614
66.167384
66.842118
67.168834
66.134330
66.061412
67.223367
66.748322
66.193580
66.187100
67.922805
67.062353
66.124092
66.227235
67.498367
66.473836
66.111792
67.256221
67.136404
66.129480
66.163716
66.816601
67.306455
66.139844
66.144061
66.460757
67.515518
66.145731
66.127737
66.240163
67.736381
66.156340
66.138832
66.381397
67.484987
66.095794
66.087985
66.541773
67.495082
66.120722
66.759023
67.301246
66.116847
66.173130
67.194607
66.770500
66.138041
66.158709
66.159203
66.987958
66.952724
66.182485
66.194858
66.163580
66.786153
67.218115
66.127246
66.175498
66.089934
67.826888
66.141914
66.106101
66.471572
67.981943
66.678221
66.164856
67.536570
66.517780
67.540420
67.145712
67.059992
67.955507
66.159754
66.213869
68.056086
66.470006
66.851307
67.486593
66.192344
67.556941
66.555070
66.128060
66.148934
67.501550
66.459376
66.175671
66.093838
66.159805
67.833860
66.180949
66.178176
68.078755
66.613418
66.410499
67.806687
66.146052
66.141873
66.128874
67.249109
66.658541
66.126352
66.485844
67.999523
66.979878
68.199516
67.357190
66.355720
67.890973
66.479102
66.355691
66.469354
67.984473
66.258916
66.352840
66.378223
66.350334
67.816285
66.436556
66.317033
66.371994
67.502512
66.772974
66.324361
66.315894
66.858146
67.586223
66.336341
66.355515
67.663335
68.185976
66.479122
66.315675
66.364274
67.390352
66.853531
66.348274
66.340514
66.387686
67.974415
66.282337
66.335768
67.847046
66.624136
66.295250
67.496099
66.765107
66.363446
67.635985
67.190817
66.340319
66.373213
67.895391
66.325181
66.289452
66.305942
66.624129
67.915639
66.358759
66.303689
66.328947
67.870857
66.499539
66.325688
66.306364
67.935457
66.513763
66.361691
66.365484
68.189972
66.983161
66.990021
68.154701
66.763782
66.300953
67.161023
67.441916
66.313439
67.487539
67.225388
66.374927
66.359644
66.407282
67.912267
66.344952
66.366555
66.318119
67.019890
67.170552
66.352920
66.353991
66.288662
66.331868
67.035674
67.308182
66.303569
66.324832
66.303463
66.330000
67.295384
66.990313
66.300797
66.363151
66.395854
67.892578
66.220787
66.373498
66.342345
66.349062
67.259833
66.957612
66.342874
66.346132
66.349277
68.120105
66.387493
66.252910
66.375118
67.837427
66.527033
66.344592
66.341854
67.634079
66.712962
66.366899
66.319058
68.026155
66.656450
67.610286
68.125157
66.314422
66.319873
66.394034
68.026932
66.361919
66.316845
66.334998
67.591426
66.825576
66.285450
67.858215
66.725854
66.385792
66.222896
67.186061
66.826217
66.124955
66.272793
66.929964
67.262060
66.293091
66.360145
66.296061
66.308241
67.142138
67.127742
66.338629
66.287114
66.347959
67.822175
66.289955
66.202672
66.451197
67.619723
66.166142
66.146090
66.405498
67.742903
66.110547
66.155731
67.438230
67.061466
66.373321
66.304280
67.492435
66.911741
67.545644
67.822723
66.289504
67.463911
68.284279
66.450227
67.632389
66.936998
66.343831
67.564649
67.102701
66.302743
66.526521
67.920069
66.338016
66.345619
67.922146
66.689527
66.419957
67.480998
67.022428
66.322771
66.266135
67.447893
66.906661
66.260545
66.310903
67.844688
66.567952
66.395382
66.312823
68.085287
66.311241
66.259613
66.379459
67.857316
66.618263
66.289985
66.372531
68.158345
66.392144
66.363433
67.406636
68.168636
66.279436
68.123087
67.091941
66.310261
66.652561
67.720498
66.295092
66.302009
66.588116
67.868590
66.331342
66.296208
66.315776
66.959894
67.347736
66.293382
66.589034
67.885631
66.255119
67.122817
68.207341
68.037109
66.351889
66.316617
67.114844
67.223841
66.545371
68.207800
67.455609
67.057845
68.234684
66.960476
67.161204
68.089234
61.130478
61.121109
61.113371
61.097885
61.083973
61.099563
61.122021
61.120964
61.117996
61.128379
61.121591
62.804054
64.350352
64.434076
64.402416
66.151414
65.249329
64.921756
66.143027
65.160491
65.007620
66.320655
65.691936
64.766734
66.496354
65.656034
65.957820
66.509513
64.934893
65.550631
66.362377
64.611823
65.529193
66.445700
64.896932
65.454961
66.154897
64.497920
65.718610
65.896724
64.629748
65.943868
65.904690
64.540395
65.932149
65.968856
64.569938
65.897603
66.017973
64.542630
66.006588
65.897656
64.580713
66.316429
65.730366
64.614809
66.610250
65.889106
64.571354
65.133161
66.181719
64.602007
64.822908
66.402287
65.262704
64.546657
65.574315
65.699982
64.555204
64.928699
66.130905
64.559723
65.731819
66.354429
64.482801
65.845031
66.333677
64.590848
65.693570
66.139521
64.546263
65.300914
66.345807
64.785728
65.250879
66.364491
64.830001
65.568523
65.971854
64.570751
66.071915
66.366779
66.436724
66.347323
64.564935
65.548081
66.379043
64.867574
65.694184
66.421909
64.598229
65.810078
66.207827
65.774343
64.692659
66.225368
66.231813
64.976232
65.243985
66.187725
65.854071
64.935629
66.378866
65.720885
65.077024
66.341429
66.469910
66.308849
64.955719
65.073414
66.361041
64.934970
65.153105
66.394526
64.781895
65.248854
66.368045
64.688933
65.851546
66.487622
65.189953
65.588192
66.630690
65.151184
65.765506
66.624092
65.090370
66.461321
65.626985
65.246184
66.520949
65.589186
65.170402
66.552883
64.856569
64.928939
66.430907
64.689500
65.311688
66.530583
67.830331
64.639618
66.137481
66.258124
64.612110
66.081095
66.139412
64.845273
66.346862
66.188104
64.796849
66.683014
66.659227
65.027700
65.965552
66.603798
64.825214
66.273489
66.545065
65.173590
65.986690
66.569277
65.374634
65.584787
66.543833
65.161506
65.197304
66.424499
64.701560
65.364565
66.702862
65.260223
65.511223
66.618077
65.198061
65.884989
66.474441
64.704777
66.119832
66.520109
64.834719
65.907858
66.358357
64.624400
65.655854
66.359104
66.311435
66.346832
65.816386
64.532832
66.400176
65.825246
64.642957
66.303076
66.468487
64.630413
65.265962
66.496994
64.881512
65.519120
66.548871
64.891384
65.770332
66.441128
64.742598
66.019815
66.497184
65.298142
65.478081
66.242201
64.816740
64.842330
66.958529
64.767521
65.245006
66.543840
65.553976
65.128215
66.529205
65.508190
65.264828
66.513252
65.222065
65.654806
66.542419
65.067353
65.032044
66.571728
65.114513
65.452745
66.486014
64.932427
65.595054
68.784286
64.842788
64.731175
65.541781
65.940365
64.560968
65.546778
66.200353
64.698524
65.426144
66.126568
64.688149
65.550675
66.078376
64.591044
65.634437
65.952626
64.537983
66.339065
66.329849
64.713182
65.539790
71.110955
84.396515
61.511959
62.462831
63.846802
64.869994
64.874224
64.809336
65.213471
66.225949
64.536794
65.233182
66.156475
64.572320
64.798657
66.482243
64.947186
64.839475
66.508189
65.017383
65.629007
66.308893
66.294510
65.128397
64.654856
66.470325
64.990919
64.898323
66.507609
65.324475
65.050689
66.481099
65.301796
64.733622
66.208864
64.881218
64.714140
66.090460
64.633812
64.411445
65.751388
65.229572
64.849521
66.172197
64.541943
64.877553
66.173138
64.454637
64.661468
66.208998
64.851776
64.488468
66.179568
65.278272
64.534423
66.349868
65.287990
64.738678
66.431835
66.406931
64.668663
64.635487
66.170249
64.908380
64.514799
66.200064
65.361817
64.595235
66.160704
65.320691
64.712044
66.274999
65.058808
64.736736
66.360367
65.156256
64.593040
66.370444
64.896502
64.654993
66.157008
65.151851
64.552567
66.304859
65.171685
64.722287
66.285659
65.313350
65.267364
66.464792
64.675059
64.722765
66.370193
64.859021
64.907413
66.366818
64.901263
65.012173
66.321892
64.920338
65.391220
66.120645
64.514523
65.922513
65.639420
64.564036
66.042204
65.550129
64.495191
65.999859
65.481228
64.496614
65.996540
65.595026
64.611810
66.339557
65.747436
64.498015
66.202141
65.648210
65.963411
66.526847
65.164374
65.417737
66.575502
65.407771
65.256736
66.567579
65.553179
65.142605
66.506668
65.253169
64.795155
66.548888
65.257054
64.893913
66.484702
66.409091
64.698674
65.672572
66.156075
64.730447
65.965838
65.890518
64.747933
66.065848
65.674440
64.680343
65.847005
65.825813
64.677764
65.630575
65.684398
64.576690
65.676411
65.728981
64.700697
65.849268
66.160657
64.747478
65.516866
66.329280
64.714982
64.875798
66.474292
64.828546
65.139781
66.015252
64.522531
64.826819
66.492080
64.794995
64.726195
66.487459
64.940810
64.664512
65.792849
65.673325
64.792009
65.392499
66.152669
64.568414
64.833473
66.432717
64.592180
64.652168
66.427488
64.930303
64.960018
66.408728
64.655675
64.977185
66.299241
64.769732
65.535384
66.136295
64.847475
64.898410
66.643896
64.937297
64.838482
65.721311
65.934696
64.816360
65.532483
66.157527
64.583102
65.711538
66.298399
65.103506
64.993543
66.543284
64.895430
64.756304
66.489699
66.342809
64.663846
65.322215
66.232855
64.729843
65.303907
66.352461
64.613507
65.412467
66.158115
64.685960
66.020380
65.880437
64.780090
65.362566
66.204983
64.701445
65.150837
66.526936
64.602672
65.095399
66.125118
64.549754
64.512368
66.101125
64.925999
64.557763
65.872943
65.298563
64.521876
66.045612
65.220563
64.554773
65.681538
65.801471
64.510705
64.629001
66.045649
65.325033
64.752630
66.244576
65.514713
64.730538
65.761472
65.880228
65.063967
65.622810
65.954033
64.669481
65.144084
66.222411
64.553872
64.828559
66.407838
64.516286
64.780961
66.361060
64.604264
64.673135
66.478563
65.079322
64.825437
66.398230
65.149065
64.763611
66.280230
65.321280
64.652387
66.426038
65.034342
64.710118
66.034799
65.714927
64.671328
65.449873
66.106817
64.713476
65.636075
65.931826
64.740756
65.544195
65.871018
64.814657
66.592788
65.241619
64.845834
66.011949
65.782436
64.832753
65.501133
66.292939
64.868861
65.407823
66.638549
64.887081
64.863481
66.177681
65.412866
64.726722
65.462580
66.046730
64.799446
65.064968
66.581748
64.942185
64.847758
65.934897
65.414660
64.762101
65.974261
65.621887
64.491037
65.736298
65.610272
64.545774
65.672246
65.588848
64.566235
65.336378
66.042989
64.580074
65.323852
65.793126
64.580874
64.662976
66.348167
64.922010
65.017050
66.386621
64.700182
64.715606
65.890362
65.523819
64.758001
65.399370
65.951979
64.583533
65.144266
66.091486
64.690870
65.145369
66.272892
64.679839
65.002147
66.562670
64.965110
65.130189
66.252637
64.686968
64.600450
66.189739
65.080978
64.503098
65.794749
65.296599
64.532380
65.814481
65.503541
64.590193
65.208627
65.899646
64.567980
64.842464
66.527648
64.761062
64.693333
65.678246
65.750759
64.730007
65.705433
66.053759
64.770912
66.072114
66.173119
64.711801
66.103289
66.023222
64.760453
66.328084
65.889421
64.782691
66.186085
65.658932
64.751674
66.348911
65.368497
65.682138
66.421035
65.012741
65.197851
66.308340
64.577617
64.770502
66.357488
64.804003
64.583208
66.410692
64.606261
64.507413
65.824131
65.347943
64.670658
65.017512
66.331243
64.552778
64.842675
66.415498
64.665009
64.604505
66.062868
65.029801
64.557426
65.650776
65.607395
64.569092
64.935798
66.130729
64.562524
64.575306
66.389890
64.927056
65.606743
66.033317
64.552016
65.006181
66.191736
64.540349
64.549322
66.108072
64.997900
65.134466
66.549482
64.809369
66.521655
65.778490
64.757399
65.265854
66.011904
64.641782
64.655363
66.370612
64.673406
64.608020
65.754447
65.441425
64.515488
65.910400
65.244027
64.582373
64.511937
66.256239
64.783588
64.562037
65.709757
65.258486
64.584368
65.010743
66.381437
64.741242
64.980194
66.351193
64.650978
65.029077
66.166178
64.561948
64.589450
65.783312
65.373922
64.565977
64.877276
66.261722
64.535575
64.527679
65.902304
65.151959
64.761722
66.386705
64.737892
64.605869
66.323440
65.160092
64.535401
65.729872
65.375414
64.667430
66.341139
65.051126
64.929392
66.224874
64.549779
64.557035
65.823186
65.139708
64.567210
64.741377
66.136771
64.611790
64.565894
65.849520
65.162688
64.596298
64.978904
66.006239
64.627054
64.559691
66.017982
65.620305
64.697160
65.407053
66.543968
64.821294
65.533106
65.786975
64.680319
65.215275
66.322871
64.748362
64.784033
66.393595
64.662601
64.631503
66.155101
65.328383
64.679159
65.483340
65.989505
64.706272
