100.000000
92.230477
92.991702
102.964425
100.335556
102.844797
89.926224
99.280449
116.521975
101.153884
98.226962
94.045543
96.145671
75.517823
91.654694
97.171761
78.138968
86.172708
88.808455
82.629104
86.058221
99.278880
116.610473
101.420540
104.351287
87.688293
83.992007
85.821232
87.037007
94.315113
88.670798
100.908675
97.487535
97.427457
103.083072
88.008340
79.490564
88.814921
103.437355
91.669480
103.559661
98.979914
85.209280
81.627258
84.064634
91.135897
92.432954
84.631637
75.831806
82.730480
90.643082
97.952019
89.747393
103.938113
102.440927
87.063824
90.559796
87.343438
86.826837
86.939063
92.896627
100.765599
113.666247
106.675800
91.111734
75.830341
89.213687
98.245902
79.150406
93.814386
90.536106
97.274750
85.311366
90.498176
99.071556
102.885557
97.211741
93.146639
96.264329
85.668379
100.472499
84.566349
91.848189
110.513031
102.983910
108.015467
115.200393
94.595386
83.812967
95.892227
91.668375
91.139142
100.398005
103.613700
88.068399
93.133525
79.190230
95.641433
85.687820
110.310906
109.345970
95.852048
96.330555
92.014595
103.162634
105.017694
107.323099
106.071603
92.967180
85.227779
89.375904
105.203023
97.669529
99.944493
96.170631
93.159502
92.939271
112.161560
96.770441
93.428843
81.847797
102.589837
94.175618
93.515899
103.063716
94.008435
88.099992
93.838013
84.222489
90.389386
95.005814
104.289867
92.285684
96.069664
97.731335
88.812486
109.533000
95.606420
95.926768
91.940557
94.302496
81.084781
88.399328
103.115886
102.386507
82.334600
102.179628
93.878226
87.404921
102.800716
107.053488
90.924506
95.230027
103.525754
91.598356
100.795068
94.428861
86.091145
104.454906
101.180642
98.428116
97.759918
91.133219
97.236437
92.656013
82.809228
92.608146
122.368649
103.886901
97.289206
101.243733
103.661112
100.013313
90.616477
91.279903
95.736685
94.036885
93.237778
93.444808
99.136353
109.795172
99.491153
106.653745
101.101307
101.081997
90.864561
95.501883
94.165602
94.347615
107.877794
99.933974
95.290948
89.625091
107.648078
105.943644
93.617643
98.230880
92.161872
95.370321
91.892827
84.406860
87.933680
93.233092
109.735365
106.862686
98.139765
109.418892
104.075181
105.816057
107.294371
99.554792
88.550532
102.358249
101.308267
100.887623
90.685045
91.970458
99.324111
96.956154
111.682543
92.642786
103.020058
91.383136
97.655633
106.916688
120.497818
107.264776
88.235625
86.369886
103.910127
90.341676
100.925231
102.435339
95.840834
98.724779
101.003979
85.725953
90.171498
92.488729
93.630936
87.625885
91.567293
94.956677
97.056103
87.738564
102.532894
89.010958
90.747723
111.095021
98.902939
103.262443
102.815814
88.918137
101.666873
94.801368
85.990373
89.501697
95.075207
91.845404
99.723693
90.823532
93.975019
91.418520
105.267628
98.536706
110.342052
93.299735
96.008653
83.113925
85.233264
86.500479
96.097107
109.980595
106.255330
106.178570
99.362049
92.588014
95.987142
112.859726
105.530783
98.523842
88.702425
105.184506
106.941875
93.701704
90.076237
100.815664
98.480408
101.470734
110.749879
108.608514
104.900640
92.551083
99.990953
92.370375
99.334044
94.639340
106.555296
101.928596
101.645461
87.517809
97.895224
102.399977
109.969986
94.783201
112.785395
101.166750
90.230222
89.855817
95.024487
99.801055
103.722430
97.196812
88.281534
94.761615
96.680412
101.337088
104.852378
104.463394
105.973695
98.874139
84.290840
94.604318
101.417289
103.070228
93.718588
97.695159
108.149564
101.004931
99.373125
92.825709
91.639026
87.572916
90.551930
110.939055
88.478676
95.623855
87.711927
86.756046
84.159938
88.785159
86.715699
92.730334
124.413476
89.499147
95.677773
91.857496
97.088105
93.435277
87.276386
82.232196
92.234579
94.992908
86.888105
80.003253
93.794591
102.144429
90.131113
92.950595
94.749264
108.011328
108.322059
93.200509
98.369209
116.331900
101.177462
95.759106
101.328531
93.494658
84.618820
82.988917
95.234700
96.899952
87.827866
85.846307
105.703381
104.835292
87.585450
99.280553
92.499025
93.533079
95.340719
107.881359
117.422352
82.261227
88.500453
100.699768
98.306686
116.642067
99.414793
84.674273
108.407232
105.884083
106.313184
119.988399
121.090614
118.817127
110.063394
92.455973
99.275806
85.358840
92.938212
108.467633
107.132610
95.177487
99.531043
94.733214
86.021475
83.853816
85.250855
88.131878
96.525975
104.044637
100.518605
85.529036
99.157602
105.108183
104.851617
84.353639
88.391885
119.244029
117.432041
108.042507
103.256682
116.386328
120.037281
102.201237
104.146106
99.398895
94.978450
97.559954
88.225895
90.238266
86.479522
87.758178
85.853157
107.961118
98.340099
102.647718
94.604235
97.036311
102.689053
101.279083
92.729866
81.334285
95.866371
94.979594
87.486907
93.012326
96.519642
107.272777
90.022798
96.913210
106.900765
117.057987
93.349656
94.673710
91.252697
100.499117
98.967478
108.453851
105.154113
98.524967
99.367136
108.028970
108.484983
93.599832
98.330668
102.606768
85.147240
82.876780
101.172717
103.642673
110.359364
99.098236
107.989076
96.164215
90.115801
100.191192
101.517145
90.272317
101.963869
108.626756
99.505130
88.116225
91.690834
95.366446
91.907299
109.146744
106.709612
103.894326
96.546912
96.731665
103.774438
96.666475
98.245805
108.778633
99.930757
99.830845
107.091157
98.399190
100.337429
111.692057
114.867934
105.535613
93.692892
88.193079
109.340346
105.265167
100.873349
104.975263
112.955876
107.992398
102.202158
88.721853
103.482281
99.350099
101.269320
90.455632
96.442912
97.020578
104.498013
92.730107
100.376219
96.724655
91.040816
104.982157
110.638164
100.355115
88.235733
98.264520
100.477687
84.350400
92.801645
87.358019
104.451453
99.670534
95.746563
85.260326
97.205440
92.350513
96.141848
95.343994
84.320505
95.097258
101.899401
95.741714
110.053552
93.030128
93.405114
93.394638
91.274742
110.859786
109.906036
96.657506
84.155157
88.629848
99.040844
106.279774
108.566675
92.270157
102.317112
103.856534
96.468541
86.334116
88.465923
106.648371
96.550912
96.966833
90.246636
100.250211
97.675606
94.395079
106.587545
103.045475
86.899306
107.883892
94.519255
95.745702
97.513094
104.077579
93.847348
106.841215
98.709353
111.603064
109.263438
96.211868
86.905583
103.659061
104.839638
97.968634
106.918837
86.693064
88.718774
92.676819
102.726266
107.212089
81.757297
83.307948
87.066868
111.766050
102.380022
97.746202
94.365245
89.074607
115.208275
95.328187
88.846632
84.031546
105.214718
107.124169
88.219395
103.889055
99.173020
86.034388
77.256778
88.898344
94.149192
95.669454
104.209913
100.442386
83.841721
88.300438
86.296297
90.633494
114.175060
104.952981
92.416410
90.493802
90.797774
112.717177
102.190665
86.404682
91.854330
87.680329
108.756299
99.933340
99.110002
101.377481
89.933668
104.406133
103.202521
109.711069
98.534922
96.329609
97.150370
101.157585
83.750368
97.052699
96.736797
96.934624
99.674047
89.577900
97.099254
87.610087
97.232680
113.170502
101.527167
95.378228
93.196832
105.796595
90.882177
91.765385
103.170182
100.812840
101.446228
110.881567
87.945540
113.043579
119.074831
96.970345
99.462912
90.488107
99.558562
97.557227
98.013834
92.655321
109.844695
127.231609
120.472720
101.155966
86.533114
99.054675
107.340208
95.282298
102.649671
92.604151
95.846908
86.049816
113.753309
96.035037
87.562791
106.005997
98.848746
107.268731
108.411646
100.468592
101.682318
87.631180
100.340334
100.080203
91.935849
95.475961
108.435173
101.792058
105.743942
100.864539
88.858250
93.856719
100.079905
103.262559
116.321609
93.164659
95.203184
107.800287
106.211385
113.109811
98.271305
93.249628
94.175401
110.659562
103.078214
102.111241
105.377106
90.904969
109.021073
108.052787
101.333772
111.455433
121.455771
95.770272
104.526018
113.062756
98.814369
106.715556
108.024791
105.497896
101.261034
97.395457
104.110908
99.717920
89.702821
90.700209
97.946451
90.835139
92.149096
101.975527
90.034150
91.978767
88.493001
95.741847
102.828179
105.504445
91.739764
93.436806
90.745474
100.847541
90.418520
99.746877
96.733180
97.156347
105.653366
105.175454
93.051118
95.611178
92.461128
102.708867
100.704960
87.893465
89.705329
95.439721
90.389863
88.564121
90.498491
99.485772
102.085526
93.730332
96.572049
98.907357
98.738838
88.027382
108.060731
103.868577
101.131677
107.997392
98.990374
102.246141
97.613664
93.831834
104.809667
101.210852
99.438093
104.445953
98.474211
90.195480
95.459894
99.100278
94.660091
112.786959
96.860993
105.270561
96.502911
106.082556
149.212627
160.566971
170.622216
171.109583
202.309233
