50
116.295972
117.350787
117.298167
119.404682
117.280009
119.564363
118.636014
118.405393
119.554815
117.266784
119.488963
118.917179
118.379904
119.455229
117.515240
118.865446
117.838683
118.638145
117.931229
118.713133
118.142107
118.349510
117.846924
118.831470
118.754496
117.932677
118.945539
117.802568
119.556664
117.946223
118.728745
117.334757
118.900111
118.204786
118.248048
118.526685
117.872006
119.360006
117.477926
119.122494
118.145606
118.416881
118.900844
119.903360
119.242606
117.348989
119.389170
117.299260
119.064969
118.065523
118.573501
118.552619
117.732844
119.418556
117.365519
119.215054
118.513064
118.112824
121.581370
117.561359
118.870324
117.514696
118.550280
117.822058
118.533945
117.942882
119.091949
117.366736
119.649450
117.595104
119.042873
119.206476
117.838417
119.384647
118.899010
118.345502
119.473991
117.475384
119.561330
118.053881
118.951562
119.058774
117.768268
119.331866
118.998220
117.596720
119.770175
118.201440
118.832249
119.108886
117.510616
119.660971
118.525753
118.416555
119.395341
117.677233
119.374084
118.668763
117.921481
119.754796
117.602205
119.289648
118.638044
118.192264
119.659449
117.922201
118.839079
118.778317
117.943055
119.491179
118.055273
119.452736
118.457536
118.147064
119.658545
117.255722
119.593107
118.467302
118.638814
119.388108
117.511022
119.476805
118.614064
118.447334
119.762473
117.410864
119.776041
118.434317
118.218130
119.372950
117.167751
119.356910
118.722718
118.475204
120.462580
118.244034
119.686764
117.295299
119.498090
118.168131
118.525152
119.506293
117.517490
119.233944
117.320667
119.292294
118.792007
117.761118
119.204359
117.225083
119.210341
117.174699
119.198152
117.341697
119.077934
117.879048
118.646053
118.012065
119.008087
118.934776
117.838178
119.219382
117.265606
119.173006
117.271824
119.231610
117.207084
119.244592
117.251420
119.103025
117.439624
118.953815
118.109834
118.231231
118.411643
120.546034
120.530245
120.195166
120.111442
120.339777
120.412218
120.446040
120.457433
120.380753
120.408254
120.766348
120.448287
120.500924
120.466475
120.357979
120.431995
120.414323
120.411818
120.601952
120.402802
119.008402
120.451997
120.397214
120.351065
120.132346
119.439042
120.489872
120.463523
120.437348
120.459353
119.127401
120.363606
120.525279
120.392023
120.442043
120.399218
119.911607
119.656707
120.432214
120.483594
120.383196
120.471207
120.462153
120.378730
120.468640
120.467665
120.406958
120.428797
120.535185
120.380084
120.416481
120.374200
120.458935
120.430180
120.454585
120.451723
120.402974
120.392077
120.363397
119.175405
120.499873
120.503145
120.481194
120.422401
120.455347
120.414374
120.374641
120.423499
120.489866
120.359984
120.448978
120.390265
120.336225
120.385646
120.489897
120.322334
118.914046
120.355773
120.447081
120.479208
120.439364
120.502908
120.050902
119.437452
120.448171
120.546921
120.650843
120.697433
120.598167
120.560495
120.604705
120.670366
120.557206
121.068641
120.653046
120.630203
120.648850
120.598451
120.630608
120.530746
119.449829
120.346896
120.619181
120.644454
120.634390
120.615245
120.556561
120.555830
120.661804
120.768180
120.611854
120.601349
120.423872
120.375409
120.595091
119.227036
120.341238
120.545409
120.421772
120.433831
120.448592
120.456019
120.387736
120.496707
120.363485
119.135533
120.396565
120.417768
120.404783
120.461361
120.582110
120.553517
120.418539
120.398973
120.542143
120.689002
120.565170
120.539334
120.437531
120.381788
120.490894
120.430385
121.905597
120.483933
120.424827
120.446814
120.395880
120.438194
120.430873
120.396581
120.562066
120.622026
120.500005
120.435720
120.695014
120.519116
120.417431
120.611701
120.655906
120.718415
120.716427
120.653683
120.899123
120.632119
120.565166
120.671515
120.577853
120.637401
120.676370
120.530602
120.659214
120.606624
120.594000
120.653604
120.580511
120.576003
120.703017
120.653068
120.589548
120.734409
120.574369
120.667550
120.602353
120.652291
120.645691
120.039483
120.082744
120.645451
120.705766
120.570651
120.630028
120.567065
120.681481
120.490467
120.499760
120.575695
120.611962
120.555548
120.573862
120.648917
120.629398
119.182539
120.564643
120.717868
119.362688
120.464795
120.517083
120.573360
119.151648
120.652726
120.617018
120.593439
120.565022
120.719537
119.210287
120.559668
120.613187
120.638125
120.161315
119.692231
120.670657
120.681735
119.180568
120.685131
120.602832
119.851476
120.087014
120.561710
120.647016
120.653176
119.035532
120.482825
120.589192
120.614965
120.600015
120.430802
120.462608
120.389812
120.588902
120.362627
120.557670
120.515338
120.547652
120.432752
120.462566
120.419033
120.511221
120.505023
120.476369
120.669117
120.449687
120.590504
120.494924
120.547221
120.533673
120.460484
120.587636
120.548620
120.487854
120.468631
120.470082
120.491279
120.514890
120.448921
120.438145
121.110334
120.528223
120.428658
120.533053
120.454050
120.604303
120.516890
121.812259
120.477372
120.637427
120.452850
120.491779
120.566381
120.537376
120.551409
120.462066
120.446513
120.466966
120.449219
120.681088
120.465217
120.427921
120.453579
120.415529
120.403809
119.099840
120.538349
120.485707
120.489311
120.374104
120.517421
120.543239
120.326060
120.309416
120.448702
120.478962
120.448327
120.464682
120.513471
120.407258
120.503929
120.592135
120.379980
119.524220
120.494226
120.485506
120.546268
120.429479
120.586770
120.510048
121.587429
121.192859
120.419022
120.513377
120.496136
121.885539
120.454256
120.525837
120.572151
120.740829
120.731700
120.880868
120.628671
120.646346
120.632874
120.628613
120.659821
120.731775
120.761805
120.618452
120.638376
120.618840
120.789221
120.691371
120.726545
120.675776
120.600774
120.636935
120.554359
120.704528
120.498679
120.677566
120.780714
120.612557
120.559460
120.769896
120.647608
120.684987
120.588753
120.626218
119.122616
120.487973
120.425872
120.610282
120.496289
120.603554
120.497688
120.453366
120.520627
120.495473
120.578750
120.567961
120.794634
120.472664
120.467924
120.441892
120.507734
119.026873
120.523555
120.405096
119.186551
120.588914
120.447844
120.424916
119.021126
120.499531
120.473252
120.614483
120.614748
120.737137
120.555709
120.463579
120.468988
120.473944
120.422722
120.441191
118.940990
120.399939
120.846638
120.575551
120.557545
120.451462
120.580011
120.379678
120.461530
120.404264
120.581308
120.572697
120.491483
120.526272
121.580384
120.957823
120.294430
120.560621
120.425843
122.001875
120.419231
120.479222
120.133392
120.212479
120.510445
120.521686
120.408413
120.613727
120.458142
120.572247
120.240388
120.427420
120.503734
120.508848
120.361853
120.292829
120.514055
120.365240
120.498584
120.547169
120.502097
119.075761
120.461683
120.451966
120.489261
120.450480
120.425247
120.585444
120.422955
120.465050
120.455636
120.666051
120.544052
120.565132
120.446943
120.339762
120.446967
120.479943
121.243383
121.397853
120.526160
120.519580
120.384880
120.494910
120.350534
120.476543
120.358753
120.432464
120.470485
120.501454
120.474131
120.474990
120.534576
120.516956
120.443648
120.473295
120.447286
120.518353
120.493201
120.483092
120.597571
120.498363
122.001545
120.558721
121.016521
123.246899
120.474022
120.078366
120.079162
121.695367
120.562702
120.322518
120.446351
120.470161
120.478845
120.440025
120.625601
120.517988
120.581109
120.497543
120.666678
120.499473
120.479719
120.535881
120.496637
120.516626
377.417987
116.520160
111.460371
111.515828
111.352259
111.349873
111.401240
111.434291
111.403604
111.506530
113.511220
117.241230
120.525654
120.589402
120.656452
120.744603
120.604349
120.768598
120.572448
120.688992
120.595391
120.668001
120.743572
120.559262
120.558395
119.515197
120.555946
120.628562
120.679517
119.083621
120.574331
120.509775
120.235445
119.823006
120.655024
120.519411
120.587461
120.261126
120.037742
120.166642
120.164512
120.058191
120.109548
120.082192
120.093722
120.061479
120.102659
120.106640
120.062104
120.069837
120.060954
120.109335
120.053226
120.038383
119.995910
119.172301
120.325478
120.429714
120.415594
120.477258
120.439023
120.562046
120.514782
120.340454
120.313519
120.467043
120.332139
122.230322
120.411545
120.578090
120.386658
120.422742
120.500092
120.437507
120.504970
120.421380
120.390201
120.430234
120.770756
121.758674
120.481050
120.348131
120.622057
120.405945
120.472335
120.413652
120.453948
120.430415
120.378438
120.542602
120.471796
120.505791
126.549898
122.513367
120.522743
120.957326
121.677254
120.517208
120.393950
120.634155
120.442647
120.492967
121.716951
120.519619
120.512775
120.561271
120.365460
120.512895
120.433442
120.562045
120.383633
120.447164
120.391164
120.325620
120.437818
120.467865
120.492085
120.407767
120.591021
120.574636
120.436622
120.374635
120.382399
120.325541
120.314306
120.425262
120.439233
120.446948
114.405885
117.279709
117.332691
119.622080
117.996014
119.124897
119.466087
117.898290
119.568168
119.012629
118.525531
119.445010
117.858855
119.364540
118.791766
118.906252
119.655668
118.031428
119.385135
119.110751
118.227206
119.801934
117.392681
119.662965
118.703761
119.009618
119.337927
117.852063
119.620752
119.000107
119.469737
117.950758
119.099766
118.248136
118.519307
117.887705
118.158427
118.308250
118.056282
119.503325
117.468567
119.453105
119.217315
117.571255
119.089727
118.892124
117.846546
119.495115
117.713253
119.896907
118.768290
118.047473
118.703885
117.971757
119.012045
117.461363
119.008197
117.438161
119.306237
117.481373
119.373587
118.583888
118.304774
119.492516
117.370450
119.653471
118.287626
118.495168
119.317494
118.041396
119.668969
117.475851
120.601718
117.547718
119.609957
119.227849
117.854781
119.494630
117.692027
119.198973
118.176354
118.520634
117.751811
119.245884
119.659505
117.706288
119.592611
118.863082
118.743066
119.853668
117.639311
119.827791
118.122821
119.389959
119.791250
118.132639
119.407956
118.974131
118.404265
119.838191
117.461154
119.510436
117.584961
119.646002
118.272285
118.761004
119.443839
117.789429
119.263665
117.709659
119.445660
118.783428
118.192998
119.826078
117.809160
119.400523
119.165634
118.110853
119.882037
117.552344
119.776518
119.134948
118.529075
119.735057
117.606108
119.658240
118.056581
118.761645
118.832951
118.235017
119.715022
117.509854
119.735514
118.739854
118.649257
119.718831
117.755034
119.835774
118.352185
118.790507
119.384179
117.757071
119.432787
118.777960
118.190794
119.626523
117.662970
119.340340
117.887302
119.053561
119.336658
117.872428
120.503621
117.990050
119.386019
118.511237
118.686614
119.073885
118.586471
121.116063
118.511029
119.795752
117.913037
119.254304
119.343252
117.759509
119.972159
118.188925
119.152512
120.354247
117.835494
119.515411
118.963163
118.137851
119.320246
117.482689
119.564545
118.183650
119.329650
119.578132
117.958307
119.621664
117.645964
119.724759
118.765354
119.579662
118.928503
118.568451
119.879314
117.850717
119.583190
119.363631
117.876863
119.837549
117.698724
119.433759
119.348129
117.650556
119.722868
117.822798
119.639825
119.581643
117.858847
119.811066
117.585263
119.415944
117.550866
119.545810
117.688311
119.800257
118.267248
118.868016
119.090667
118.034182
119.621175
117.634863
119.091541
118.001459
118.618996
118.577718
118.464113
119.354176
117.835140
119.677683
118.137061
119.094481
119.030020
117.866062
118.733862
118.030251
119.564558
117.515492
119.249356
118.779822
118.141935
119.959344
118.339745
119.332181
118.713861
118.379940
118.442196
118.445551
118.415231
118.868181
119.463306
117.749282
119.690042
118.749678
118.433465
119.483078
117.986498
119.594217
118.830571
118.599259
119.665489
117.972008
119.414313
119.290942
118.126213
119.803452
117.777831
119.206908
118.346272
118.959456
119.660815
118.010803
119.695262
117.592031
119.654738
118.523686
118.921071
118.777060
118.673689
119.701503
117.617859
119.669933
118.445208
119.020306
119.326669
118.089678
119.664187
117.612735
119.614038
118.651396
118.658540
119.495445
117.812466
119.191117
119.860959
119.377140
119.007389
118.996628
119.535998
117.947515
119.133549
118.378065
118.494553
119.208741
117.596143
119.248140
117.345687
118.087161
118.378680
118.607576
118.098732
118.185606
118.333422
117.817382
118.871409
118.408221
118.771025
119.275663
117.544987
119.160365
118.383921
118.128828
119.126476
117.375367
119.626773
117.564546
118.982262
118.300962
118.118123
119.198312
117.734786
118.828764
118.967845
117.909862
119.641644
117.841494
119.045559
118.732384
118.101812
119.404746
117.711683
119.706257
117.677850
120.242156
119.252555
118.314012
118.935056
118.004987
119.286737
117.679017
119.584298
117.624476
119.476373
117.497817
118.844587
117.915737
119.168675
117.820321
119.590455
118.243629
118.657958
119.213646
117.863840
119.330968
118.015994
119.418403
118.694207
118.453386
119.719672
117.577155
119.451197
118.247230
119.156291
119.213998
118.284167
119.895882
118.227475
119.230364
119.130455
118.051931
119.564924
118.395523
118.748909
119.158465
118.192675
119.698186
117.899565
119.781413
118.519167
118.948813
119.658444
117.785149
119.873544
118.330699
118.958816
119.607572
117.710246
119.472496
118.807683
118.353790
118.625147
118.347593
118.580000
118.396246
119.532153
117.818507
119.407706
119.326574
118.117118
119.703982
118.613526
118.610416
119.800065
117.831477
119.799451
118.392997
118.772117
119.546685
117.933464
120.017007
118.728784
118.795146
120.012663
118.416674
119.561191
119.202212
121.127280
118.624291
120.142221
119.414792
119.124459
119.613085
117.884636
119.699628
119.132034
118.512607
119.825883
117.860280
119.252583
118.684523
118.394711
119.554048
117.802813
119.057206
119.143948
117.917657
119.623824
118.723941
118.318651
119.617781
118.268861
119.720724
117.976897
119.260553
119.374513
118.411492
119.654732
117.833242
119.419094
118.969643
118.433493
119.785810
118.444633
119.136370
119.541545
117.796619
119.772603
118.283862
120.070414
118.213772
118.737093
119.428686
118.181078
119.459043
117.453113
119.538744
118.910399
119.194881
119.536849
119.450136
118.651794
118.531482
119.596744
117.874351
118.909149
118.916760
117.746255
119.587822
117.702006
119.438037
119.061706
118.280028
118.991142
118.402135
119.454933
118.327856
118.601731
119.033182
118.180747
119.551070
117.497243
119.554875
117.521641
119.354157
117.998033
119.149302
119.173356
118.028265
120.015757
118.043518
119.208417
119.217684
117.779554
119.341519
117.633622
118.867953
118.180776
118.145559
118.811408
118.387443
118.825787
118.614992
118.901926
118.237787
119.332149
119.693220
117.866609
119.938437
117.884152
119.626320
117.561779
119.261699
117.709490
118.912812
117.967145
118.884119
118.705406
118.535270
119.383948
117.432420
119.461023
118.346418
118.901198
118.001072
118.948241
118.061849
120.799733
118.089568
119.714791
118.097140
119.023333
119.480814
118.121527
119.582964
117.934564
119.407345
118.520164
118.820035
119.804697
118.138133
119.820176
117.481951
120.039951
117.694074
121.141434
118.602545
119.457579
118.537556
118.498432
119.209383
118.007797
120.150734
117.816353
119.635428
117.991014
119.064252
119.169164
118.344466
119.438011
118.174583
119.380241
118.175279
119.367154
118.951583
118.564367
119.441453
117.528018
119.505544
117.499526
119.408557
118.849811
119.320976
119.056467
118.186269
119.534444
118.305366
119.942655
117.401773
119.317787
118.445286
119.055922
119.268610
117.978818
119.391623
117.439815
119.476329
117.857769
118.830129
118.322403
118.374432
119.456953
117.445069
119.890570
119.051950
119.088295
117.991562
118.855800
118.232573
118.409822
118.450931
118.170026
118.919033
117.999780
119.131107
118.069936
119.283832
117.577506
119.173600
117.887171
119.321090
117.377636
119.392025
117.473604
119.205400
117.330979
119.531859
117.347375
119.220727
117.407389
119.379224
117.481731
119.232224
117.345854
119.243977
117.365069
119.343460
117.546941
119.340054
117.441901
118.532051
118.251032
118.186488
118.617245
117.574979
119.169876
117.463901
119.096572
117.286973
119.238106
118.106116
119.290447
118.626617
118.520643
119.466587
117.460492
120.286656
117.845415
119.457557
118.383153
119.096859
118.868895
118.149674
119.439870
117.964373
119.907700
117.971031
119.499790
118.668318
118.752373
117.982721
118.922523
119.277604
118.380205
119.520659
119.243144
120.341284
119.804346
118.299719
119.504565
118.406429
119.451532
119.740781
117.795910
119.734016
117.254377
119.202408
117.997380
119.116099
117.839921
119.234812
118.213948
119.110997
119.424489
117.830603
119.874736
118.058038
119.407841
118.503446
118.612818
119.082060
118.129110
120.054808
117.705678
119.867866
117.738505
119.693991
117.606513
119.389703
117.437938
119.395286
117.855552
119.697969
118.405000
119.471400
118.328231
118.607241
117.562728
119.155717
117.463038
119.637699
118.260322
118.992261
119.125879
117.735415
119.897500
117.415613
119.292602
117.835865
119.864667
117.666759
119.108846
118.863081
118.350220
119.683275
117.973911
119.290420
118.773245
119.960034
118.804275
118.375408
119.642468
117.799248
119.222345
119.055737
118.542482
119.312968
117.378280
119.181718
117.372412
119.264436
118.101419
119.490120
119.208690
117.854642
120.472660
117.637038
120.174485
118.295554
119.529087
119.834325
118.125633
119.207144
118.801272
121.212932
117.918879
120.285148
117.628140
120.059952
118.498288
118.405057
120.219792
119.252128
119.802111
117.312360
120.040019
118.303721
118.910679
118.517806
118.657744
118.860093
117.885263
117.931921
119.683195
117.882963
118.967956
117.947020
118.910454
118.313142
118.731315
118.482972
118.411696
118.460363
118.456221
119.360226
117.619670
119.336640
117.494492
119.546676
117.900242
119.087869
119.093240
111.464147
111.480019
113.375948
117.528771
117.449382
119.453760
118.193448
119.231296
117.940299
120.147871
118.337373
119.025088
119.342841
118.237761
119.541211
117.636583
119.645536
118.428564
119.141392
119.460990
117.550356
119.539600
118.113486
118.845477
118.516564
118.241579
118.587318
118.101968
119.626338
117.650938
119.831533
118.542731
118.574057
119.443137
117.776921
119.582891
117.946146
119.212043
118.810414
118.349449
119.513342
117.587796
119.679678
119.664295
117.624612
119.362514
117.428910
119.125074
117.506239
119.448209
117.736322
119.663243
118.601514
118.910250
119.480958
117.791160
119.801573
118.645313
118.828978
119.378313
118.567818
119.329624
119.109626
118.519888
120.237484
117.568158
119.461907
117.455445
119.481527
118.421428
118.611876
119.308121
118.002338
119.731230
118.698279
117.730274
119.365115
117.638721
119.628770
117.740064
119.237190
118.442607
118.409023
118.998677
117.941553
119.675713
117.514956
119.301126
118.365626
118.521506
118.713101
118.226104
117.987851
118.661145
117.589201
119.451903
117.816934
119.478411
118.468363
118.711832
118.803275
118.411779
119.368571
118.153584
119.560350
117.518706
119.499782
119.216832
120.219138
119.330178
118.067503
119.738838
117.671728
119.518882
117.918519
119.172252
118.154850
118.921958
118.942077
118.147824
119.736210
117.624272
119.838453
118.924792
118.729196
119.487109
117.927867
119.672441
117.745241
119.288514
118.118253
119.064902
118.434476
118.485039
119.348475
117.565955
119.528517
117.549141
119.664621
118.189890
118.644748
119.677316
117.552908
119.885522
119.394272
118.099836
119.778488
117.553429
119.642852
117.768195
119.509540
119.359838
118.992064
118.595858
117.996632
119.395502
117.258282
119.281822
118.224063
118.504959
119.241070
117.297210
119.590142
117.802841
118.815870
117.903941
118.681142
118.366656
118.352048
118.315746
118.178399
118.811245
117.713409
119.326699
117.180503
119.471458
118.144089
118.677399
119.123826
117.917352
119.332393
117.218080
119.205052
118.179515
118.455025
119.165115
117.366124
119.241472
117.958855
118.604989
119.477098
117.463988
119.157295
118.776994
118.128921
119.515924
117.598335
119.738154
119.005671
118.029591
119.844549
118.119140
120.684845
119.021626
119.252061
117.866536
119.791783
117.940459
118.971814
119.176504
118.045506
119.571056
119.177757
118.784223
119.263817
118.130768
118.698782
118.448751
119.947813
118.874302
119.622570
118.043170
119.609214
118.386458
118.939576
118.947992
118.244432
119.512859
117.525697
119.787259
118.183076
119.625340
119.356966
118.200272
120.042344
118.177759
118.917854
119.053270
117.982691
119.669801
118.502136
119.313479
119.566401
117.963077
119.964522
118.792203
118.523943
119.552380
117.596462
119.710916
118.322094
118.902811
119.569202
117.867664
120.433333
117.909365
119.560434
118.789505
118.963969
119.447552
117.888531
120.520139
119.027184
118.509808
120.046112
118.350088
119.073207
119.317553
117.968980
119.734460
118.235683
119.376177
119.093955
118.118158
119.705906
119.144585
118.774402
119.266406
117.918027
119.547705
117.778718
119.366873
118.907066
119.044789
118.960939
118.312570
119.839088
117.593540
119.723464
118.090247
119.409957
118.917629
118.403172
119.764030
117.622502
119.733556
118.481265
118.726000
119.446096
117.710774
119.842438
118.212668
119.163912
119.030186
118.268923
120.025622
117.853912
119.346568
120.218789
118.010055
119.767008
117.915114
119.221153
119.097668
117.942274
119.752010
118.427672
118.932603
119.476191
117.182829
119.472128
118.224212
119.383468
119.042454
117.960873
119.361913
118.118723
118.382311
118.893316
117.720652
119.323715
117.309796
119.234329
119.735839
120.501014
120.528804
120.426044
120.372710
120.216880
120.441322
119.886948
119.602340
120.436048
120.430461
120.492321
120.462418
120.496367
119.106449
120.530496
120.610616
120.462440
119.146354
120.362230
120.560958
120.418804
120.488126
120.607974
119.155435
120.474172
120.492938
118.948308
120.464584
120.380980
120.489170
119.079533
120.562571
120.684463
120.410784
120.498607
118.993939
120.529225
120.582200
120.501217
119.092500
120.476639
120.494338
120.600603
120.569324
120.511150
120.477984
120.408133
120.629563
120.517264
120.497794
120.505338
120.508525
120.599492
120.456976
120.417330
120.536382
120.327956
120.550894
120.527914
120.435160
120.514182
120.522095
120.477216
120.361619
120.381273
120.423203
120.519683
120.500209
120.453679
120.524646
120.519247
120.451257
120.507710
120.433016
120.403367
120.496025
120.556877
120.654162
120.568850
120.474893
120.424270
120.458321
120.560062
119.706092
119.952644
120.557176
120.480685
120.504787
120.098081
119.291892
120.609545
120.627897
120.546748
119.186522
120.360420
120.461649
120.511562
119.433428
120.239770
120.465936
120.416549
119.854580
120.013916
120.520865
120.469109
119.843830
119.915323
120.539806
120.502550
119.619736
119.848316
120.551895
120.375974
120.251406
119.395993
120.547204
120.748294
120.518074
120.535944
120.629666
119.590862
120.073259
120.524546
120.557972
120.378749
120.539344
120.470423
120.599247
120.434107
120.519702
120.336087
120.469349
120.420818
120.589261
120.482745
120.529607
120.602774
120.583077
120.492915
120.633128
119.377428
120.480051
120.594190
120.485095
120.490970
120.517620
120.459405
120.495048
120.587611
120.425018
120.489808
120.475864
120.552449
120.475231
120.422152
120.395472
120.600397
120.563605
120.370321
120.642943
120.623845
120.528957
120.572619
120.366091
120.630362
120.452166
120.533701
120.538342
120.457221
120.559043
120.561116
120.502395
119.130546
120.477149
120.353409
120.587408
120.403017
120.573852
120.498194
120.568051
120.511750
120.195992
118.980205
120.423257
120.618500
120.671701
120.480704
120.549298
120.421884
120.410824
119.055321
120.517738
120.569526
120.378499
120.512803
120.458040
120.449599
120.481913
120.522613
120.422754
120.660943
120.496743
120.583452
119.973047
119.664677
120.612792
120.503937
120.484236
120.482497
120.444751
120.616110
120.443749
120.528982
119.124686
120.531291
120.489288
120.531618
120.556923
120.425163
119.123318
120.534872
120.648679
120.555894
120.515402
119.183928
120.544771
120.572420
120.415692
120.483437
120.414834
120.473535
120.584176
120.029474
119.823926
120.461721
120.478910
119.832806
119.710872
120.588914
120.626669
120.473908
120.516939
120.584001
120.383742
120.460305
118.992850
120.504226
120.545814
120.428737
119.824949
119.665105
120.568832
120.467238
120.449700
120.538257
119.298085
120.485599
120.463581
120.559700
120.472886
119.394347
120.065553
120.525075
120.551810
119.079098
120.478316
120.495898
120.408303
119.197708
120.279161
120.411813
119.000201
120.298781
120.470509
119.932219
119.589552
120.510827
120.403297
118.957791
120.397668
120.533100
119.957810
119.412819
120.658661
120.524886
120.636629
120.536631
120.351762
120.522071
119.394930
120.217730
120.416818
120.497739
120.011307
119.249002
120.430635
120.402144
120.518838
120.375484
120.484143
119.162629
120.473770
120.496023
120.479980
120.280198
120.383890
119.100796
120.403241
120.512025
120.505163
120.332437
119.910753
120.108085
120.401627
120.469470
120.656755
120.489926
120.461931
120.426702
120.413383
119.200678
120.430506
120.499990
120.611310
120.452002
120.425251
120.496188
120.688709
120.496061
120.482269
120.549476
120.586562
120.384843
120.378418
120.582923
120.554191
120.632204
120.456003
120.453804
121.967900
120.425904
122.309502
120.515372
120.454353
120.521667
120.562126
120.614100
120.444310
120.544115
120.403118
120.463926
120.545749
120.501862
121.920381
120.459558
120.405750
120.463507
120.511780
120.634586
122.655562
120.380896
120.407251
120.498615
120.475945
120.501637
120.633545
120.537592
120.364573
120.595637
120.607329
120.484350
120.577634
120.447085
120.543085
120.614169
120.467539
120.474831
120.389013
120.442201
120.497048
120.562973
120.557345
120.488057
120.451509
120.592482
120.593667
120.672050
120.483151
120.479989
120.424544
120.656334
119.152693
120.496605
120.338194
120.393564
120.529180
120.509398
120.515682
120.463990
120.541444
120.456017
120.294650
120.423756
120.342122
120.442013
120.488425
120.583531
120.566283
120.482090
120.461204
120.397340
120.334792
120.392578
120.451117
120.432104
120.566583
120.531060
120.340924
120.554026
120.553337
120.619834
120.456998
120.380397
120.422165
120.548374
120.307438
120.460522
119.149836
120.384345
120.450441
120.460546
120.670220
120.512676
120.561888
120.468661
120.541854
120.421147
120.417212
120.429743
120.451611
121.712828
121.359305
120.390300
120.607336
120.482860
120.517978
120.458555
120.390661
121.782398
120.841807
120.488311
120.388512
120.502056
120.491260
120.417212
120.510400
120.452906
120.475181
120.538750
120.410719
120.576783
120.501035
120.423029
120.471451
120.603545
120.329074
120.461572
114.482435
117.368363
117.239398
118.653040
118.705697
119.694263
117.979719
120.042502
118.935598
118.265260
119.632236
118.358230
118.915732
119.872664
118.023697
119.826924
118.924419
118.833568
120.887572
117.925484
119.951131
119.509715
118.479893
119.905003
118.412415
118.505940
118.980739
117.660607
119.282349
117.358539
119.575053
117.729600
119.443809
118.789036
118.205208
119.871366
118.255620
118.589231
119.531762
117.730518
119.225474
118.529001
118.438086
119.721539
117.484394
119.488786
118.735841
119.062227
120.537222
117.306484
119.845230
118.201375
118.808206
118.926866
117.576550
119.342613
118.087311
118.431406
119.359721
117.348805
119.532059
118.664857
118.287633
118.994540
117.507393
118.686165
117.734797
117.969962
118.424726
117.291827
118.896650
117.332423
119.425573
118.433228
118.455220
119.364007
118.014891
118.836374
118.698990
118.184628
119.601813
118.344468
118.429217
119.533601
117.725270
119.349263
118.909176
117.693704
119.734463
117.302960
119.710838
118.575075
118.481582
119.589329
117.944377
119.378376
118.589409
118.111352
119.476176
117.568845
119.479811
118.369740
118.654890
118.889944
119.626283
118.399411
119.659000
117.862647
119.260039
118.683795
118.082748
118.913365
117.523996
119.267541
117.297733
119.507998
118.622162
118.077593
119.157318
117.294824
119.497933
118.679107
118.354392
119.422432
117.517753
119.294891
118.779263
118.089381
119.492862
117.341589
119.661075
118.784126
120.503312
117.797232
119.605801
117.876479
118.923822
118.274653
118.296894
118.539750
118.014267
118.497881
118.101799
117.870724
118.428231
117.987771
118.577122
117.610945
118.512089
117.820065
118.838482
117.574132
118.844808
117.161571
119.700394
118.249299
118.770766
119.279385
117.678673
119.534103
118.122916
118.708122
119.767230
118.479295
118.859315
119.268483
117.753433
119.628809
118.441398
118.539595
119.410045
117.603822
119.028787
118.955298
117.907957
119.467127
117.979793
118.783792
119.089706
117.611660
119.265855
117.290552
119.500522
118.426951
118.182326
119.274747
117.625634
119.126633
118.719636
118.197931
119.341952
118.258235
118.393481
119.544536
117.702214
119.008042
118.264287
118.331441
119.039582
117.604727
119.337412
117.353225
119.351943
117.316090
119.229887
119.145278
120.013682
117.230113
119.115023
117.256770
119.159830
118.591647
120.510105
117.655094
119.341280
118.965408
117.882198
120.137857
118.025175
118.785872
119.503655
117.691809
118.983964
118.972698
117.901031
119.555219
117.937779
118.738356
119.311160
117.781436
119.279469
118.485047
118.249989
119.560715
117.965682
118.850777
118.975588
117.964080
120.156469
118.118068
118.921778
119.616679
118.061439
120.019104
117.965523
119.015869
119.223939
117.525171
119.565100
118.303106
118.539626
119.449878
117.503771
119.585903
119.538496
117.702375
119.571635
117.660558
118.898808
118.756605
117.766984
119.320611
117.307342
119.285100
117.871415
118.857381
118.512691
118.030867
119.294455
117.413939
119.274862
118.006313
118.726158
119.419578
117.316998
119.421570
117.250200
119.245174
118.611239
117.912515
119.329460
117.155925
119.536097
117.748814
118.649745
118.129016
118.554928
118.511756
118.125294
119.052592
117.705933
119.312354
117.305142
119.408646
118.404837
119.407402
118.617199
118.226684
119.028109
117.562955
119.481011
117.244871
119.377451
117.848154
118.813257
119.228056
117.706581
119.352005
117.821186
119.030582
119.072225
118.082288
119.389613
117.459916
119.196324
117.461825
118.963078
117.851746
118.782056
118.291163
118.035013
119.420060
117.281064
119.390003
118.453696
117.966788
117.248323
119.120530
117.339327
119.127788
117.298570
119.526420
118.145339
118.738339
118.152385
117.944207
117.522771
118.906877
117.260064
119.028152
117.582127
120.890151
117.558403
119.123045
117.335674
119.120440
117.326946
119.045530
117.344751
119.071338
117.365672
118.872689
117.716566
119.019711
117.495855
118.894192
117.577876
118.923635
117.623294
118.707517
118.104990
119.538071
117.379309
119.495308
118.444353
118.426074
119.710571
117.941357
119.194476
118.924786
118.028718
119.572412
117.499252
118.961787
118.398711
118.189216
119.488153
117.497529
119.405401
118.330431
118.174104
119.206640
118.178035
118.713733
119.040897
117.634860
119.510168
118.203591
118.298803
119.008809
117.718134
119.336809
117.965755
120.297689
118.052294
119.504062
117.467837
119.509824
118.322836
118.412383
119.206719
117.231213
119.395153
117.414685
119.140606
117.811811
118.798137
118.006572
118.832492
119.518750
117.847431
119.526484
118.108414
118.808098
119.172608
117.938507
119.602294
117.253125
119.216169
117.730405
118.816651
118.379734
118.386764
119.381061
117.545052
119.466530
118.219270
118.495151
119.488281
117.334849
119.873547
117.526192
119.282644
119.208455
118.006920
119.349573
117.383053
119.640878
118.738550
118.130380
119.679735
117.834580
119.459842
118.972002
118.044993
119.688483
118.637974
118.696500
119.822175
117.670463
119.394952
118.799323
118.352140
119.791907
117.993643
119.119196
118.761826
118.289991
119.474539
118.327399
118.712959
118.811408
118.224937
119.764503
117.550839
119.751635
118.184703
118.999718
118.991431
117.850352
119.668403
117.758904
119.235793
117.662285
119.009670
117.605395
119.398596
117.876526
118.873356
117.972061
118.679139
118.672675
118.610455
119.655683
117.939729
119.445292
118.868815
118.300036
119.995582
118.221562
118.922427
119.601238
118.116940
119.970920
118.663058
118.894280
119.756435
117.554824
119.971326
118.654037
118.703391
119.440900
117.925206
120.104231
118.380038
118.866031
119.656662
118.590196
119.069449
119.505299
117.532001
119.676433
119.049218
118.846061
120.883200
117.963182
119.866612
118.788882
118.571881
119.027939
118.054604
119.819708
118.066505
119.367898
119.123370
118.195766
119.765731
117.808682
119.556223
118.327069
119.107566
119.488311
118.013091
119.851898
118.045538
119.208106
119.040475
118.216292
120.050711
117.917710
119.370629
119.099584
118.048119
119.641813
117.660499
119.559639
118.576256
118.783221
119.231617
118.005671
119.639189
117.707892
119.486208
118.944603
118.745738
119.856951
119.147711
118.588286
119.873286
117.856741
119.815894
118.983030
118.664485
119.844880
117.860707
119.524024
118.746969
118.415117
119.734389
117.732271
119.436058
118.720609
118.371153
119.781824
118.309105
118.768653
119.156895
118.030605
119.577040
117.919163
119.020087
118.793080
117.993783
119.908687
117.511253
119.614506
118.360564
118.674618
119.382815
117.856846
119.683961
118.006320
119.029348
119.565922
118.036455
119.653427
117.449145
119.527641
118.607598
119.203229
119.618572
118.808901
119.097472
119.151094
117.954749
119.716893
118.008268
118.844668
119.345984
117.653390
119.841708
117.478248
119.717356
119.007744
118.117271
119.447159
117.525369
119.597914
118.235011
118.966742
119.402702
117.915312
119.686650
117.640553
119.553327
118.614360
118.763746
119.778187
117.592187
119.477139
118.144285
119.034940
119.245958
117.951465
119.466316
117.926711
119.555145
119.314444
118.265929
119.776966
117.541626
119.613212
118.234388
118.848172
119.203986
118.185910
119.626072
118.212214
119.284781
118.942814
118.008475
119.500503
117.839480
119.379455
118.531491
118.750659
119.498417
117.753545
120.117620
118.083516
119.095541
119.834093
117.446445
119.540411
119.163006
117.908948
119.641211
118.004033
119.439948
118.789326
118.276905
119.523867
117.616166
119.628276
118.195123
119.679688
119.457955
117.876905
119.654822
118.728918
118.776641
119.018627
118.129672
119.218422
117.802940
119.735047
118.796891
118.592017
119.663761
117.691467
119.495398
119.096729
118.065961
119.698816
118.660649
118.744921
119.704387
117.629910
119.993325
117.979616
119.351855
118.814875
118.213194
119.590178
117.454478
119.647752
118.118542
118.971073
119.066690
118.147736
119.665052
117.870383
119.264808
118.272507
118.617108
119.359093
117.607393
119.666272
118.178465
118.986611
119.196346
117.918948
119.437418
118.049340
119.137859
118.801968
118.611045
119.085948
117.911191
119.357999
118.296008
118.643941
119.293481
117.992407
119.802625
117.754535
119.407852
119.072729
117.861353
119.846885
118.259942
118.897283
118.962111
118.075636
119.863557
118.334939
119.068677
119.772106
117.733627
120.038279
118.346001
119.116542
118.795515
118.380079
119.303506
117.783086
120.173025
118.610709
121.770847
117.719988
117.690148
118.664885
119.430179
119.366233
118.116987
120.247568
117.783632
119.504633
119.273924
117.999125
119.757254
118.331164
118.785295
119.132314
117.790775
119.565018
118.068879
118.997796
118.058664
118.638732
118.559300
118.476909
119.194487
117.887405
118.994967
118.319586
119.326160
117.836749
119.063085
117.847660
119.933713
118.555228
118.908520
119.861789
117.730033
119.607776
118.878806
118.342365
119.751944
117.458403
119.603102
118.357544
118.738396
119.219028
117.968555
119.449306
