50
35.588962
37.064704
31.758730
26.231768
26.983899
30.538921
30.676837
29.896535
30.320959
31.251830
33.426889
29.574104
31.150073
29.855903
29.644390
32.258191
29.579861
33.275353
35.295967
28.759455
28.491125
26.576140
29.703847
33.368228
34.409175
29.467479
29.996143
28.578288
29.450776
29.412624
27.357474
29.754236
31.270943
29.991572
29.147665
29.655981
28.285645
29.708382
30.518983
31.464600
32.804253
35.831484
30.992337
32.195807
31.712638
31.780676
29.952169
34.122040
33.599314
29.537936
25.139517
25.805948
29.950358
27.526936
26.444649
31.378740
28.313757
30.448387
29.665602
27.561604
28.969122
29.593120
29.422727
29.698759
31.618507
31.005642
30.135113
32.143687
31.755262
29.536119
29.176884
27.109907
28.817095
29.723953
28.196763
30.742945
31.384595
29.933007
31.664296
31.227720
33.610122
32.736238
28.359583
31.049060
31.151757
29.263610
30.858203
30.086054
30.792797
35.141770
29.492728
31.900062
32.387830
31.239846
31.284688
30.041844
30.344181
30.863683
29.387420
29.830056
30.263703
30.317379
28.742339
30.671390
31.097473
29.351070
30.269545
28.840977
28.947244
29.374660
30.482980
30.604842
26.680533
27.053014
27.477852
27.534540
27.573448
24.674939
31.429703
29.439141
32.673701
28.857916
30.471629
30.214904
31.293185
30.009625
31.488957
29.883329
29.648651
28.475023
29.696414
28.863184
30.136517
32.050649
34.415409
35.819615
35.772400
35.234300
33.468113
35.485237
33.243091
33.827203
32.043019
26.963222
28.721667
32.220672
31.109409
27.580101
27.975439
28.039787
33.958912
32.346658
28.396418
32.424263
31.341527
31.082317
34.002026
29.784454
29.700566
25.582820
31.764329
34.810655
34.115593
32.702245
29.996194
29.651499
30.931639
30.007102
30.520804
30.270272
29.959056
29.370120
30.561847
29.692817
29.614034
32.589655
29.572547
28.329906
30.223184
28.862151
31.938759
28.765510
25.813597
31.795771
33.511273
29.928912
30.441676
33.438603
30.555025
27.278433
25.642646
26.931230
34.108027
33.116966
30.965047
29.138043
27.722746
30.881836
29.237282
28.525088
30.894995
29.970107
30.720477
29.245433
31.914356
31.245825
29.544466
30.318548
29.816783
30.875081
30.725677
31.141460
30.612911
29.536367
31.202746
27.654196
28.553203
32.019978
32.239944
29.931741
30.050284
33.289442
39.120367
33.062803
30.510805
30.107052
33.485806
34.811226
30.164846
30.097214
30.938883
31.856058
30.815351
30.263360
30.392489
30.251126
33.048671
28.585910
28.965854
30.529536
31.285520
31.715157
31.666686
32.982001
29.970422
32.681561
33.542681
34.464990
34.936311
34.462296
35.430223
31.801006
27.209295
26.576063
29.377394
28.018214
26.684809
24.530871
27.638656
26.993573
27.765963
26.512061
27.247678
29.347785
26.499222
32.476287
27.004549
30.330739
29.388826
31.833921
31.085845
30.770603
28.934978
31.707782
32.456422
29.115601
32.519423
28.555828
29.337800
28.691897
26.952880
28.489261
29.777201
34.308481
36.582806
33.903061
34.858939
35.172637
32.673116
34.192576
30.703530
27.357102
27.265014
26.437545
29.538287
27.808973
27.703714
28.219061
28.813130
28.928041
31.376113
29.324934
29.333883
29.708515
35.201462
30.306104
34.378836
29.506429
27.340437
28.740475
31.536597
29.539552
29.797086
29.646789
28.988418
30.404808
30.909543
29.213004
36.055299
34.421181
32.176586
30.033456
28.153088
27.491300
26.363390
27.284062
34.405849
36.364821
32.192696
28.829490
32.716487
30.000769
32.984638
30.102455
31.825333
33.142307
32.364407
30.668685
29.767939
31.130219
28.958970
30.504701
30.995356
30.299115
30.288634
27.684556
26.774805
30.579713
32.369229
31.553182
29.552214
30.554664
27.814728
28.287365
30.240614
29.076819
27.973076
26.209407
27.835250
28.755648
27.203960
29.352136
26.290685
27.522017
29.380237
30.839182
28.740871
25.274555
31.108393
33.578654
32.126413
27.919785
27.362663
27.415769
27.943611
27.763427
31.152227
32.226886
29.474402
30.892657
31.657707
30.089075
31.644919
32.129094
30.935558
30.671718
29.576483
31.971000
31.752261
30.726847
32.138172
31.648709
34.696619
31.020283
27.650002
28.894597
27.999013
29.536776
25.586748
30.467394
26.497785
29.882135
27.379789
29.257161
27.038355
28.884419
30.755571
31.307133
31.111966
28.422548
29.080778
34.817158
29.702826
30.546794
29.768426
29.281728
30.389240
28.063162
30.067766
27.877251
30.299175
31.322914
32.100588
30.658418
31.541323
28.475393
29.295996
34.754496
33.310740
32.446488
34.305538
30.341467
31.669041
30.475926
31.301756
32.212288
30.575126
32.816377
32.301886
31.229354
31.689818
31.644652
34.782544
32.066166
30.729529
31.144393
33.004020
30.475614
30.676663
34.695465
33.926923
34.873752
36.243565
28.531347
29.123358
29.806299
28.900446
29.800320
29.280950
31.234099
30.028978
26.430464
30.420304
33.207662
28.150319
27.317225
25.235062
28.939188
32.029730
32.499489
35.504090
34.621395
34.923183
33.402352
30.764880
31.746789
31.460651
30.736375
32.900223
29.534012
27.650314
31.347551
34.682656
30.602798
30.026117
31.316831
31.499528
29.922013
30.664773
31.075228
30.043728
30.455880
30.414329
28.764960
28.646998
26.538010
26.381325
25.422205
26.882651
27.429238
27.691400
26.946055
28.164574
30.004893
26.382873
29.121795
32.346556
32.330197
35.451180
30.162860
27.584707
31.404794
32.492466
30.717914
33.432251
33.291115
33.258397
31.888307
29.758383
30.590237
34.097307
30.843547
30.786119
32.629702
35.827432
29.091220
28.074198
26.669588
30.943993
30.760590
35.789106
35.472471
37.288996
36.585364
35.085606
36.059752
26.194363
28.716559
26.453708
29.360014
27.837892
28.832545
32.898763
35.396073
37.221027
31.185319
36.234984
32.102443
34.098319
31.581146
31.254084
31.147987
32.489459
33.555044
31.011901
32.193817
28.512943
27.433242
29.214909
29.226141
32.177581
28.747277
30.734026
29.925264
30.444717
25.956345
28.526350
27.691956
31.684325
29.666917
31.461573
29.419006
32.636802
31.039063
33.222821
31.085099
33.404400
30.928345
29.254478
27.929771
26.488125
29.607793
30.029134
27.378597
25.861212
25.361988
30.725478
29.221942
30.257224
34.256775
29.357625
26.860038
27.085072
28.564953
29.940254
30.727870
29.090405
29.189437
27.815208
28.962226
36.293325
36.239765
32.914980
33.949559
34.311852
30.664457
32.026606
34.449245
27.914827
26.417340
27.720949
35.318920
33.623315
36.165310
34.139741
37.998820
39.643738
37.212313
38.807174
36.387671
30.484173
28.296300
28.190849
27.171429
30.129357
30.622324
29.869362
29.072473
30.137480
30.386328
31.092620
31.213199
31.480755
29.599006
31.085831
31.094578
29.988034
30.324499
27.982256
30.222117
31.233981
28.900450
32.834013
38.407672
35.587447
35.406909
36.406506
32.938002
31.461083
31.604986
29.793134
32.342137
35.062450
32.273970
28.134276
26.157760
26.719008
33.219090
31.189814
32.222765
35.526200
34.140481
30.550898
35.848016
35.669180
35.041616
37.226388
35.713110
33.392664
31.778776
32.461172
30.099321
29.124080
30.915061
31.748736
29.502948
28.846206
32.075691
35.571568
34.728748
35.887618
31.872000
31.222221
27.428341
28.531336
30.324950
25.650283
26.447751
27.217758
28.691359
29.281504
29.123524
36.038737
29.410314
30.756907
32.140413
31.898950
30.367621
29.193681
29.359200
32.048821
31.841321
29.884455
29.033910
28.376670
27.390547
27.890239
29.934054
30.206948
30.909533
31.601657
31.723283
26.695936
26.036202
29.356591
32.038643
35.899392
31.244826
30.422519
35.046236
30.519912
25.531491
30.072145
26.464913
28.034740
27.920843
32.504155
30.148157
28.426351
30.741930
37.842187
29.104193
28.093939
37.187121
33.542618
35.467682
31.256782
30.405926
29.190858
29.283420
31.442375
31.078535
35.732503
34.468818
33.906429
37.726558
36.585141
34.764451
34.405635
36.738497
36.957910
37.593118
35.289020
34.077214
33.320877
31.605946
30.703828
26.364603
28.035866
26.421634
32.670090
31.037802
27.142438
27.092041
25.918518
26.355163
30.735617
30.645466
26.281138
27.499230
29.215677
27.677586
29.255222
27.982273
28.260938
32.295035
32.914851
31.698186
32.364944
35.049420
35.563075
35.487552
32.650731
29.611883
33.499559
34.577615
35.051607
33.878519
32.070562
30.448664
33.837696
33.872013
36.044381
33.694581
34.165618
33.030689
36.771343
36.025598
36.408969
37.802654
55.519042
87.370688
32.907532
32.421894
33.050885
34.903528
31.972017
31.696028
29.596596
30.732289
31.750094
31.712200
33.396323
33.662959
30.182664
27.760422
27.131883
27.868890
31.547620
35.517380
35.920500
35.966917
38.975654
32.548997
29.963671
29.355663
29.794603
31.520089
30.577719
31.122758
32.788272
32.366571
30.338509
32.534506
31.953915
34.359501
31.183992
29.058638
28.879323
31.369199
30.350557
31.246651
26.961115
30.124690
32.591316
31.364992
29.464813
27.947984
29.420672
30.570427
30.024004
34.072067
33.313121
31.264432
29.092838
30.277294
33.071659
31.635677
32.188425
28.664790
31.622851
32.039369
30.252443
30.668186
31.211701
30.442522
27.832203
27.520769
28.278307
27.011173
28.719470
28.252834
29.509293
32.313969
31.695458
33.595062
33.930766
32.613482
30.566709
30.199708
33.341608
34.070189
28.499842
27.450144
27.945864
31.840977
31.850059
33.528509
31.217293
32.374843
34.098230
30.125837
31.313788
31.994919
30.394932
31.192221
33.563880
40.646444
30.359189
34.838600
34.795009
42.570243
31.886489
30.786085
31.042880
33.137093
30.637731
33.486453
31.743333
30.766272
29.959101
29.585297
29.398781
30.483016
29.220353
30.928485
30.827233
29.484701
32.933589
33.871220
33.638625
35.125632
32.482484
31.351949
28.540779
30.046818
29.649937
30.477865
31.674161
31.021423
36.642886
33.478082
34.411418
32.502840
31.069746
29.106418
26.810562
28.989571
29.432756
26.956851
27.057256
26.233269
27.054697
29.964591
28.307678
27.605687
29.344562
27.529709
28.367739
26.594512
29.441432
30.020866
28.198087
31.848594
30.809814
31.723607
28.446832
29.202137
30.085701
27.193165
30.299510
29.088112
30.777184
32.517670
29.556710
29.593567
32.509259
33.581682
31.758597
29.863714
30.729168
30.177358
31.351811
29.254812
31.779984
30.085949
35.191696
36.382796
34.257546
28.315579
27.873469
24.874787
26.340170
28.387277
29.335555
33.497806
33.956011
32.258389
33.072041
33.885694
32.602750
34.907485
34.015671
32.427421
32.685721
32.696342
34.719465
34.337811
29.996417
33.136852
29.989968
28.834621
26.372201
27.748196
28.981469
30.710561
28.122893
27.951382
28.297657
25.391980
27.476349
28.186800
30.513910
30.887984
29.765374
30.193683
31.642684
29.891987
35.332185
34.343175
35.106089
36.517898
33.100300
33.343902
30.354195
30.852322
31.417414
31.618418
32.051237
30.457022
32.456245
31.339940
31.153127
31.921751
30.459672
29.837111
28.905048
30.084012
30.841712
29.980005
29.497803
28.598198
29.969638
28.281372
30.412283
28.744050
27.973175
27.895482
28.379173
25.686149
28.275545
30.123894
29.963961
31.367219
30.487456
36.672003
37.188425
30.642654
30.040546
29.715417
26.473821
27.670471
25.058486
26.419930
25.201955
26.962399
26.720073
26.901624
27.895327
27.263918
28.616615
32.104214
35.359864
35.315338
32.917902
33.406475
33.648656
35.992089
35.973581
35.532115
34.165980
33.666035
30.164750
30.143658
29.006465
28.994663
33.802893
32.645198
31.522681
31.121344
30.178867
34.556798
30.539369
29.030920
27.319915
29.581059
33.811016
29.455211
32.752639
25.899580
27.968140
32.064510
31.514013
33.774454
32.455099
33.995383
33.469308
31.028950
30.638474
31.742867
29.398010
29.593169
29.462418
30.365386
30.580754
30.325897
29.911395
29.846366
32.874978
31.914982
30.766289
30.189745
31.181796
30.599290
29.569650
29.165225
28.819417
29.312309
27.873735
34.188207
31.465693
28.830464
27.931405
29.182153
34.559881
37.502050
33.704365
30.400562
29.723593
29.950059
32.246801
31.235658
31.580395
33.964445
31.016820
29.826948
29.635544
35.643298
31.555837
28.712269
30.861154
31.430632
29.841724
31.665484
30.780422
31.008526
32.784073
29.138601
26.117711
27.390245
29.000095
30.137931
28.416256
30.993188
28.927700
25.465013
28.507585
30.889737
30.019474
30.983868
32.158582
37.582481
38.065255
39.455087
39.539107
38.658961
36.355146
31.099782
30.265074
29.657940
30.881532
25.881171
28.280785
28.707125
29.299042
31.576096
31.737819
33.854597
33.620204
32.452952
29.140304
31.749191
30.422718
30.151351
31.036849
30.548250
30.558941
30.360007
31.978876
30.403625
30.888583
30.959608
32.664829
30.371926
30.827932
29.555875
30.466599
29.075981
30.741446
34.142829
30.053610
26.683726
24.273651
28.275389
30.615214
25.202435
26.248255
28.976401
29.093191
29.343156
33.691041
34.098373
30.320896
30.027514
31.462864
28.743396
31.059294
31.754193
31.989615
35.906561
34.594432
30.749384
33.112593
34.998353
32.404550
33.549133
34.141439
29.863498
37.191658
32.411143
32.179038
26.819559
27.086923
32.765810
31.759954
31.401268
32.527496
32.305084
30.003914
29.131981
28.862060
26.957330
29.324680
30.596292
31.328054
28.109984
27.995147
32.439371
28.329711
30.149758
30.317069
27.958304
27.477892
27.917656
27.277399
26.905824
29.300043
29.596644
31.018423
36.005901
34.687365
30.659993
29.146237
31.491516
28.460633
31.694051
35.466909
31.825383
29.404750
31.011216
30.221916
26.983544
26.135711
27.606381
28.167691
28.029378
29.387195
30.972922
27.120714
29.901363
28.511142
30.389106
33.431755
31.097976
30.893404
30.267502
34.123023
29.016470
30.020523
30.166624
29.149522
28.488366
29.215338
35.388704
31.648900
26.908378
27.640445
34.165513
34.035328
34.647503
34.101474
33.051290
34.755730
30.821303
30.168604
36.242397
31.534569
29.855611
28.730701
32.095985
31.406272
28.687089
30.397130
32.423248
31.924351
36.524864
32.294771
38.490357
33.548010
35.488890
35.863971
34.063856
35.081146
30.081436
30.001725
30.887630
34.454809
31.521247
30.831334
31.583451
31.667527
31.080159
30.202780
30.550079
30.936415
28.581187
30.336920
31.201925
29.978831
31.182707
30.313452
29.688433
27.880246
28.462770
27.635247
27.397054
27.278742
29.519359
26.830249
28.687440
26.519578
29.349210
28.814467
29.591463
29.838525
29.076702
34.394288
33.271847
31.356474
34.476528
33.972251
33.965206
31.506094
32.848846
34.155406
32.360736
35.443237
33.371884
34.383833
33.646614
32.541567
30.203092
29.959684
25.244279
26.312749
29.830750
31.475432
29.982495
26.334146
26.711649
31.622042
32.045445
30.308615
31.091932
29.641398
32.497049
31.542002
28.298228
30.026330
29.974037
28.779478
30.134473
33.698781
29.396334
26.194250
26.771257
29.264635
27.143872
32.095831
29.737896
29.070277
30.007238
26.360268
28.400285
27.361514
31.822129
32.402815
32.184008
29.756882
33.367493
30.866231
30.438667
33.262930
30.758302
30.747753
30.597384
31.685554
30.161353
30.574191
31.546552
33.213009
34.464284
31.609718
30.807922
29.547322
30.008436
30.273693
29.396333
29.721178
30.883737
30.014244
29.717209
30.011175
29.422185
30.045226
31.334047
39.306329
38.766125
37.875765
36.298672
33.170729
32.244922
32.247026
30.260496
29.476540
32.950126
33.129829
32.606976
31.253148
30.921175
29.906880
31.450367
28.803137
31.307202
33.440284
32.448450
31.746166
32.318818
29.807095
34.399254
35.434000
37.536284
28.725752
27.959178
28.237993
26.494567
28.293744
27.325947
28.107625
28.155769
27.844743
28.677846
32.243980
30.563398
28.646358
27.214094
29.023197
28.295435
25.277410
26.447954
28.801578
27.967808
26.698549
28.627752
30.076026
31.719755
30.958918
30.839098
32.743935
32.391577
34.091454
32.539848
33.062399
31.168806
27.546910
31.510189
33.921638
29.419357
32.258780
36.865769
30.502645
33.076605
28.826768
25.058623
28.064742
28.048653
27.794840
29.190606
29.020900
28.060689
30.873574
30.444094
26.127384
29.296648
33.199385
33.061357
34.832276
34.707983
33.988709
31.062373
29.863231
30.099515
32.734422
32.727053
28.451446
26.854532
29.149746
29.272325
34.375188
36.809109
33.963684
32.646188
30.999060
31.311249
31.285714
32.473117
29.387924
30.373956
27.688215
27.498647
32.119462
32.998889
31.989827
30.983303
34.027770
35.627914
35.493500
32.900631
29.061537
34.276407
30.868434
34.446166
33.823168
33.584549
34.404150
28.670586
29.146280
29.959895
30.471040
30.299340
29.104974
30.286092
29.055201
30.447472
29.551131
29.656384
30.286072
30.733043
30.067253
26.502807
28.205805
27.190586
31.623007
34.491121
33.591227
33.386494
32.481551
32.741098
29.716024
28.876158
28.153905
30.855781
31.503261
32.699838
31.896742
29.388003
31.201072
32.888788
44.396059
28.365196
30.078287
30.653664
31.692987
31.166308
30.752064
32.338705
32.236870
32.175427
31.667909
33.872180
34.146450
31.351724
32.200621
35.350698
32.867608
34.902618
36.433397
34.668363
34.096372
31.762091
30.590872
30.806452
29.595047
28.274586
27.529756
27.601091
28.300275
29.642884
29.318862
31.420977
31.953188
30.590790
33.169797
31.798966
32.336405
29.799660
31.476152
30.580145
31.604313
29.992534
30.638462
32.933622
30.134768
33.668189
31.651032
33.088175
35.342705
31.179220
28.377798
27.215459
26.899745
27.756788
26.419432
28.918800
28.176343
28.017238
28.887148
27.668947
29.668751
31.721513
29.858717
30.311075
32.145456
30.261937
25.524029
25.870784
30.468178
34.846287
32.334835
31.320913
32.350744
30.826531
29.557338
30.632205
30.609538
29.949187
30.212441
25.790386
27.208258
26.386679
29.661246
33.043662
30.569943
29.641703
30.783043
29.859503
30.224330
30.611004
31.484723
30.506946
30.929356
30.442076
31.617868
34.489945
32.358787
31.544967
30.566572
32.012759
37.132970
38.321679
36.378083
38.378799
39.119941
38.535851
31.652460
30.171309
30.035325
31.762394
30.220744
29.287174
29.869725
29.198619
30.872678
28.894722
26.579362
28.640581
31.152678
30.263978
29.853007
30.908660
30.630612
31.016050
32.012867
33.505432
29.958530
28.075157
33.987181
38.471989
36.742062
27.053702
33.934063
35.647542
29.009489
30.196697
29.177963
30.963762
30.254733
30.998255
31.080772
29.080633
28.384332
28.677493
30.593135
30.720355
31.971196
32.057695
30.954572
30.105524
28.124985
31.230781
31.228308
31.525939
26.502347
29.825009
33.330782
31.910083
28.396776
30.511659
31.467940
35.926196
34.632712
29.184885
29.242346
28.377007
28.547944
26.126556
30.478417
26.201981
24.911587
28.051203
28.992721
31.701776
29.045170
31.830995
31.700175
34.137664
32.189259
29.830274
31.281263
29.828307
32.188145
31.249849
26.756370
25.290117
27.490817
26.694034
24.654754
28.019564
28.255459
28.102268
29.124595
26.559998
26.383024
30.316142
32.231978
29.308718
32.589619
30.650470
30.730118
30.469966
30.808630
34.568675
34.310882
28.890547
27.240451
26.147132
26.976869
29.778857
26.513715
27.377971
28.991116
32.988176
29.168479
30.589237
31.344469
31.728301
29.703765
32.487433
31.399905
30.791177
33.533169
31.202735
31.226863
31.419776
32.052795
29.932900
29.682450
32.830081
31.972769
30.984830
30.800038
32.140901
33.036346
30.499625
31.569268
26.275661
27.846930
27.540709
28.365676
28.026916
28.368810
27.634146
26.260842
30.112048
29.377676
30.472363
31.201899
28.516262
29.440985
34.327536
34.990811
28.631632
28.574533
30.083472
34.365376
33.017423
31.176362
32.206120
35.419269
34.757713
32.396114
32.068737
30.921067
32.599049
35.849437
34.257891
36.190753
34.456189
31.693723
33.903873
38.320523
35.414082
34.032444
35.183708
37.244643
35.379604
35.936649
34.765450
33.638317
32.495929
29.832668
30.790557
33.936185
31.008292
32.508139
33.130731
29.819994
31.853710
30.520843
35.227760
32.633102
29.908785
28.272697
28.482903
27.528412
27.728532
27.221356
35.430866
36.909195
35.739592
34.350663
36.161369
34.185065
31.323676
30.349066
31.830178
31.485979
30.410139
32.519317
31.701074
31.212662
31.609572
30.385640
31.121390
31.931189
32.064883
29.478597
30.937482
30.025332
30.779519
32.320866
28.176520
26.977200
29.579536
26.351614
25.330063
27.114028
28.441344
27.252162
28.276348
26.455000
32.858238
29.239764
27.503532
27.634431
28.040809
26.776878
27.174433
26.454545
31.618590
27.673929
31.799455
29.943914
30.573964
30.734343
29.641813
29.266891
29.300770
29.865326
30.463050
30.369362
29.789514
28.823385
28.439309
26.118293
28.229754
31.894727
38.991914
32.512329
30.046647
27.782894
31.093743
31.229098
32.219159
31.923477
31.185413
33.705800
31.952996
39.287942
31.366952
26.781855
28.873889
33.890795
25.030817
27.376519
26.743885
26.297877
27.082778
30.341343
30.598889
28.868543
27.402506
30.679040
39.004849
40.058636
38.486290
30.055803
27.743785
26.236640
26.167848
27.845639
31.291519
32.447734
34.039046
30.544302
30.572840
29.386371
30.646794
28.813121
28.034719
32.612234
28.177999
28.996529
27.688542
27.212206
27.879629
25.745254
28.145200
25.715501
26.744440
31.574517
30.413408
32.439495
29.182637
27.442437
27.543691
28.959791
30.103928
30.111374
30.400582
31.277271
31.974493
33.789296
34.663463
30.705892
37.397943
30.446423
32.478877
36.013650
35.497312
30.020251
31.478641
29.766429
30.763937
32.305927
32.542159
29.159129
32.503549
28.545028
28.327725
27.345522
28.325948
31.559232
31.728208
31.504669
32.591775
33.209256
30.387531
29.063060
31.139018
31.004903
30.182436
29.381487
30.659238
31.239456
31.659876
36.208276
37.401494
35.925857
33.968644
34.345709
32.886403
36.177303
36.137095
31.995072
33.154886
35.527725
36.834021
35.850946
30.508044
34.327727
31.794981
29.940798
24.594380
28.134197
26.171124
28.042352
28.583271
29.159773
25.864306
25.677290
27.952553
29.692964
31.862592
27.496851
31.228802
31.635275
30.058133
30.637286
31.464963
30.447018
31.635781
28.599143
30.567000
32.518625
38.718677
35.575672
35.243700
34.841529
34.351787
30.748663
29.245394
31.186079
32.869988
33.288932
28.790177
29.628425
27.110068
30.971514
31.777212
27.608914
26.127732
25.624651
27.547382
28.864891
25.955245
26.407326
32.215866
30.618698
31.946854
32.177831
32.753740
30.159293
31.498052
36.058463
30.649080
29.886020
31.002646
28.700581
28.251046
28.253976
32.874985
31.412178
32.843216
29.687552
32.253654
31.895293
34.069211
33.682458
34.632289
29.705554
28.617364
30.299105
29.692509
29.209152
32.903913
30.888050
30.915051
33.233892
31.546153
31.822925
32.204295
31.277958
32.080798
29.929792
32.816427
31.549817
29.915454
29.907677
33.826019
28.667050
30.078961
26.145811
25.690826
29.449715
27.874970
26.232481
25.724209
28.088360
30.405831
30.873853
34.655995
31.478464
26.731911
34.625101
35.652821
36.409798
35.588377
30.017575
28.909573
25.193805
29.067672
30.131747
34.296191
26.129498
32.495182
36.583299
29.505978
32.149878
33.164622
29.116316
31.726248
30.560055
33.352179
31.057279
31.641009
31.296458
31.449331
33.059272
32.290271
29.975292
30.376639
34.103991
34.164645
35.372149
34.591340
32.703184
30.921452
29.313111
30.650812
30.532263
30.120538
29.392229
36.872142
30.597748
30.486775
28.728884
32.018241
36.141628
37.081889
38.189466
36.679456
40.137024
37.967713
40.056223
36.264762
30.638066
31.048408
30.363631
30.283292
29.800662
33.615222
30.808813
32.251388
30.253613
30.883768
31.484582
32.457709
32.982442
29.618074
27.940109
27.984731
29.826977
35.236651
27.071331
30.711068
27.239691
27.985491
34.002558
27.685548
26.808508
29.685357
31.379998
33.894597
35.224727
35.468853
35.724698
32.868122
35.198442
37.433892
36.003407
31.574299
28.220716
29.768793
29.605496
27.838759
28.736506
26.544632
31.439946
37.342035
30.775456
31.111455
36.824524
37.459359
35.895426
35.230440
35.420763
35.228790
36.890546
36.028237
31.210160
30.613760
27.619558
25.865149
27.322699
26.595056
32.961169
34.099856
30.109916
30.998621
29.864717
30.815586
32.804447
31.408302
32.172471
28.314414
28.220505
27.584876
26.460993
27.090066
25.869711
30.004092
26.592147
25.221340
28.267719
30.703999
29.228500
30.817688
27.649312
31.128491
31.191692
32.756191
30.306630
29.412665
32.120539
31.495951
29.864458
31.672281
34.107008
37.658209
33.344790
32.738002
27.130822
27.653797
29.334317
30.631750
30.192435
29.297608
26.719436
29.686455
34.115864
34.394891
37.363538
36.480320
34.947445
31.009143
28.508220
30.844544
31.042820
30.462479
31.105238
33.633864
31.477513
33.388899
30.354069
29.082118
30.048306
35.640273
36.180172
30.521841
27.560335
25.493470
26.818480
27.310036
26.214468
29.428509
26.572980
26.704385
27.249100
26.942500
28.453354
26.501011
25.754343
26.462487
30.453300
34.220657
28.899197
26.343897
28.142151
24.851709
25.884268
28.479475
29.113132
27.886931
28.436864
29.754783
29.423991
30.725513
34.118174
31.911056
31.219871
27.819491
26.845411
28.299291
27.961618
27.328180
27.626290
26.406687
28.699327
30.684281
32.830779
35.255447
29.357689
32.199060
30.124480
32.153879
36.824075
53.647701
36.596131
34.566225
32.069299
30.652808
32.436158
30.194768
30.630042
33.032560
30.165709
31.212430
30.543768
30.609896
30.827907
32.231381
36.991293
33.599373
30.536327
31.961464
31.223110
32.043530
30.849959
29.748798
30.427775
31.620052
30.983800
31.601784
30.470119
25.452673
27.136443
29.023592
27.575691
28.682501
32.356873
35.018040
36.346096
34.039419
33.527175
34.496068
38.187482
34.699189
35.759333
34.254783
32.182496
29.002130
29.881944
29.013539
33.361079
30.171468
28.246649
29.298043
30.085891
28.342921
33.236092
33.528457
31.295193
28.677273
32.163469
34.059637
30.809943
30.427365
31.366890
31.739067
33.498867
31.954134
33.457255
32.165552
32.380696
32.786030
35.780568
35.481104
32.629042
28.822121
26.571224
31.607342
30.622598
32.670921
33.555148
32.014410
29.886739
31.185830
31.425511
34.562376
33.010408
34.796422
34.252086
32.947815
34.765207
32.141850
32.314947
31.149583
29.735588
31.983986
30.882496
31.284040
30.295342
32.488378
30.181182
30.081027
29.860602
30.617381
31.684212
29.167887
28.771547
29.418092
29.849008
37.368731
38.199732
37.976684
38.703504
33.232015
34.027297
34.055050
29.553629
30.711845
31.487351
29.344948
30.780412
31.167496
29.392886
26.198948
28.422309
30.073723
30.957413
30.301973
33.079054
31.784512
30.157696
31.754412
31.423816
30.544519
29.959345
32.267865
30.316867
30.427224
30.646523
31.134923
29.965186
30.107985
30.534563
31.608087
30.906322
30.162529
31.109288
30.955401
31.147152
31.612905
30.859881
29.730236
27.278236
28.205146
28.008405
35.984859
30.931800
31.112754
31.542986
31.841523
30.604863
30.871337
25.116616
25.536855
28.524075
27.641073
30.247943
31.372881
30.660904
30.231242
31.083134
28.449906
30.048860
31.961098
32.293640
33.215969
28.869131
27.078366
28.168147
28.671218
28.588433
27.989188
28.372246
29.981603
33.923273
35.226407
34.181034
35.395774
33.299032
31.370734
30.750767
30.371324
35.263737
32.906848
32.427609
31.283102
31.319691
32.367737
29.004601
31.157810
32.452946
33.898391
34.008662
35.987858
33.577527
31.288271
30.490586
31.052525
30.051873
30.654182
26.326132
30.537601
28.755747
30.036252
29.556619
29.609260
30.519622
34.723106
30.456623
33.343303
31.848325
32.142502
33.986184
33.174109
32.631492
31.377579
26.452319
27.567021
29.929815
31.455400
32.612430
25.713118
26.229786
28.200594
29.622515
29.605728
29.962654
29.101147
30.047504
31.699402
28.294560
31.502529
34.670260
30.213143
29.581428
31.380642
31.503066
32.578115
37.920168
30.655333
34.641572
33.054712
32.191069
32.544977
30.362948
28.591653
28.570931
28.443600
26.711189
28.477686
28.154220
28.830357
31.138182
33.671958
34.693671
36.727084
32.996216
34.783334
34.721521
29.122378
31.644018
29.538484
30.510244
29.840397
27.793255
27.833274
30.514153
29.864121
30.597470
30.663979
30.136070
34.127808
35.225110
29.118413
27.735839
29.525758
31.148691
30.284109
30.083427
30.462482
30.308299
29.068596
31.357222
29.635266
31.792046
31.131445
30.121317
31.480304
30.045639
32.529884
31.159240
33.390700
29.731817
31.218118
34.326276
34.629873
35.350771
33.358198
27.678364
28.315767
34.506310
31.666084
28.563691
27.639081
30.570493
29.910907
28.672786
26.806253
29.855707
31.572944
31.276850
32.179316
30.693404
31.551391
30.188202
29.622554
30.996792
31.605560
32.551355
29.571560
30.083505
30.920435
29.132075
32.625201
33.636796
33.200670
30.178761
31.270281
30.636045
32.549375
32.823784
29.438309
31.352637
33.291254
33.461438
33.107389
31.905196
33.945650
32.707685
32.049320
32.237191
36.025101
33.794036
34.087659
33.400366
32.942508
32.709444
34.864856
32.383163
30.860771
31.025562
31.918962
32.076938
34.686443
31.505104
31.739700
32.324681
29.556300
33.093694
30.435546
32.652436
31.620013
33.493354
32.372665
33.102254
30.928802
30.582319
31.056167
32.688091
30.618908
29.709489
30.037319
30.946669
29.516566
31.105310
31.771930
34.784444
34.285429
36.488487
33.543584
31.799764
31.455590
26.230553
27.639172
32.238912
31.768515
30.726671
30.664365
30.743695
30.336417
29.059332
32.644550
36.953408
33.310120
31.318163
30.089875
29.006860
27.096422
30.368139
32.891085
34.329328
33.525509
32.506697
28.145489
27.795260
27.299069
30.322901
29.447851
30.036269
30.302154
30.604887
33.682644
31.974400
32.856484
30.975033
31.686664
28.662397
32.827494
31.734166
31.916456
30.735168
30.342126
30.214496
34.319552
30.180155
30.340069
31.362449
31.447976
34.380496
32.753241
31.759687
29.052740
32.677627
30.077005
31.165134
29.270766
30.550359
32.363847
29.756005
28.795964
30.458199
32.110994
29.903533
32.683011
27.396533
30.931398
26.820751
32.576245
33.288273
28.444830
29.206199
30.374069
29.774590
30.311120
29.958941
30.648837
30.223329
29.173242
31.828448
30.351142
29.598470
28.706491
27.744417
29.644597
31.740495
33.833915
30.547206
31.241650
32.224245
29.258464
30.772590
32.719106
34.207240
32.842439
28.958103
30.974739
28.649063
28.209566
26.062985
30.374444
29.372410
34.299461
29.832637
30.211294
30.683265
30.800619
30.582469
29.364328
32.011818
31.948845
29.914571
31.111135
31.175757
29.842212
32.572425
34.013907
33.505264
30.697217
31.377218
28.146012
27.188306
28.395430
31.542200
28.042063
28.427062
28.730965
33.281486
30.643403
29.600167
31.552336
32.713189
31.635387
31.447292
30.110354
31.172143
30.032073
28.395162
28.346298
30.544694
29.616585
27.131193
29.248154
31.734821
31.290574
29.749345
29.788247
29.531445
35.717395
34.094606
29.220906
31.796736
31.658519
31.162586
32.389582
32.558914
34.033588
31.363172
31.754303
26.370733
29.040159
30.772998
30.288039
31.388273
26.294225
27.325135
33.769078
35.848231
30.013187
32.255486
30.743608
28.691842
29.341729
30.635565
31.573512
29.852282
29.602457
29.257742
29.843282
30.465914
30.145893
30.754415
31.547741
31.014937
28.298066
30.602004
28.706006
28.801075
25.483562
25.022950
28.140388
33.308284
28.406720
31.993057
31.981387
30.604695
32.976430
29.383775
29.578480
31.769875
28.117882
26.926317
27.075614
29.439931
29.690197
32.331961
27.357499
27.967032
27.428265
26.021657
25.376560
30.558669
30.635336
31.617943
30.536282
32.952985
31.010126
31.575592
33.974246
29.349872
31.456358
30.401446
27.888195
25.974696
31.638948
32.051474
27.042604
27.811796
27.363094
26.939012
26.558143
26.318339
27.304571
26.269692
25.424061
26.058288
28.707268
28.354522
29.414551
29.430922
27.829477
31.118527
30.431239
30.902254
31.770645
32.166953
30.891443
34.399406
35.977024
34.514953
35.005164
34.386544
34.760874
30.323107
27.441422
27.096112
27.897182
27.450153
29.963664
27.803523
32.208251
31.878368
30.834409
31.063198
31.657877
31.565857
31.951468
32.055318
31.583668
31.007569
29.523516
27.495125
30.695484
31.125912
27.916523
26.633585
26.880850
26.108860
27.447630
29.963341
29.249414
29.195238
25.821639
30.009643
28.238735
31.869238
33.526410
30.821566
31.019647
30.888841
29.171405
29.638873
29.032513
28.546258
31.754227
29.905533
31.282523
26.688666
32.817366
35.147938
29.657536
30.347159
31.561966
26.637594
27.721008
29.086190
29.978713
30.906976
30.412125
28.074853
33.337327
36.541676
35.364192
34.197968
33.093580
35.791182
35.803992
35.097496
32.415653
31.382224
27.825730
30.130351
36.233496
28.307636
26.950030
26.202159
25.911329
26.442526
32.392351
30.436817
26.077180
28.038877
29.001190
26.451463
29.136051
33.101152
30.303167
29.835613
27.494893
35.283821
30.585992
30.766831
31.039396
30.287253
32.548011
31.198507
31.608123
28.926740
30.786069
31.891289
30.944589
30.862631
33.558315
28.244324
32.267704
31.137585
26.629572
27.121269
32.178679
33.628115
27.824931
28.634901
30.423331
29.991228
27.506391
31.986178
30.141150
27.606198
26.728607
28.615546
28.343458
28.789267
27.254437
30.140364
30.079452
31.956176
31.093270
28.268662
30.122758
32.972723
32.536856
30.901908
29.882190
30.863397
30.508471
30.611514
29.869494
28.238745
28.233452
29.532855
28.606745
29.929270
30.188675
30.598890
26.601257
27.802601
28.728964
26.535161
28.915363
30.502881
29.417935
31.849941
28.128203
30.821587
31.414218
29.443317
30.772594
29.796228
31.825384
26.946072
29.461787
36.088826
40.576438
40.750388
124.624539
