50
67.153415
72.397062
76.454564
78.113664
79.751147
79.526337
79.516580
79.711305
79.610238
79.819817
79.568494
79.551210
79.334982
81.508393
79.774722
79.292962
79.386701
79.552363
80.684268
80.213660
79.157990
79.196807
79.168651
80.118626
86.735716
83.352190
78.596845
78.861280
79.153754
80.355961
80.149428
79.354533
79.445388
79.298767
79.919972
80.582394
79.123603
79.049601
79.224780
79.338293
81.596953
79.384117
80.271997
79.330097
79.268314
81.545620
79.438365
79.947763
80.846490
79.440237
79.519196
88.793037
90.916851
91.607078
91.537336
90.881083
91.053874
92.240877
91.924722
91.692102
91.676398
82.708056
80.275290
80.184037
79.209749
81.415199
79.376807
79.298185
79.608025
91.104722
91.398711
92.694079
90.675872
91.249115
91.794946
91.587278
85.568163
79.025329
79.371040
79.963551
80.963439
79.543874
79.403381
79.398561
79.971574
80.805729
79.268549
79.290654
79.289202
79.352192
81.289440
79.134638
79.116172
79.340931
79.195364
81.174462
79.367625
79.265500
79.216392
80.193248
80.406073
79.282125
79.211710
79.262408
81.287704
79.292672
79.256042
79.329105
80.298798
80.461123
79.261683
79.285293
79.372111
81.269362
79.168904
79.354316
79.439661
80.326233
80.338614
79.054198
79.127639
80.141630
80.158942
79.081066
79.181727
80.163169
80.557609
79.525760
79.618800
79.432522
80.914021
79.904039
79.410694
79.331734
79.417410
81.165023
79.218487
79.315600
79.079644
81.202439
78.939074
79.102885
79.008659
81.271328
79.071885
79.160295
79.166933
80.985070
79.527157
79.620149
80.156069
81.647104
79.703190
79.021849
79.045293
80.480148
79.739460
79.163494
79.312196
79.814518
80.559197
79.480597
79.386518
79.617456
81.015877
79.177582
79.326873
79.542098
80.517963
80.309754
79.366871
79.418342
79.326552
81.146944
79.388438
79.336191
79.309131
81.510309
79.303101
79.412879
79.368926
80.375821
80.295027
79.285665
79.368675
79.789852
80.807571
90.091749
91.437406
91.917610
92.024299
90.953332
82.263554
80.054144
80.052757
79.079498
79.207481
80.514126
80.341793
79.384970
79.320030
80.692658
80.381459
79.600610
79.352924
80.211921
80.482329
79.267870
79.257946
79.529099
87.878103
78.553272
78.682537
78.758043
80.921768
78.831250
79.086693
79.730866
80.640888
79.296853
79.145834
80.670828
79.831663
79.244556
79.106485
81.082892
79.026692
79.017584
79.386363
80.848075
79.052493
79.071655
79.660410
80.726815
79.231939
79.410472
79.305262
81.271252
79.155775
79.414062
81.480628
80.050623
79.054015
79.083034
79.950940
80.388018
79.122633
79.093994
81.457199
92.605256
91.103871
91.015873
91.677217
91.868838
91.588079
91.156973
91.653200
86.900274
79.824088
79.630486
86.901542
91.306226
80.335088
78.727992
80.628105
79.352147
79.076604
79.257256
79.428846
81.200025
79.217285
79.186929
79.330463
80.333704
80.090162
79.141428
79.321059
79.377025
80.005242
80.452707
79.253869
79.393235
79.174672
80.229429
80.420464
79.183226
78.867967
79.055959
80.165744
91.007898
78.538544
78.675900
78.817432
79.038140
80.758014
78.863125
78.848042
78.921336
79.926108
80.262463
79.180776
79.182811
79.244116
80.432392
79.820592
79.109569
79.174724
79.296496
81.131932
79.126967
79.198189
79.196804
80.064197
80.288582
79.085498
79.084880
79.119397
80.930021
78.959085
79.045086
79.118947
81.130393
79.139214
90.328746
92.088235
82.035995
79.211781
78.934805
79.100803
79.855275
81.022068
79.378597
79.424207
79.484142
81.540535
79.486110
79.283221
79.379940
79.791594
80.918929
79.253721
79.152936
79.343328
79.939059
80.757280
79.315721
79.284497
79.577917
80.750074
78.991314
79.119918
79.231505
81.312916
79.252577
79.183713
79.161505
81.527202
79.442982
79.459336
79.362998
81.446457
79.311502
80.028368
80.437615
79.162697
79.063379
88.856218
92.491563
91.727647
91.208533
82.598149
78.866658
79.118885
80.993530
78.894334
79.100743
79.200607
81.378948
79.235165
79.114297
79.200449
80.807099
79.972370
79.082404
79.407060
79.225183
81.076038
79.068362
79.228392
79.285499
80.928243
79.556385
79.253648
79.209265
80.184940
80.475065
79.355731
79.310001
80.602022
80.675047
79.499545
79.176559
80.192970
80.263033
79.139584
79.151921
80.022736
80.270767
79.000195
79.057211
79.511545
80.975597
79.135096
79.224569
79.251836
81.269648
78.959312
78.987798
79.076755
80.353470
80.075480
79.309077
79.620841
81.242323
79.226002
79.119127
81.489012
79.111115
79.171454
78.966713
81.192251
79.251369
79.037968
79.625414
80.874641
79.295781
79.328155
80.001548
80.570778
79.497523
79.450362
79.729020
80.780908
79.100414
79.096872
79.186942
81.352254
79.283930
79.284236
79.107217
81.241540
79.124837
79.208503
79.216899
80.518644
79.638239
79.112440
79.133409
80.347889
80.289140
79.288271
79.245248
80.199822
80.170863
79.502059
79.387032
80.741211
80.156470
79.386886
79.454864
81.090474
79.660541
79.302485
79.489137
80.507547
80.600833
79.495238
79.130103
79.021920
81.140519
79.295187
78.866973
78.869051
80.724229
78.981986
78.684385
78.807330
80.069430
80.107607
79.441775
81.025471
79.997455
79.236154
79.362535
80.898910
79.715534
79.168517
121.806726
79.396261
79.451097
79.301930
79.260725
78.972540
78.997150
79.033373
81.262111
79.187099
79.180736
79.267757
81.296098
78.970016
79.596973
79.003783
81.069161
79.024188
79.045710
78.930034
80.884374
79.125445
78.918179
78.990863
80.653764
79.873596
80.232102
79.907907
79.147986
79.280672
79.254486
81.308471
79.211781
79.254026
79.297297
79.406980
80.990110
79.103583
78.910054
78.887473
80.469700
79.941056
82.782482
84.910548
78.579213
80.277834
79.146643
79.060706
79.063277
80.861753
79.538278
79.312069
79.189517
80.063553
80.610636
79.378331
79.407716
79.334938
81.429656
79.278656
79.312975
79.404628
81.469537
79.122822
79.221219
79.228228
81.206750
79.221868
79.063633
79.168217
80.784223
79.666360
79.160462
79.099865
80.563916
79.926835
79.143824
79.283245
81.250120
79.669817
79.408009
79.428472
80.520524
79.963761
79.240967
79.392917
80.578724
80.334004
79.254781
79.255458
79.667388
81.148896
79.345939
79.260832
79.520930
81.008040
79.145654
79.141341
79.455863
81.180599
79.274321
79.338831
80.049391
80.531357
79.160513
79.328429
80.793504
79.960876
79.143254
79.056478
81.210634
79.409949
80.417431
81.795373
79.745700
79.333007
79.283751
80.601196
79.849307
79.262872
79.142610
80.495011
79.858045
79.061709
78.902196
80.375372
79.787060
79.075730
79.113502
80.421205
80.124710
79.277505
79.265540
80.482888
80.229655
79.297903
79.291407
88.887429
93.596470
91.458496
91.794846
91.626984
91.744267
91.609806
91.843991
87.145510
78.917764
78.488188
80.375621
81.886077
79.030522
79.024211
79.108525
81.180894
79.459926
79.274065
79.341029
80.764291
79.480676
78.816261
78.793848
80.674409
79.499653
78.970343
79.005020
79.599033
80.581304
79.184986
78.973682
79.136238
80.795532
78.802532
79.048268
79.441523
80.987849
79.084997
83.844790
91.216676
91.095226
91.920282
92.248566
91.137954
81.419253
78.796502
78.990908
83.417097
90.944791
91.105332
91.048139
90.857080
91.584980
91.160506
80.616452
79.029313
80.561911
79.512773
78.920443
79.067009
79.143516
80.685555
79.554145
79.247736
79.244464
79.306030
81.364587
78.991433
78.777584
78.996016
79.609768
80.451719
79.198623
79.232781
81.529562
80.697704
79.245389
79.445372
79.233887
81.290290
79.247479
79.356290
79.319378
80.819436
79.922503
90.624592
91.698932
91.789112
91.610132
91.544632
91.070292
81.021558
79.365324
78.651543
78.711474
79.618018
80.353870
78.902644
78.902426
79.931340
80.094378
78.881772
79.088024
80.219334
80.313418
79.207454
79.176506
79.834546
84.559855
92.244263
91.396974
91.523221
91.206215
91.375670
91.459262
91.411620
82.200873
80.169326
78.919120
80.268583
66.096834
70.443455
73.571886
74.644074
75.169708
75.235062
75.293169
75.385412
75.334589
75.276282
75.496665
76.650476
76.024681
75.304794
75.283222
75.499053
76.854376
75.023697
75.165349
75.166335
76.451131
76.137225
75.324975
75.218599
75.338602
77.299739
75.328294
75.355768
75.257478
76.783549
75.730461
75.315318
75.078697
75.853160
76.690601
75.073479
75.074778
74.866283
76.585419
75.269936
75.025848
74.957426
75.129033
77.056513
75.453248
75.161365
75.060533
75.974348
76.293952
74.918673
75.037389
76.279398
77.650714
75.809193
75.132431
74.999147
75.708397
76.417270
75.132935
75.227004
75.095936
77.001077
75.314353
75.033229
76.306272
76.227244
75.791006
75.151903
77.069078
75.476988
75.159621
75.413846
75.972983
76.514943
74.947501
74.899865
75.085018
76.742103
75.455141
74.894494
75.070787
75.082147
77.219282
74.933496
74.833553
74.831814
76.578615
75.468738
75.158732
75.179550
76.615279
75.727738
75.059992
75.163052
76.838597
76.067526
75.057291
75.437119
76.884708
76.024769
75.398261
75.334386
75.731669
76.714362
75.187124
75.140655
74.903908
77.042384
75.379109
75.255404
75.227390
76.853143
75.467750
75.070715
75.228091
75.194664
76.220246
77.150983
75.399066
84.170965
75.136962
74.882460
74.883700
77.048760
75.205693
75.061007
75.072186
76.949765
74.880649
75.010823
74.937410
77.201323
75.166125
75.076181
75.211660
76.831248
75.929807
75.217361
75.234724
76.398959
76.481245
75.238656
75.364523
75.343569
76.268706
76.173014
75.332938
75.247490
75.246933
77.153194
75.151427
75.002596
75.021914
75.697424
76.583554
74.985641
75.009243
75.077636
75.748452
76.771066
75.485365
75.886248
75.466889
75.456368
75.277333
75.188782
75.148975
75.371956
75.812334
75.603952
75.570482
75.519018
75.592397
75.510061
75.444549
77.374101
75.332927
75.304601
75.197167
75.241612
77.165042
75.095274
75.044847
75.011724
75.391261
76.435642
75.010739
75.192965
75.309762
76.824415
76.485810
75.209106
75.295393
75.282974
75.256373
77.134758
75.206708
75.216612
75.174114
75.329891
76.403592
76.333099
75.349254
75.396864
75.100560
76.267244
76.338931
75.215821
75.359484
75.412507
76.997678
75.042196
75.401336
75.532368
76.866510
75.405881
74.969765
74.827215
74.857025
76.919019
74.865609
74.980716
75.048626
75.405227
76.992811
74.979977
75.159849
74.854778
75.838775
76.146012
75.006241
74.922921
75.085885
77.024986
75.277591
74.960744
75.236483
75.202872
76.982902
75.436668
75.183812
75.075048
74.928367
75.146456
75.253597
75.296932
75.020859
75.895350
76.454517
75.119962
75.042615
75.135763
75.102780
74.997065
74.860728
75.071617
74.976753
77.047283
75.061559
75.041167
75.015436
76.398398
75.384533
74.866096
74.783137
74.865743
76.910773
74.929634
75.047642
75.189167
75.163043
77.133836
74.933106
75.012363
75.108512
75.036053
76.823241
74.953018
81.501183
74.906520
76.789739
75.939165
75.125196
75.142492
76.484712
76.421457
75.284707
75.074668
75.612698
76.828747
75.077843
75.319249
75.168009
77.021225
75.324042
75.201671
75.304485
75.804448
76.959487
75.612392
75.408675
75.359884
77.036317
75.577640
75.176356
75.375295
76.138806
75.368367
74.743478
74.902007
74.880294
76.255581
75.398673
74.837122
74.840477
74.927699
76.823908
75.426288
75.138009
75.068518
75.071551
77.165127
75.229469
75.222845
75.291313
75.910515
76.736092
75.152247
75.215452
75.194227
75.952229
76.430186
75.010841
75.173783
75.352419
76.207289
76.379771
75.246726
75.380102
75.355867
76.408334
75.948164
75.202385
75.114920
75.104569
76.522023
75.811698
75.294443
75.248721
75.144240
75.830092
76.240198
75.081713
75.127015
75.171601
75.272148
76.779901
75.729897
75.129269
75.462799
77.673562
76.203841
75.073610
75.077301
75.070923
76.048635
76.333613
75.488671
75.376500
75.523275
75.193715
75.057063
75.025419
75.156661
76.807438
76.029350
75.430086
75.329923
75.364315
76.785043
76.124497
75.652987
75.414487
75.656128
75.354009
75.185324
75.174756
75.024677
76.893881
75.123510
75.353827
75.471990
75.404670
75.472476
75.422544
75.393562
75.625404
77.048198
75.302580
75.111781
75.206453
75.938723
76.419446
75.258105
75.082132
75.044422
75.055503
77.154194
75.110114
75.045783
75.047247
75.260881
76.793979
75.060629
75.295430
75.348105
75.812589
76.653848
75.201044
75.262862
75.274085
75.402184
75.830203
76.788009
75.293913
75.369284
75.199296
75.115018
77.061113
75.048836
74.956468
75.193337
75.021944
76.497686
75.747695
75.045955
75.039146
75.395428
75.659962
75.811122
75.502900
75.342280
75.241481
75.493384
76.862380
75.208765
75.038536
75.107281
75.025025
75.389557
76.457762
74.869865
75.116140
75.032095
76.028217
77.023038
75.367586
74.964926
76.725713
75.631975
75.256956
75.188146
75.135821
75.294514
77.063597
75.066021
75.052873
75.035426
75.163511
75.358612
77.212959
75.348593
75.325042
75.196210
75.199831
74.988330
76.711427
75.293813
75.060644
75.022159
75.082188
75.232774
75.465993
76.738439
75.292899
75.001409
75.135649
75.346471
75.343587
75.522130
75.280335
75.234675
75.291857
75.316643
75.374834
75.298155
75.197662
75.309149
75.242392
75.170200
74.889936
74.896034
75.026333
75.158663
75.065937
76.756890
75.242298
75.326867
75.295251
75.245765
75.255667
76.852452
75.042745
75.263614
75.190386
76.865216
75.240501
75.078356
75.201771
75.911979
75.245854
77.025499
75.761255
75.092854
75.284076
77.486944
75.431411
75.009587
75.111844
76.088909
76.133336
74.988510
75.127875
75.026723
76.827713
75.270614
75.099337
75.016661
75.918382
76.629255
75.131062
75.154175
75.075522
76.545745
76.347104
75.282284
75.364240
75.387278
75.359688
76.306489
76.284141
75.130388
75.169435
75.170346
76.697461
75.834055
75.326298
75.140217
75.924767
76.846638
75.102705
75.107754
75.259761
77.199918
75.189874
75.390269
75.521752
77.517852
75.318622
75.179408
75.206138
76.610328
75.989680
75.126085
75.227066
76.479461
75.921862
75.163382
75.441546
75.912842
75.602583
77.348270
75.491095
75.305004
75.408595
75.443138
75.460213
75.553076
77.100525
75.237175
75.251581
75.754484
75.455697
77.169695
75.496196
75.539665
75.635286
75.375100
75.383760
75.297947
75.365651
75.368867
75.462693
75.421022
77.448122
75.653275
75.497759
75.390303
75.255220
77.027730
75.525254
75.083704
75.047973
75.060423
77.058884
75.048063
75.121184
75.228101
75.138879
77.564503
75.138077
74.974944
75.107233
76.572921
76.131623
75.187367
75.338989
76.793118
76.498773
75.500518
75.446968
76.176973
76.456795
75.300475
75.360597
76.521981
76.070229
75.136480
75.164048
75.707409
77.077178
75.331302
75.266616
75.288268
77.257348
75.353133
75.033199
75.079201
76.372302
78.332713
74.908612
76.853694
75.235604
75.109643
75.058016
75.385648
76.683712
75.187025
75.166633
75.100595
75.300677
76.816182
75.084869
75.136329
75.002807
76.226341
75.593757
74.900129
74.819490
74.853442
76.946809
74.893040
75.024802
74.954296
76.282496
76.163764
75.269456
75.183259
76.340141
76.133383
75.001904
75.047599
75.372566
76.906518
75.033986
75.064238
75.050910
76.842553
75.194882
74.874874
74.947290
75.589779
76.655805
75.090694
74.998779
75.039310
76.707421
75.900074
75.163033
75.161807
75.266120
77.055037
75.249659
74.894345
74.861246
75.050851
77.291252
75.231670
75.282247
75.129779
75.391727
77.046624
75.028920
75.175105
75.014467
74.974276
77.049368
75.348522
75.135592
75.178057
75.213501
77.434332
75.309027
75.329317
75.211253
75.418054
76.746716
75.169869
75.287169
75.224553
76.239761
76.039851
74.998566
75.431370
75.571763
77.419906
75.283117
75.161108
75.312617
76.071817
76.552844
75.151286
75.133757
75.289449
76.567877
75.749523
75.193051
75.287063
75.850613
76.792422
75.201099
75.196480
75.122716
77.261133
75.528290
75.210614
75.278650
77.469772
75.233592
75.272306
75.426138
76.284652
76.386424
75.199332
75.190330
75.046081
77.176746
75.167437
75.246256
75.498269
76.314121
77.630952
76.092595
75.172624
75.299044
75.941238
76.889237
75.193719
75.244572
75.239822
75.380767
77.432037
75.284350
75.328452
75.242604
75.538252
76.771962
75.127174
75.322494
75.415974
75.888453
76.857104
75.179311
75.481864
75.433154
76.792263
76.477568
75.251025
75.227286
75.242103
76.629611
75.700826
75.235195
75.035698
74.926251
76.123461
75.881448
78.971505
68.050830
71.741375
73.197519
75.650866
75.777786
75.823788
75.604292
75.672573
75.778949
75.842193
75.713562
75.894016
75.744219
75.512200
75.372218
75.329783
75.349597
75.398794
75.570881
75.390255
76.742757
75.698970
75.188445
75.249960
75.059941
76.403781
75.912369
75.264743
75.380252
75.315061
75.978854
76.654221
74.940784
75.058346
75.199266
75.406447
77.170342
75.096285
75.225135
75.210680
75.263966
77.042478
74.987945
75.047429
75.016078
74.955536
77.024054
74.847507
74.900131
74.969101
75.200587
75.631196
76.309158
75.044586
75.116622
75.139856
75.042701
76.405471
75.819102
75.025341
75.268511
75.350868
75.467692
77.132057
75.091686
75.035011
75.099328
75.200493
76.724161
75.848439
75.484167
75.624405
77.012678
76.185743
75.540915
75.218685
75.532969
75.412544
75.231551
74.990725
75.029998
75.096487
75.215535
76.745259
75.273946
75.354854
75.353900
75.296072
75.387920
75.297998
75.456392
75.578497
75.424265
75.453250
75.227400
75.151973
75.778994
77.089891
75.303678
75.376128
75.281244
75.333969
76.617148
75.674186
75.190026
75.201065
75.119200
76.105377
75.889785
75.157552
75.000792
75.025549
76.527014
76.633879
75.450127
75.356999
75.235833
75.294099
77.116877
75.229088
75.255815
75.075493
75.168286
77.225234
75.497084
75.152475
75.182298
75.053129
76.554093
74.716550
75.177465
75.421881
76.521462
76.484439
75.538278
75.317377
77.592636
75.550036
75.441162
75.595073
75.933631
77.408065
75.224083
75.377065
75.430263
76.323309
76.727884
75.574112
75.479547
75.524847
76.501353
76.305742
75.647313
75.522470
75.413108
76.219959
76.286925
75.065230
75.089408
75.114218
76.473800
75.785074
75.093119
75.191532
75.332703
77.161406
75.383244
75.365992
75.228519
76.292969
76.214534
75.099426
75.090868
76.907156
77.551351
75.291170
75.297347
75.184659
77.103772
74.964068
75.083230
75.031602
76.073110
75.548654
74.938501
75.153094
76.238015
76.426128
75.042471
74.939621
74.905288
75.941685
76.202832
75.068926
74.978051
74.981620
76.706986
75.375424
75.327926
75.286307
75.722471
75.793041
75.865564
76.774922
76.717946
75.428488
75.178008
75.080230
75.399526
76.946007
76.032017
75.304965
75.572287
75.754344
76.672897
76.436863
75.525328
75.504856
75.416312
75.664939
76.714455
75.288588
75.329592
75.453264
75.344314
75.483668
75.411350
75.249988
75.442639
75.468409
75.748338
75.817231
75.585182
75.643537
75.541720
75.217832
75.210920
75.333962
75.508828
77.100587
75.442637
75.714742
75.520043
75.541599
77.842653
75.489871
74.854834
74.875538
75.024544
76.657898
75.657108
75.287309
75.325589
75.157756
75.892708
76.391542
75.274687
75.139064
75.159673
75.104940
77.222447
75.280780
75.192945
75.333824
75.353958
77.418083
75.412746
75.439211
75.584644
75.414317
76.710349
75.956778
75.306427
75.145880
75.263717
75.847948
76.637953
75.096610
75.159500
75.269151
75.354339
76.616957
75.823263
74.993110
75.096644
75.172782
75.767561
76.586355
75.063220
75.016021
75.098651
75.609094
77.021812
75.231567
75.130950
75.038137
75.946893
76.487943
75.639720
75.668920
75.646363
75.591512
75.538366
75.246732
75.450068
75.483429
75.194357
75.354927
76.000135
77.452456
75.877033
75.322608
75.509673
75.424598
76.131210
76.443676
75.378407
75.193198
75.088245
75.297990
76.931982
75.020584
74.995412
74.937453
75.570960
76.375306
74.816105
75.037541
75.100002
75.469166
76.722916
75.125470
75.059922
75.120366
76.329971
75.944607
75.312165
75.209333
75.116790
76.355725
75.726827
75.015240
75.098983
75.167500
76.736564
75.210487
75.208756
75.163225
75.224186
76.953065
75.033171
75.624907
75.471058
76.580784
75.889459
75.275244
75.237036
75.278068
77.256015
75.210276
75.096794
75.261265
75.482491
76.749108
75.212651
75.170873
75.191712
76.305367
76.023584
75.019374
74.995189
75.119343
77.166251
75.351798
75.075467
75.061490
75.039459
75.817921
76.496680
75.208937
75.207199
75.341870
75.193022
76.961626
75.069290
74.932989
74.951119
74.913829
76.776236
74.830045
75.048384
75.082573
75.146121
77.200859
75.180039
75.025450
75.079711
74.982614
77.016919
74.973105
75.031000
74.950208
75.272248
76.833344
75.373720
75.249961
75.261303
76.861254
77.834369
75.747490
75.446775
75.490803
76.003661
76.639541
75.195945
75.198779
75.331800
76.081863
76.509233
75.307412
75.489821
75.547059
77.263926
75.507622
75.167262
75.035310
75.149421
77.336745
75.508047
75.600949
76.778311
76.890243
75.455494
75.510647
75.610790
77.069842
76.121485
75.282372
75.294774
75.412735
77.547993
75.200517
75.159047
75.358800
76.282055
76.653391
75.492888
75.392313
75.194749
76.574440
76.088651
75.341365
75.259682
75.393380
76.856281
76.182953
75.366026
74.873847
74.814574
77.216000
74.998131
75.188851
75.097519
75.083884
77.147173
75.099226
75.335582
75.392111
75.234841
76.841011
75.329174
74.985977
75.362810
75.327921
76.285691
75.935708
75.215974
75.345544
75.185133
75.100229
76.850132
75.773736
75.478651
75.624662
75.566843
75.744663
75.541105
75.250516
75.229721
75.148260
75.179771
75.577588
76.900357
75.142952
74.873014
75.064908
75.116635
76.600010
76.269564
75.251468
75.335192
75.224939
75.049491
75.263022
75.256262
75.318151
75.373463
75.303265
75.431327
75.527439
74.952518
75.215759
75.490319
75.402265
76.034136
77.246830
75.786555
75.778007
75.370065
75.173951
77.310674
75.528269
75.324822
75.476935
75.413753
75.384027
75.285829
75.335480
75.207984
76.857312
75.754885
75.082049
75.155278
75.143839
75.200920
77.191854
75.692502
75.196091
75.116232
75.199865
76.530207
75.724194
76.650915
76.683650
75.333367
75.307039
76.315948
75.016046
75.147168
75.181576
75.109879
76.789267
75.347001
75.083223
75.197317
75.247603
75.968318
75.554966
75.442066
75.715063
75.529710
76.869891
75.501172
75.147536
75.428695
75.486283
76.412844
76.243883
75.408806
75.396455
75.290003
76.446866
76.455764
75.432539
75.205035
74.863872
75.349506
77.111003
75.100723
75.380676
75.523207
75.828888
77.251097
75.363557
76.275247
75.681583
77.146548
76.015490
75.533820
75.625174
75.856150
77.087596
75.281247
75.381208
75.331344
76.977246
76.084070
75.363918
75.372205
75.172887
75.729530
75.534229
77.183705
75.643149
75.977572
75.721691
75.376215
75.281642
75.597806
75.798165
76.249761
76.582269
75.316598
75.446489
75.418072
75.636943
75.569192
76.477933
75.182729
75.957204
76.100013
75.020872
74.954544
75.161876
76.734810
75.634376
75.027452
75.016104
75.033594
75.696430
76.280246
75.091015
75.580377
75.679873
76.636585
75.814199
75.177748
75.282392
75.282562
76.929266
75.464867
75.170316
75.041110
75.039876
76.677051
75.610432
75.051793
75.059991
75.168440
76.338106
75.849548
75.293047
75.265816
75.341869
75.774806
76.855396
75.287329
75.724004
75.155943
75.884482
77.415909
75.922159
75.672576
75.248856
75.524008
75.628677
75.613149
75.496689
76.857199
75.669561
75.585014
75.291714
75.739436
75.504399
75.480525
75.758715
77.812589
76.373114
75.357987
75.576957
75.526920
78.035901
76.273624
75.819302
75.293816
76.770451
76.753708
75.438346
75.543080
75.870174
77.803293
75.473777
75.384027
75.243192
77.333622
76.364410
75.881945
75.907047
76.651821
76.252377
75.297736
75.399379
75.252855
77.232760
75.832419
75.909935
75.249836
77.686954
75.453227
75.317695
75.125201
75.459291
76.921803
75.210025
74.962647
75.137516
77.053169
75.235701
75.228760
75.190153
75.938336
76.467536
75.520065
75.268830
75.823815
76.949016
75.405554
75.593440
76.483552
77.246547
75.548440
75.728028
76.583175
77.232556
75.959134
75.808923
76.489353
77.049747
75.527665
75.592246
76.471805
76.749987
75.428988
75.271528
75.871504
77.005038
75.475504
75.531112
75.478833
77.598979
75.759398
75.531675
75.664921
76.437987
76.779484
75.525297
75.705562
75.752947
77.735833
75.705140
75.637709
75.604595
75.546885
77.442606
76.186383
76.047739
75.687748
76.328058
77.183163
75.458323
75.753468
75.989847
76.958874
76.126054
75.532107
75.322373
75.496801
77.647695
75.120554
75.546329
75.499134
75.612951
76.677273
75.517676
75.759994
77.800508
77.022485
75.226260
75.218795
75.115443
76.295961
76.325266
75.744549
75.758562
75.825767
77.111442
75.302656
75.428637
75.395311
75.973826
76.364015
75.079379
75.640073
75.428118
77.234702
76.034962
75.857942
65.140587
69.809875
72.826397
74.021638
75.514508
75.670344
75.588158
75.483118
75.311234
75.347205
75.385365
75.525127
75.600696
75.436766
75.468772
75.398317
74.861257
74.907992
74.908091
74.985538
75.285173
75.277867
75.343390
75.392440
75.297596
75.196646
77.032923
75.360891
75.479582
75.477401
75.491872
75.383867
75.363290
75.255203
75.204158
75.257712
75.240365
75.377612
75.446907
75.409541
75.220585
75.227703
75.179222
75.401753
76.999059
75.341041
75.277717
75.229274
75.022373
75.647325
76.351930
75.281618
75.205955
75.052763
75.114383
75.065009
77.081683
75.076416
75.277236
75.319114
75.325244
75.302912
76.188307
76.390553
75.215770
75.320545
75.384230
75.077418
77.652723
75.976938
75.485648
75.417222
75.371927
75.575285
75.517852
75.448029
76.621645
75.999564
75.537943
75.256392
75.261564
75.472473
75.421021
75.185548
75.286801
75.120819
74.787952
74.957616
76.167485
75.811250
75.310371
75.319717
75.580058
75.472305
75.543124
75.219221
75.206829
75.104899
75.627083
76.800547
75.316607
75.342360
75.346344
75.306716
75.352156
74.966862
75.136852
75.161246
75.274473
75.506971
76.426613
76.789782
75.545380
75.579229
75.385465
75.408930
75.330137
76.854381
75.753507
75.357745
75.487585
75.277837
75.342681
75.390910
77.195282
75.362980
75.414749
75.378032
75.359031
75.217744
75.982327
76.243940
75.261329
75.352089
75.333897
75.335073
75.324084
76.978842
75.523846
75.615189
75.508895
75.330660
75.393755
76.916681
75.140013
75.218248
75.281451
75.187970
75.238973
77.140806
75.560557
75.221470
75.363960
75.177228
75.116322
76.663695
76.024655
75.590449
75.994760
75.309443
75.617143
76.782820
75.191093
75.032877
75.245606
75.275990
75.274392
77.145169
75.186301
75.317714
75.297300
75.646535
75.447430
76.101535
76.088725
75.305504
75.163092
74.985640
75.143683
75.323641
76.405591
76.238989
75.540124
75.538453
75.434485
75.387235
75.370222
75.283843
76.665358
75.678387
75.135753
75.441986
75.367876
75.277718
75.041537
76.596126
75.743625
75.257834
74.970467
74.933441
75.126813
75.766698
76.740833
76.071279
75.495702
75.347610
75.497522
75.224698
75.260641
77.149742
75.572422
75.049211
75.122121
75.005892
76.170064
77.443219
75.464454
75.518243
75.417755
75.217730
75.298822
75.218027
75.445204
75.302834
76.208224
76.386462
75.179022
75.020981
76.055341
75.900464
75.651024
75.517459
76.073863
76.596890
75.199563
75.118129
75.045911
75.055285
75.131359
77.044881
75.005307
75.219615
75.355786
75.290502
75.344854
77.459758
75.419434
75.300072
75.161004
75.078733
75.998611
76.973815
75.571478
75.380265
75.315345
75.370655
76.608481
75.768836
75.301352
75.072879
75.087054
75.625696
76.696022
75.340784
75.376405
75.175835
75.087081
76.673232
75.845828
75.367376
75.129314
75.147437
74.953216
75.652742
76.640110
75.300682
75.627451
75.885829
75.666559
75.461446
75.355387
75.463178
75.446501
75.586606
75.808843
76.916305
75.334760
75.130364
75.047963
75.117425
75.188997
77.519464
75.597606
75.471279
75.378985
75.347734
75.573034
76.890509
75.405648
75.330675
75.304282
75.275686
77.258906
75.297489
75.526363
75.524194
75.466220
75.310201
76.708588
75.643667
75.199256
74.955498
74.949066
74.909415
75.187545
77.174272
75.110679
75.532635
75.463951
75.281773
76.482325
75.709021
75.038655
75.093539
75.163379
75.307876
75.148843
76.923806
75.109666
75.086732
75.270655
75.202011
75.282741
76.474846
76.201842
75.424560
75.475292
75.566875
75.330269
77.245614
75.353514
75.262454
75.233029
75.190386
75.245841
77.298004
75.272863
75.358232
75.499391
75.372003
77.247132
75.340459
75.509789
75.537551
75.391088
75.305197
75.266654
75.252589
75.318431
76.391680
78.119754
76.847212
75.640590
75.635707
75.502496
75.773463
76.900764
75.368013
75.070057
75.099711
75.476232
77.090766
75.522444
75.333184
75.373726
75.137637
74.745282
76.296438
75.109238
74.896715
74.877861
75.116657
75.056701
76.631409
75.750246
75.304436
75.330471
75.242776
75.403440
75.403816
75.408329
75.169549
75.310885
77.145490
75.240730
75.141158
75.108793
75.089800
74.930571
75.254482
76.770813
75.860621
75.339358
75.367235
75.309118
75.120933
75.158762
76.409489
75.914492
75.763492
75.178537
75.177209
75.184617
76.114121
76.909982
75.707852
75.570154
75.305486
75.289275
75.363586
76.044995
76.619372
75.388990
75.644113
75.659046
75.564986
77.261888
75.315629
75.422670
75.385409
75.527696
75.548135
77.379747
75.481167
75.368275
75.467855
75.320647
75.413091
77.449311
75.532426
75.648495
75.626324
75.276048
76.035134
76.348317
75.272985
75.531921
75.369980
75.641317
76.979616
75.657001
75.771444
77.934277
76.192071
75.495357
75.699552
75.583988
76.645922
76.236011
75.715130
75.580360
75.547427
75.441042
77.316768
75.272055
75.112302
75.796496
75.668157
77.409758
75.195813
74.792372
74.840780
74.880136
76.174176
77.387646
75.431564
75.446427
75.580573
75.826320
75.737573
75.425546
75.484070
75.518325
75.252842
75.198189
77.194940
75.313231
75.391469
75.299180
75.374368
75.630167
76.552893
75.032326
75.073240
75.078865
75.053813
74.977233
76.155778
75.958505
75.055897
75.055979
75.040485
75.230355
75.244973
76.606085
75.666756
75.564589
75.280261
75.185397
75.243805
75.166583
76.505611
75.841470
75.312752
75.231758
75.633708
76.127428
75.558115
75.579688
76.661326
76.099002
75.319895
75.159039
74.991862
75.035434
75.133759
76.912092
75.560592
75.345868
75.245777
75.257542
75.210613
76.095300
76.179315
75.117866
75.023005
75.317142
75.204127
76.724710
75.419193
75.241002
75.298261
76.577371
75.999609
75.225833
75.270026
75.357465
75.979433
76.533802
75.043041
74.977139
74.865415
75.150681
76.715935
74.863664
75.037764
75.035440
75.146080
77.338955
75.357049
75.153388
75.254224
75.257918
77.083795
75.347144
75.368353
75.455095
75.348391
77.279631
75.199031
75.192485
75.254836
75.362236
77.002140
75.449818
75.195989
75.249055
75.598828
76.954459
75.256439
75.344519
75.277274
75.462245
77.242252
75.435550
75.013201
75.045115
75.011373
74.897035
76.943644
74.909851
75.086064
74.963659
75.012498
75.471929
77.109898
75.413248
75.454269
75.371042
75.615537
75.445795
75.363757
77.507812
75.617374
75.415488
75.281407
75.343896
75.249228
75.387687
75.684305
76.839082
75.358732
75.396799
75.487744
75.415741
76.027068
76.828486
75.447516
75.301729
75.371039
76.334114
77.974530
75.415028
77.287079
75.525871
75.324301
75.409179
75.337148
76.686229
76.119928
75.518215
75.261610
75.223914
75.261828
77.946126
75.279577
75.332423
75.414581
75.594811
76.015534
77.020449
75.602060
75.597359
75.545770
75.913843
76.670920
75.261425
75.259866
75.352518
77.101760
75.777867
75.797729
75.669530
75.428104
76.095895
76.515383
75.171328
75.299286
75.191543
75.052792
75.702953
75.578185
77.403239
75.419140
75.343554
75.194197
75.552413
75.774416
76.534471
76.467328
75.404835
75.305587
75.290468
75.338769
76.792276
75.778476
75.073545
75.071434
75.129209
75.358807
77.156065
75.291629
74.958044
74.992918
74.875859
74.866356
76.340169
75.910912
75.345519
75.233766
75.146377
75.206265
75.057612
77.076306
75.348092
75.245709
75.265996
75.085671
75.184135
76.381197
75.905589
75.393778
76.725036
76.846859
75.717362
75.759794
75.529840
75.324219
75.265479
75.237008
77.273085
75.265540
75.316751
75.275359
75.133619
75.701525
76.583237
75.079251
75.066953
75.087858
75.073747
77.221353
75.100598
75.106014
75.132935
75.288689
77.261722
75.369436
75.287826
75.304645
75.553346
75.208099
75.387752
75.200679
75.299411
77.310484
75.418711
75.285622
75.266822
75.204920
77.278015
75.068924
75.045256
75.252008
75.352974
76.773510
75.821714
75.260353
75.158943
75.103007
75.821057
76.504936
75.202664
75.300338
75.198701
75.242292
77.089217
75.348512
75.430749
75.259360
75.192581
76.699585
75.508113
75.061341
75.089567
75.226674
76.434775
76.325855
75.450791
75.407212
75.402914
76.514850
76.283902
75.246186
75.239505
75.234602
76.372628
76.134288
75.359205
75.381816
75.389739
75.862484
76.847964
75.309483
75.229203
74.853846
76.453588
75.750046
75.455201
75.306205
75.448802
77.484357
75.170007
74.914668
75.146687
75.358038
77.091922
75.272711
75.070745
75.548868
75.750153
75.624222
75.634560
76.556234
76.245265
75.387301
