100.000000
102.237186
89.441965
75.651268
99.095891
106.813448
95.655300
85.879616
92.488791
92.816010
99.395267
97.707884
81.642945
82.940907
94.721079
104.607260
95.712963
104.277384
110.322359
115.703846
89.827186
85.316468
87.613356
93.967009
85.151763
81.299667
92.267503
87.015831
110.722188
86.032193
88.853197
86.247308
88.561766
88.763496
89.115630
107.973364
90.826939
84.921646
84.728925
87.811117
106.510114
101.480931
97.061943
100.031765
88.628678
83.029859
76.311887
87.615080
86.128432
94.715027
95.095991
99.163183
84.534849
82.063670
87.080859
84.847976
84.126224
89.715416
90.855662
107.214265
96.548310
98.600599
111.123759
106.271060
94.747022
97.922898
92.336593
100.104095
94.334960
87.202771
88.507258
89.529188
101.100230
100.782713
109.277039
94.243133
95.917838
99.777435
100.053494
94.850162
101.731399
101.047546
111.936265
89.742872
98.389226
96.916335
100.233451
95.438500
86.114507
94.977241
108.593618
110.806836
111.019781
118.189962
110.192595
114.618225
105.894161
91.795697
96.339572
84.916642
95.233337
86.170300
111.346520
87.497806
87.781270
85.992870
87.160453
104.927649
115.089319
94.920543
90.689215
93.773395
111.019176
106.279937
113.969727
83.937415
98.013685
99.339639
95.635517
95.499999
90.693131
93.567235
93.300386
83.427144
93.711216
101.046499
92.651011
105.372148
104.974513
125.895922
111.569344
110.101166
110.929226
100.970895
89.759396
84.199010
95.268134
103.337763
105.220612
110.895555
93.352975
98.731112
110.072834
107.520497
103.046439
102.106783
104.035498
94.957565
99.341413
105.104613
101.228153
103.711810
90.826889
101.594843
89.330511
112.769356
113.948372
97.911144
110.927036
99.556694
91.758600
86.196774
84.277985
87.818581
93.136718
103.191952
93.328399
98.103048
101.650083
102.304639
94.155213
91.610088
95.912190
95.520843
89.814930
109.253386
111.248090
82.908420
96.588893
110.134058
98.971025
85.013201
96.526050
98.559882
103.679185
92.977222
106.163376
99.117162
109.869553
107.223566
103.745744
95.454809
96.173306
96.376436
94.666428
90.030648
93.988344
105.041688
94.933526
99.433996
100.359873
85.898350
95.275602
95.731983
98.065173
102.738321
90.012614
93.811614
89.857850
104.317845
100.511583
103.831256
109.721311
91.867086
105.943649
98.884974
87.908308
91.104575
91.355539
95.769976
110.407486
88.198534
94.324866
93.754869
91.636808
87.316692
94.052165
103.880022
106.776396
102.492348
103.591510
112.173404
105.207598
105.212669
96.283047
96.586404
108.184987
109.768527
103.979938
96.695230
104.914623
97.119202
103.207296
114.227039
105.424475
85.487613
87.499149
92.912775
97.845206
95.373887
109.950662
112.676379
102.720168
102.427343
108.483567
89.231026
96.794200
109.790486
96.752939
86.977368
101.461817
100.703798
100.046757
95.862753
102.051480
89.281853
94.604728
91.488759
109.084281
110.642041
92.091807
106.475495
107.195326
90.626018
93.486351
79.774645
109.782344
99.897733
90.928075
87.253162
89.510613
98.484176
94.606396
100.893851
106.721861
89.702963
109.717223
98.108418
103.650323
110.416195
117.458462
108.258424
86.366344
90.719532
89.100641
108.229280
105.045681
105.384037
86.068074
89.409588
102.653704
111.787038
113.992170
103.823585
99.770462
95.274161
100.107344
92.732399
98.059987
91.849363
86.734323
84.838419
100.764493
102.651199
95.307186
97.440006
100.904347
92.620431
105.426182
109.040047
96.396224
106.027717
99.664027
101.337799
100.423141
98.160853
99.349405
99.161740
86.134952
91.494791
90.664743
107.904158
97.421859
94.893913
108.931178
103.173047
112.308920
97.313525
97.363557
100.175078
90.441866
107.437351
112.432606
122.090783
93.960468
95.774926
88.694703
93.395968
78.888317
105.200885
105.034629
98.101652
115.179033
98.990699
96.507713
99.747529
107.587397
89.968676
87.449687
99.350060
97.612132
90.090935
103.074609
95.901529
107.569862
105.744827
105.024671
106.492351
112.849418
105.643304
100.661030
98.888506
116.388427
94.024156
95.070664
90.418666
93.460408
96.842695
105.035594
94.083584
94.362102
93.089520
99.288591
102.809261
79.572361
90.328178
104.779839
101.324150
103.442948
100.168560
100.185503
101.189002
90.769563
99.955440
91.990102
91.363600
87.419352
96.674547
100.197889
95.386625
97.105854
115.481470
101.833265
99.890648
90.206143
82.247401
87.211696
98.542083
93.779731
90.270456
90.725406
87.641904
113.442414
101.508536
99.964980
99.641606
94.523899
93.368073
88.795106
86.894322
84.349359
87.448012
100.433073
110.040658
100.059017
99.923417
110.837716
107.397947
106.095376
97.008541
102.060401
110.498659
111.728874
100.861775
88.390143
98.349249
96.558288
96.595492
111.520026
103.729539
106.000631
119.793254
101.960738
88.125781
98.371261
110.555784
95.128320
86.949122
109.630494
94.560406
94.427222
87.856440
99.207883
99.936219
90.573426
92.939944
113.890773
114.329648
95.750323
98.361354
99.991785
103.020102
84.818479
114.461453
89.463528
98.781374
94.952308
93.262739
108.674856
97.654556
108.744960
95.904119
93.840569
103.911621
100.530431
103.485922
105.465660
101.147351
99.185758
109.184481
105.250693
103.532294
96.064072
85.030654
89.768445
88.054214
94.580743
95.798893
109.684372
100.596058
115.702450
85.242854
86.006393
85.263747
92.054909
103.945193
101.237242
90.655235
96.909579
101.210813
88.208457
95.976771
89.128684
87.729758
112.526346
104.712639
99.110835
95.248359
96.843655
99.464250
109.183913
90.624565
105.502918
98.695087
95.954308
96.367175
96.536766
101.758682
86.583421
84.364728
123.959583
95.320894
86.076539
96.407098
105.463306
84.979191
95.975026
104.351389
111.739123
108.957605
111.585139
90.128086
100.167036
98.390352
112.369709
98.747559
100.086827
100.002499
82.972413
84.506615
86.121555
91.536859
90.610634
100.688117
120.609751
112.753534
89.096439
99.916831
108.072216
106.320285
109.777373
92.632395
93.842863
92.358333
93.079884
94.246706
95.546989
89.616290
116.853074
111.672428
94.657154
97.963719
118.357111
107.984934
84.179373
82.072027
94.753142
98.743815
97.318532
91.899006
82.512550
101.480429
109.457486
105.469131
100.043296
93.265436
98.268590
101.087033
101.415069
92.115542
95.926135
111.977918
95.189950
85.783438
94.860852
94.980125
104.304988
107.505323
97.338399
93.765538
106.031527
97.697757
118.531673
111.355868
106.040399
111.408879
96.431051
96.378713
102.527773
85.609927
94.003925
95.145418
96.688262
84.050082
88.715639
103.978762
107.201992
105.888299
84.905637
106.678221
115.288013
113.248765
104.234365
101.755383
105.946937
108.737274
101.396088
87.068636
103.622503
95.939996
110.900761
93.474776
94.375567
99.100011
94.344532
96.077609
105.629598
101.997661
99.575617
104.638451
89.455880
89.676832
90.100341
93.326153
86.771353
89.106788
87.491527
90.636860
100.252475
84.760798
83.487998
122.263010
110.346202
103.381783
95.560466
110.281368
102.388056
117.476737
102.995399
101.000794
110.038930
100.573991
94.105336
98.770866
107.595651
108.003776
111.539936
97.914575
100.339804
100.088383
89.509078
98.747955
99.358938
98.638687
104.722018
96.742329
99.652334
95.566431
87.333049
80.765136
93.334013
99.046388
111.675513
108.007115
100.091368
83.267808
100.869525
118.334031
93.731277
105.947570
109.057851
82.864283
84.153419
81.738115
114.288672
113.302844
97.724165
85.879512
97.346430
106.677657
106.707243
89.657921
103.647173
110.807448
104.257616
114.648707
96.077119
85.505541
118.671947
122.396270
124.106084
98.156552
110.933518
108.827852
109.935224
104.046778
89.157785
90.553388
88.407947
92.114239
94.341792
110.996359
94.386101
102.113864
110.417629
117.927883
95.908416
112.253616
100.082002
96.572585
95.833283
98.947588
96.711633
82.589135
97.663607
99.815875
103.701416
97.031686
94.732268
89.025342
93.869227
91.299913
108.299501
111.616995
110.876920
112.344744
97.456705
85.348189
108.378181
115.707484
88.763430
90.474541
109.314000
97.744426
90.293990
109.636067
105.927961
109.221433
92.884108
91.659316
90.603052
112.889325
95.565080
92.881035
98.937752
88.487614
99.992527
103.945958
98.215816
112.801555
94.911240
106.391172
105.499211
103.144538
91.311122
99.107833
93.851399
90.923940
92.941455
104.839086
88.864478
99.954947
95.648890
92.938278
111.294874
94.519585
87.219068
108.677858
99.842437
101.021027
87.444237
92.153464
99.577653
99.074856
107.137507
109.824090
97.923529
102.619170
104.713021
95.195045
108.488722
124.333136
120.356810
117.690224
142.942515
157.201579
165.673479
156.919099
205.310984
