50
53.894952
55.907150
47.637776
45.503247
47.219752
50.455084
49.868594
47.583487
43.833318
36.090072
44.163189
52.443069
51.705199
53.134646
49.227272
52.153405
46.867580
44.353894
43.800227
39.447372
39.243380
47.585165
43.896244
50.998002
41.078309
42.797949
42.906385
46.470453
46.040674
48.383930
47.836900
46.713741
46.205274
52.821923
48.340772
45.624742
42.806347
44.726277
43.484411
41.718175
41.319781
42.128156
44.286042
44.428589
49.645350
49.297639
48.508587
51.105809
43.776369
44.338173
48.001375
49.333190
49.137750
44.949691
50.574893
51.197970
45.277597
45.252586
40.686925
47.533562
43.912780
40.376645
48.055152
45.314948
48.819264
51.518580
50.294687
48.650375
48.417184
51.980913
54.597638
45.897862
50.069635
52.378070
44.887635
52.782847
50.585638
41.578663
40.515810
49.049266
50.469526
45.365791
50.342751
49.175456
44.171024
43.731228
45.489936
38.336714
49.706938
48.875001
46.953725
50.672038
46.753812
46.885864
51.438790
50.992371
45.254594
45.218833
50.631752
42.390320
46.880913
45.272224
47.877110
43.452999
45.947435
45.044449
53.237819
46.605472
54.477081
43.458408
41.662690
45.883829
51.405040
51.435944
52.999866
47.459747
44.224466
52.788680
53.441498
52.558706
50.569533
52.599003
43.802962
41.399209
44.840498
48.646461
50.244214
46.481292
47.444214
47.235719
50.461300
46.212891
41.191313
47.747541
40.631248
48.774027
49.728686
46.199222
48.088827
46.603983
44.809730
45.378349
45.279169
47.664952
42.996609
47.022191
45.546825
44.530563
49.737397
51.360096
48.400071
40.505713
37.399654
40.118077
39.826675
39.124366
43.904759
39.922392
46.637765
47.726839
44.796417
42.745146
44.886879
43.984536
40.619221
42.497619
40.552859
40.621782
43.642135
48.464953
46.500640
50.877002
51.387492
47.679056
41.511099
42.732734
40.462512
41.859902
40.798653
42.395552
48.260046
52.310353
44.603015
40.208020
45.607363
46.858005
45.181489
41.981228
41.629071
47.950551
52.278522
51.981995
49.360522
42.197774
38.693143
39.110989
51.854927
47.942079
48.539211
51.057718
46.905869
39.271653
51.293911
56.677165
50.084088
45.305299
43.317850
48.997229
49.339595
50.446724
54.060516
44.623439
49.846275
51.242003
49.961230
46.693663
44.803364
39.689067
47.110268
46.745114
51.698050
44.475528
44.286520
47.118680
47.677466
43.566541
44.166247
43.320765
45.817518
38.917593
42.844337
48.635986
47.962630
47.909090
42.872402
46.428374
57.262717
51.879641
44.798759
48.881823
43.332491
42.170393
44.576296
40.377398
44.554916
50.687485
50.918673
48.423412
42.848523
42.166183
38.565764
45.453930
41.638242
44.994067
48.342313
41.890772
45.964439
55.135700
50.002921
48.714530
47.414858
41.271707
45.974861
54.035905
46.783596
43.388511
46.616770
41.401167
45.626916
46.064756
48.169737
39.756024
42.244882
46.089808
49.603769
43.516428
44.266053
46.709407
42.035732
47.322844
47.059624
45.854485
48.181094
48.286975
46.975922
44.070338
45.232251
45.331475
42.006086
42.836056
38.047700
40.904522
49.281956
50.345211
52.963264
46.585957
44.350650
48.462612
46.731786
43.311345
43.470213
36.916131
50.965429
51.830288
48.637238
42.209882
48.112150
42.191076
49.811457
46.615543
47.290212
45.004996
41.380869
46.593057
42.465884
42.930596
52.240010
44.689614
43.251324
49.400021
51.995778
50.478906
52.392751
40.744367
49.139945
52.348792
39.221651
44.908418
49.320067
45.137230
42.983007
46.524651
44.185886
40.613486
38.616391
44.175202
41.873083
43.021849
46.362047
42.042315
41.564783
48.652441
42.119700
44.748521
51.121652
46.665227
52.811795
50.284577
49.675558
47.716813
42.366115
45.422276
43.817845
44.489913
39.220946
39.910185
44.096594
49.015597
48.224979
51.933035
49.669832
48.364034
51.582821
50.441169
45.088423
49.532841
44.068173
45.436405
42.219324
42.672325
43.127035
45.376515
43.971370
43.198073
49.831293
44.250161
48.189506
45.277822
50.553273
49.609394
47.001242
44.715279
42.541315
45.432704
45.528637
49.016461
53.304242
48.962242
45.684433
45.590927
52.231792
50.369906
45.250595
50.188173
48.091132
48.728994
45.573443
44.486792
46.255320
45.335622
44.261602
50.921987
44.934439
46.666234
46.447972
41.713157
44.595577
41.710640
45.098443
39.848093
41.109553
47.153150
44.524465
40.609493
44.599677
48.673969
44.352790
44.123058
51.009687
43.172121
48.389012
42.585526
45.008582
43.572765
43.414501
41.928871
45.256329
52.990785
48.925641
49.259413
48.653517
49.971610
54.960579
50.510141
42.961388
47.013465
45.926466
43.094919
47.955892
51.255475
48.893769
54.608639
48.388905
44.145425
46.201894
47.832905
45.411314
41.755584
45.015792
44.143949
48.135222
55.332923
57.135752
47.083380
52.252809
56.619681
48.582579
50.167542
43.945701
43.580731
50.856099
48.668325
48.135075
41.647295
39.787057
41.822474
42.577912
46.616978
46.834479
44.999660
40.552847
40.177665
57.200862
56.531987
49.890027
54.891369
57.182650
47.684715
44.904345
48.485360
45.046992
41.533625
40.843323
37.642679
41.954588
44.162806
42.381202
43.752540
39.247186
42.737394
51.720694
52.473396
42.844061
45.424554
46.267874
46.104673
42.968901
43.247399
51.531834
45.093352
50.252946
51.153526
46.800524
48.199762
43.183288
43.760438
43.202253
47.759984
55.351818
41.614471
42.348100
38.214722
39.146391
45.378044
42.579913
42.980928
51.032721
41.615355
45.201950
45.395890
38.316341
46.571826
50.986749
56.512389
54.159601
50.834913
51.648392
45.269598
45.464038
44.684492
50.538765
42.330069
42.693209
44.247784
37.602552
47.637443
45.886770
48.933676
41.804493
46.130094
46.156591
51.335982
55.923585
50.460134
51.937158
45.711698
53.621174
48.865013
50.062980
47.461577
46.191368
43.527525
41.344714
50.341261
48.349235
48.337625
52.457014
49.805417
48.736123
43.351731
40.758599
42.553613
50.199168
45.392381
46.658461
48.952496
52.324236
44.976097
51.629772
49.695661
47.254008
42.126780
49.251650
54.907071
48.406045
49.458768
48.036924
44.891083
51.570973
43.588582
45.393601
47.553485
49.920334
46.057980
46.934190
42.829606
42.949094
42.208251
44.141356
46.567905
45.758393
52.510446
50.280470
47.606980
49.702539
49.487428
57.997127
45.182691
48.631685
53.655445
54.516293
49.575924
49.976672
43.552735
47.653303
49.022271
52.252429
52.711337
50.146798
51.689452
50.332487
51.816627
44.092389
50.537633
49.017356
44.040299
46.690041
44.623567
51.134374
52.759329
45.624325
44.283359
47.555307
51.317660
51.934073
52.763763
46.706105
45.624108
44.100625
44.033265
47.172417
50.861858
52.417692
46.820535
48.851650
42.448271
43.810299
43.775379
39.726407
45.962544
51.665205
43.028032
41.497460
47.168094
46.909654
49.472888
44.799223
46.683259
51.477917
49.621042
45.449187
43.916940
42.455990
42.264340
45.234996
41.894356
39.736628
57.389020
45.948262
41.726092
47.782722
48.712551
52.849686
46.510680
40.233610
42.723162
42.079548
42.516194
53.494810
46.207851
51.335782
52.194989
41.246493
46.783626
57.537448
55.314067
53.627062
42.832867
39.880752
52.005210
40.027518
48.123244
47.419105
49.922709
55.232020
38.401516
39.524937
40.281327
47.363177
49.465851
54.835565
44.760766
53.790619
57.784788
47.342230
47.309374
35.375068
38.878603
45.771367
48.015703
44.734315
50.837420
42.356756
47.239187
44.620595
41.427019
43.373231
44.782957
51.208733
46.771401
44.519408
53.032518
49.832954
42.337185
39.774812
44.390608
41.829747
44.418974
47.356418
50.058722
44.923407
41.172997
39.298242
38.925652
48.609946
46.809658
44.129937
46.605191
48.018886
50.277734
50.211330
52.578621
48.946201
54.021322
44.694241
47.055696
41.975058
48.919403
53.498022
47.931939
48.750542
50.165046
44.094800
52.096591
46.080222
45.121250
40.055978
44.936357
50.802018
49.835451
44.107958
54.897457
46.498005
44.897666
44.242919
45.653932
41.044645
44.336881
47.279343
45.272290
45.446320
42.425736
51.149071
49.362078
46.791850
46.817284
43.263115
46.150125
42.894905
51.109815
46.397413
45.237114
40.242082
44.884328
35.128395
47.066927
47.223254
49.256386
45.913705
47.147484
48.767733
52.282563
44.579424
43.817832
46.585949
45.246095
43.329808
50.132680
55.521970
51.289843
47.634319
44.028121
51.928130
52.422667
67.989834
62.136649
72.702725
118.606982
44.865516
52.545122
50.858595
48.782258
52.858345
51.329198
43.313811
50.469542
50.970748
52.138017
44.848153
45.360057
46.940352
51.678909
47.591030
43.387231
52.290002
47.451458
41.659541
43.351573
45.415338
46.555217
48.860010
50.483216
46.978203
50.227545
38.383956
44.231931
45.405786
46.989175
50.943453
49.927173
48.812272
52.367572
52.285496
42.304764
43.547388
44.151230
48.277863
51.592764
48.306285
38.221315
40.555758
38.663328
45.065091
42.285706
50.319848
53.025747
48.132534
47.604315
48.800552
50.927278
46.629652
46.792362
40.266372
52.302456
46.415847
44.927092
50.849092
51.670598
46.383250
48.671958
42.646892
40.520865
45.519739
39.809790
38.208620
40.372801
42.916094
46.604089
54.309937
53.192834
45.136879
52.308032
50.537997
43.971187
52.401412
48.549431
48.953626
50.432864
48.281764
49.700894
44.518789
45.776883
42.260091
39.789005
46.394208
45.765078
46.010874
45.280781
41.649939
42.330595
39.733953
42.116637
53.141494
49.963581
45.920605
48.670053
49.327292
37.963512
51.348433
47.987231
50.201320
53.248779
60.652243
43.185977
52.933059
46.301982
47.726224
55.479920
45.949647
43.136665
43.803018
44.747536
45.506879
46.244138
47.797371
54.026033
43.318758
39.547852
47.140088
45.797440
46.815765
50.046911
47.299616
44.869679
45.154323
50.577153
49.174270
41.283934
49.625265
48.899061
43.622516
44.140453
40.759734
41.043915
40.152879
49.690053
44.852838
42.699794
47.475817
42.749755
50.702419
53.774772
46.165666
42.193100
48.464840
44.538322
45.138760
45.632913
44.521213
49.586576
41.160430
47.648593
48.276617
42.668613
43.947913
44.151116
45.121735
46.339415
50.596316
49.643016
45.485371
46.849301
44.488416
46.834419
44.838342
51.904813
53.697828
50.398874
46.747958
40.799235
48.292442
44.986748
40.363729
43.800035
41.455238
42.324433
43.042137
41.528319
54.994671
44.536625
47.222676
48.362742
50.088812
47.138537
50.237834
43.756156
44.879276
41.538608
43.765773
42.682431
43.332208
47.531544
35.617536
44.156328
49.908378
53.628558
46.264442
56.912602
42.681106
39.596964
43.279016
48.706119
43.802795
42.023261
44.910302
43.950846
50.432463
46.655033
44.375919
44.417445
45.301827
45.296256
48.891649
45.923543
51.400157
50.882899
43.042152
48.272801
56.685120
57.475597
50.431218
42.622881
41.773882
40.524609
42.802687
49.034235
52.882133
51.884143
52.384424
47.883937
52.414463
48.087759
48.839276
55.301103
48.377072
48.727836
46.644062
52.430493
46.883709
42.949293
44.254840
46.091664
47.034799
44.477303
42.787619
51.204277
43.928928
53.710027
44.784930
50.823419
44.437046
45.436695
46.026288
40.767855
43.551323
45.520516
43.924087
41.196693
43.860190
44.805796
45.177821
46.219905
48.637359
42.373966
46.544251
50.567504
41.809000
39.901316
51.371338
48.389148
48.629260
53.128539
50.019907
43.622355
42.850652
48.612618
46.057310
37.801094
44.121262
45.376254
51.273124
48.449679
49.933802
50.008456
47.093187
42.684218
41.448520
42.421502
41.667621
44.801335
40.836665
47.865564
42.326989
47.649738
44.518945
46.508280
46.346095
41.502369
44.068073
42.779700
44.952182
47.929435
45.135914
47.517719
43.776415
48.973132
50.418203
50.431189
48.255469
51.654917
47.882958
50.015516
51.274041
51.149212
50.584515
51.510401
46.072896
46.226473
42.771679
45.900200
43.269169
43.984787
49.629028
49.996734
48.681072
40.970606
45.369196
42.595888
55.173343
52.573546
48.872879
45.483764
46.624288
42.654616
41.079942
51.569134
48.764977
46.889989
44.029436
44.104262
42.419054
46.458468
44.442785
49.650446
51.065872
49.994295
47.302861
43.477504
42.933165
52.138534
54.114420
45.018690
43.956006
46.920910
44.407356
47.608805
43.203566
40.510377
48.797293
49.500178
47.493977
49.306882
44.831849
43.690367
45.771689
46.118977
52.378176
49.857797
44.805360
47.680624
43.301379
43.799512
45.342354
52.258846
42.201619
46.068102
43.347961
47.834181
44.191680
38.745567
43.035787
44.352801
47.513829
50.341123
52.569658
45.644582
46.492895
47.040384
42.159479
48.450254
48.430466
42.880921
46.447634
43.180084
44.634619
46.933265
52.698073
51.559537
51.080370
47.436301
48.650102
46.961160
50.084448
46.664030
46.665299
43.323410
45.568334
47.060827
48.244029
47.047645
46.549633
47.616909
47.322411
49.582145
47.382641
50.005301
47.332439
46.980611
48.730763
44.670388
42.566261
41.122107
41.712808
41.094613
43.242602
38.893565
42.730795
46.846477
44.007295
47.929965
51.501152
44.305451
46.864140
44.520117
50.116158
50.192591
47.369035
48.835215
50.642363
49.751270
44.812361
47.310629
38.316956
42.361675
44.933390
43.671569
44.035891
46.262042
42.147971
51.474683
49.141163
50.607407
45.892540
37.557775
51.603944
45.740017
49.466281
44.208167
47.069408
39.763217
43.258509
42.884147
44.719237
44.369328
43.459822
46.366066
46.293477
51.767682
47.266958
48.793359
42.824027
49.549241
47.217501
41.716583
46.228472
43.363848
49.338996
49.592546
46.877664
41.352892
44.977403
39.566316
45.298596
48.333252
41.086382
40.647451
38.228335
39.186484
49.413873
45.503220
51.770080
47.654385
49.212555
42.959916
49.934603
45.267207
46.657026
50.640372
50.248702
50.431213
45.785521
48.378325
42.377604
44.700548
40.602068
39.179360
42.695171
47.545152
48.073585
45.862244
45.026742
52.060821
46.401451
50.877606
48.945171
53.181026
50.814807
44.864600
43.962322
40.776689
41.964081
40.715358
40.817224
41.071286
41.089928
45.347954
52.987119
47.157210
50.258607
48.103031
51.017016
50.909325
55.057822
40.271224
50.842600
46.687496
50.070794
48.610721
45.555171
41.973663
46.059794
46.719983
49.199299
50.322514
50.490659
46.587590
47.527137
46.161293
48.361370
52.006979
51.745259
52.701482
50.839574
49.980049
52.182021
45.704782
40.800469
44.763705
54.964732
45.261520
47.260045
48.198509
50.650933
46.483507
40.966435
44.616689
47.244451
41.463377
44.214527
45.589311
44.329374
53.719708
53.472115
49.836927
41.868438
45.853247
52.276298
44.386262
41.750434
49.210789
54.237481
44.875368
47.181042
44.276032
40.534647
37.881392
46.928160
48.209072
47.371249
52.224674
48.794948
44.425038
51.371286
47.728632
49.374690
47.899426
44.952471
43.617965
44.039618
42.426906
50.015530
47.953210
45.174878
49.996379
41.503508
47.583099
43.840381
45.668412
41.214290
53.295145
43.113195
43.382987
40.579102
45.618914
49.629283
49.291798
48.569849
41.143194
41.750672
46.314370
48.938159
51.660879
54.110276
53.384604
51.357801
51.545684
46.404764
44.071480
44.557635
47.691369
48.610659
48.329952
46.162432
54.297617
53.806644
55.602481
54.365167
47.105241
44.686606
50.713960
40.793925
46.720529
46.887108
45.252180
43.478469
45.124267
52.003475
50.601190
47.028727
42.545225
45.216479
41.961900
45.476421
47.253016
52.576973
57.431807
47.142219
46.473529
50.782046
47.786756
41.622214
42.882574
40.891807
55.043365
56.586807
44.996411
41.841233
42.593090
47.767742
36.295065
51.413363
47.867647
41.524631
35.664322
46.382592
47.369128
42.758247
40.911615
56.311366
50.718489
46.942241
52.056059
49.885747
51.096962
56.856941
59.314113
55.977569
56.518838
44.004364
44.092109
42.248295
53.600387
54.009339
54.856456
53.264815
37.550206
45.200648
56.683379
46.109491
40.506237
42.330175
57.602984
55.122456
56.765738
47.305306
51.470756
48.564293
48.601513
55.251462
51.219353
55.156589
53.791681
49.997629
45.378129
44.470001
43.581173
40.690203
38.951481
43.852697
51.733365
49.518316
46.029680
42.927256
47.384564
49.447359
49.895314
46.053632
41.599303
39.590528
45.860321
49.589424
47.633421
48.512269
46.618473
49.973473
44.287547
43.423684
47.177279
45.788061
43.016663
37.823567
44.652360
46.244593
53.282866
50.022296
51.398471
45.417123
46.120840
47.467738
44.961873
41.684704
46.402288
41.255526
52.858940
48.493795
44.809276
52.080064
48.671296
53.624830
50.034865
47.184960
60.061205
54.612536
48.795560
47.123874
46.111778
44.029058
45.798411
48.043920
47.009125
51.019692
52.877266
46.567278
47.062077
56.282333
53.108367
52.805590
56.404014
48.057803
44.913496
49.237963
54.242211
56.510793
53.040995
59.035859
63.845030
73.513970
82.351682
122.751500
175.774203
57.991494
49.070478
43.648251
43.539818
48.195698
54.566226
46.487931
44.227570
41.449603
46.559009
47.334543
46.183423
47.764268
43.209541
48.897518
43.019729
51.650374
46.845886
48.222036
49.730534
49.831576
45.540546
44.522829
42.892188
41.414241
44.762946
49.724869
41.707062
48.757202
43.082059
44.612096
45.705741
50.798363
43.768334
43.797951
53.286952
51.918477
49.505785
41.678793
47.699695
49.004881
40.226126
43.666856
50.553379
47.876370
53.444924
49.987161
44.934010
40.232838
52.902906
54.900696
49.732790
48.195084
50.463504
52.696051
46.616169
43.411094
53.019414
47.999954
51.366947
41.891297
42.439721
46.995351
40.872675
43.986735
39.441940
35.496338
45.878339
43.477690
44.650552
39.592173
40.481554
42.021290
40.959706
40.100094
44.098436
41.242114
42.264714
43.297623
45.040214
49.394080
47.638948
42.894970
48.941750
47.979158
50.468120
45.750832
49.809310
46.193371
48.803474
45.726463
45.756324
51.145926
51.776478
50.865016
51.179006
50.549285
47.031613
44.552535
40.250102
48.918925
49.533608
45.603896
42.915653
44.719327
41.895405
45.591050
47.437367
51.350253
52.330061
47.419190
37.710180
39.980693
40.324742
42.201298
46.360328
40.983439
40.670256
46.087006
47.184388
47.691757
45.050490
46.499119
44.137853
44.769664
44.827235
49.089337
52.442474
46.582995
55.950394
49.866943
46.010204
43.916680
47.644979
50.443701
47.936255
42.601914
38.666619
43.596923
41.064895
50.772184
37.661128
41.507945
45.271560
45.849334
48.223030
48.209700
43.033844
48.309485
41.123334
40.447391
46.912634
42.106962
44.054206
44.352204
47.686314
44.103378
42.946814
50.492130
49.388577
48.162997
48.684075
53.592136
51.571201
55.773152
50.267991
48.158993
40.177998
43.360972
48.287162
47.738487
47.381844
47.817239
51.712835
45.874743
43.437652
38.957368
43.061260
41.512765
41.004780
35.977359
39.983585
41.457445
39.457216
40.797894
41.971784
49.454514
54.114928
45.220564
43.426728
41.479027
46.209945
53.025722
52.712245
46.223281
49.430725
43.439239
45.025189
44.862076
43.403461
43.154822
43.869791
42.270102
43.044388
38.861701
46.024719
49.930698
49.704231
52.711228
49.941659
42.883894
41.796309
44.481492
52.946533
48.838734
46.518704
47.613857
52.959949
46.198150
52.309048
43.816317
43.403255
50.078673
41.823445
42.229376
43.176573
49.643317
46.342574
47.391746
47.651236
45.713705
43.623446
46.013246
44.995185
48.606303
41.291844
42.203630
41.418355
42.566066
39.654976
38.454136
46.874675
38.295151
40.410753
41.850467
43.117922
45.569578
47.241846
43.568742
46.087703
42.373216
47.881608
47.341074
46.023486
43.559068
48.372447
44.964417
43.116254
40.478499
45.649065
52.567462
55.047949
50.076093
49.685238
47.965584
41.050923
47.924547
41.087706
38.904084
39.961325
47.853088
43.044058
50.950256
45.850317
41.808006
48.016493
48.510734
48.269088
48.368838
53.209967
45.960286
51.972377
48.506195
49.264983
51.372877
45.133372
43.298780
47.242406
43.264430
42.348943
49.890360
45.799138
44.542188
50.880825
53.808896
52.742068
53.174198
46.913926
45.377472
42.165267
47.131062
52.747726
55.585279
43.444781
44.232818
51.190864
45.633540
46.080331
49.479952
49.013384
44.497333
41.507673
41.213200
40.802361
42.946327
49.718192
46.774872
41.841906
39.365871
50.712084
48.199364
53.304913
47.745016
54.372565
46.618220
49.788423
56.226397
52.213655
51.959469
45.330100
39.906777
37.596175
50.388457
43.434257
52.653748
48.427129
51.031470
46.327597
49.126503
48.559313
50.293113
44.327461
41.141665
44.044908
46.541847
44.510880
46.642701
51.386930
45.180547
40.638479
44.548977
44.043358
40.435906
47.659787
44.794506
35.975289
42.954593
45.600115
43.323876
48.801921
42.675749
40.179228
41.496319
42.135487
40.296646
44.460566
46.754369
49.739409
46.562395
48.173568
50.352528
42.573704
43.792795
48.661934
53.322680
41.271389
40.404548
44.096878
50.018617
47.949881
48.702933
40.235676
46.841939
45.744102
45.878551
45.495540
49.931057
50.593425
43.450906
45.518464
38.893791
45.125446
48.240210
46.802946
45.852174
52.198415
46.147749
53.346661
48.788515
46.481770
43.177301
44.941836
47.516475
42.695917
44.334579
49.815671
44.844954
51.450345
44.158090
49.600254
41.993767
40.429620
37.175022
36.357148
46.053404
51.187149
47.353575
56.908846
43.413700
47.672916
45.351681
43.875639
54.910075
43.811072
44.945381
46.808710
40.856466
42.076713
41.699118
51.603518
43.041292
47.774347
41.958438
43.487107
49.304017
41.405360
46.765450
50.536872
39.963082
46.956668
42.239710
40.567297
45.709458
48.539785
50.187697
45.952861
47.148349
47.883623
46.359335
47.542496
44.797867
38.318396
39.203200
40.512982
45.623815
49.832030
45.677873
42.742967
49.420807
51.925730
50.647824
44.603769
50.134404
51.083538
38.027372
47.258729
48.582782
38.843003
53.331549
41.348944
52.180079
48.415356
52.688399
44.179784
44.761388
46.555384
51.602708
47.526861
38.874488
41.319254
45.367802
45.839242
46.057843
40.739264
44.200563
51.630107
46.147418
47.031372
43.927280
44.134816
43.343178
50.431802
59.125698
47.146118
46.140913
40.812615
45.769811
39.383280
41.928426
45.502556
48.759956
43.785535
41.896344
45.271402
52.431939
43.781663
41.838070
46.989690
39.313402
49.639444
47.605826
43.378150
43.083393
45.479482
43.603429
40.907087
41.937971
43.222005
42.544980
45.141136
39.528287
44.329392
45.467454
47.256255
47.073272
43.009409
46.074081
49.961183
47.138771
43.914702
41.116877
43.251591
40.519571
42.099688
45.690296
44.335089
47.587533
43.869796
44.932018
47.693563
46.430300
51.227475
51.882929
52.560179
50.068192
54.629445
50.113319
41.661372
41.001206
46.274571
54.212649
49.189420
52.262441
45.174501
47.268174
43.535889
42.094447
49.749284
62.213476
38.265340
45.529489
48.939441
50.571588
51.256819
49.441903
44.437719
47.585104
47.290128
42.591592
44.911621
42.378663
49.993578
41.667874
37.370340
35.826116
40.201590
40.811696
41.297647
42.460562
48.360521
50.513959
46.504233
45.968014
45.400001
45.580083
46.238349
48.588025
46.356554
46.669627
44.292431
45.779701
43.321187
43.652977
43.145545
49.890636
46.617224
54.759689
44.256425
46.478464
51.731515
53.846733
42.687894
47.418367
50.641185
47.964771
49.925341
47.404931
46.897454
46.759518
43.582185
46.508356
47.266729
53.542696
45.215740
40.745921
41.808404
41.187039
46.045468
43.012950
43.438030
40.133469
40.520237
43.126914
39.349161
42.053181
47.874155
51.235812
49.401279
46.531958
46.836537
51.690824
48.682854
46.751957
51.683843
54.859359
48.020659
51.388425
45.603184
42.627151
42.241742
43.616843
51.416308
51.788473
55.082532
46.842599
43.704797
42.687672
46.193899
48.949846
45.283015
42.104093
43.834458
44.728893
46.686864
44.768162
42.458017
46.973673
46.455917
44.019601
46.143169
45.206807
45.331399
43.377248
45.690987
47.456106
50.489057
46.881250
44.998740
44.217563
44.571233
42.850643
46.496923
45.428494
50.438778
45.834978
50.098772
52.571916
51.415357
46.009314
50.255932
48.658194
49.232845
44.448338
46.500888
48.658873
44.525418
41.967437
47.028312
50.675552
46.105822
45.471922
44.299545
53.238633
50.584493
43.004241
52.921677
52.872567
48.997346
49.883240
46.827477
47.117763
53.039779
40.070981
43.707112
44.700958
48.187169
45.391045
41.222972
54.899549
52.987366
50.796370
51.231404
45.649863
48.231768
54.937175
50.681750
42.716452
45.781476
44.118345
54.289803
45.020200
44.512656
48.711803
42.877248
45.355001
49.802445
54.216491
53.191078
51.598936
46.468959
50.913499
43.718666
41.619817
49.821979
46.569568
51.815819
49.330610
48.329924
50.003902
53.646124
48.079158
37.394798
42.460773
46.793787
48.438664
55.964522
47.532968
38.813039
49.647964
50.751816
47.258177
51.743926
51.191585
48.547673
46.381447
50.849518
48.456287
43.674133
44.309248
38.528510
45.580535
39.323553
45.303558
42.705149
47.362485
46.951432
51.513855
48.266349
50.848753
53.738055
42.494729
38.359270
45.925145
42.158914
48.414655
46.577841
45.198514
45.340048
49.073794
47.336111
48.094233
46.251746
46.601727
40.305678
48.969835
50.497080
45.276849
48.782823
47.201552
47.424041
44.257306
45.627436
39.678962
42.826619
47.752877
62.658498
68.570737
65.946276
70.943981
72.708441
60.659341
64.661624
75.596648
124.842889
44.174609
42.987893
52.687765
45.012658
47.311472
49.711610
51.528064
41.804100
48.650795
55.199898
55.276437
48.716058
47.669826
45.981169
48.393155
50.147853
44.468234
47.188488
43.227142
49.437984
46.027300
44.148940
45.998669
50.014628
46.090317
46.798620
49.061859
47.810866
46.992916
43.072452
43.357313
43.041076
42.489129
44.377886
47.487282
46.235775
57.270394
50.941840
49.106801
40.533514
44.727714
48.848378
39.850566
42.613437
53.576283
51.906894
45.542289
42.051644
47.672266
46.235732
40.169833
45.311537
48.690451
47.900773
45.739774
51.184278
49.256939
48.012726
41.888437
46.013599
48.648936
43.596598
40.776482
45.130450
48.124798
55.184001
49.541459
53.211085
43.337937
45.897075
46.229086
44.789259
51.693218
49.987350
44.812881
43.788269
41.739530
51.217693
49.498288
45.428358
51.455146
52.551211
43.820687
44.356853
47.485271
42.624777
48.464626
44.967142
51.960600
48.956696
48.658608
51.048011
48.008137
49.093838
46.734689
44.998554
49.861193
46.137322
51.902262
51.319668
46.626946
45.249178
45.718247
49.563967
47.367824
46.742577
51.116251
45.863006
44.671880
46.312185
55.445245
46.977625
49.621855
44.383059
46.571735
50.328621
51.506663
41.733944
44.492939
42.614098
40.328839
47.957925
44.487439
45.678575
41.423876
44.999573
44.187516
44.035406
51.359991
48.272351
47.965258
49.211500
50.885362
47.396969
41.102798
44.157203
54.520741
50.630767
48.392809
45.015801
50.087597
51.115875
44.024953
43.379455
46.146618
49.565847
48.826980
49.355340
47.448967
50.538626
44.918194
48.573267
46.837644
45.079756
49.247543
43.165178
45.793606
43.809920
39.028552
47.090521
53.056743
45.195283
48.396191
53.215891
51.679852
48.744204
50.456146
52.804459
49.150344
50.513468
50.245312
50.134731
44.035940
48.797790
50.284898
47.864194
47.488554
49.937210
52.828866
50.639992
46.272020
48.571712
46.348215
47.036443
48.428839
54.832504
43.727455
37.799696
44.620583
47.949184
50.031354
41.841437
46.579689
46.520658
42.389965
48.993445
44.502527
42.656076
44.384067
45.056686
48.058446
51.193079
49.312474
47.876017
48.363286
44.663029
50.458995
46.139732
45.828404
49.466295
47.609382
43.369785
43.314266
46.896177
48.417932
47.839584
41.852685
47.015260
46.802357
50.298557
48.814654
48.665675
46.550030
45.610972
45.963507
48.610679
46.602204
46.920253
44.081917
45.630210
40.895071
41.464214
42.129693
40.920674
40.959265
52.335501
53.369914
45.115737
45.611251
50.169606
51.861912
48.227417
45.655886
47.240770
50.716392
50.339948
54.695150
51.039326
52.276007
42.974665
41.759454
45.242262
46.367640
54.404458
53.197832
42.650964
47.133159
46.509961
41.413899
49.146973
44.350100
42.727700
43.691663
48.309966
44.745660
45.599888
48.089139
44.875752
43.729628
46.777385
39.472302
40.753381
56.205435
45.991872
45.669738
47.078895
47.186042
51.126757
52.531665
48.849633
42.959180
43.773402
44.924043
47.817352
46.094340
50.530016
42.438693
43.249583
54.210098
44.716503
38.639455
42.117008
46.439587
44.464192
45.210080
44.145409
49.389467
46.402791
41.937631
50.390961
47.513851
47.514784
45.599425
45.524082
47.299097
45.704616
47.012883
48.363462
46.073503
45.613965
45.565536
42.880602
43.416972
43.177826
39.704583
43.028962
45.878863
40.115324
47.763914
50.758808
50.353038
42.981306
49.141246
45.037311
49.070765
46.219363
44.512480
45.635539
56.039742
48.931820
44.624810
44.451623
42.385294
42.670940
42.693453
42.530468
54.703230
48.944969
47.516905
40.983348
42.779170
38.965256
44.871329
51.006124
49.070703
46.949198
46.486353
53.146202
51.063863
40.189555
40.950108
47.657519
44.445944
43.560367
48.293299
45.586411
45.284946
48.863936
44.723772
44.301013
46.418014
50.938136
45.350200
48.107464
52.602312
54.150239
46.714921
52.999643
41.219938
45.034229
45.015208
45.557953
41.552288
40.233109
40.180218
38.161714
41.182309
45.134664
49.094091
51.715014
47.396314
44.331438
46.622821
47.658099
48.049016
43.278731
41.449932
49.178080
49.108558
47.842350
51.142970
46.851864
42.869354
45.271022
47.493589
47.215938
47.280547
45.218154
43.555243
42.864662
42.170283
43.066188
41.330667
51.383065
44.392068
40.040230
40.996589
46.035730
52.045583
44.375528
45.920105
49.546486
41.700878
47.860119
45.864460
50.169134
47.569535
45.432758
42.484309
48.001282
49.803303
43.945260
53.750845
55.388376
51.645038
44.831050
44.255169
43.439388
42.991892
49.073656
52.496110
40.861476
41.022841
53.675582
41.893778
42.757905
46.129253
47.595164
50.177791
53.879301
49.657000
50.908663
47.122603
48.981161
54.582798
61.946155
44.839114
43.649103
54.527410
50.799202
43.812609
59.543975
42.744408
45.195044
48.356343
43.081828
39.946000
46.005978
45.277603
44.641050
42.946188
42.654605
41.576473
40.320123
48.060618
39.498060
41.923544
49.388628
47.192471
46.850549
50.740231
47.495081
40.582894
39.881419
40.371621
45.965805
51.225336
43.685733
40.701436
43.476004
40.791107
48.139647
48.314294
46.146382
52.639592
40.266013
45.016047
47.053382
42.945887
46.684644
58.667076
46.820040
48.361927
47.393782
47.494192
50.094975
46.768543
47.276918
44.038224
44.905813
46.548997
49.152323
49.978373
46.092109
46.125784
40.662049
44.888819
45.788660
51.503036
48.356602
53.277949
43.176395
42.083106
45.608611
48.880717
48.798767
49.416115
49.641039
49.977499
45.678760
54.797251
46.979017
50.897608
48.677895
44.477874
49.575208
47.211541
39.591737
46.966107
41.910784
47.825257
48.354135
46.662563
49.845781
46.190164
45.681601
46.748334
44.459588
45.549661
44.923929
47.763445
41.254266
49.852123
47.499317
44.755620
44.747488
53.683971
48.647177
47.002312
54.485261
50.115571
47.549691
50.595210
46.665957
42.998533
40.148455
47.470109
44.816504
44.883943
51.026447
49.729635
56.697979
52.616563
50.983729
42.787752
45.437389
53.955057
47.597628
44.987271
52.463621
48.682067
45.927918
48.727768
51.294723
42.529276
44.902605
48.561625
43.093264
40.581736
49.698040
45.748239
45.464938
39.426916
44.225931
49.877549
51.929959
56.704245
50.326876
52.051655
47.680358
40.349738
47.445920
40.514697
49.340291
54.859407
48.164977
47.422254
45.374147
51.259039
46.070490
47.456959
56.467758
44.772949
43.942352
47.209322
53.907177
45.621892
43.366030
45.162410
46.544652
43.430725
43.907991
42.819969
44.344750
51.039538
46.439679
51.926553
49.045015
45.081246
42.064182
38.592991
40.805249
42.101719
54.803887
55.332985
53.942101
45.719474
44.337772
50.346332
47.263105
48.259661
53.122770
42.962126
46.853315
48.102435
50.960415
42.260236
43.268794
46.522924
44.985454
47.533390
44.627217
42.097436
49.360157
45.691516
44.695587
44.032313
47.564716
39.449230
44.271561
49.907884
46.834750
45.312580
41.680539
47.682726
53.182247
56.273252
42.789991
48.900073
43.390572
39.810619
42.373585
45.085441
49.442221
50.077119
48.668866
44.225855
45.888107
51.195386
48.987111
52.424195
52.881437
44.744973
39.570707
39.321136
54.052226
51.456467
50.454553
47.563769
50.745151
53.316232
52.415423
44.884176
46.887218
45.015502
48.459836
46.775729
42.570891
44.656542
47.314727
48.246787
46.652178
47.913068
49.021812
51.032227
41.510205
41.331102
43.906626
42.971715
47.402536
52.500130
41.638858
44.100937
44.495227
47.132951
50.792512
48.110386
51.559005
47.246323
50.612940
51.267020
41.005823
41.723305
45.175929
48.924187
44.342806
38.688264
41.768252
43.801871
45.402403
46.497352
44.941291
47.129318
43.285525
48.026077
45.940645
44.145970
44.556395
49.291254
41.176082
48.955050
54.789407
50.544132
45.899555
43.386623
48.582403
42.634216
51.115618
47.754309
45.871935
47.653268
55.254530
42.682364
42.307000
41.607630
44.165959
46.477742
43.235024
46.226706
45.995737
49.316721
43.341534
46.251753
42.449518
44.385216
48.860293
48.204499
47.123272
47.510785
49.249431
43.699035
43.072195
46.595519
44.276106
43.392318
44.485766
41.996174
45.635300
44.360514
42.982449
40.536593
47.790805
52.482919
47.052084
50.164452
48.618312
44.972984
48.273470
53.342398
49.962905
42.270645
49.714160
50.595084
58.641958
56.324215
47.351132
46.061850
51.171102
60.912387
62.534496
71.280385
65.179718
71.442064
