100.000000
206.651733
121.411857
100.308969
103.202565
106.460070
113.683764
81.605449
85.139662
134.375057
91.314421
86.156354
86.110530
112.790323
123.004709
94.567112
94.436784
132.273645
112.720720
108.138593
109.665975
110.079563
110.323784
107.525390
101.097546
106.326015
93.089693
97.054310
92.959033
96.015355
132.206896
110.061870
92.042700
91.784456
101.115232
90.922857
113.788568
90.606770
87.213074
88.396098
92.174337
112.492136
106.042241
103.043461
88.552458
90.072332
88.496073
120.229011
111.349139
104.035434
87.713716
87.944988
88.167534
110.074220
90.895344
106.676211
87.094682
90.395866
93.887754
128.917371
136.269334
135.413409
113.136487
95.424786
87.191342
103.433382
117.395819
107.045333
115.069487
89.434354
87.818079
104.898863
87.941897
143.402515
97.487679
86.986194
92.803214
135.661092
120.691952
86.069362
106.166375
111.704170
108.617793
86.768970
123.948268
121.066291
117.987844
87.858642
107.145819
87.102874
132.770850
92.354132
119.290877
91.360986
91.131973
105.277503
125.165709
88.142001
92.203962
87.713626
87.906671
109.795395
102.354980
92.711643
87.159270
120.575900
150.999308
90.148878
90.152124
106.733705
113.657988
107.647326
88.739375
85.934323
86.797569
86.529380
86.289091
91.904255
88.201853
89.231549
84.975242
87.755424
87.027560
86.767394
131.213150
128.302047
109.736481
97.186498
95.255213
89.670597
93.250017
92.212596
91.151343
105.492668
118.281092
119.810999
132.342233
104.678196
95.353899
88.729637
127.102795
91.434240
91.230784
101.095702
133.429295
113.332247
126.511005
138.001564
118.920820
112.169359
137.856453
152.186093
113.758781
88.114094
105.145601
113.381225
92.382472
85.763274
86.614549
87.180476
99.088363
91.889267
84.878761
86.637413
90.073836
91.754206
90.649724
90.558917
103.782116
109.203067
107.097464
107.331104
118.957696
118.485596
108.528508
106.224069
106.910858
110.322274
125.253569
110.370748
88.414036
89.813675
95.247797
111.523722
105.695657
105.177130
105.859881
109.182627
126.323487
133.510394
93.535218
89.874116
88.798394
92.613284
131.417477
98.234684
91.319882
88.380771
88.971561
102.376258
115.452078
87.371424
92.927477
88.548151
90.052679
88.915659
83.701619
88.321602
101.413606
103.053076
87.225388
86.301694
90.015054
118.489822
121.312286
141.762038
106.733739
107.880837
119.119462
94.297726
127.381060
99.574040
88.750199
91.134736
137.277632
92.172302
85.425489
87.116423
92.798389
103.262230
86.121289
84.172982
92.560939
87.725783
87.016469
86.829095
86.142643
88.243121
120.885276
109.425615
125.795764
117.976651
85.646742
85.916122
86.410486
84.939407
89.307730
89.731311
127.408335
92.592940
86.954078
87.549059
87.535512
133.490801
117.741285
90.000405
87.195395
88.778579
86.680906
99.363479
131.513482
116.542205
86.532767
128.751818
91.653690
86.997127
91.650248
93.566483
97.474075
120.223078
87.973010
125.351337
90.257053
85.900461
86.309755
88.479395
90.298658
88.053163
85.677158
88.660098
91.434851
117.915707
149.380596
107.508374
150.290610
118.405416
86.781198
87.862433
89.553275
87.771417
88.677465
86.212485
87.100835
107.498568
90.501552
93.837078
173.191023
101.039436
103.489916
100.948618
90.873584
119.999127
126.103065
114.712888
133.885873
127.263842
91.811290
89.140929
88.722846
84.617366
86.441252
89.757229
92.588973
86.089037
89.748038
89.169780
89.956723
87.442788
88.668991
100.892078
105.916245
88.267279
87.054538
89.508946
86.009784
90.958070
86.727572
140.660162
104.185289
110.821660
109.711363
160.198318
108.032178
106.907477
107.252010
107.602924
106.096229
114.437681
106.930483
109.974134
109.010180
103.123909
106.707090
97.063919
92.241098
85.896986
91.789023
88.513473
86.122470
137.659878
99.134398
86.794670
87.775128
91.471032
101.877676
116.216453
94.871562
123.295133
119.379772
103.762810
91.230895
95.789495
116.633834
91.753916
92.888828
91.642131
144.619096
87.529073
88.262012
92.002048
126.488375
103.224794
104.678821
94.385723
120.389349
95.861484
108.527596
98.927861
86.853840
99.217802
112.465977
110.458164
104.413314
104.943521
93.123566
88.338579
110.950436
114.171984
137.893316
117.215045
86.177224
86.657960
86.841541
86.105048
91.575389
144.936275
113.426291
113.262335
87.992881
91.623245
85.843065
124.806846
92.260139
89.570319
88.542698
86.378637
91.129963
86.505339
88.179727
98.927524
101.217054
86.292434
93.007666
113.724283
150.160220
103.604938
98.174939
88.097813
86.290310
88.767028
86.427743
94.561765
125.096500
110.529683
139.078897
93.340151
94.128794
86.548671
86.787880
86.998602
88.631206
86.615341
114.479743
105.641368
85.865092
125.226649
92.258763
93.837641
93.145775
92.430516
90.533717
87.223265
84.726375
86.600460
108.718238
108.705061
109.549097
95.892218
100.543078
128.580590
139.497523
103.600479
103.872629
87.983461
87.321677
94.646650
90.009292
88.770004
120.245082
111.728955
152.580290
100.582908
92.617871
90.910314
96.613605
91.667102
98.544324
151.262724
120.929053
88.347340
87.811598
95.694659
118.566283
115.381153
130.147200
89.278281
124.951190
109.262835
122.323203
92.240982
90.583116
88.819443
85.995721
92.275469
106.869317
88.329814
89.112224
88.698353
113.821918
137.667995
135.802138
137.885934
86.883002
107.938013
86.960269
85.187178
88.545370
86.417128
95.450395
108.147240
94.145119
94.069035
113.469780
130.003515
123.616079
133.343807
140.008563
93.051189
108.938372
87.369999
88.381628
113.386314
87.056652
89.426160
90.979569
85.785799
90.161269
132.831735
108.696357
108.216288
105.507785
107.849883
103.925053
86.629858
87.441258
91.540213
93.953526
87.188280
87.254778
104.546686
112.570773
87.135840
104.625510
86.528900
84.806378
140.957937
97.489989
131.426094
135.149423
87.961638
91.174334
111.229734
90.753311
101.926387
88.643202
147.424122
101.768459
109.078244
88.426248
88.740711
88.635309
88.546680
101.907218
116.349526
91.769050
89.438728
120.774745
147.267000
93.608110
86.679122
99.859005
86.058460
84.038476
93.540783
119.265123
86.690206
87.012696
108.577526
144.837592
120.819423
119.704525
87.938137
90.508913
91.278345
111.226925
89.141513
86.418828
89.289522
86.789143
86.721777
86.163602
86.909743
86.779185
87.177143
117.827311
112.715618
88.116846
91.566206
90.537786
91.655106
88.097556
86.711657
102.348454
121.324010
111.534654
114.387456
90.359234
104.851333
