50
131.212993
135.886701
136.806764
136.998792
138.698698
162.996946
136.323698
136.580812
137.239337
136.227712
136.507629
138.460596
136.492465
138.728189
136.606877
172.708611
136.363515
136.295708
136.717960
139.901826
137.587098
136.144945
138.298143
136.298543
136.556857
136.735335
139.232626
137.269272
147.673294
138.719114
137.806926
135.592608
136.705837
136.706997
136.500372
136.661036
136.485671
136.411444
136.617885
136.621046
136.995637
137.832607
137.629434
136.778708
138.543758
136.500601
136.800123
138.504337
136.235219
136.364795
138.168719
139.333133
136.132149
164.122236
154.361753
155.569827
154.242124
140.938889
140.995392
141.139291
143.288798
141.295003
141.418123
143.430904
151.088244
156.494953
149.148000
143.011757
141.725338
141.482250
143.519815
142.041407
142.597774
148.021248
154.914855
149.341267
141.209167
143.814221
141.861709
141.835154
143.752593
141.885585
141.827159
144.065082
141.950183
142.063130
143.844446
144.531734
152.732535
154.632127
155.507335
155.578736
155.767143
155.666195
157.386849
143.931378
141.424109
143.420994
141.626279
143.532214
142.932027
142.351109
144.320156
141.913339
142.956944
143.434753
142.366228
144.533841
142.437243
145.039362
142.748186
145.350574
142.114047
145.123404
141.928349
143.926070
141.753233
141.829461
144.001200
141.876349
142.050258
144.037300
142.157047
141.909021
144.131438
142.016480
142.018837
144.094859
142.293570
142.339627
143.191051
143.239219
141.979063
142.255932
143.262377
143.444399
142.118350
142.655328
143.820500
142.076209
144.566351
142.828185
142.046315
142.203253
141.928001
142.146114
142.135536
142.391921
142.623368
145.553836
142.434284
142.584585
144.467631
142.231334
143.517410
142.297371
144.631916
142.187756
142.592140
144.153600
142.256380
142.294916
155.469706
154.827473
156.213767
142.046011
142.089202
142.319830
144.278020
142.240330
142.104660
144.211857
142.621406
144.562182
142.460635
147.094486
142.403258
142.453391
144.584715
142.691901
143.074725
144.072406
142.471622
143.475860
143.590095
142.576928
143.968585
144.542466
141.783540
144.133679
142.268102
143.368685
143.418368
142.252950
144.081962
142.237587
144.422964
142.227865
142.576038
144.068256
142.430206
145.354422
143.628161
144.549312
142.316874
141.952050
144.038431
148.000610
142.377944
142.228194
142.339399
142.350306
144.211663
142.475530
143.284250
141.078795
136.662757
136.635350
136.751648
136.835029
136.631536
138.132451
137.816487
136.794989
138.901349
136.581715
136.494147
138.563211
136.562685
137.660119
137.688115
139.922614
137.036035
136.699378
138.275494
137.243081
136.641878
138.650375
136.384661
136.544460
138.450891
136.384077
136.487920
138.517834
136.454195
136.591762
139.238753
137.905413
137.281382
136.855779
138.509244
136.659075
136.544414
138.655168
136.651161
136.508387
138.737023
136.716391
139.766881
137.268782
136.663735
138.799425
136.715406
136.747988
138.834149
136.939589
136.165677
137.713043
136.608250
136.148924
137.851230
136.383488
136.085084
136.239171
137.980930
136.058709
136.113362
136.334505
138.200378
137.527278
136.517236
138.286013
136.652554
136.541382
137.557587
137.693319
136.747950
136.324074
134.311415
136.586853
136.472254
136.581098
136.694039
137.785559
138.241612
137.968523
138.835836
137.010786
136.842402
138.808267
136.752396
136.375056
137.786151
137.155674
136.577710
137.304261
138.677459
136.672953
136.582950
136.517109
138.307767
136.054873
136.217393
138.003248
136.057265
136.436270
138.310783
136.626217
136.369967
138.039982
137.502691
136.709185
138.931813
137.240471
138.768634
136.709771
139.570092
137.086620
137.031731
138.924201
136.887656
136.939675
139.135850
137.203281
137.081134
138.959682
136.915846
137.098236
138.875466
136.606728
136.863507
138.281322
136.476079
136.564583
138.700790
136.635612
136.691660
139.387973
136.744665
137.260132
138.141444
136.498702
138.848063
136.845375
136.776258
139.093162
137.127949
136.845089
138.772936
136.976893
137.132445
139.269474
136.968214
137.130049
138.999563
137.075161
137.005046
138.777688
137.208973
140.392183
136.815109
136.915345
139.596268
137.209131
137.051423
138.841962
136.775442
136.805821
139.088256
137.608690
137.648959
137.204515
138.996870
136.796965
137.141382
138.602614
136.423096
137.943969
136.877619
136.481518
138.290975
136.955247
136.594035
137.629528
139.136990
137.214895
136.762213
138.374520
136.070471
136.172661
138.225572
136.330546
137.762713
137.602251
139.147516
136.914322
136.896962
140.443378
137.410055
137.195435
139.676073
136.756433
136.259489
138.302601
136.748719
136.976565
138.898562
136.741001
136.781869
138.149113
136.807634
136.880972
138.744237
136.696535
137.710993
138.130045
139.613433
136.824698
137.273188
137.856663
136.576637
136.738364
138.856275
137.595353
137.418182
136.865133
138.825509
136.819470
136.727672
137.496618
137.642125
136.389537
137.712212
136.909584
136.238167
138.222630
136.153647
137.019239
137.927232
136.145341
138.589687
136.679123
136.980280
138.224277
136.650050
138.272041
136.982118
136.651109
138.755313
136.605900
136.664841
138.802064
136.507661
137.789611
137.320198
136.366403
138.506969
136.565499
136.483475
138.518715
136.395128
136.561811
138.035704
136.470165
137.506954
137.455067
136.293493
136.546503
137.791983
136.182794
136.154602
138.157375
136.126455
137.068709
137.936504
139.820614
136.298568
136.560505
138.426204
136.612190
137.414291
137.506800
136.529948
138.045335
136.644335
136.392587
138.384527
136.295955
136.872598
137.611311
136.318771
137.053413
137.650773
136.175455
138.286455
136.277658
136.375953
138.288716
136.622812
136.928614
138.074546
140.290539
136.549197
136.309372
136.217194
136.085933
138.088570
136.324948
136.375364
136.662646
138.053394
136.413992
136.470174
138.363303
136.551174
136.407344
138.705029
136.570806
138.649709
138.712858
137.165233
136.953741
139.206200
137.196290
138.647100
137.221761
136.628646
138.901729
137.098562
139.004060
137.389736
137.262964
138.701737
139.756454
136.931739
136.823185
137.515638
138.174156
137.292754
139.202597
137.465051
137.479169
139.291187
137.290784
137.506494
138.442422
138.150151
137.227762
137.660623
137.548628
138.715284
136.721396
138.452580
137.047071
136.735316
138.786492
136.769751
136.697263
139.047493
137.156626
150.257979
155.358608
142.377424
147.260505
142.315158
142.336713
144.404617
142.392734
145.099776
142.760871
143.262736
144.715638
145.886071
142.234191
142.427377
142.231503
144.177655
142.415512
142.215359
144.333371
142.212030
143.623850
144.439309
142.465438
142.381966
144.473733
144.196129
142.412358
142.350373
144.102235
142.248033
146.421845
142.216755
142.422765
144.448813
142.125872
142.194376
144.009980
142.062271
141.981043
144.297820
142.005930
141.846269
143.970475
141.993278
145.051323
142.027997
142.026014
143.196222
143.021315
141.989473
159.318085
152.554636
142.629446
142.859782
141.861642
143.609417
143.255852
144.446544
142.329821
142.517883
144.257689
142.244321
143.157200
142.918960
142.179561
143.752676
147.875076
156.014378
155.517048
144.199155
142.635169
141.936157
143.278681
142.622700
142.066559
142.422834
152.585190
149.427893
141.711968
142.645280
152.128855
152.269565
142.119104
153.810934
141.733757
143.851948
142.445530
141.992315
143.845683
142.904785
142.571100
144.139650
143.034350
142.334409
144.525365
142.276438
142.660123
144.649208
144.363715
144.227365
142.389353
144.359359
142.784332
142.611497
143.986669
143.091405
142.485916
144.478746
142.557865
142.594575
142.925424
144.131507
142.641868
142.556556
144.397388
142.536309
142.373563
144.397731
142.228899
142.283305
144.346254
142.234551
142.302580
153.680809
156.978322
155.692625
142.799175
141.805771
143.806002
141.847941
141.858976
144.089786
142.197257
142.379982
143.722734
142.744101
141.877406
142.233198
149.993104
155.716391
150.181621
141.477636
143.486100
142.164837
142.176956
144.238120
142.134738
142.363602
144.406015
142.506265
142.780521
144.436223
142.496818
145.419763
143.522918
142.425544
144.333369
142.511229
149.490024
155.355189
143.991363
142.815719
143.762098
143.220440
142.408643
144.026677
141.979467
141.904892
143.824921
142.249752
142.266435
144.354258
142.224570
143.022798
143.422823
142.016199
143.911018
142.200298
142.146667
144.036914
143.094207
143.740455
142.603731
144.304295
142.394804
144.927836
142.275720
179.409577
142.753695
142.685556
142.579889
142.509451
142.643659
142.906486
145.596217
142.177338
142.169419
144.271503
142.183612
143.124948
143.314188
142.172284
142.896442
143.366427
141.987987
142.610949
143.645704
142.131293
143.863642
142.529895
152.850136
142.231520
142.265912
131.260545
133.863098
136.750257
136.720701
136.755562
136.731150
136.956365
138.702859
136.823681
137.953240
137.476984
136.749116
137.099539
137.188382
136.360836
136.522075
138.352807
136.300593
136.597090
137.362154
138.677292
137.072446
142.827367
136.986399
137.018944
137.003733
137.046813
137.293986
139.155254
137.182852
136.994728
138.894953
136.924883
136.757563
138.103915
137.565031
138.344274
138.911034
136.907513
137.245384
138.906816
136.858753
136.620239
138.562534
136.601994
136.669923
139.001415
136.852285
136.806218
138.285446
137.787320
137.132067
138.227094
137.558944
137.263522
137.014739
137.146956
137.154541
138.980984
137.309230
137.248009
137.306178
137.351344
138.669969
137.303274
136.926496
137.229247
138.144340
136.791622
137.020226
139.106374
136.884462
137.142200
139.151570
136.935751
136.881699
139.053910
136.834759
136.899599
137.262396
138.739753
136.617124
137.029251
137.392384
137.197578
139.851672
136.348142
136.382485
138.751466
136.641342
137.510204
137.888581
136.672006
137.897433
137.300950
137.204661
138.679429
136.822774
137.105729
138.329693
136.542234
137.620294
137.766576
138.728005
136.563358
137.791748
137.545213
136.813055
137.036509
139.397056
136.857935
138.648699
137.240832
136.827150
138.784596
136.725468
136.539760
138.936363
136.937580
138.274448
137.693311
137.460006
142.553373
136.830295
136.838618
138.671484
136.812729
136.942949
138.165795
137.400772
136.646828
138.741657
137.160130
136.816927
140.237120
137.069948
138.944226
136.932140
136.762807
136.718668
138.727110
137.551816
136.702547
138.785281
137.510160
137.619476
138.331273
136.699647
138.134968
137.114167
137.708019
136.816999
136.770051
136.583774
136.690268
136.756342
139.300096
136.500001
138.221692
136.421401
137.813429
137.987859
136.657643
136.946508
136.913162
138.554284
136.699549
136.678673
136.830667
138.936764
136.757660
136.756363
136.660849
136.749017
138.672650
136.919517
136.556373
138.585181
136.485916
136.533512
137.589967
137.496692
136.532522
136.816556
138.645228
136.740910
136.835085
138.547289
136.614258
136.739416
137.922232
137.360681
136.635926
136.656680
136.863329
136.649894
137.823099
137.978341
136.535093
136.488467
138.415075
136.478196
136.493966
138.480327
136.805053
136.885670
136.961821
136.557209
136.683205
138.600098
136.577752
136.729307
138.509409
136.536198
136.648415
140.287014
136.865261
136.468908
136.854357
137.833097
136.274719
138.334007
136.387701
136.451577
138.415476
140.782007
136.249256
136.336188
136.125661
136.195587
138.115077
136.729581
136.346194
137.732071
136.966736
137.205955
139.239778
136.250462
136.592953
140.865100
137.150613
136.319619
136.434314
136.188685
138.122496
139.420198
136.370181
136.395551
137.122097
137.550323
136.320094
136.516105
138.194150
136.324801
136.308266
138.229772
136.344715
136.388273
136.639254
137.137121
138.033523
136.670073
136.779342
136.481296
138.343166
136.508728
136.366032
136.786932
137.919739
136.318108
136.412104
138.256329
136.399672
136.374209
138.246286
136.274445
138.353292
136.854069
136.462415
136.989755
140.914203
136.441857
136.547926
136.373489
136.411347
136.283928
137.095123
137.562343
136.454319
136.037389
135.801700
136.328389
138.335073
136.890523
140.490995
136.301021
136.704804
136.573769
138.524129
136.393113
136.587356
138.409984
136.372241
136.465089
137.884624
137.023908
136.399546
137.496619
137.406929
136.485918
138.676679
136.439333
136.707103
156.641645
134.137223
136.518511
136.490372
136.459592
137.703649
136.494579
136.572283
136.519307
136.406557
138.501696
136.615877
136.693953
136.547201
138.322739
136.197956
136.132316
136.851212
137.565024
136.326925
136.285318
136.745431
139.025066
136.158650
141.355627
136.512298
136.367504
136.556838
136.460605
138.635851
141.966855
136.529016
136.454400
139.403847
136.361454
137.465713
137.356999
136.724299
136.380387
138.265768
136.333633
136.413241
138.314623
136.288484
140.649345
138.647247
136.210016
136.304721
136.165541
136.184588
138.244939
136.273726
136.181073
137.989354
136.499100
136.270080
138.728932
136.283087
136.264956
137.867318
136.513626
136.252088
136.120046
137.304476
137.141394
136.191002
136.230891
136.408946
136.269721
136.159805
136.190914
138.902138
137.926479
136.364838
138.792843
136.813095
136.762357
138.544564
136.995769
136.833882
138.699196
136.895253
137.066761
138.606988
136.684869
136.675239
136.811820
136.742661
138.775402
136.752025
136.546358
138.267449
136.802287
136.690746
136.592174
138.555457
136.539991
136.561302
138.445057
136.524853
136.558842
136.545658
138.568968
136.583701
136.549853
137.851693
138.749354
138.736621
136.591846
136.602705
138.616062
136.506432
136.549630
137.148909
137.922712
136.533374
137.379198
139.282050
137.592865
137.514194
137.636306
164.262705
137.697879
137.511175
137.669641
137.606833
137.564569
137.273432
136.981076
136.773844
136.682553
139.673606
137.418609
137.322799
137.325886
137.487416
139.117815
137.207332
138.160747
137.229775
138.445003
137.705870
137.145435
136.788458
138.366774
137.004581
136.640900
137.196136
137.966984
136.753648
136.615903
138.561365
136.903803
136.718193
138.538678
136.607088
136.686755
137.378475
137.597961
136.489539
136.545762
138.162787
136.198416
136.179848
138.124848
136.143599
136.253669
138.090410
136.859959
136.282314
136.239984
138.299729
136.393429
136.317524
138.242057
136.670343
138.797402
136.892955
136.192900
136.401118
138.606355
136.739159
136.666749
138.603130
136.707854
136.746791
137.515265
137.752389
136.521375
136.770616
138.478334
136.703406
136.826555
138.509237
136.673270
136.791733
138.762795
136.139676
141.381974
136.624347
136.174212
136.139171
138.520775
136.451039
137.322125
137.016958
136.212870
138.253421
136.312953
136.317651
138.244619
136.254299
140.961828
136.390829
136.240790
136.246043
136.179095
136.116941
136.356913
136.298866
138.045098
136.186622
136.216041
136.228027
136.376962
137.220032
137.656838
136.303592
136.709232
138.027917
136.439732
136.954897
138.608681
142.914423
136.845709
136.756447
136.873258
137.431299
138.033853
138.211402
138.748847
139.020956
139.464215
137.117959
137.080931
137.460627
137.499952
141.036392
137.339679
137.404777
137.439128
137.361495
137.392738
137.533628
137.821305
137.312759
136.945738
138.504956
137.921990
136.819921
138.771423
137.668405
137.084455
138.788666
136.828929
136.637382
136.918094
138.637601
137.520545
137.518051
137.241453
137.307748
137.446161
137.145535
136.974186
138.873696
137.545072
137.279307
141.776527
137.016961
136.744360
136.665686
138.682385
136.917121
137.032433
138.856709
137.197526
136.783175
139.540656
137.322627
136.997541
139.081544
136.960258
136.936820
138.758337
136.714289
136.762493
138.952072
137.671352
140.296907
138.071354
137.253687
138.936375
137.135927
136.969711
139.125719
137.109653
136.691194
138.819550
136.840578
136.864147
136.757265
138.638774
136.424359
136.701783
138.431419
136.424756
136.305708
138.514097
136.646783
136.601045
138.228009
137.415763
136.855074
136.818146
138.714803
136.934230
136.811645
139.444610
137.131117
136.782145
137.395036
138.109304
136.734675
136.587911
138.377693
136.318917
136.399151
136.464886
137.806660
136.286944
137.972689
136.786215
136.432540
136.395728
138.474595
136.554047
136.651232
137.648756
137.843884
137.143180
136.921510
138.573976
136.682145
136.868456
137.629074
138.310843
136.967771
138.116201
137.962667
136.829146
138.782421
136.869591
136.600888
137.289430
137.779417
139.758392
137.531254
136.961562
138.960762
139.724666
136.435743
136.308833
137.994276
136.969972
136.092816
136.171611
138.139542
136.173546
136.386800
138.097019
136.118047
136.202060
136.439474
137.877736
136.307742
136.176096
136.737222
137.531923
136.105084
136.249860
138.191934
136.417334
136.329825
136.291114
138.360173
136.228321
136.440597
136.810727
137.615596
136.256955
136.554853
141.626393
136.554596
136.502918
136.583796
136.434109
138.380425
136.437267
138.081800
136.235501
136.074565
136.108329
136.267584
136.303992
136.830209
138.744713
137.850331
136.938243
138.501423
137.374004
136.947680
137.871651
138.110792
136.676414
136.950062
138.792065
136.875970
137.614747
138.658050
136.434757
138.639988
136.365129
136.692481
138.613415
136.541358
136.568183
138.374473
136.451854
136.339572
138.306293
136.313929
136.923172
136.934853
136.500009
138.403050
136.417443
136.404608
137.805739
136.856437
136.462567
138.237194
137.121948
136.393570
136.396027
138.400843
136.417793
136.531175
138.345050
136.653431
138.277426
136.989191
136.578822
137.241674
137.618231
136.770134
136.702526
138.379849
136.753864
137.003876
138.136596
136.650290
136.901906
138.137228
138.159581
138.617706
139.644478
138.540746
136.676141
136.729129
138.890109
136.858614
136.392685
138.307528
137.093842
136.678685
137.924226
137.239894
136.536865
136.787414
138.357845
132.537764
136.308983
136.151408
136.137513
136.120226
136.311188
137.920521
140.203805
136.293871
136.559170
139.902001
135.871673
136.721247
136.445524
136.496727
136.975111
137.487519
136.787374
137.163507
139.753832
137.145347
137.233903
138.708446
137.831474
137.037635
136.807027
138.118176
137.105151
136.985162
138.433448
136.742641
140.487677
136.329009
136.163765
136.183100
138.424486
136.492510
138.162725
136.281778
136.327360
137.433721
137.803197
136.665436
137.048222
137.985611
136.693585
136.628148
138.513924
136.904553
190.925795
140.044730
141.069459
141.445869
141.411727
141.490441
141.565686
142.332466
142.674736
141.428717
141.540326
143.446558
141.347186
141.610542
143.802535
141.744148
141.745708
144.317960
155.871389
156.074637
157.283710
148.176718
156.311724
156.068403
156.363726
156.542249
155.565314
153.773614
144.115267
143.562466
141.356961
143.472250
141.560510
141.234897
143.143627
141.261915
141.789206
142.362413
141.506239
142.836019
142.561228
141.654041
143.916527
141.986905
141.871814
150.863237
141.976240
142.099299
142.063406
142.716523
142.194901
142.766648
143.495599
142.155556
144.320395
142.202584
142.309594
144.277610
142.154329
141.991190
144.084951
142.035519
142.946528
143.153263
142.070283
145.285009
141.863988
142.754649
143.181147
142.063686
144.868200
142.429147
142.345301
144.352381
142.191782
143.831891
142.132718
147.792014
156.984176
156.473801
147.989139
142.076922
143.496737
141.979407
144.206128
141.969074
142.233410
143.819143
142.229765
144.011171
141.728498
142.950234
143.245095
147.251851
141.691603
141.958900
141.828731
143.907720
142.129308
143.137020
143.247216
141.893745
142.607374
143.177773
141.969142
142.588289
147.553924
141.993337
142.088967
142.242850
144.070042
144.675787
142.332516
142.405070
142.463606
142.529060
142.385387
142.353268
142.105941
142.001333
142.037853
144.218350
142.320568
142.299906
143.814384
142.320216
145.999375
142.310714
142.188078
142.243145
142.397259
143.466281
143.040334
144.436167
142.466799
142.236495
144.176703
142.333270
142.635313
144.646373
143.051924
142.744889
144.056267
142.314670
142.133296
143.688241
143.681509
137.873786
139.964836
142.232891
142.189208
142.413987
142.668139
142.310291
153.391725
151.458953
143.496996
142.917924
142.042349
142.048582
142.040451
144.470133
142.218225
142.394271
142.260944
144.098338
142.217694
141.997507
143.413510
143.819267
142.493833
142.117454
144.301409
142.465319
142.112884
144.047510
142.413368
142.297969
142.157547
144.166658
142.000432
141.956341
143.937146
142.363905
142.124326
142.293521
144.263989
142.271217
142.168767
144.170714
142.265659
142.224914
144.134519
142.371788
142.139917
144.169882
142.781033
145.865664
141.944208
142.947405
143.530965
142.220445
143.302804
143.605382
142.412620
144.393328
143.014918
142.521269
144.284576
142.231894
142.132138
144.479364
142.369819
142.317643
159.360355
156.955756
156.165897
157.753563
158.115409
156.239805
157.110440
156.910316
149.018100
141.671558
142.544667
143.728431
142.224349
142.459413
144.332149
142.754222
143.564648
144.262392
141.932692
143.282701
143.106613
142.294318
143.716200
143.156164
142.489341
144.368929
142.230271
142.372177
144.321984
142.024864
142.062523
137.540320
139.516251
142.047323
142.431899
142.370466
142.247532
142.515841
145.214575
142.826047
142.728295
144.595659
142.805546
142.156382
144.163179
142.042315
141.966114
143.904876
141.950921
142.088983
143.551154
149.675301
155.666825
154.781976
156.975661
155.701733
143.191321
144.948667
141.798952
141.624677
143.644287
141.773133
141.835985
142.642144
142.984004
141.731050
142.157901
144.139433
142.265413
142.390093
143.347881
143.256778
143.547282
142.049674
141.945027
143.308688
142.846026
142.024342
141.773135
144.700280
145.336891
142.175232
153.334808
155.081489
149.837154
144.045817
142.024311
142.187996
144.029480
152.655168
141.497292
141.748582
141.853157
143.748882
141.885465
141.770460
142.602734
142.862695
141.896329
142.380039
143.340378
146.037100
142.261439
142.037595
142.179506
141.834796
144.283742
144.289943
142.506126
145.810918
142.193659
141.988718
144.321711
142.850971
143.062446
142.522069
144.066319
142.632895
141.856586
144.061600
142.155360
144.016170
142.106316
141.980590
144.021152
146.142574
141.650596
141.852349
148.530897
138.189652
139.136698
142.227443
141.915170
142.112246
142.039861
141.976581
144.063928
142.045277
142.241251
143.844557
142.118779
144.328094
142.876904
142.110422
143.317899
142.799076
142.251637
142.851160
143.601348
142.309707
144.548064
142.423847
142.087659
143.097850
143.355188
142.309536
141.991029
143.965910
141.829850
142.226292
144.154394
142.033157
142.063870
144.605859
142.192421
142.379588
144.220728
142.330830
142.245722
144.410098
142.325685
143.842498
142.792367
142.487795
144.418875
142.285362
143.020229
143.894412
142.490439
142.642761
144.641023
142.520764
142.499122
144.294657
142.365975
142.224880
146.517049
142.244832
142.316355
142.010217
144.274879
142.107839
143.322850
142.969742
142.420094
144.272931
141.972040
143.165995
143.165455
142.303521
144.687328
145.039976
142.661580
142.050341
144.127686
142.255798
144.669737
142.216226
143.251769
143.293476
142.175655
143.001063
143.455052
142.065777
144.248686
142.259757
142.382141
144.341942
149.994884
154.997470
154.496889
156.721914
155.774663
174.537605
135.397944
135.998601
136.123571
136.463056
136.543227
136.385736
138.428314
136.689241
137.361038
139.248324
137.879147
137.156906
137.176524
137.516537
138.439621
138.335194
137.645858
136.932043
138.497914
136.297799
136.328802
136.375028
136.382433
137.713207
136.807573
136.513175
138.196110
136.687834
136.423625
137.159644
137.571708
136.458764
136.309260
138.296252
136.367641
136.416148
138.451362
139.248831
136.297154
135.988002
136.132446
136.197592
138.327807
136.538725
136.566479
137.376206
137.072304
136.220234
138.017086
137.407635
136.103494
136.239179
136.426602
137.015504
138.932428
136.739730
136.804406
137.067074
138.177081
136.769816
136.731079
138.879352
137.460581
137.095035
136.842064
137.328765
137.857227
136.598531
137.482081
138.090174
137.556367
138.902707
137.942141
136.879364
136.877325
136.860440
136.643404
136.702610
136.684692
136.559038
139.601666
136.068471
136.196367
136.133537
137.283430
136.723062
136.076337
138.590755
136.128509
138.465273
136.090631
136.066231
138.133283
136.136664
136.222739
138.038935
136.055497
136.241445
138.512263
136.370397
136.470669
137.825535
137.655800
137.037591
138.447226
137.651358
137.070042
136.716432
138.470915
136.681001
136.845897
137.727431
137.511152
136.782269
136.646083
138.437399
137.324304
136.719814
138.677638
136.819050
136.981167
136.921278
138.773331
136.976490
136.836621
138.413873
138.595215
136.999251
136.832432
140.750688
136.800423
136.877708
136.936178
136.943135
138.654829
136.821641
136.861250
137.713445
137.453433
138.902475
137.244322
137.679073
137.072819
138.269808
137.283652
137.025566
138.575993
137.439957
136.804995
137.288523
138.147106
136.578311
136.838111
138.744607
138.290243
136.809462
140.802861
137.223833
136.980851
136.190694
136.117612
137.488580
136.445857
136.055308
136.100545
138.092661
136.053001
135.943756
137.948569
136.087966
136.141234
138.573650
139.375070
136.081709
136.078814
136.175140
136.123161
136.058588
138.548646
136.126664
136.380878
138.166771
136.219207
137.096877
137.019295
136.073337
136.793873
138.619255
136.644088
136.657718
138.535373
136.812145
137.078415
140.847866
138.759416
137.000244
136.860941
137.140864
139.708997
137.711486
137.552389
137.406656
137.585704
137.234684
137.447825
137.301823
139.025481
137.109127
156.849836
141.816293
142.001193
142.144236
143.237103
148.106161
145.364078
142.236046
142.305541
143.480793
143.193791
142.032876
141.997122
143.987049
142.279070
142.218032
144.000288
142.257014
142.345003
144.341462
142.702627
142.334437
144.364151
142.190501
142.597365
144.671178
142.616975
142.316245
144.187415
142.259121
142.361381
145.011154
142.077643
141.882720
143.949837
144.115165
143.299063
142.211251
142.386983
144.661094
142.524111
142.374169
143.963009
142.034392
142.156201
143.080702
144.034420
142.604755
144.561788
145.891141
142.330721
142.449698
154.764537
160.991820
155.210395
155.759721
152.090650
143.139279
141.626116
142.027200
144.073192
142.436851
142.198878
148.844286
157.095646
154.170851
145.209624
147.912336
141.560760
142.185316
143.507631
149.699775
156.085165
155.787703
155.738719
156.323002
154.805895
151.424444
141.878916
142.203978
143.886714
142.032709
142.297413
133.090669
136.509634
136.806170
136.553171
136.749071
136.653523
135.931088
134.475891
137.077521
137.149019
137.065020
136.882080
136.943228
136.938569
139.765306
138.112387
136.904852
137.527622
138.161405
136.668242
136.612663
138.424412
136.645864
137.111473
138.566766
136.638363
138.664424
136.897938
136.593467
136.853985
138.270156
136.613538
136.465192
137.829205
137.313888
136.489237
136.568381
138.454459
136.909582
136.699706
136.633111
138.228139
136.223741
136.239533
138.093901
136.484045
136.637427
136.512273
138.316184
136.365966
136.580481
136.612734
138.500642
136.958539
136.810293
136.751784
136.676454
136.596032
136.796947
136.875755
138.702450
137.059491
140.349210
136.487612
136.773197
137.414235
137.001678
138.909716
137.050110
136.926248
138.934214
136.818369
135.750344
133.040907
136.632101
136.737441
136.886741
136.801894
136.626153
136.768853
136.758783
136.496792
136.657995
138.194417
136.710393
137.451657
137.659308
139.881520
136.783405
137.022089
137.892303
137.907153
136.771262
136.758716
138.577330
136.587130
136.668714
137.904814
137.261909
136.577545
138.111307
137.499906
136.979435
138.746612
136.606125
136.488818
136.618504
138.792030
136.651644
136.928882
138.476443
136.735813
136.886219
138.175554
136.401269
136.444407
138.830730
136.396928
136.620397
138.621267
136.457703
139.227613
135.999427
136.116522
138.035274
136.198840
136.811205
137.610639
136.108682
136.710889
137.601466
136.456774
138.842234
137.851430
138.164633
136.140744
135.990776
138.318597
137.962864
136.385485
136.066888
136.646563
137.779028
136.749765
137.643669
137.896727
136.855099
137.715086
137.848442
136.754020
138.737882
136.905595
140.740595
136.873458
136.929500
136.806097
138.745786
136.729161
136.260162
137.653984
137.074066
136.678563
136.212128
138.535283
136.279701
136.123151
138.178052
136.211174
136.895042
137.774379
136.479773
137.652452
136.948504
136.385406
138.623235
138.685093
136.835139
136.143554
138.126044
136.266347
137.893307
137.181926
136.456890
138.510276
140.074818
136.644666
136.378357
136.459952
136.531680
138.817263
136.110009
136.449446
136.360682
137.230912
137.333920
136.366913
136.377639
136.314972
136.238497
138.126516
136.214315
136.926677
137.169064
137.106953
137.074973
139.191620
136.894362
137.852275
137.890514
136.645280
138.275710
136.765632
136.762217
138.638008
136.423131
136.467780
138.324566
136.526237
136.806627
138.114537
136.458233
139.035011
136.587375
136.723821
138.363012
136.391525
136.679672
138.564479
136.662404
136.710865
138.889228
138.547484
136.606395
137.992172
138.075298
136.513756
136.562697
137.754239
135.979043
136.300542
138.003470
136.346162
138.069764
137.597516
136.371942
137.302957
137.440423
136.139516
136.164380
138.683247
136.614055
136.112666
136.110346
138.134527
136.049070
136.326025
136.720266
137.699349
136.229073
136.220113
138.169438
136.281985
136.229027
137.508613
136.510571
136.032757
138.299025
136.333381
136.257941
136.066059
138.092511
136.050455
136.469342
137.647255
136.144935
137.318140
136.665832
136.071230
137.468620
136.720510
138.177313
139.933950
136.219677
138.332150
136.185334
136.204033
136.092888
138.045660
136.079429
136.077800
138.049263
136.481657
136.215317
136.299016
136.199067
138.113136
150.190980
155.459440
155.306367
154.054604
154.224537
154.677519
150.610132
142.799078
142.260529
141.628444
142.202936
143.213322
149.590286
141.731105
142.034128
142.084282
141.943354
142.137185
142.004489
150.205213
155.370927
154.195205
156.819313
143.739610
142.296907
141.969461
143.045327
142.859419
142.133259
143.892235
142.626013
141.937196
146.003322
142.172844
142.199064
144.682925
142.332238
144.549902
142.385962
143.216069
142.981065
142.102614
144.150728
142.316649
144.035700
142.848456
142.361640
143.749821
142.838926
142.270788
144.047758
141.973278
142.194003
143.005063
143.210379
141.758472
142.585508
143.159131
142.437963
143.670602
142.159712
142.135487
144.031700
142.141063
142.081228
144.130707
143.013806
143.754913
175.943137
136.008085
136.133009
136.201369
136.250729
136.088361
136.103379
136.123111
136.352558
136.123830
137.961586
136.009990
135.982711
136.162210
136.202404
136.296390
138.159115
136.118149
137.700603
136.677809
136.604074
138.111966
136.198948
140.905564
136.134910
136.143074
138.228389
138.084695
136.028440
136.472869
138.405509
136.239218
136.450903
138.462184
136.613505
138.838036
136.824283
138.368728
137.050155
136.636472
137.288374
138.855077
139.145485
136.615664
136.604567
136.524071
139.786077
136.845827
137.571298
137.779186
137.365250
137.271514
137.193945
140.242279
136.806040
136.888644
136.210222
137.995163
135.845490
136.746807
139.021903
137.028910
137.087409
139.733123
137.170976
141.577018
137.238246
136.829655
136.947164
137.150648
138.448792
136.704713
136.795114
138.477434
136.423723
136.217197
136.516554
137.141684
137.382206
141.650678
136.764526
136.661003
136.532853
138.314843
141.753161
136.578949
136.706543
136.946994
136.916907
136.996723
140.268886
137.445945
138.295002
137.844061
138.944078
136.610663
136.361550
138.587789
136.647704
136.664149
138.816772
136.923074
137.039914
138.918341
136.944495
137.053466
138.681246
136.656528
136.625250
138.940862
136.557914
136.834893
137.213098
136.168876
138.145948
136.268032
136.060692
138.204176
136.340699
137.253865
137.049983
136.061702
138.278071
136.270150
136.235954
138.123850
135.973278
136.193629
138.198787
136.057003
136.344894
137.859673
136.036538
136.647574
137.712268
136.170948
138.212537
136.040684
136.127001
137.908735
136.205287
136.081401
139.321439
136.153648
136.159742
138.163267
136.059059
136.103120
138.007862
136.264255
136.322454
138.129623
136.233834
136.592660
139.659183
136.236589
136.746468
138.690794
136.649002
136.493158
138.721534
136.695879
137.351109
137.894045
136.641192
139.696780
137.265023
136.791818
136.632624
138.204275
136.780248
136.476666
136.369028
138.208452
136.244772
138.464249
137.132551
139.670872
137.343294
137.305608
137.099709
136.798631
137.056968
137.073534
137.021413
136.815792
136.541456
137.466353
137.335216
136.498074
137.211423
137.800359
139.178521
136.179074
136.027919
137.255769
137.619275
136.509812
136.715143
138.533906
137.040136
136.465666
138.874737
136.389123
138.248181
136.349683
136.187508
137.156854
138.068735
136.020425
136.184474
138.324012
136.259450
136.436779
138.528242
136.584971
136.590440
138.736276
136.481921
136.558595
140.608142
136.603719
136.643062
136.757600
138.605361
136.716833
139.768585
136.813640
137.466618
137.904770
136.622833
138.724459
137.201843
136.585817
136.879211
138.072972
136.384600
136.359512
137.844116
139.728981
136.421233
136.357207
136.353947
136.412127
138.365681
136.477667
136.343743
138.359959
136.360508
136.456376
140.479896
136.526407
136.387330
136.570582
138.608392
136.723745
136.664780
138.637859
136.664438
136.627266
136.462319
138.108239
136.181202
136.880691
139.677380
136.010995
136.092908
136.078165
136.080769
139.601976
136.223747
136.008270
136.093203
136.008952
139.343333
136.228035
136.394857
136.332816
136.279300
136.266495
136.258445
136.191810
136.249556
136.266782
136.462559
136.246393
138.077005
136.173232
136.139464
136.154796
138.038227
136.225368
136.491406
136.943000
137.773473
136.520238
136.592328
138.415771
136.411007
136.454759
138.471060
136.606594
136.659108
137.165622
138.140525
136.519566
136.525618
137.884369
136.235821
136.174513
138.285246
136.056200
136.225115
137.852700
137.102066
136.586398
136.729953
138.464095
136.738534
140.838401
136.794916
136.947757
137.768901
138.275506
137.998648
137.365800
137.858730
136.642737
136.625829
138.370183
137.127428
136.584883
136.516753
138.294981
136.702202
136.946181
137.187001
139.131793
137.047536
137.629211
137.477813
139.161025
136.962174
136.666438
136.581992
139.379209
138.666986
135.932805
139.260979
137.100445
137.148215
136.082567
136.104813
136.232770
137.965502
136.150261
136.041653
138.001148
135.943650
136.126653
137.929648
136.110869
135.946399
137.920816
136.069392
135.977191
137.970385
134.486515
136.540949
136.863683
136.218131
136.236681
136.196735
136.475749
137.660214
136.036576
137.269665
136.704276
136.027599
136.265439
138.463585
136.661182
136.542972
136.937689
138.844408
136.547237
136.461058
138.108602
138.385896
136.299970
138.255046
136.722778
137.733349
137.443002
136.842624
137.069967
137.991666
136.599582
137.328588
137.528556
137.156369
137.325012
137.493136
139.018041
136.948836
136.652901
136.667868
138.313335
136.317193
136.017585
138.101852
136.062461
138.248809
136.227907
136.299725
138.084493
136.009769
136.182982
138.101433
136.197205
136.162940
138.075792
136.132209
136.192501
138.181593
136.135604
136.148383
138.113753
136.212268
135.938397
138.028977
136.270665
136.078824
138.055905
135.976971
136.266853
138.000804
