50
36.290016
36.118667
36.127559
36.097402
36.103703
36.142534
36.114130
36.072222
36.122202
36.092539
36.948514
36.716449
37.047261
37.985443
38.048790
38.039613
38.055542
38.066749
38.836078
39.048185
38.805707
37.861309
38.108510
38.967987
38.910399
38.690290
37.890942
37.902687
38.757950
38.901883
38.952283
38.953102
37.946440
37.907003
38.603802
38.964388
38.799444
37.867413
37.959662
38.906001
38.928937
38.858689
37.906169
38.506440
38.955990
38.926557
38.563340
37.871119
38.553181
38.987891
39.079999
39.129436
39.132106
39.092138
38.848170
38.135245
38.801215
39.204967
39.177104
39.134868
38.283970
38.338932
39.242786
39.223867
39.220703
39.243983
39.117758
38.027241
38.431383
39.265124
39.257854
39.237014
38.847004
38.214727
39.174735
39.182655
39.214772
39.244614
39.201029
39.109135
38.816378
38.027441
38.802358
39.084038
39.176196
39.217203
39.225946
38.289971
38.364798
39.228177
39.204242
39.093551
39.106615
39.091716
39.059179
39.076875
39.113483
39.285286
39.196928
38.982175
38.065613
38.273005
39.215226
39.259879
39.010934
38.067164
38.210568
39.152548
39.104852
39.182669
38.539180
38.302639
39.081847
39.091174
39.080447
38.931178
38.054475
38.068862
39.092926
39.110295
39.105445
39.135087
39.101989
39.073235
39.154456
39.083555
39.087553
39.143854
39.073962
39.114430
37.991611
38.087973
39.183365
39.649803
39.084859
38.217230
38.027764
38.722968
39.100110
39.146224
38.044461
38.091937
38.776928
39.173206
38.951792
38.006607
38.069288
39.001642
39.064028
39.092250
38.161907
38.166367
38.940503
38.907735
39.078488
39.071680
39.162384
39.092500
39.126593
39.137066
39.089975
39.098449
38.856714
38.032617
38.582397
39.050340
39.097773
39.130737
39.084521
38.309599
38.070670
39.121118
39.076124
39.124916
38.482736
38.072296
39.073367
39.073457
39.084819
39.056216
39.079515
38.759562
37.994010
39.111191
39.128926
39.087890
39.065311
39.082870
39.143224
38.237328
38.317290
39.200671
39.170316
39.099700
39.127789
39.095502
38.087614
38.409341
39.089750
39.074595
39.149405
39.094775
38.274413
38.706370
39.090489
39.104493
39.098004
39.054968
38.026443
38.544614
39.085735
39.107170
39.113061
39.090789
39.194020
39.034010
38.057280
38.723271
39.117337
39.118623
39.071315
39.103719
38.291062
38.356147
39.123704
39.071935
39.120529
39.128984
39.230923
39.171949
38.054113
38.012857
39.147331
39.407989
39.115758
38.215826
38.158933
38.727539
39.229324
39.217049
38.362481
38.193664
39.128308
39.346411
39.264762
38.263033
38.047671
38.193829
39.250710
39.148232
38.346577
38.087746
38.843032
39.245431
39.228468
39.203935
38.257206
38.346414
39.225644
39.290319
38.954821
38.978177
38.257193
37.876201
38.898773
38.924175
38.937994
38.598634
37.895888
38.502473
38.916679
38.939872
38.965529
38.656708
37.880943
38.147923
38.892088
38.907860
38.944401
38.920620
38.231015
37.878838
38.358996
38.965165
38.921443
38.603438
37.906161
38.524165
38.927523
38.919776
38.926554
38.302469
37.998198
38.894125
38.935940
38.911894
38.961041
38.910879
38.763472
37.899094
38.430144
38.924930
38.966958
38.935828
38.908475
38.001572
38.088405
38.960584
38.924662
38.912281
38.938759
38.750362
37.926630
38.481581
38.954041
38.937831
38.961030
38.632559
37.906851
38.647226
38.901228
38.944019
38.920631
38.943911
38.215870
37.859713
38.897807
38.944568
38.924728
38.946554
38.488685
37.924448
38.817669
38.909506
38.928729
38.910560
38.804086
37.918832
38.326724
38.951373
38.948999
38.950815
38.499007
37.864173
38.742221
38.939464
38.910409
38.781131
37.879016
38.239404
38.918829
38.906295
38.919672
38.802969
37.865177
38.553073
38.924634
38.921042
38.926840
38.372981
37.878339
38.942436
38.937359
38.920893
38.918040
38.452485
37.870758
38.784860
38.814400
38.833539
38.818604
38.798584
38.827458
38.126931
37.885457
38.979974
38.933675
38.928498
39.105550
38.800379
38.042873
38.730357
39.075869
39.076479
39.070610
38.649125
38.097543
38.603094
39.073098
39.148734
39.058286
38.897750
38.046734
38.778260
39.057523
39.098205
39.277509
39.111978
39.119162
39.111924
38.412260
38.098082
39.103734
39.076757
39.270947
39.258417
39.057904
38.158241
38.927753
39.104990
39.117175
39.002170
38.133882
38.187260
39.151216
39.082325
38.984631
38.049826
38.047468
38.690951
39.234281
38.937643
38.173137
38.175310
38.984936
39.228869
39.205897
38.231200
38.110211
38.835031
39.087944
39.108593
38.136449
38.021888
38.321583
39.085178
39.056888
38.424133
38.046659
38.389386
39.097530
39.066980
38.328898
38.044991
38.360897
39.253223
39.229930
39.160270
38.318044
38.125589
39.064367
39.120359
39.073185
39.116655
39.097291
39.070298
38.136328
38.207532
39.096664
39.041353
39.115167
39.107749
38.438514
38.020901
38.955368
39.097074
39.128219
39.093967
39.088003
39.114305
39.113887
39.111896
39.128803
39.147138
39.058682
39.180149
38.677111
38.287912
39.160364
39.182184
39.186083
39.296756
39.420805
39.069905
38.319859
38.902497
39.193843
39.259714
39.241784
39.140021
39.235728
39.258177
38.389805
38.576440
39.417889
39.310493
39.535607
39.383202
39.271266
39.236454
39.185332
39.234301
38.440359
38.546840
39.119959
39.219562
39.365410
39.382658
38.879586
38.204404
38.959146
39.205933
39.258255
39.209839
39.264303
38.307374
38.654308
39.337676
39.283094
39.266116
39.266970
38.685043
38.180249
39.510181
39.320870
39.423642
39.310787
39.240673
39.223406
39.078678
39.207922
39.204732
39.278672
38.328067
38.802474
39.223533
39.267957
39.246468
39.389663
39.269867
39.247481
39.215482
39.350992
39.207448
39.260802
38.397073
38.535156
39.308038
39.189650
39.259789
39.286004
39.275638
38.437599
38.247845
39.251295
39.239733
39.307992
39.403084
38.799865
38.192411
39.169582
39.210702
39.258700
38.869774
38.048156
39.019632
39.218559
39.249546
39.366479
39.018489
37.994744
38.814457
38.931524
38.987003
38.913723
38.926248
38.958755
38.891556
38.952832
38.938470
38.914919
38.941200
39.078138
39.073074
38.305378
38.487451
39.434863
39.473915
39.289217
38.845938
38.341148
38.947007
39.301346
39.298435
39.303868
38.815525
38.192774
38.929142
39.278135
39.056290
39.118792
38.318257
38.197861
39.357984
39.309294
39.186927
38.957008
38.125628
38.642299
39.252294
39.237675
38.996707
38.720073
38.147481
39.232317
39.259254
39.272212
39.340128
38.338557
38.123588
39.203420
39.237674
39.247111
38.780345
38.198944
38.969986
39.217757
39.244367
39.269532
38.309650
38.155171
39.233465
39.248425
39.097015
39.074039
38.229022
38.202274
39.100258
39.101696
39.109557
38.917208
38.167225
38.835485
39.177147
39.249678
39.130905
39.147155
38.245317
38.365006
39.284265
39.225751
39.241081
39.280653
38.471115
38.400459
39.247792
39.236309
39.289175
39.226113
38.712302
38.168101
38.980973
39.117929
39.085026
39.070762
38.916179
38.005180
38.631284
39.231338
39.137965
39.228535
39.217920
39.080982
38.189461
38.555638
39.243099
39.108528
39.082511
39.099425
39.004288
38.043129
38.695361
39.216428
39.129984
39.109255
39.060455
39.089203
39.067900
38.457446
38.152687
38.786605
40.009542
39.121522
39.083111
39.085492
39.109829
38.325473
38.532792
39.282145
39.281224
39.243232
39.217893
38.907518
38.217748
39.091591
39.149595
39.102545
39.065120
38.906732
38.161197
38.879225
39.141742
39.201637
39.159363
38.256817
38.203962
39.114919
39.041110
39.085261
39.069241
38.933530
38.116342
38.676049
39.108350
39.122338
39.063551
39.112063
38.524822
38.019191
38.863178
39.106290
39.062411
39.147208
38.802184
38.050898
38.865080
39.078110
39.060720
39.133800
38.180853
38.045236
39.136739
39.076723
39.108662
39.188756
38.567989
38.156824
39.182436
39.225636
39.195168
39.067708
38.156355
38.148630
39.096726
39.092119
39.080332
38.990091
38.710224
37.879077
40.075246
38.948655
38.967529
38.971813
38.928182
38.972548
39.042044
39.148383
39.137941
39.090970
38.497653
38.030698
39.065323
39.251449
39.208882
39.313888
39.216340
38.273845
38.488893
39.087228
39.152639
39.124557
39.081528
38.102458
38.248765
39.073666
39.110996
39.146074
39.113620
38.868801
38.074355
38.893454
39.397028
39.166738
38.194794
38.535351
39.240941
39.272555
38.683196
38.250118
39.249525
39.120221
39.223136
39.278340
38.104651
38.155394
39.089085
39.114097
39.146249
38.245505
38.246135
39.110081
39.087188
39.091617
39.115021
37.146023
36.816875
36.327928
37.628273
37.271409
37.386257
36.548430
36.107596
36.121347
36.106030
36.127583
36.115339
36.381768
37.081145
37.627211
38.049454
38.085920
38.105217
38.173535
38.931533
38.942840
38.944306
38.923786
38.202898
37.923036
38.931129
38.945460
38.969308
38.708956
37.885814
38.318947
38.966263
38.938946
38.441211
37.910538
38.726894
39.121959
39.122591
38.314565
38.046316
39.036884
39.120992
39.137823
38.498773
38.067587
38.627770
38.962155
38.950879
39.005422
38.156919
37.953483
38.766928
38.919006
38.925483
39.138449
38.118302
38.438466
39.136110
39.180804
39.164453
38.647335
38.069505
38.905815
39.226077
39.191414
38.961717
38.165180
38.634719
39.091794
39.110482
39.113192
38.175126
38.372868
39.096375
39.552509
39.325774
39.239572
39.342287
39.396930
39.428648
39.362673
39.247850
38.280408
38.449353
39.153564
39.150310
39.090876
39.135648
39.209739
38.597238
38.078316
38.764721
39.150127
39.123421
38.153712
38.050640
38.593111
39.071282
39.039591
38.079890
38.099837
39.150059
39.206688
39.264327
38.474853
38.162372
38.909779
39.105544
39.095959
39.109532
38.237415
38.109677
39.231601
39.227094
39.302978
38.692724
38.179818
38.816432
39.118754
39.159128
39.063614
38.060119
38.069327
39.076785
39.232679
39.238158
38.852073
38.211594
38.604088
39.249677
39.248145
39.240500
38.426525
38.249505
39.037733
39.188734
39.135105
39.018107
38.155203
38.426939
39.185261
39.146175
39.093670
38.701441
38.224296
39.001838
39.471497
39.306674
39.219096
38.476209
38.613642
39.255538
39.762194
39.406695
39.396954
39.335467
39.383361
39.383419
39.026997
38.183349
38.747684
39.228422
39.262054
39.291872
38.542023
38.354175
38.447936
39.243014
39.205539
39.098606
38.186398
38.425243
39.396754
39.324389
39.346581
38.797294
38.624277
39.273183
39.284356
39.268149
39.127238
39.091777
38.920971
38.148393
38.470669
39.332725
39.410512
38.903967
38.333331
38.732148
39.299321
39.240475
39.230534
39.354396
38.850488
38.402442
39.293709
39.115656
39.197750
39.287495
39.074984
38.359170
38.526605
39.125465
39.245313
39.361610
39.308032
39.328640
39.308423
38.833069
38.295333
39.042626
39.303298
39.122815
39.399425
38.404168
38.279085
39.356501
39.276337
39.371732
39.375962
39.135677
38.174138
38.416660
39.251869
39.153279
39.131540
39.082002
38.954981
38.205628
38.690244
39.236393
39.236403
39.154325
39.111128
39.280866
38.257293
38.341762
39.251755
39.290824
39.303981
38.179100
38.495225
39.248736
39.230395
39.364884
39.306962
38.265244
38.047760
39.174455
39.253590
39.237483
39.167327
39.237626
39.127594
38.216951
38.327921
39.111982
39.222371
39.255725
39.153387
39.081640
39.100386
39.140983
39.400407
40.249697
39.916883
39.102107
39.490386
40.166863
39.447008
39.474530
40.185672
40.187058
40.190241
39.911988
39.124045
39.817079
40.160532
40.163067
39.139015
39.379647
40.200077
40.174272
39.680315
39.084913
39.883665
40.183971
40.211392
39.210833
39.064973
39.608208
40.197295
40.219134
39.311168
38.931691
39.725424
40.197576
39.137598
39.115726
39.687780
40.170315
40.226021
39.261457
39.213594
40.225420
40.235034
39.665838
39.106379
40.083627
40.205152
39.855044
39.084355
39.846190
40.203602
40.222450
39.227481
39.737186
40.126689
39.589224
39.155431
39.093122
39.262836
40.297659
40.333672
39.340248
39.101399
40.202869
40.250068
39.102342
39.105989
38.992750
39.093287
40.159306
40.160004
39.734117
39.089187
39.097162
39.078531
39.302847
40.318965
39.838205
39.251604
39.195886
39.251606
39.290381
40.249000
40.423691
40.333717
39.439367
39.520231
40.377083
39.601925
39.101440
39.778392
40.463816
40.338913
39.145288
39.322756
40.382794
40.370797
40.150490
39.107378
39.814259
40.235009
40.172343
39.272447
39.409726
40.284930
40.212516
39.834878
39.066012
39.865853
40.206214
39.255160
39.069459
39.475078
40.195859
40.172093
39.753224
39.213768
40.241629
40.388740
40.343646
39.120466
39.582996
40.234502
40.397687
40.349613
40.164703
40.162526
40.211139
39.904270
39.050113
39.766206
40.160263
39.633203
39.089261
39.127995
39.912527
40.199032
40.254431
39.504223
39.073046
40.096919
40.084004
40.049955
39.415318
39.229232
40.052122
40.363718
40.392876
39.043215
39.190397
40.019955
40.219203
39.494169
39.082280
39.127553
39.035996
39.991715
39.778226
39.104654
39.622913
40.183953
40.221810
39.645085
39.150329
39.982552
40.214114
40.173717
39.322534
39.236626
39.947997
40.395738
40.348703
39.624108
39.228241
40.193395
40.212173
39.806915
39.041775
39.561081
40.248219
40.199461
39.764548
39.155996
39.924728
40.190651
40.040546
39.176084
39.472127
40.257941
40.240502
39.455925
39.099985
40.156531
40.279537
39.810422
39.230378
40.202909
40.371240
40.205832
39.176925
39.697889
40.346946
39.948179
39.209642
39.652652
40.508687
39.662000
39.204387
39.267254
39.206168
39.905000
40.276894
40.101277
39.243236
39.237569
39.265447
39.290579
39.273408
40.134118
39.613671
38.916347
38.925819
38.918836
39.008559
40.080693
39.633357
39.027632
39.113400
40.176191
40.228485
40.221731
39.310160
39.345663
40.147440
40.174888
39.862354
39.251279
39.960049
40.265355
40.358701
39.228737
39.236787
39.507862
40.406453
40.368734
39.839448
39.257350
39.202021
40.205507
39.786284
38.916013
38.938149
39.856106
40.079140
40.070901
38.928747
39.281878
40.077110
39.759718
39.075193
39.083611
39.111419
39.492381
40.367272
40.360836
39.206467
39.371823
39.971215
40.040918
39.503204
39.061450
40.079460
40.056642
40.025901
40.025513
40.032909
39.692372
38.896620
38.933464
39.307847
40.038147
39.328644
38.958571
39.889219
40.037855
39.520051
38.906673
39.808649
40.008073
39.857637
38.912644
39.646580
40.170432
40.198532
39.216642
39.299893
40.157416
40.194019
39.817254
39.079749
39.838761
40.239600
40.137530
39.326054
39.329320
40.177845
40.202782
39.893044
39.085556
39.791473
40.145005
39.978285
39.081976
39.680927
40.174002
40.165925
39.537690
39.075952
40.168113
40.187803
40.197183
39.067539
39.499901
40.230139
40.175667
39.579844
39.076637
40.150710
40.227140
40.072729
39.080190
39.535734
40.310373
40.206100
39.651283
39.171211
40.076056
40.190699
40.092026
39.097535
39.632599
40.224704
40.223971
39.571148
39.083204
40.066300
40.187067
40.040041
39.091793
39.683295
40.213728
40.253476
39.448619
39.101336
40.200842
40.232738
40.109653
39.100492
39.593486
40.167087
40.260988
39.388170
39.143407
40.196836
40.168265
39.915528
39.253098
39.867300
40.330089
40.477794
39.697893
39.273151
40.055053
40.366473
40.492677
39.384999
39.356171
40.195350
40.190593
39.901078
39.076289
39.816406
40.537643
40.321013
39.514986
39.070696
40.207037
40.366660
40.179081
39.247029
39.302749
40.250832
40.281414
39.198287
39.537737
40.170071
40.215659
39.536791
39.234385
40.280175
40.477917
40.299745
39.288535
39.854159
40.440232
40.487612
39.515596
39.488401
40.447695
40.398232
40.362941
39.234917
39.518961
40.393652
40.616332
40.354198
39.514260
39.692297
40.413019
40.329469
40.076142
39.218878
39.918683
40.455612
40.402880
39.428086
39.434197
40.370691
40.389643
39.872029
39.241480
40.044715
40.236930
39.997157
39.108090
39.532683
40.162746
40.199979
39.399198
39.064763
39.056560
39.199881
39.242359
40.219553
40.376491
39.312037
39.514590
40.320971
40.341848
39.207930
39.264126
39.970497
40.341434
40.351586
39.572576
39.396145
40.391363
40.414901
39.947464
39.305686
40.132443
40.416974
40.450575
39.358679
39.377512
40.385894
40.385380
40.368194
40.244883
39.399830
39.411151
40.342745
40.237224
39.272413
39.684414
40.225773
40.231261
40.214788
39.671503
39.132042
39.097845
39.589442
40.227176
40.174677
39.465760
39.144604
39.265829
40.247274
40.116617
39.235954
39.193839
39.222303
39.891354
40.334213
39.367195
39.264475
39.238563
39.228556
39.443823
40.193688
40.223505
39.836159
39.088073
39.829081
40.205014
39.810376
39.092245
39.105442
39.088890
39.147967
39.288962
40.214620
39.562151
39.119618
39.364129
40.238338
40.186552
39.796384
39.850598
40.452087
40.234912
39.335378
39.891934
40.314133
40.287988
39.332586
39.609761
40.488676
39.919048
39.238621
39.680643
40.056873
40.041837
39.121055
39.061129
40.025555
40.044923
42.499645
36.401239
36.405694
36.304498
36.407466
36.298682
36.341832
36.471749
36.399333
36.446050
36.692552
37.297462
37.846314
38.287640
38.353810
38.269054
38.248662
38.244433
39.411763
39.424316
39.036051
38.334712
38.355640
38.805279
39.304178
39.068630
38.344378
38.198946
38.955847
39.412691
39.344171
39.305934
38.736489
38.279707
39.278805
39.330878
39.397104
39.062583
38.286320
38.641283
39.245204
39.211668
39.223759
39.240457
39.091652
38.296875
38.846393
39.193261
39.111876
39.084535
38.958394
38.337952
38.594991
39.266699
39.423120
39.420887
38.639014
38.193034
39.161310
39.223003
39.219966
39.378061
39.244443
38.281751
38.803237
39.258290
39.234050
39.163605
38.648091
38.274296
39.108234
39.278037
39.224346
39.145290
39.208037
39.103104
39.073762
38.524310
38.049701
39.041830
39.349689
39.201556
39.214998
38.318422
38.350043
39.292755
39.277590
39.359882
39.208078
38.196619
38.542461
39.118626
39.279956
39.355979
39.038851
38.207296
38.898909
39.272903
39.340919
39.106323
38.012790
38.408911
39.232378
39.203775
39.131061
38.876055
38.293434
38.840195
39.630837
39.155765
39.216317
39.238157
39.271002
38.895909
38.113622
38.479646
39.190422
39.245895
39.110197
38.139166
38.618524
39.238677
39.323871
39.240590
38.811849
38.161512
38.841878
39.103822
39.086304
38.960785
38.037676
38.858961
39.078062
39.036473
38.030261
38.036158
38.615880
39.096592
38.989688
38.047823
38.185666
39.089315
39.260903
38.610003
38.160287
38.615008
39.219985
39.158253
39.128882
39.034715
38.046505
38.197797
39.081743
39.076040
39.249898
38.831961
38.258133
38.883457
39.248291
39.083635
39.018369
38.189167
38.319673
39.232808
39.221055
39.144634
38.389241
38.157449
38.898630
39.114228
39.088966
39.234408
39.140753
39.243596
39.234419
39.239312
38.659218
38.333117
39.191982
39.252292
39.251028
39.277284
39.329775
39.241978
38.892339
38.198038
38.809490
39.077008
39.122277
39.118381
39.091515
38.077136
38.740121
39.072402
39.104873
39.190827
39.226355
38.222488
38.819948
39.217429
39.196148
39.197221
38.600337
38.168399
39.145618
39.410921
39.318009
38.609897
38.113980
39.115003
39.170759
39.216893
38.804560
38.201675
39.133552
39.308382
39.236334
39.236410
38.332922
38.542128
39.248373
39.133497
39.133260
39.180736
39.246596
38.368749
38.311128
39.324966
39.301756
39.283569
38.975367
38.207351
39.179838
39.277791
39.248769
39.267812
38.709100
38.202202
39.060483
39.159194
39.337933
39.418017
38.622626
38.271034
39.329949
39.236278
39.284532
38.884404
38.332083
39.238218
39.343951
39.211762
39.249951
39.360009
39.292910
39.253408
39.408024
39.357889
39.300402
39.112378
39.140297
38.173609
38.488152
39.229602
39.169809
39.201400
39.259157
38.502293
38.448810
39.376166
39.322236
39.482091
39.264272
39.280202
39.309235
38.799006
38.302699
39.274690
39.316779
39.277989
39.383724
38.761871
38.123306
39.241661
39.280253
39.346678
39.358288
39.290626
39.422063
38.331975
38.912855
39.394238
39.450729
39.425927
38.886126
38.200751
39.055567
39.406963
39.369415
39.187501
38.243525
38.373476
39.287415
39.239428
39.219676
39.159968
38.047501
38.049116
38.914670
39.078892
39.090405
38.122552
38.707998
39.089936
39.073476
38.185391
38.035984
38.481107
39.232729
39.066808
38.269158
38.155374
38.624170
39.222210
39.237963
38.482075
38.015309
39.049765
39.084636
39.029724
39.042404
38.032982
38.546255
39.148194
39.057168
39.005457
38.104879
38.783125
39.194436
39.096108
39.120411
38.444515
38.079699
39.093140
39.249445
39.248330
39.172852
38.273998
38.423249
39.201474
39.165914
39.256887
39.249157
38.662502
38.214652
39.141093
39.228389
39.366691
39.285228
38.331648
38.447043
39.249436
39.287616
39.154931
39.200611
38.120810
38.469651
39.255298
39.248973
39.174822
38.625214
38.201997
39.176260
39.121059
39.167231
39.092427
38.098888
38.279084
39.294926
39.247140
39.135808
39.229083
38.819487
38.160866
38.971070
39.366044
39.290519
39.177071
39.166708
39.113098
38.312257
38.673161
39.208579
39.099973
39.076564
38.890230
38.028174
38.473506
39.076955
39.193368
39.081830
38.634745
38.518244
39.372604
39.267376
39.234069
39.290194
39.364257
39.234182
39.069060
38.959693
38.046478
38.040803
38.718073
39.109846
39.083495
38.495227
38.033720
38.752043
39.098525
39.074313
38.319246
38.056660
38.658335
39.101826
39.100841
39.080996
38.646489
38.016752
38.975527
39.245634
39.053156
38.856115
38.042980
38.283475
39.150580
39.091014
38.274801
38.038320
38.780219
39.063853
39.080669
38.254843
38.031214
38.815132
39.059592
38.893061
38.137587
38.175533
38.852496
39.070390
38.912228
38.025136
38.071616
39.099041
39.092364
39.088652
38.852447
38.057640
38.052226
38.896439
39.212793
39.111189
38.197487
38.232749
38.870597
39.222723
39.055706
38.561407
38.038166
38.065211
39.070558
39.066814
38.367480
38.012149
38.932284
39.085670
38.897349
38.007672
38.441156
39.116085
39.066599
39.063797
39.098970
39.077025
39.080637
38.385562
38.039450
38.716987
39.087298
39.103526
38.259165
38.344333
39.054031
39.085062
38.116775
38.100615
39.067581
39.062359
38.568462
38.015409
38.294827
39.125467
39.074686
38.283034
38.103758
39.115369
39.060428
39.108610
39.095828
38.729215
38.045356
38.755817
39.087314
39.101752
39.115711
38.344534
38.028428
39.021040
39.062462
39.096246
39.005637
38.027481
38.382733
39.097566
39.064416
39.095611
38.491579
38.022530
38.698364
39.119976
39.071638
39.074087
39.080024
39.102853
39.091156
38.713002
38.020823
39.033542
39.098157
39.081244
39.088809
39.122535
38.794681
38.041248
38.370485
39.070512
39.101666
39.099264
39.110423
39.116229
38.032197
38.635007
39.101968
39.168134
39.205594
38.894197
38.152238
38.941710
39.288814
39.134504
39.094013
39.098467
39.095821
38.403550
38.041373
39.054766
39.094318
39.156849
39.148672
38.240088
38.323162
39.221544
39.169026
39.014635
38.044369
38.042722
38.988345
39.279605
39.023100
38.129600
38.220296
38.927148
39.367884
39.227161
39.084961
38.620102
38.104578
38.875184
39.339610
39.360481
39.108426
38.166427
38.712760
39.237019
39.285769
39.206086
38.756934
38.217907
39.085980
39.194898
39.097054
38.313074
38.058588
38.589098
39.313517
39.164420
38.273412
38.591723
39.375910
39.287524
39.211764
38.577714
38.131655
38.303607
39.184548
39.163913
38.462390
38.056110
38.387230
39.186133
39.146529
38.636960
38.101858
38.614132
39.228706
39.283229
39.262290
39.234874
39.247209
38.139463
38.401822
39.071063
39.124440
39.101054
39.284733
39.175743
39.183076
39.119186
39.073426
39.180582
39.807411
40.222209
40.238709
39.490679
39.225682
40.247716
40.301584
39.721364
39.221424
40.209768
40.368615
40.075421
39.230446
39.208022
40.079648
40.387564
39.505258
39.227749
39.270493
40.210733
40.238671
39.226250
39.229242
39.779992
40.340514
40.064812
39.254986
39.907352
40.388599
39.589740
39.122724
39.103024
39.799057
40.178391
40.232467
39.165057
39.062467
39.835133
40.219680
40.219005
39.146470
39.316574
40.214854
40.187447
39.672906
39.162442
40.239781
40.310071
40.030768
39.243140
39.905576
40.377808
39.463165
39.191710
40.309961
40.356637
40.017101
39.131894
39.111242
39.090697
39.756193
40.146025
39.084546
39.110037
39.583947
40.166771
40.120808
39.033853
39.405295
40.138638
40.197491
40.064747
39.259374
39.709071
40.383299
40.314704
39.656601
39.050168
40.036307
40.205343
40.236249
39.345119
39.608632
40.305891
40.373053
39.786667
39.233194
40.240641
40.317567
39.215780
39.225269
39.384180
40.211779
40.185222
39.548766
39.108514
39.126843
40.100545
40.192539
39.754381
39.043750
40.044629
40.169570
40.205734
39.875635
39.268353
40.075483
40.379193
40.383324
39.518263
39.425365
40.388151
40.389758
39.831817
39.066671
39.418821
40.229345
40.199565
39.305648
39.455189
40.346793
40.280677
39.795673
39.119157
39.183563
39.842383
40.340534
40.367572
39.501157
39.243646
40.317108
40.225232
39.809731
39.257295
39.989628
40.370242
40.212725
39.211244
39.469745
40.344167
40.367029
39.338829
39.116408
40.205543
40.294030
40.354969
40.356128
39.526602
39.305517
40.419199
40.232598
39.221184
39.272047
40.350594
39.846220
39.096049
40.015760
40.427751
39.672174
39.101772
39.991320
40.200818
39.776740
39.125764
39.074212
39.078880
39.104634
39.090004
40.028689
39.229459
44.055279
43.530751
43.343640
43.646045
43.216095
43.458733
43.068854
43.175132
43.607155
43.410137
46.575186
45.754606
45.631951
46.181047
46.556042
47.586651
47.181726
46.729799
45.903960
46.553207
47.341324
46.530699
46.224865
47.191936
46.514723
47.509133
47.791960
47.044909
46.221142
47.263793
47.516765
47.565441
46.991531
46.765395
45.919041
46.953329
47.342981
47.251921
47.279572
47.392909
46.281360
46.142745
47.305453
47.128756
46.312034
45.913832
46.692537
41.689939
41.079160
41.114661
41.161843
40.211821
40.172447
41.206145
41.190322
41.250566
43.996701
46.409453
47.564914
42.451553
40.201063
40.265590
41.130557
41.155315
41.199139
40.650912
40.199734
40.991202
41.223734
41.241867
40.661987
40.007344
40.794272
41.115454
41.171151
41.118850
40.749084
40.031171
40.670341
41.120041
41.151165
41.085630
41.110924
40.797668
40.012554
40.599191
41.112908
41.008384
41.024055
40.276908
39.959438
41.006878
40.935351
40.958980
40.220658
40.042139
41.027160
41.044787
41.063839
40.823629
39.917701
40.416901
41.031885
41.016919
40.661360
39.970430
40.796413
41.036568
41.052947
41.000409
40.221808
39.927867
40.942307
41.011774
41.038530
41.119813
43.935387
45.238669
45.913894
47.138070
46.590939
45.961172
46.981175
47.291555
46.437044
45.390754
46.513776
43.400219
40.971844
40.337025
39.928131
40.944927
41.046901
40.998760
40.290956
40.078082
41.160793
41.119901
41.133009
40.805586
39.937716
40.271729
41.137623
41.109596
41.155327
40.550893
40.136159
41.163893
41.154858
41.089128
40.049071
40.226360
41.020913
40.958384
40.719822
39.941156
40.735574
41.132277
41.099807
41.130126
40.771823
39.970414
40.498952
41.025357
40.990830
40.996855
41.104787
40.431845
40.015929
40.942574
41.148438
41.016333
40.602497
39.941701
40.698085
41.069814
41.034100
41.008854
40.046133
40.020832
41.062020
41.081991
41.140409
40.910568
40.127147
40.671266
41.272110
41.242071
41.480803
41.075878
40.124692
40.375555
41.227569
41.178002
40.760442
40.126299
41.012123
41.181497
41.240108
40.538456
40.085587
41.022940
41.160559
40.952575
40.092427
40.318157
41.221959
41.207099
41.188026
40.265104
40.089491
41.403095
41.238391
41.278535
41.126708
40.166436
40.309844
41.125065
41.111138
41.135264
41.164332
41.114127
41.159250
41.172207
41.004962
39.944884
40.253113
41.014379
41.012053
41.002026
39.789466
40.106525
41.067294
41.049371
41.034826
40.548909
39.923354
40.824513
41.018682
41.027201
40.645874
39.908297
40.600752
41.020718
41.030498
40.944981
39.947932
40.480192
41.029326
41.064065
40.968772
39.946574
40.113951
41.015153
40.955390
40.990365
40.322257
39.877798
40.965275
40.966157
41.012380
40.493945
40.514304
41.037362
41.050885
40.975748
40.012647
40.339623
41.147942
41.142189
41.053360
40.137509
40.262832
41.124523
41.080924
41.090711
40.685094
39.980348
40.891960
41.106235
41.050444
44.714961
46.003402
45.834835
47.228184
47.317895
46.581281
43.263890
40.785258
41.048983
40.957621
41.030118
41.025345
40.248399
40.066663
40.998266
41.003480
40.936447
40.731100
39.904952
40.592695
41.052995
41.022574
41.038054
39.995327
40.284088
41.022935
41.014143
41.023396
41.055716
40.641205
39.926469
40.621283
41.137509
41.173157
41.146935
40.349590
40.283412
41.155960
41.169911
41.165359
40.796500
40.053205
40.873465
41.247961
41.324495
41.000263
40.057861
40.915941
41.135440
41.066667
40.983570
40.919062
40.500658
40.024068
40.677312
41.161755
41.247046
40.848679
40.201642
40.990353
41.181516
41.076942
40.862991
40.027073
40.855174
41.288601
41.331972
40.744324
40.203018
41.266583
41.287003
41.235083
40.666853
40.147170
40.733604
41.226046
41.248917
41.260416
40.453522
39.991177
40.934549
41.077403
41.114765
40.627501
40.103576
40.900702
41.110775
41.050380
40.706821
40.004884
40.760378
41.129460
41.093403
40.571568
39.985739
40.965519
41.104149
41.087997
41.115038
40.145066
40.427640
41.043524
41.170464
41.103986
41.128572
40.113050
40.406127
41.117352
41.086201
41.135012
40.978434
40.062200
40.624654
45.784206
47.300210
46.004366
45.973747
47.347166
47.144923
45.600415
45.043489
47.007493
46.460322
39.944434
40.597813
41.297616
41.142993
41.094883
40.626218
39.952852
40.762513
41.111729
41.115184
41.140679
40.300702
40.151074
41.195126
41.181508
41.226361
40.675015
40.062173
41.160603
41.067465
41.121298
40.469584
40.095854
42.980608
40.448662
41.142851
41.185913
41.031548
40.043531
40.484066
41.102976
41.167910
40.794163
40.071498
40.833877
41.187803
41.239643
41.222686
40.075386
40.235174
41.287888
41.196424
40.951143
40.123153
40.433237
41.133287
41.121473
41.086217
41.099410
40.838695
40.067369
40.846949
41.193031
41.150368
41.215359
41.234918
40.990658
39.995373
40.316134
41.153029
41.122746
41.126822
40.387114
39.877456
40.790676
41.136921
41.089290
40.922701
39.973796
40.262725
41.059301
41.131441
41.100255
40.109728
40.263826
41.212058
41.038371
41.052108
40.707650
39.972120
40.603259
41.104351
41.015896
41.053382
41.051817
40.841838
39.898560
40.660927
40.965275
40.975622
40.960021
40.974039
40.538243
40.268640
46.744516
46.946557
46.127227
45.940376
47.397453
47.063588
47.235042
47.308675
47.082968
46.294128
46.697380
47.197009
47.040311
46.320549
46.231691
46.971485
47.459247
46.766320
46.216640
47.628833
47.602694
46.865945
46.130199
47.367305
47.307127
46.542053
46.098448
46.356545
47.161255
47.241378
46.117397
45.279149
41.003310
40.986169
40.959584
41.057005
41.142928
41.167620
40.600335
39.979019
41.113500
41.109178
41.108104
40.678282
39.856851
41.014112
41.127425
41.140881
40.771096
40.074011
41.209115
41.154622
41.114304
41.143650
41.152288
40.084847
40.477033
41.101323
41.151252
41.203442
40.578740
40.075739
41.130999
41.166189
41.198601
41.021718
40.146382
40.660337
41.300039
41.266324
41.343688
40.156427
40.557545
41.289907
41.284466
41.289532
40.612061
40.076989
41.009199
41.209868
41.174577
40.407649
40.018245
41.107508
41.123407
41.141168
41.132811
40.763362
40.027851
41.056166
41.158120
41.116947
40.991896
40.130166
40.509141
41.228187
41.202123
41.205035
41.008902
40.096467
40.988195
41.262594
41.279466
41.189887
40.697820
40.065338
41.039673
41.218215
41.179332
41.102225
40.751068
40.033019
40.926351
41.212537
41.090799
41.215905
40.258367
40.481240
41.205563
41.166463
41.239326
40.594829
40.351480
41.259148
41.204246
41.183820
41.084144
40.091120
40.535085
41.219119
41.205004
41.248483
41.113761
40.803449
40.005180
40.920209
41.223382
41.188462
41.179024
40.869011
40.090734
40.679265
41.191809
41.153685
41.232209
40.491553
40.417483
41.307860
41.336096
41.247104
41.236632
40.734032
40.145882
41.259475
41.278708
41.246209
41.280273
40.456174
40.260231
41.344867
41.270885
41.254913
40.485990
40.195256
41.194586
41.226596
41.251493
40.950070
40.152273
40.866261
41.209577
41.321947
41.251731
41.256935
40.134757
40.321974
41.189935
41.227177
41.181112
41.017899
40.173754
40.890278
41.287861
41.260630
41.261738
40.446227
40.074036
41.023124
41.265984
41.288551
41.300502
40.304527
40.339770
41.280815
41.281339
41.291907
40.743284
40.158385
41.033417
41.098201
41.144956
41.097305
41.146122
41.053019
40.990297
41.121792
40.719625
43.662368
47.009651
47.108078
46.493754
45.010237
45.795066
47.385453
46.978472
46.011066
46.834114
47.132335
46.810247
45.604644
45.405351
46.513453
47.323075
46.444857
46.529065
47.560722
47.619872
47.001854
46.258266
46.410325
47.748986
47.284707
46.289120
46.593098
47.458468
47.043844
45.933360
46.406591
46.887340
41.044701
40.909378
39.942164
41.760834
47.317078
46.912352
45.999981
45.615245
47.433031
47.583476
45.958262
46.200149
47.534959
50.264979
