50
64.816860
64.055742
61.824156
61.877047
61.834142
61.761155
61.597937
61.530005
61.568279
62.704268
67.770130
70.803581
73.054809
73.186930
73.021166
75.267050
75.192232
73.511222
75.804725
74.410533
73.542570
75.370270
74.015244
74.105773
75.811933
73.575017
74.342715
75.348104
73.333581
74.981467
75.160296
74.766024
75.493648
73.571750
74.572157
75.346537
73.366403
74.836646
74.997194
73.641464
75.616110
74.310042
73.444342
75.432065
73.589602
73.951784
75.529354
73.030505
74.139088
75.221675
73.055063
74.729584
74.969031
73.336865
75.368810
74.456799
73.139510
75.402407
74.022840
73.663678
75.428689
73.615495
74.166830
75.677255
73.327270
74.403695
74.878755
73.108476
74.646493
75.375576
73.493796
72.899889
75.399883
73.666140
73.504718
75.478778
73.440890
73.882674
75.532747
73.147907
73.748249
75.335995
72.945489
73.719572
75.300060
73.165540
74.056334
75.159944
73.137496
74.481361
75.469145
73.449632
74.576531
74.610958
73.126086
74.848786
74.422064
73.099992
75.013564
74.397063
74.451750
75.487322
73.311009
74.249452
75.330112
73.161923
74.186325
74.744609
73.066639
74.444938
74.732493
73.163365
75.187830
74.610663
73.705088
75.632728
73.896620
73.365257
75.447262
73.558466
73.519464
75.409760
73.671219
74.378545
75.483275
73.362925
74.600000
74.895067
73.273028
75.076964
74.572290
73.456408
75.613385
74.266874
73.594093
75.369631
73.309008
73.239601
75.494353
73.224305
74.089139
75.881820
73.584981
74.597886
75.211524
73.343585
74.853143
74.994723
73.245648
75.199513
74.475271
73.465001
75.560676
74.119010
73.393649
75.625792
73.883403
73.846371
75.664936
73.364964
74.341978
75.455567
73.365501
74.490445
75.047835
73.140968
74.588649
74.554430
73.150495
74.895981
74.311948
73.091564
75.242195
73.829290
73.245535
75.253783
74.183465
73.551202
75.655850
73.912683
73.935830
75.741129
73.267997
74.032147
75.298387
73.235319
74.400491
74.897112
73.260200
74.717546
74.467865
73.202331
74.796633
74.306817
74.626872
75.590667
74.718346
72.648176
74.146997
74.288416
73.054161
74.041127
75.414147
73.281254
74.126907
75.246731
73.103115
73.864296
74.967304
73.585581
74.232426
75.200450
73.246879
74.050735
74.873974
73.201786
74.233316
74.954336
73.014093
73.869181
74.885766
73.190524
73.860396
74.757132
72.961744
73.786254
75.178599
73.176727
73.816731
75.146717
79.770666
74.461932
74.030718
73.010048
74.465732
74.397650
73.259427
74.689627
74.465674
73.335100
74.117269
74.174256
72.830745
73.814179
74.430092
73.012816
73.930956
74.963615
73.403461
74.260827
74.593063
72.940663
73.972447
74.998483
73.257989
73.924139
75.078596
73.168084
73.869485
75.284822
73.256675
73.880072
74.932481
73.127215
73.947242
75.045082
73.153735
74.031068
74.878595
73.189329
74.089912
74.892220
73.103063
73.894579
75.239637
73.498147
74.635536
75.309745
73.250951
74.421364
74.794129
73.272971
74.286310
74.872282
73.216721
74.405040
74.761261
73.906394
75.499874
75.088697
73.154793
74.154486
74.924856
73.142718
74.156851
74.625669
73.084116
74.319702
74.742143
73.287564
74.495225
75.529187
73.586103
74.398627
75.061491
73.440967
74.236081
74.885944
73.279233
73.934640
75.369497
73.412816
73.562080
75.406570
73.428401
73.819755
75.734941
73.294727
73.470027
75.271313
74.117175
73.309297
74.991033
74.177491
73.085678
75.288479
74.493356
73.323436
75.241852
73.633319
72.950026
75.100627
73.858167
73.108561
75.045870
73.829528
73.127313
75.460588
73.808947
73.241299
75.574543
73.742266
73.184001
75.747074
73.735170
73.243847
75.311977
73.613615
73.081439
74.798784
73.956982
73.283590
75.089265
74.310581
73.249893
74.803724
73.832935
72.789219
74.217283
74.035498
73.264030
74.597080
74.400402
73.123700
74.586311
74.389464
73.156813
74.360743
74.359772
73.098550
74.542664
74.793555
73.328762
74.551906
74.501678
73.347951
74.649334
74.606551
73.367364
73.872749
75.772492
74.513540
73.863060
75.123544
73.248122
73.492335
75.499126
73.036133
73.055533
75.322752
73.370880
73.109139
75.375108
74.210580
73.362782
74.469672
75.071722
73.243146
74.425705
74.881253
73.165990
73.801097
74.747279
73.113262
73.747436
75.124807
72.948964
74.211887
74.837357
72.986464
73.502761
74.720112
72.889135
73.910693
75.186825
73.360739
74.465475
75.339610
73.416992
74.760175
74.452887
73.479887
75.238742
74.391839
73.138135
74.947542
73.978967
73.116104
75.058300
73.708800
73.081562
75.223669
110.151060
132.919697
100.733633
77.614346
77.587562
77.207897
77.247394
79.594853
77.414377
77.202699
79.911903
77.558501
79.622490
77.204589
77.886867
79.484486
78.679567
81.238741
80.505549
76.855597
77.894767
78.936948
77.164913
78.393071
79.008236
77.262206
78.631721
78.211002
77.111610
78.342310
78.508387
77.236784
78.904156
78.328250
76.994012
78.727596
77.900232
77.035553
79.349726
77.926402
77.245404
79.385579
79.832654
81.032649
78.342662
77.741507
76.946001
78.971371
77.753349
77.071873
79.407717
77.503631
77.407975
79.698616
78.612029
77.511226
79.395627
78.427422
77.573987
79.626926
78.119432
77.533850
79.818345
77.703268
77.733003
79.633875
77.254537
78.034191
79.279607
77.114683
78.055574
78.598916
77.157039
78.507338
78.307625
77.070012
78.877485
78.214708
77.277632
79.403680
77.924490
77.511461
79.855881
77.166226
77.929633
78.977581
76.923633
78.500447
79.123929
77.005087
78.799272
77.906316
77.089202
79.472529
77.477561
77.552368
79.524242
77.251199
78.198855
79.062774
77.173319
78.424132
78.587074
77.336391
79.242680
78.406886
77.170984
79.169033
78.063331
77.218119
79.589918
77.733964
77.666185
79.371222
77.087830
78.397156
78.510711
76.937966
78.506905
78.267391
77.012432
79.121125
77.927947
77.035494
79.400713
77.658666
77.644371
79.764603
77.219516
77.968401
81.917668
80.263442
77.777048
80.089045
77.500909
78.257194
79.175785
77.239663
78.357583
78.934212
77.535780
79.009446
78.449522
77.368260
79.259015
78.168662
77.623308
80.105297
77.764416
77.566840
79.746855
77.369616
77.768863
79.238345
77.091297
77.779048
79.527394
79.356299
76.962161
77.373013
79.837192
77.557771
77.736850
79.788356
77.357550
77.940133
79.285188
77.062161
77.806425
78.743942
76.892360
78.137911
78.414364
77.070043
78.586715
78.498827
77.301965
79.118828
78.183871
77.097834
79.347881
77.744146
77.178050
79.733060
77.720324
77.642282
79.798142
77.425438
77.945015
79.385193
77.087397
78.019494
110.112818
77.630929
77.546952
77.425220
79.816820
77.735969
77.524251
79.597239
77.190428
77.659665
79.344990
77.260578
78.037153
78.890840
77.151901
79.139279
78.796219
77.134379
78.465559
78.741577
77.284933
78.760584
78.645618
77.312832
78.979861
78.394557
77.324220
79.494791
77.868649
77.363454
79.571623
77.640462
77.229672
79.742238
77.399786
77.167012
79.813779
77.437702
77.771148
79.461411
77.296331
78.132190
78.960114
77.034949
77.945385
82.995965
81.306392
81.295034
80.159594
76.595204
78.577884
83.810746
81.265752
78.366897
79.194851
76.981567
77.094511
79.536623
77.002103
77.514305
79.551420
77.295110
77.998846
78.934773
77.037757
78.254320
78.735265
77.325897
78.870674
78.246075
77.132507
79.177989
77.964098
77.344503
79.906801
77.603020
78.969204
78.762900
77.294255
79.172519
77.870980
77.086916
79.373289
77.489370
78.016283
79.147276
77.185622
78.629879
78.671118
77.047068
79.021971
77.901482
77.334425
79.686166
77.338558
78.064605
79.571529
77.274086
78.411212
78.636876
77.287001
79.205705
78.392411
77.363498
79.625182
77.942520
77.371692
79.909827
77.776992
77.678734
80.091929
77.659254
77.564415
79.430499
77.123525
77.589539
79.347263
77.398460
77.815219
79.459217
77.261688
77.904747
79.140031
77.234870
77.996640
79.093079
77.278882
78.183886
78.928059
77.436503
78.188722
78.777181
77.246698
78.246747
78.718653
77.313433
78.290856
78.785410
77.330070
78.776299
78.653053
77.114481
80.032220
82.051897
82.145244
78.379896
77.949180
76.799068
79.045416
77.842770
77.136715
79.653558
77.676364
78.753744
79.928374
78.732810
77.463674
79.506772
78.814318
79.852948
62.171760
61.879673
61.711534
61.728064
61.795688
61.699272
64.471337
69.147560
71.486306
73.211546
73.172959
73.360267
74.935096
74.851334
73.289223
75.634268
74.500594
73.301295
75.627899
73.801887
73.710875
75.821885
73.449661
73.272915
75.282475
73.418318
73.970130
75.379326
73.094106
74.266105
74.881553
72.923824
74.561391
74.406177
73.093088
74.183326
74.643223
73.143491
75.141834
75.079883
73.436523
74.818075
74.605476
73.114924
74.987301
74.072072
73.337592
75.515525
73.654589
73.632517
75.395470
73.350220
73.967364
75.386857
72.958316
73.999470
75.125695
73.218373
74.751511
74.728276
73.251446
75.220954
74.578018
73.167521
75.288230
74.202354
73.402753
75.590901
73.693700
73.271990
73.078744
73.023890
74.862147
75.818215
73.816402
73.587069
75.408344
73.316508
73.794562
74.951948
73.096455
74.509774
75.759688
72.994334
75.483159
74.333309
73.004225
75.565921
73.868220
73.400042
75.534095
73.440447
73.521598
75.485162
73.210673
73.721181
75.633018
72.997053
73.800847
75.142868
72.925989
73.795326
75.029844
73.122630
74.276694
74.907018
73.109723
74.196338
74.895956
73.115887
74.363794
74.939425
73.106241
74.066251
74.839878
73.042822
74.043427
75.147751
73.425586
74.065321
75.179551
73.270159
73.569298
75.543385
73.310374
73.582401
74.801512
74.583467
73.410200
74.610845
74.569795
73.087918
74.364901
74.472670
73.164802
74.686504
74.839306
73.294413
74.541330
74.488197
73.093752
73.541178
75.157223
73.251757
73.452582
75.407116
73.620527
73.407688
74.869121
74.353459
73.296183
74.482325
74.875269
73.194152
74.701866
74.757721
73.392349
74.772042
74.667363
73.066895
74.399057
74.597178
73.348261
74.969676
75.754805
73.627007
75.512078
74.040441
73.301450
75.585244
73.773201
73.018409
75.294492
73.295662
73.160945
75.387776
73.489243
73.777846
75.596636
73.165565
73.805802
75.051329
72.761827
73.364175
74.634328
72.776612
73.708496
74.865136
73.014100
74.131295
74.707483
73.363771
73.789482
75.239709
73.221444
73.275890
75.154395
73.596484
73.328551
74.406714
74.342372
73.166657
74.847179
74.869883
73.346583
74.877344
74.498983
73.321228
74.671892
74.396596
73.095778
74.731016
74.108754
73.100655
74.699722
74.106920
72.982103
74.316398
74.110542
72.987860
74.335857
74.303086
72.946756
74.285060
74.810097
73.161137
74.218866
74.415380
72.927050
74.326108
74.653015
73.237746
75.097153
74.161035
73.127320
74.929431
74.044640
73.304286
75.497435
73.848021
73.223526
75.495619
73.502628
73.463500
75.481246
72.984575
73.390756
74.654913
72.901870
73.395447
75.734762
73.503956
73.314281
75.460094
73.661512
73.343700
75.048496
74.146420
73.225944
74.459070
74.355592
73.331735
74.230870
74.874587
73.379100
74.951119
74.540024
73.280942
75.161839
74.313224
73.342913
74.533837
74.604521
73.246013
74.022904
74.786291
73.073351
73.351149
75.464873
73.417419
73.200824
75.376422
73.702121
73.319481
75.527193
74.114955
73.200032
75.934625
73.796389
73.399506
75.277415
73.090866
73.215709
75.381435
73.073676
73.909796
75.275635
73.109521
74.144689
75.051596
73.461173
74.400945
74.854116
73.532162
73.739586
75.254373
73.219127
73.520398
75.641246
73.754052
74.026199
75.533826
73.442094
75.203762
75.563580
74.857224
73.265594
74.325575
74.316705
73.230161
74.142635
74.924536
73.682774
74.557677
74.851545
73.022205
74.066968
74.553695
72.884111
73.932020
74.322114
72.820271
74.264906
74.601737
73.105643
74.447652
74.400638
72.929058
74.389947
74.144737
73.169457
74.926489
74.507778
73.128129
74.710137
74.168409
72.945417
74.411228
74.237590
73.084573
74.672901
74.309250
73.023114
74.285579
74.219276
72.972527
74.286996
74.426464
72.863493
73.956789
74.558347
72.979460
74.145705
74.462125
72.976351
74.202200
75.068668
73.008189
73.521858
74.857370
72.941474
73.482618
74.935674
72.749588
72.923353
75.074281
72.821327
72.735822
75.115111
74.523458
73.573578
74.478175
75.320285
73.516650
73.729064
75.084583
73.260097
73.741204
75.603642
73.411450
73.497020
75.890575
73.484378
73.396385
75.490064
74.265742
75.460610
73.679130
73.209178
75.379336
73.461390
73.210305
75.413232
73.743273
73.263459
75.661407
73.932069
73.125478
75.416790
73.881799
73.655573
75.616041
74.029116
73.578063
75.509208
73.907998
72.932279
75.072711
73.690552
72.958941
74.999747
73.722009
73.200976
74.717409
74.286541
73.213333
74.415597
74.966642
73.406446
74.449585
74.983918
73.280873
73.691850
75.154008
72.778066
72.980228
74.951682
73.490845
73.361878
74.225878
74.625884
73.175089
73.124294
75.259111
73.390912
73.173604
74.321356
75.421124
73.051372
73.033376
75.218860
74.052510
73.426904
74.840390
74.433794
73.203878
74.611339
74.111411
72.884437
74.362919
74.113883
73.120548
74.419846
74.619733
73.410129
73.310458
75.575189
73.375001
73.264780
75.482909
73.417717
73.599004
75.791658
73.443571
73.913064
75.560929
74.179676
73.056952
74.843608
74.172594
73.080174
74.450786
74.308258
72.965152
74.341577
74.519257
73.064799
74.200598
74.428514
72.886662
74.005267
74.804544
73.240235
74.340034
74.626279
73.260117
74.369868
74.614592
73.124299
74.213563
75.003780
73.273071
74.177890
74.958369
73.115503
73.940260
75.174611
73.482584
74.503125
74.797233
72.971362
73.887996
74.665717
72.803356
74.618619
74.456931
73.544018
75.299725
72.995854
73.602770
75.590686
73.253853
73.401506
75.335163
73.245815
73.354136
75.259715
73.031360
73.696207
74.814848
72.669344
73.231135
75.381583
72.965733
73.502279
75.404298
73.244125
73.456307
75.476896
73.329829
73.145368
75.408777
73.208960
72.986882
75.226818
73.154782
73.107282
75.285414
73.569465
73.098389
74.427419
74.132646
73.040129
74.256989
74.164829
72.975420
74.184438
74.762240
73.142239
74.111482
75.381982
73.349936
74.004043
74.792217
73.043719
73.270168
75.212316
73.114867
73.744939
75.204135
72.945043
73.494417
75.282780
73.183669
73.716931
75.575588
73.136701
73.349416
75.474736
73.175118
73.198691
75.131311
72.907617
73.695983
75.447416
74.074334
73.184140
74.769569
74.155877
73.361850
74.668975
74.885015
73.452613
74.513228
74.694139
73.275034
73.022200
74.840812
74.039289
73.285252
74.374223
75.180538
73.182907
73.837190
75.164424
73.265844
73.791660
75.173616
73.011064
73.542376
75.436129
73.080852
73.528552
75.575262
73.260839
73.712365
75.618732
73.209849
73.583402
75.318375
73.190295
73.877955
75.558972
73.491078
73.946073
75.258426
72.838774
73.645922
75.254640
73.128839
73.339734
75.523268
73.349421
73.505072
75.489847
72.997501
73.490513
75.752640
73.318152
73.167395
75.284662
73.421458
73.193324
75.122552
73.946227
73.229185
74.858162
74.376972
73.243232
74.469351
74.235207
73.609820
74.014979
75.630060
73.427652
73.433711
75.639460
73.432320
73.499642
75.778381
73.934410
73.463922
75.332550
73.764237
73.162352
73.158713
74.322416
75.595689
74.034897
73.645649
73.826413
75.274626
73.450313
73.646842
74.848141
74.150639
73.947162
73.790533
75.429716
73.395168
73.560192
75.362958
73.852235
73.293811
74.972594
74.164652
73.230366
74.852704
74.077208
72.917593
74.044089
74.161601
72.977284
73.940350
75.108910
73.366528
74.108897
75.303537
73.143478
73.600482
75.168427
73.068288
73.418490
75.216657
72.893027
73.288633
75.529173
73.564996
73.362191
75.541401
73.183942
72.940961
75.425897
73.232301
72.862286
75.454996
73.500086
73.366061
75.000262
73.122703
72.866033
74.415394
73.925816
73.215433
74.468229
74.830291
73.228107
74.116749
74.645069
73.241570
74.084895
74.961960
73.013124
73.362167
75.205766
73.343233
73.247816
75.461055
73.628382
73.130621
75.403791
73.689766
73.173614
75.134894
73.606673
73.131652
75.102895
73.827653
73.161445
74.971526
73.790928
72.991994
74.870173
73.692906
73.068210
75.159209
73.959425
73.238648
75.376485
74.893611
73.580580
75.127303
73.263857
73.733225
75.328304
72.960058
73.397376
75.166407
72.940386
73.490174
75.373470
73.835256
73.701061
75.785025
73.454407
73.494355
75.514311
73.219090
73.433591
75.409974
73.204258
73.793242
75.572274
73.171210
74.212870
75.197498
73.416385
74.080540
74.934159
73.100973
74.016096
75.042037
73.128948
74.076850
74.875249
73.108634
74.235806
74.807784
73.469601
74.569371
74.649889
73.128225
74.186300
74.545440
73.220324
74.105919
61.412116
61.468435
61.573108
61.593912
61.630361
61.629414
61.662310
61.456911
61.757257
66.524532
70.146409
72.393494
73.220506
73.236089
74.214785
75.633451
73.373455
74.777925
75.425264
73.435338
75.271346
74.676060
73.227558
75.276281
74.832057
73.009339
75.123333
74.087587
73.714327
75.716366
73.584293
73.947824
75.703361
73.400603
74.117830
75.099839
73.448063
73.746292
75.570729
73.169195
73.128483
75.597915
73.525739
73.567921
75.451135
73.960557
73.488579
75.777438
74.752490
73.363788
75.315613
74.386446
73.164236
75.112387
74.029785
73.221503
75.593638
73.783042
72.858185
75.174240
73.561072
73.314861
75.744917
73.723282
73.396617
75.568195
73.504470
73.147676
75.123037
73.940931
73.108744
75.642095
73.353435
73.092970
75.133582
73.815505
73.346722
75.686384
74.453689
73.655327
75.509409
73.675874
73.621072
75.460340
73.351985
73.505474
75.781556
73.452742
73.281772
75.057458
74.102520
73.218067
74.826639
74.595064
73.513268
74.318690
74.778940
73.335113
73.505032
75.373230
73.181231
73.253111
75.478853
73.811237
73.439446
75.079894
74.460111
73.586862
75.041712
74.519310
73.413944
74.297203
74.431388
73.078901
73.568047
75.672521
73.387800
73.842694
75.702079
73.388020
73.625357
75.489267
73.211116
73.757017
75.582987
73.306653
73.574491
75.552941
73.278957
73.820625
75.307936
73.164324
74.038556
75.267289
73.311664
74.126746
75.243732
73.075895
73.995737
75.192521
73.625263
74.717028
75.025251
73.508972
74.729605
74.934043
73.229151
74.561006
74.702349
73.340197
74.411116
74.420379
73.050663
73.672594
75.829851
73.594939
74.349028
75.469079
73.406150
74.000863
75.340858
73.319304
73.804029
75.107914
72.957263
73.361334
75.155175
72.874952
73.455094
75.257075
72.921276
73.352880
75.551308
73.144724
73.342567
75.522073
73.287712
73.746644
75.390228
73.351571
73.325425
75.401887
73.282256
73.168725
75.349537
73.398922
73.243282
75.234807
73.733630
73.324372
75.197616
73.927154
73.024704
74.811773
73.984177
73.185506
75.239429
74.364654
73.330403
74.735866
74.669782
73.300750
74.359697
74.745612
73.238731
74.076277
75.163443
73.282700
73.866258
75.093570
73.176722
74.298322
75.331088
73.517073
73.916961
75.158285
73.149052
73.686110
75.599477
73.431451
73.507011
75.795668
73.216152
73.264274
75.503099
73.272261
73.012616
75.193954
73.594613
73.379717
75.161390
73.879031
73.203571
74.541300
74.313196
73.173949
74.379302
75.524893
74.061269
74.859557
73.743733
72.924854
74.945599
73.948714
73.271114
74.937542
74.314114
73.130080
74.828151
74.229234
73.245456
74.481728
74.772483
73.683617
73.311478
75.633144
73.548285
73.764849
75.857631
73.543593
73.296605
75.799847
73.661412
73.208464
75.439631
73.640093
73.219652
75.312274
73.870757
73.040256
74.995450
73.679165
73.016867
75.105215
73.726979
73.145174
75.949050
73.622294
73.176969
75.182596
73.764372
73.102286
75.204346
73.860654
73.101725
74.863067
74.377671
73.258630
74.643883
74.312212
73.243377
74.548906
74.989883
73.336213
73.866533
75.217080
73.181706
73.354385
75.685411
73.431299
73.514887
75.682734
73.751338
73.153817
75.388948
73.746335
73.408361
74.517431
75.213710
73.435434
74.211971
75.110633
73.308655
73.787800
75.006949
73.310559
73.968149
74.849918
73.173879
73.857464
75.350212
73.220546
73.780917
75.279449
73.194479
73.768219
75.574021
73.643496
73.588485
74.891368
74.447642
73.602862
74.972279
74.344233
73.258668
74.843087
74.392651
73.102953
74.414906
74.271916
73.008737
74.537597
74.847843
73.156128
73.683365
74.939364
72.879144
72.995626
75.519940
73.997271
73.632861
75.654114
75.969442
73.683971
73.240054
73.665274
74.714970
73.271468
73.810947
75.481089
73.236621
73.312885
75.391293
72.988130
72.810019
75.059796
73.203564
72.929421
75.099835
73.701577
73.105433
74.930776
74.218782
73.290774
74.662572
74.503188
73.476304
74.227234
74.012922
73.069964
73.849397
74.695322
73.453754
73.349093
75.796502
73.571702
73.394019
75.303504
73.495377
73.436784
75.111921
74.147716
73.384998
75.270140
74.271033
80.320984
75.008308
73.083306
73.285177
74.327779
75.125586
73.526284
74.196877
75.284395
73.306546
73.792607
75.144689
73.144920
73.345610
75.135008
73.075078
73.186478
75.590065
73.676237
73.356825
75.439287
73.535737
73.330333
75.187028
73.901444
73.344581
75.133320
74.204342
74.376071
75.346456
73.336161
73.739136
75.521252
73.193637
73.156265
75.541427
73.358221
73.335026
75.268988
74.100705
73.364277
73.948075
75.423588
73.307920
73.747777
75.447923
73.348142
73.100306
75.256502
73.428069
73.236167
75.055442
73.991610
73.120511
74.627369
74.326644
73.214990
74.111759
74.566316
73.175395
73.761214
75.269075
73.312850
73.493597
75.679720
73.329732
73.297918
75.124576
73.815383
73.467725
75.605074
74.167644
73.640617
75.205984
74.030664
73.341830
74.782817
73.860960
73.152532
74.569490
74.661164
73.322882
74.145874
74.847648
73.148086
73.702729
75.358634
72.829683
72.880327
75.219458
73.262787
73.118012
75.011337
74.188669
73.264330
74.667949
74.316822
73.009551
73.562316
75.683489
73.144413
73.717650
75.142317
73.172373
73.301174
75.605366
73.314497
73.134266
75.173762
73.677916
73.126708
73.748311
75.355325
73.548387
73.494899
74.631032
74.377786
73.197399
74.558791
74.522215
73.021200
74.556733
74.640187
73.093853
74.315570
74.228531
72.884681
73.906780
74.378426
73.016314
73.725520
74.598205
72.852870
73.613909
74.825927
72.879246
73.840178
74.788992
73.293788
74.060773
75.086344
73.292499
73.643885
74.935514
73.036729
73.589065
75.262203
73.243762
73.501978
75.835574
74.220342
75.522022
75.170743
73.607398
74.513916
74.894763
73.814193
74.681679
74.583951
73.397673
74.951431
74.630484
73.364811
75.096795
74.140086
73.224330
74.977660
74.331295
73.434820
75.174441
74.209428
73.280129
75.100847
73.803281
73.171378
75.216939
73.872903
73.047919
75.137229
73.671523
72.802065
74.940889
73.281645
72.742363
74.599731
73.790530
72.987960
74.480286
74.183797
73.143122
74.723292
74.326139
73.339500
73.435878
75.793550
73.543133
73.089561
75.329545
73.705963
73.244899
75.348846
73.926255
73.391942
75.246251
73.892304
73.231915
75.134536
73.937859
73.305654
75.049316
73.679815
73.032156
75.143309
74.059062
73.313219
75.110822
74.318479
73.502730
75.188968
73.852090
72.793721
75.208375
74.081194
73.204791
74.364449
74.509039
73.030247
73.939609
75.065049
73.938369
75.576444
74.292793
73.317485
74.807450
74.548312
73.366319
74.740984
74.501804
73.145385
74.043594
74.829711
73.182537
74.174842
75.011677
73.165721
73.568146
75.334918
73.222132
73.414641
75.694229
73.487029
73.314895
75.371012
73.850186
73.283869
75.182071
73.537211
73.080714
74.762299
74.064711
73.038523
74.654174
74.498829
73.207202
74.149860
74.847975
73.330434
73.883059
75.198206
73.302893
73.380393
75.659702
73.143404
73.190862
75.307580
73.542325
73.337406
74.971565
73.752048
73.285844
74.541297
74.349693
73.294923
74.182897
75.052778
73.273275
73.854781
75.257231
73.396780
73.681230
75.725654
73.224693
73.294013
75.792955
73.446563
73.054497
75.218560
73.478685
73.050188
75.117419
73.908295
73.340899
75.073904
73.938142
73.285830
74.819315
74.026123
73.254357
74.924294
74.410568
73.299698
74.579407
75.722952
74.170219
74.936542
74.313712
73.093588
74.117615
74.776849
73.606909
73.999634
75.106948
73.098640
73.541402
75.445011
73.264434
73.459524
75.533516
73.270189
73.381665
75.826698
73.550691
73.374598
75.654127
73.549245
73.379553
75.726786
73.653331
73.478040
75.770747
73.658344
73.525083
75.374970
73.397588
73.530249
75.699089
74.184754
73.777703
75.373578
73.201763
73.755174
75.325244
73.179802
73.461688
75.264286
73.051875
73.461260
75.610631
73.305895
73.201537
75.416747
73.436594
73.704817
75.632857
73.679256
73.285118
75.192826
73.913738
73.420493
74.991623
74.318785
73.225014
74.615883
74.252330
73.413928
74.489818
74.714384
73.211540
74.058103
74.827904
73.470273
73.905338
75.389463
73.171118
73.343014
75.395666
73.189923
73.182244
75.514053
73.411504
73.215948
75.097028
73.724644
73.175127
75.179031
76.066966
73.670968
73.689476
75.666856
73.140203
73.274009
75.378499
73.129348
72.994695
75.442633
73.385244
73.033248
75.311557
73.774992
73.313205
61.108475
61.128162
61.194757
61.508771
61.659914
61.698336
61.591448
61.565216
65.465619
69.516652
71.341928
72.681472
73.342741
73.460490
75.249627
74.560718
73.415465
75.021553
75.169802
73.490468
74.114888
75.308064
73.463945
74.607195
75.160119
73.180032
75.196675
74.505461
73.182376
75.225878
74.061987
73.244007
75.465637
73.767611
73.449793
75.531026
73.366631
73.449269
75.624566
73.672618
73.408056
75.473114
73.580104
73.670397
75.531619
73.402623
74.013835
74.790456
73.241416
74.470502
74.933127
73.205256
74.682446
74.686885
73.313964
74.835933
74.615425
73.269098
74.855114
74.626067
73.240250
74.722396
74.051037
73.070550
74.577966
74.200602
74.571095
75.072536
73.331949
74.202493
75.623835
73.337286
73.792660
75.425759
73.361275
73.584522
75.588217
73.063568
73.378991
75.744209
73.407349
73.576077
75.468909
73.468218
74.051645
75.262872
73.179115
74.130512
75.106889
73.017509
73.796667
75.249311
73.494268
73.614713
75.272160
73.146564
73.137590
75.001544
74.167221
72.981113
74.646742
73.911292
72.954534
74.677002
73.812047
72.926686
74.439141
74.302522
73.223758
74.479842
74.233489
73.169960
74.411903
74.468833
73.021417
74.253127
74.940863
73.162957
74.008658
74.927853
73.152097
73.698886
75.128212
73.390498
73.947949
75.681698
73.428162
73.451763
75.491764
73.283135
73.471014
75.651101
73.457315
73.621799
75.533012
73.170259
73.243663
75.498165
73.122596
73.156084
75.487522
73.533727
73.459953
75.548800
73.542893
73.328611
75.340817
73.797481
73.022607
74.804929
75.329843
74.760775
73.113041
73.965655
75.100660
73.163501
73.585344
75.171329
72.966950
73.109859
75.775241
73.565724
73.265864
75.443551
73.962134
73.152053
74.824506
74.098541
73.814682
74.809488
74.402502
73.404058
74.780971
74.549070
73.729555
73.572007
75.604317
73.345481
73.246771
74.292552
75.081871
73.470870
74.135634
74.843953
73.364985
73.654897
75.154681
73.181110
73.835860
75.244694
73.325559
73.953994
75.640902
73.426131
73.804506
75.011443
73.622765
74.159037
74.796085
73.396914
74.686483
74.880544
73.411931
73.628147
75.335146
73.256526
73.387086
75.182147
74.184672
73.154426
73.815279
75.021826
73.306047
74.063250
75.003281
73.144201
73.722096
75.381768
73.341363
73.727646
75.391470
73.135411
73.615344
75.473566
73.256910
73.313924
75.508285
73.153125
73.213328
75.666332
73.339046
73.262579
75.549613
74.336040
73.344670
74.834892
73.676801
73.143103
74.650355
74.915783
74.370162
75.573350
73.402723
73.213225
75.221099
73.970614
73.472765
73.175960
75.156538
73.500783
73.529664
73.211591
75.392109
73.163977
73.203296
74.477025
74.311894
73.116088
73.883706
74.928637
73.563665
73.667722
75.243024
73.268438
73.310234
75.327784
73.726373
73.309643
74.677868
74.519023
73.134214
73.862115
74.657025
73.157319
73.391393
75.031928
72.916172
73.065224
75.347730
73.390120
73.117543
74.607028
74.194816
73.325297
74.520042
74.334336
73.135682
74.304675
74.554990
73.022528
73.969836
74.637247
73.120545
73.632493
74.967296
73.011224
73.338306
75.455997
73.099874
73.103877
75.228122
73.202615
73.090474
74.563320
73.814310
72.975718
74.039988
74.444936
72.960367
73.592280
75.059284
73.140903
75.346088
73.218319
72.999058
74.734113
74.062743
73.251213
74.456339
74.644133
73.303654
73.498979
75.738719
73.474433
73.254631
75.103482
73.420179
72.936474
74.387286
74.195040
73.082480
74.086050
74.684123
73.125780
73.938724
74.708307
72.943825
73.311884
75.162573
72.970886
73.062615
75.328972
73.327044
73.343271
75.502834
73.206941
72.869854
75.264828
73.314335
73.156596
75.389030
73.829161
73.133417
75.064622
73.777978
73.020329
74.777026
74.440200
73.368481
75.064138
74.548334
73.344295
74.900035
74.517781
73.269922
74.692070
74.517285
73.297586
74.532028
74.561538
73.521569
74.711202
74.673216
73.275313
74.626967
74.434950
73.292960
74.665684
74.542105
73.192333
74.983798
76.087916
74.010189
73.363496
74.464855
73.995698
72.975256
74.233540
74.248859
72.848912
73.886636
74.283672
72.769056
73.606961
75.607895
73.485393
73.179772
74.656876
74.394847
73.451521
73.175509
75.485191
73.169835
73.204557
74.261162
74.446614
73.102834
73.108358
75.337747
73.195112
72.979563
75.124022
74.905278
72.947090
72.919911
75.071324
73.059669
72.826170
74.709645
73.403304
72.790339
74.280943
73.733803
73.264673
74.076276
74.114187
73.013302
74.174503
74.710296
72.965052
73.359825
75.223478
73.109779
73.019888
74.905715
73.428798
72.969682
74.203833
74.183122
73.183892
73.467795
74.813269
73.029657
72.985284
75.115725
73.253073
73.103126
74.762989
74.309990
73.303618
73.392207
75.698972
73.450814
73.224416
73.531769
75.522312
73.502711
73.342660
73.343998
75.539306
73.262262
73.195866
73.873546
74.769237
73.007300
72.990144
75.429640
73.093718
72.987295
74.490403
74.236602
72.976531
74.557329
75.493733
73.364730
73.266837
75.070280
74.226344
73.080957
74.334402
74.515608
72.888385
73.911102
74.959539
73.433861
74.750951
74.557382
73.133343
74.017812
74.963218
73.440234
73.427121
75.365874
73.088640
73.022777
75.410210
73.607091
73.227858
74.848388
74.199621
73.254492
74.304766
74.731139
73.434416
73.691790
75.641499
73.394242
73.142688
75.099225
73.714904
73.323049
74.587451
74.212216
73.174871
73.389841
75.105948
73.809869
73.357452
74.020882
75.862523
73.634559
73.093093
73.259808
74.941152
73.591122
73.122347
73.841856
75.236443
73.350633
73.042923
75.147005
73.393173
73.145524
74.645449
74.427951
73.284046
74.084797
74.961205
73.297178
73.407702
75.431642
73.255434
73.151784
75.109370
73.631228
73.244213
75.052674
74.153719
73.244991
74.211481
74.361504
72.987211
73.115134
75.347155
74.311574
73.060353
74.157745
74.887857
72.991728
73.046202
75.542925
73.370321
73.238851
75.000091
74.376001
73.399931
74.428351
74.596153
73.303115
73.698948
74.860834
73.011275
73.025171
75.120359
73.383024
73.203182
74.921305
74.476754
73.342384
73.563927
75.224994
73.107370
73.182145
75.145111
73.584528
73.047954
74.890607
74.599657
73.583718
73.874807
75.290601
73.542740
73.894259
75.291451
73.758248
73.143164
74.009740
74.646477
73.297957
73.150591
75.533279
73.408779
73.246393
74.585698
74.269077
73.223800
73.500196
74.920655
74.185963
73.567049
73.981156
76.073411
73.582346
73.519755
75.271066
73.808371
73.296291
74.608099
74.321274
73.352678
73.778179
75.076852
73.122910
74.874113
74.327561
73.158879
74.092468
74.857256
73.395892
73.788704
75.639017
73.244397
73.438430
75.407829
73.779037
73.102459
74.307127
74.582155
73.408834
73.665692
74.816277
73.027178
73.083041
74.165039
74.390595
73.360042
73.583307
73.505990
73.206685
74.925587
73.557717
73.292061
73.889080
74.571328
73.179796
73.311947
73.485651
75.226939
73.329840
73.318607
74.930409
75.128585
73.167679
73.148813
75.411073
73.630713
73.217582
74.388723
74.187783
73.071540
73.634987
75.186914
73.545642
73.078900
75.333915
73.068616
73.000171
74.450470
74.244727
73.160429
73.901675
75.280089
73.300737
73.460237
75.452548
73.150192
73.087150
74.888831
73.512616
73.037864
74.651395
74.675997
73.779924
74.104070
74.921137
73.406747
73.606416
75.598967
73.397374
73.290137
75.201338
73.918016
73.384165
74.291591
74.285134
72.961310
73.075940
74.443262
74.032788
73.141201
72.994117
74.397609
74.299021
73.147734
73.303487
75.222144
73.806946
73.325077
73.381332
75.134894
73.859185
73.147550
73.416814
75.153128
73.142313
73.064701
74.620669
73.395809
72.824977
74.015869
75.352575
73.628966
73.129748
74.818136
74.026932
73.094319
74.104320
74.423172
72.975453
73.171046
75.161959
73.205370
73.204403
75.267281
74.273502
73.066711
75.389356
73.652344
73.473863
75.561185
73.926873
73.305053
75.001385
74.454705
73.388233
74.267427
74.745672
73.385795
72.754567
74.772226
73.032393
72.997383
74.905617
73.639045
72.928057
74.147110
74.271404
73.085020
73.414631
75.144088
73.365946
73.242838
75.665139
73.619737
73.523284
74.787980
74.460476
73.393239
73.873456
75.078917
73.147801
73.215211
75.543221
73.351371
73.163642
74.594376
74.175644
73.438562
73.575787
74.969315
73.266318
73.241544
75.653328
73.222972
73.274864
74.328548
75.233453
73.391326
73.575000
76.190761
73.287927
73.333945
75.179176
74.026831
73.312161
