100.000000
114.533051
91.836708
96.843895
100.803669
99.969225
85.538228
107.426410
86.542689
78.334018
81.433531
83.842615
86.618417
91.634287
92.611871
81.119048
85.426746
90.243727
100.121447
91.919676
81.996748
79.683034
76.885606
83.032049
103.124820
105.913787
93.119895
90.723685
96.156211
92.704920
98.380862
101.882637
84.289897
92.850374
86.504508
83.294556
92.003919
99.534774
92.105306
94.181687
89.165894
99.953078
82.691403
76.046944
74.201924
79.459735
82.169126
86.757475
97.065655
88.985672
95.275818
95.192758
84.957760
97.971376
96.341234
103.148946
91.492542
78.110961
88.413588
90.532909
92.657885
81.055636
101.151225
89.439656
94.685333
107.177606
93.102942
106.687777
103.389243
108.985820
101.145179
94.029639
103.637888
101.196421
96.318674
104.568484
98.664577
95.195269
89.882263
113.297562
95.341707
100.159909
84.933292
89.181504
80.139307
81.833827
84.484202
84.208259
107.425481
111.754665
83.014961
98.401813
78.399882
84.530888
83.162919
84.220305
85.116341
91.181760
96.116783
98.229616
110.860920
90.155608
84.783463
86.567362
82.757230
86.310004
93.403616
106.132674
94.636718
98.256061
90.230220
81.668785
92.576255
82.819184
90.978844
108.188511
106.365645
98.007379
92.827354
91.601115
88.229400
95.772535
90.289541
113.839820
106.617966
93.725843
84.597620
85.076359
100.059273
85.134534
98.941441
91.745176
90.600957
83.937690
87.817250
95.589672
100.032868
93.480189
82.883017
93.394736
103.858897
98.329280
88.108898
83.636566
93.396577
87.236730
87.578086
89.248572
89.609745
96.391895
90.342749
93.403659
90.917938
101.787714
100.229013
101.605822
93.706823
93.464234
89.116632
87.248475
76.945820
105.847345
95.689532
86.583529
98.637817
95.233849
103.750905
86.814738
92.282206
102.281824
93.497031
93.058370
109.237136
84.393479
91.904997
87.406474
96.253493
108.127436
87.715716
96.249047
96.295101
93.995206
107.117675
83.540047
86.418943
85.955676
98.067563
85.983755
79.213124
97.469378
100.279568
102.881761
85.284349
94.792916
96.520671
84.224079
81.789859
85.512618
110.018447
88.011335
88.841292
99.086947
94.563150
80.581919
94.439586
108.808437
87.018379
88.107222
111.750674
90.802120
85.699503
88.001787
107.130829
96.148942
106.438771
103.627117
88.628571
109.386801
113.135257
77.954604
84.638455
99.282304
105.769096
103.735375
93.307285
83.620735
77.866345
94.138803
91.637333
85.138054
89.432583
88.916382
106.108509
82.299468
81.589237
99.952933
104.644047
84.342027
81.943219
92.924235
97.064137
83.969771
97.013280
106.417633
92.714643
94.236861
93.232355
85.786293
99.317178
105.799170
89.892438
102.602556
93.545743
87.948324
104.729236
97.052614
81.808576
85.541736
102.419668
95.869638
76.221110
87.327772
79.616113
85.970817
83.240372
88.216574
102.593916
90.504107
85.424828
100.425251
104.626547
92.008905
96.809425
102.661405
88.798353
80.979962
78.938457
79.985411
92.877104
92.094113
105.230390
107.968856
83.879605
84.796534
105.900348
89.338700
98.822343
92.407377
83.059420
108.977390
103.164907
86.166679
78.211992
78.473348
96.669120
82.189900
102.543355
87.186413
90.342263
84.776728
82.142338
78.322461
94.395520
101.276547
88.996917
87.106352
88.037406
86.510681
80.727644
89.760996
101.448206
88.509687
73.511757
84.078581
92.337846
96.696599
106.643595
105.234912
100.053823
83.866589
86.357672
92.969861
92.296519
99.737565
96.621522
87.159442
80.645697
87.546585
79.486759
83.410067
90.125942
87.203794
91.611121
93.229537
89.744879
87.594681
87.548688
86.060543
98.787259
89.836197
113.172036
92.037136
109.875360
90.094210
85.938923
93.111913
83.387300
89.419475
90.570874
109.598685
96.410595
87.224263
100.592576
89.357693
98.627585
99.662034
90.225336
90.763206
84.615160
97.317489
79.387792
79.174541
92.912713
88.365233
89.149819
92.130124
85.389766
85.553581
84.500138
90.675897
94.391508
106.046514
104.785197
85.632785
90.234553
108.165713
99.237220
106.965503
112.734347
100.852739
94.754140
75.857544
107.149538
82.156845
87.004779
84.949746
92.655925
104.986268
101.792255
98.362891
85.502110
90.531882
95.626196
83.870560
80.524737
86.836482
108.737863
94.271388
76.811884
92.493071
106.464175
108.095345
107.277061
97.170134
98.741378
100.222860
95.905330
100.239747
108.583586
101.398799
94.192506
99.341918
109.082981
104.709514
111.165318
91.898246
74.473583
85.199199
87.168271
81.137276
89.678720
79.929123
72.204517
82.833859
82.726187
84.729795
87.751368
75.329965
105.970049
81.686809
103.183589
100.829948
104.880299
94.535779
85.168803
86.666215
93.637579
89.650672
110.569922
100.095504
97.383766
95.319375
91.016428
91.160173
110.007509
105.956288
85.550980
87.304719
89.609839
90.236586
79.772087
102.789989
106.265495
82.723422
95.555645
93.069172
104.048555
102.577397
82.982258
79.805710
88.852921
103.917290
84.892621
104.042375
101.374834
105.179508
100.651560
97.494090
89.442734
101.910902
101.919834
102.547388
89.653956
84.788789
113.694730
97.773945
96.866990
104.495190
94.150327
86.926549
92.590344
81.217623
105.808772
113.344642
104.050472
95.958671
85.192927
80.808869
96.052741
98.636192
101.392710
83.130080
102.485045
98.176862
96.626371
91.585596
86.475761
82.316643
87.772742
96.382602
80.241036
84.962352
96.840016
95.503104
101.040611
106.059944
84.083218
106.682961
100.046171
100.784936
105.596377
91.580051
88.432935
88.197355
104.831814
104.903235
100.489502
107.047474
103.547054
86.335504
104.204763
113.462108
88.483919
105.576299
87.485363
91.009960
93.414880
108.257802
92.432237
94.292454
103.508096
94.764869
93.771665
91.458334
91.006233
85.906488
101.745005
103.285879
93.008857
93.784471
100.965951
98.836174
104.355129
87.044202
85.266382
82.181247
91.111749
96.207036
88.092510
101.321863
107.189946
105.519010
90.587284
94.502698
96.453550
112.666128
104.710541
101.443497
92.322592
95.791568
109.850808
106.685094
106.222053
114.790721
89.493836
97.674946
116.403855
104.303918
98.127842
103.538650
110.646548
112.058426
111.976022
101.075366
107.901124
98.856594
98.426247
93.620480
112.863963
121.645377
101.634331
94.153060
84.458888
98.757094
90.513366
99.714620
94.664223
112.045495
103.808156
89.594827
97.093608
85.436607
89.307283
89.255511
91.037622
99.476273
113.211900
95.867853
90.849889
90.300304
104.415183
101.641601
104.363210
94.054503
92.169886
98.478647
112.449990
91.870793
87.418298
103.879325
92.233828
99.901262
90.512671
89.989256
90.005300
86.520902
95.475799
102.963940
105.171161
99.635162
99.785739
101.683371
88.659291
102.956748
114.492720
102.627278
87.661306
90.436546
104.048800
116.530307
97.069165
89.012130
86.800718
85.274181
83.819586
116.520793
101.650427
105.384504
106.927100
87.487941
88.275489
89.480415
117.476824
104.442513
84.940839
101.343402
94.648020
82.612621
87.624304
91.707398
103.103241
98.990953
90.450951
88.664060
89.430812
101.014337
101.255533
101.607267
102.522547
110.217439
97.237914
101.070897
104.379700
114.193440
94.181408
104.595356
104.056501
94.563523
106.724188
92.666742
84.900399
95.837860
85.366815
87.754894
97.268722
95.826837
96.504066
93.921545
97.130379
94.243975
98.889135
96.452624
107.121799
97.420348
86.115003
104.221042
97.270900
94.067606
90.614626
93.353200
107.000079
92.225236
95.248713
95.218714
90.689429
94.837195
109.002053
101.189611
115.396588
101.298678
90.159601
90.115145
100.800203
104.148880
111.231993
109.321739
104.104303
91.427704
107.731195
95.203972
102.944549
91.799139
98.810287
86.125807
109.195164
90.349562
79.066382
104.644012
104.062573
90.224343
115.989875
109.090488
96.366095
98.793642
104.756072
97.060191
95.205792
92.330051
116.078698
93.526387
98.029796
102.651531
103.005401
94.750796
100.793021
113.269824
105.348176
96.821250
100.248317
106.744152
89.845002
102.685931
104.500986
96.522656
88.743404
83.967424
90.040644
101.075602
82.322033
86.890576
110.934086
107.754633
83.758056
101.413078
91.971504
85.349188
96.688995
101.316074
93.511973
108.153042
101.447429
99.446591
111.035376
95.015284
93.681536
84.297555
97.813615
110.150857
84.765916
87.612180
109.390391
81.019417
92.651548
89.608896
87.294669
85.438523
82.600701
101.359782
101.135576
107.581410
111.405664
98.481916
102.968041
119.908020
89.012180
110.736024
107.764118
87.353650
103.265649
92.984328
99.412619
108.496554
115.806320
104.833959
113.340585
105.955494
96.193599
114.683586
148.599561
159.847944
596.166881
