50
116.811363
117.523563
117.620873
119.650807
118.075859
119.346300
119.532806
118.176478
119.765927
118.204842
119.145190
119.640299
118.278552
119.311848
118.525395
118.853381
118.921152
118.494843
119.007249
118.358053
119.366119
118.458332
119.435811
118.835880
120.132686
117.842621
120.003541
118.462777
119.287165
119.258561
118.431624
118.929015
118.528784
119.621193
117.896045
120.029735
118.229465
119.562719
119.214028
118.641274
119.603203
117.852669
120.429599
119.418909
119.989905
118.489401
119.099562
118.589795
118.799195
119.870282
117.953695
119.687817
117.870993
119.745593
119.157253
118.466322
120.019686
118.934993
119.913187
117.865833
119.708724
117.843641
119.591698
117.872884
119.321505
117.637372
118.762411
118.486792
118.133341
118.737494
117.663832
119.411079
118.687443
118.017908
119.585858
117.467896
119.261435
117.804597
118.798603
119.397976
117.670754
119.519132
118.470315
118.350920
119.584308
118.363482
118.833450
119.673358
117.560550
119.671358
118.453580
118.808203
119.871592
117.836316
119.401469
118.934906
118.185167
119.675583
118.036996
119.368890
119.068653
118.085631
119.672431
118.180198
118.996887
119.534989
117.564245
119.652493
118.282129
118.757635
119.542083
118.231863
119.442915
118.093975
119.044193
118.752901
118.395637
119.979011
117.749477
119.381772
119.018645
118.216239
119.907454
118.172434
119.104241
119.039367
118.564649
120.117838
118.351221
119.617516
119.403404
118.415140
120.045884
119.661262
120.492459
118.614201
119.297305
119.599706
118.424924
120.133984
118.276614
119.374173
119.606352
118.355764
119.389529
117.676944
119.458848
117.909196
118.564831
118.705990
118.075060
119.107133
117.644524
119.338046
117.403131
119.477966
117.227574
119.923149
117.626471
119.554133
118.007856
118.687430
118.570678
118.243742
118.179165
118.433552
118.671920
118.229373
119.194878
117.533140
119.339734
117.336893
119.258859
117.354571
120.401098
120.528776
120.695441
120.553735
120.597809
120.559387
120.570425
120.548697
120.584278
120.546109
120.594171
120.529046
120.586708
120.536579
120.661349
120.522444
120.635450
120.502650
120.658960
120.742450
119.965728
119.806240
120.512920
120.517814
120.676938
119.224030
120.557057
120.551221
120.599173
120.522309
119.988571
119.889253
120.636999
120.481925
120.568718
120.527316
120.417928
119.278211
120.649705
120.761716
120.850671
120.629383
120.823459
120.780800
120.761420
120.801410
120.891658
120.846168
120.912164
121.093803
120.997099
120.875130
120.762695
120.739239
120.754427
120.747752
120.664506
120.861443
120.826424
119.678256
121.101591
121.201723
121.011632
120.992089
121.060692
120.957370
120.929442
120.812146
120.849306
120.862902
120.867675
120.738002
120.692184
120.823622
120.914399
120.779116
119.213095
120.616815
120.705994
120.804113
120.800179
120.766432
120.632894
119.452627
120.733715
120.783055
120.767971
120.930135
120.910680
120.780608
120.921784
120.704458
120.652324
121.034473
121.030445
121.169501
120.955964
121.072410
120.992983
120.919939
120.388115
120.030072
120.850971
120.956392
120.769956
120.887387
120.895441
120.752733
120.822555
120.904083
120.926569
120.914429
120.863639
120.893951
120.957265
120.072108
120.448695
120.902516
120.909477
120.831017
120.986980
120.909167
120.877717
120.922716
120.978462
119.643192
121.047072
121.005376
120.963004
120.981834
121.151352
121.062149
120.865932
120.720692
120.782158
120.900214
120.586289
120.590283
120.621320
120.547663
120.692176
120.534581
122.076738
120.498828
120.569107
120.542539
120.493528
120.666424
120.570449
120.587394
120.692022
120.608069
120.759139
120.698820
121.047035
120.837703
120.703362
120.747142
120.783877
120.870006
120.833416
120.745664
121.000318
120.736270
120.778453
120.877417
120.790445
120.486308
120.388486
120.388517
120.436577
120.344440
120.450158
120.581072
120.611068
120.518887
120.613319
120.582924
120.602363
120.616880
120.528422
120.549316
120.545345
120.653904
120.625846
120.027872
119.592274
120.559726
120.479448
120.387079
120.412511
120.362518
120.844430
120.563897
120.589688
120.585298
120.584543
120.527456
120.592743
120.658378
120.613482
119.161591
120.604484
120.692767
119.470676
120.295122
120.512270
120.546752
119.025962
120.570195
120.526297
120.488881
120.559223
120.592737
119.191756
120.601767
120.513215
120.540427
120.296721
119.499968
120.728554
120.681618
119.245018
120.741120
120.626381
120.148270
119.848165
120.740934
120.804362
120.763922
119.241772
120.670724
120.701373
120.822466
120.849756
120.840103
120.857646
120.950213
121.034778
120.951201
120.879395
120.907055
121.062633
120.881166
120.782778
120.942493
121.006274
120.957167
120.848100
121.037963
120.913940
120.874795
120.794626
120.950188
120.893426
120.944878
120.989942
120.982502
120.901735
120.874449
121.065620
120.994675
120.968066
120.861103
120.883655
123.336219
120.822634
120.853278
120.899580
120.894019
121.062410
120.899634
122.203439
120.904620
120.888753
120.882259
120.859484
120.867576
120.938622
121.042506
120.899565
120.950333
120.843799
120.979158
121.422222
121.030552
120.943124
120.807797
120.842403
120.890056
119.539763
120.772854
120.839590
120.747356
120.672615
120.742337
120.718768
120.749400
120.852139
121.041905
120.954488
120.683425
120.645461
120.687857
120.880571
120.873932
120.841444
120.666366
119.720248
121.547496
121.058397
120.878555
120.920282
120.850279
120.910326
122.437004
120.922157
120.629474
120.509605
121.091752
121.057078
120.382945
120.422303
120.405916
120.396123
120.535302
120.733308
120.544614
120.592822
120.512157
120.497604
120.562119
120.734840
120.605012
120.590335
120.541138
120.844612
120.551684
120.520143
120.676188
120.537223
120.459838
120.539052
120.587335
120.512683
120.425155
120.699947
120.595069
120.440252
120.283813
120.727944
120.554661
120.593438
120.509248
120.641393
119.136933
120.858669
120.580655
120.764828
120.621176
120.758608
120.745237
120.654674
120.721874
120.749473
120.766937
120.833887
120.724885
120.638344
120.420916
120.312649
119.860342
119.517432
120.568655
120.487380
119.129419
120.457677
120.402323
119.840449
119.489918
120.430236
120.596000
120.641015
120.587348
120.716867
120.563763
120.560588
120.549458
120.578706
120.523533
120.505574
118.971697
120.639707
120.615599
120.474321
120.475820
120.397913
120.423288
120.439328
120.406026
120.404630
120.508650
120.423858
120.396487
120.315036
121.964436
120.364511
120.352434
120.421350
120.500997
121.810154
120.274548
120.361731
120.470473
120.291170
120.453513
120.390825
120.443409
120.480651
120.507911
120.337285
120.355122
120.355755
120.448751
120.459885
120.290406
120.292523
120.293459
120.317780
120.472474
120.589985
120.555666
119.158605
120.537901
120.460364
120.488844
120.358774
120.415688
120.380260
120.380595
120.337102
120.744805
120.511157
120.396921
120.460884
120.415577
120.319200
120.432849
120.527130
121.789233
120.646307
120.493568
120.405514
120.337357
120.416553
120.358945
120.333190
120.330332
120.860177
120.621325
120.645147
120.541584
120.538415
120.575181
120.591893
120.561857
120.568040
120.650529
120.962874
120.499853
120.553087
120.671183
120.688293
122.178248
120.537420
121.890433
122.489711
120.442743
120.495861
120.526189
122.069523
120.620410
120.445542
120.603381
120.466413
120.578301
120.553475
120.525488
120.545532
120.679732
120.552099
126.590790
120.530504
120.624778
120.589052
120.539376
346.698691
153.850103
111.501733
111.566125
111.568847
111.440756
111.493366
111.686552
111.389137
111.470003
111.971080
114.701396
118.334588
120.464278
120.554600
120.477463
120.681053
120.602736
120.677894
120.608122
120.419444
120.394680
120.385733
120.580437
120.390417
120.392225
119.028033
120.367110
120.340360
120.325318
118.869985
120.392276
120.396538
119.028355
120.473534
120.385896
120.345874
120.398620
120.518309
120.313050
120.431004
120.428747
120.413137
120.403123
120.378221
120.493761
120.404297
120.475705
120.394635
120.365905
120.403240
120.391051
120.404622
120.340988
120.344881
119.317073
120.181656
120.323333
120.350452
120.365350
120.441042
120.414196
120.542577
120.497165
120.233816
120.309845
120.354934
120.616355
121.991496
120.309548
120.444868
120.337437
120.244013
120.457365
120.373460
120.411500
120.417386
120.299790
120.634226
121.219888
120.902483
120.361881
120.367353
120.414237
120.409552
120.414695
120.330486
120.438071
120.353974
120.403851
120.401440
120.314821
120.387919
120.396717
122.324977
120.499266
121.677392
120.791678
120.355615
120.406425
120.546998
120.435160
121.124491
120.769484
120.467675
120.380734
120.295918
120.349250
120.478541
120.340407
120.503797
120.323433
120.378128
120.297509
120.309095
120.439342
120.404328
120.445909
120.369727
120.495500
120.497560
120.332534
120.402604
120.317521
120.373423
120.380368
120.288999
120.378609
120.317678
114.448252
117.496519
117.713783
119.870902
118.247923
119.230652
119.463050
118.082077
119.906085
119.400350
118.356422
119.686796
117.961321
119.485517
119.171086
118.475472
119.966663
118.398074
119.128781
119.337567
118.490108
119.865213
117.922729
119.813343
119.016766
119.105793
119.816264
117.971063
119.968321
119.443276
119.306669
117.930796
119.057341
118.392045
118.428537
118.642106
118.390551
118.862176
118.054670
119.796629
117.882668
119.478079
119.698989
118.106596
119.108649
119.426313
117.836121
119.767478
118.302532
119.952009
119.347116
118.026049
119.285005
117.927583
119.408446
117.584484
119.427485
117.421013
119.493557
118.064985
119.174822
119.089906
118.114729
119.661423
117.831338
119.271324
118.770714
118.303498
119.910444
117.773969
119.689405
117.899700
120.213449
118.082826
119.658118
119.518425
117.536689
119.459282
118.264354
118.765939
118.593173
118.235875
118.320728
124.790616
119.429706
117.821672
118.917117
119.374894
117.993825
119.755973
118.065247
119.292536
118.603763
119.008077
119.314723
118.464380
118.672930
119.280567
117.702079
119.561262
117.424750
119.408587
118.006043
119.496242
119.066338
118.418147
119.628072
117.648408
119.508046
118.445832
119.060865
119.584271
118.049527
119.923807
118.602849
118.899646
119.771955
118.035300
119.305209
117.663716
119.199378
119.376343
117.627795
119.381468
117.996565
119.109105
118.636864
118.412755
119.396383
117.886956
119.856782
117.951919
119.202899
119.248477
118.110050
119.869902
117.927418
119.383383
118.855097
118.310667
119.598479
118.279151
119.821091
119.414660
117.832641
119.844756
118.263606
118.762294
118.543216
118.498261
119.790867
117.816967
120.265559
118.762295
118.676371
119.079812
117.959225
119.650137
118.443655
121.050177
117.885576
119.851451
118.339040
118.603129
119.591712
117.854729
119.498880
118.741928
118.551434
120.223078
118.366999
118.965963
119.394919
117.572919
119.230561
117.480077
119.462942
118.659479
118.315848
119.476831
117.486188
119.509487
117.542904
119.830398
124.550773
118.580658
119.146495
117.327255
119.611632
118.261927
118.808019
119.472251
117.520876
119.743730
118.281025
118.723862
119.580901
117.934282
119.207670
118.432006
118.823503
119.932593
117.961677
119.328553
117.670843
119.342427
117.460199
119.392679
118.066767
119.060601
119.018084
118.375435
119.927238
117.612733
119.727740
118.553143
118.597189
118.743634
118.197196
119.268985
117.627543
119.918744
117.862574
119.590836
118.987182
118.857859
119.864323
117.718854
119.640841
117.784183
119.893539
118.502174
118.957876
119.884676
118.188077
119.413802
119.068150
118.550589
119.332785
117.648888
119.287285
117.851212
119.242753
118.165293
119.751141
118.138018
119.209584
119.586763
117.783416
119.835798
118.487627
118.846163
119.615283
117.947351
119.699370
118.863650
118.703249
119.840103
117.829209
119.671830
118.771825
118.338928
118.988187
118.207427
119.973416
117.770164
119.703872
118.480130
119.042538
119.341330
118.412449
119.735962
118.136526
120.022453
118.574761
119.394855
119.503318
118.537427
120.213556
118.254863
119.438729
118.833636
119.077473
119.890180
118.079531
119.907864
118.885160
118.702823
120.917093
118.496017
120.489419
118.145141
120.130445
118.764006
118.616729
119.671531
117.901369
120.003963
117.900587
119.820948
117.730820
119.494135
117.790572
119.547812
117.745703
119.413183
117.673681
119.274395
118.087036
119.756973
118.557486
119.111285
119.097583
118.351216
119.702678
117.597571
119.694516
118.456762
119.160750
119.131751
118.118026
119.765405
118.394794
119.163420
119.325518
117.882356
119.646564
118.371315
119.241793
119.388493
117.964903
119.544858
117.621818
119.571614
118.335837
119.099852
118.793872
119.273571
120.096054
117.644503
119.561836
117.534731
119.451420
118.566883
118.913462
119.081368
118.131493
117.760988
119.346935
117.532121
119.552608
118.691337
118.811187
119.703561
117.648381
119.858826
118.556394
118.494656
119.491391
118.025949
119.735399
118.024741
119.365891
119.124755
118.056957
119.657566
117.472403
119.659706
118.133651
118.681847
119.537031
117.701302
119.586918
118.713273
118.569680
119.666973
117.540978
119.953305
119.019042
118.727888
119.394860
118.378009
119.874082
118.470548
118.814907
119.061456
118.329713
119.565209
117.704694
119.321192
118.993523
117.909291
119.639224
117.456871
119.330480
117.487577
119.511842
118.129560
119.398582
119.452349
118.176588
120.083692
118.755168
118.978740
119.789400
118.054353
119.480189
119.288948
118.445044
119.900301
117.978759
119.793873
119.178303
118.533915
119.967924
118.380731
119.697618
119.784562
118.454265
120.921469
120.260397
118.920262
119.108434
120.722455
117.837290
119.541305
119.120992
118.075618
119.817470
117.828115
119.315839
119.281384
117.982366
120.022424
118.076498
119.206078
119.555309
117.726334
119.609485
119.059424
118.250106
119.669039
117.998336
119.583936
119.625338
118.182976
119.519174
117.883565
120.217974
118.067133
119.144789
119.489371
117.818039
119.982985
118.895103
118.477028
119.963142
117.905829
119.446960
118.769734
118.476313
119.920206
118.656414
119.774964
117.740686
120.038494
118.185717
118.890231
119.118759
118.106837
120.048460
117.963500
120.709347
118.081731
120.254386
118.267486
119.183495
119.544271
117.775301
119.705775
118.351485
118.796337
119.369973
117.918765
120.067729
117.562452
119.487586
119.489296
117.855531
119.396539
117.521733
119.418974
118.857560
118.436189
118.782152
118.458908
118.777986
118.502293
119.582299
117.641008
119.577881
118.784216
118.385511
119.519594
117.445799
119.434413
117.755608
119.394815
117.821882
119.584606
117.765683
119.509882
117.603885
119.497383
117.724322
119.498223
117.632869
119.559414
117.763796
119.388825
118.734113
118.998938
119.518744
118.178122
119.153563
118.046778
119.548250
117.687986
119.512935
117.677165
119.846744
117.965795
119.423706
118.648745
118.792418
119.692528
117.663442
119.449481
117.681272
119.818475
119.688612
118.980170
118.365495
119.907944
117.904167
119.872852
118.707103
118.808244
119.606117
117.677900
119.816912
118.013732
119.727015
118.783198
118.822482
119.359021
118.548209
119.632714
118.784413
119.867079
117.684000
119.742747
117.848435
119.662469
118.610212
119.205993
119.763263
117.971986
119.754103
117.830853
119.737043
118.135970
119.412404
118.796502
118.925229
119.645179
117.413548
119.749568
118.426294
118.950355
118.818916
118.470899
119.191727
118.030123
119.890490
117.652704
119.687288
118.169034
125.375213
118.470936
118.527376
119.007172
118.144112
119.639063
117.711058
119.278126
118.637402
118.252683
119.310824
117.663950
119.503375
117.323606
119.357351
118.199577
118.842596
118.707574
119.143213
120.556567
117.427340
119.525231
117.602880
119.451240
117.354501
119.530871
117.649838
119.154910
117.634756
119.164742
117.939114
118.820174
117.764988
119.188228
118.563717
118.254648
118.482653
118.401949
118.743174
118.643677
118.872510
118.774586
118.479603
118.858211
118.588617
119.044709
118.406109
118.667301
118.635620
118.565799
118.554653
118.846793
118.875283
118.715757
117.617622
119.466896
117.762283
119.392741
117.717953
119.432010
117.544281
118.632020
118.357683
119.249600
117.954837
119.808358
117.592674
119.599165
119.362941
118.355334
119.983236
117.859757
119.506317
117.427733
119.543375
117.676948
119.276446
118.238911
118.943479
119.173481
118.175828
119.498862
117.444356
119.330880
117.463302
119.309033
117.726798
119.638675
118.265548
119.164567
120.855953
118.343879
119.421436
118.929628
118.063421
119.592363
118.150844
118.957507
118.731666
118.090272
118.677453
117.919328
119.938922
117.400972
119.904247
117.520992
119.726120
118.154597
119.071478
118.922876
118.437734
119.761301
117.594778
119.627952
117.779683
119.325860
118.533785
118.462571
119.516777
118.309391
119.808171
117.686424
118.604174
118.119903
118.135921
118.984783
119.116276
118.154778
120.137503
117.371884
119.523310
117.520383
119.256876
117.503803
119.309380
117.622320
119.456589
117.978322
119.149517
118.898721
118.422100
119.350992
117.787827
120.317191
117.923656
119.858171
117.629708
119.899053
118.246979
119.220337
119.330104
124.365278
120.968906
117.844398
119.734630
118.919170
118.578516
119.941325
118.170799
119.398298
119.392891
117.839035
119.273866
117.756989
119.445019
117.839696
119.844261
118.516601
119.233546
119.239523
118.670527
119.831436
117.797473
120.000010
119.256490
118.429776
119.960924
118.327047
121.027003
119.348195
119.656947
118.393259
120.366187
117.976710
119.769913
119.202646
119.701996
118.879659
118.502712
119.620711
117.872824
119.656725
117.605576
120.233199
118.211480
119.055833
117.721292
120.280674
117.646987
119.580037
117.896210
119.690740
118.031382
119.775892
117.950503
119.463398
117.948939
119.487460
118.864173
118.713197
118.844586
118.696769
119.807782
117.717565
119.880426
118.569013
123.961508
122.780890
127.054912
129.352421
130.288697
130.940850
131.068569
126.086375
122.912764
121.053996
121.537679
122.164223
120.561883
127.345272
129.805292
126.424528
122.057185
120.417871
122.256725
121.269606
121.349208
127.080047
128.759858
130.805726
129.784237
126.684834
122.250314
120.468509
122.085072
121.074357
121.279502
122.039632
120.506587
122.121253
120.738177
121.804885
121.783687
120.779322
128.927186
128.954988
132.603892
130.223898
130.778340
129.322511
130.443373
129.429696
125.487755
120.622936
122.483908
121.329521
121.541436
122.226884
120.514401
122.422761
121.751400
120.941802
122.492169
121.863992
121.183161
122.365064
120.264379
122.643566
120.425999
121.955960
121.406052
121.231654
122.338529
120.289131
122.264049
120.590686
126.745866
129.034126
130.535314
129.326189
122.309328
120.415562
130.281846
122.375239
121.435647
122.135400
120.546411
122.278326
123.150176
129.965404
130.053480
129.920617
131.186998
129.190679
130.916779
129.263135
131.242020
123.599420
122.028233
120.861254
121.067056
121.415697
120.772837
122.275904
120.381435
122.251019
120.700980
121.512283
122.540301
122.078593
122.036554
119.946639
122.135114
128.750412
122.921626
125.334980
128.971181
130.500803
122.732886
121.772522
121.844826
121.009230
122.213471
121.007940
121.649413
121.469802
120.767215
122.260392
120.300860
122.269282
120.617268
121.767053
121.259978
121.367289
122.291119
120.248247
122.353338
120.733408
121.968374
121.512586
120.855461
122.508336
121.027330
121.702998
122.473775
120.432259
121.880312
121.190710
121.341576
121.614507
121.163277
123.188240
120.419241
122.229896
120.822638
121.730736
121.909566
120.879685
122.546024
121.095256
121.537600
122.490766
123.982517
130.945793
129.413630
130.533798
129.995493
129.699988
130.922150
128.733465
131.269788
131.365953
129.667200
126.174194
120.373195
122.062935
121.399637
121.278947
122.393990
120.282416
122.136589
121.103731
121.380691
122.224390
120.245646
122.353294
121.293989
121.190692
122.253121
121.800573
121.338623
122.332619
119.942307
122.230897
121.472567
121.157258
122.188417
120.688395
121.760744
122.151375
123.296297
120.154983
122.200075
121.529340
120.882328
122.243064
120.630826
121.907650
122.282223
120.481006
122.582892
121.166879
127.353025
125.133005
121.372972
121.874430
121.898286
122.100255
121.057230
122.431291
121.277965
121.702512
121.936053
120.976626
122.374174
120.348685
122.251941
121.389860
121.836476
122.370780
120.990964
122.111785
121.932386
120.872680
122.517241
120.755659
121.879852
122.416662
120.971453
122.469769
121.240134
121.569884
122.233138
120.884643
121.613655
121.760627
120.794515
122.194131
121.864074
121.522014
121.772860
120.466914
122.137798
120.290451
121.985458
121.380049
121.001286
122.399764
121.220083
121.473664
122.500154
120.383156
121.912652
121.880877
120.762253
122.396194
120.894149
121.951561
121.843782
120.683696
122.288174
123.161224
121.151920
122.525561
120.221340
122.398441
121.401270
121.254761
122.472937
120.613092
122.114404
120.525005
121.917691
121.422084
121.122372
122.255645
120.410106
122.205792
121.313067
121.608314
122.012710
120.646882
122.387103
124.729955
129.573332
127.202504
120.145450
122.356821
121.214601
121.192160
122.766356
120.701844
122.470510
123.176691
120.961013
122.706923
121.160879
121.820363
122.400363
120.708578
122.478421
121.664003
121.319069
122.916521
130.018811
129.975874
126.037276
120.953682
122.407455
130.734993
129.537597
131.098053
130.496636
129.071127
130.665727
129.436937
125.423104
121.136036
121.112118
121.174650
120.977325
120.906775
121.016572
120.644792
119.116577
120.353724
120.586183
120.440332
120.520741
120.466575
120.503366
119.261635
120.551648
120.483170
120.384921
119.006615
120.554965
120.584412
120.509830
120.360735
120.684891
119.188322
120.725548
120.798483
119.253793
120.474805
120.421349
120.238332
119.069950
120.547265
120.507744
120.407108
119.936242
119.425413
120.438366
120.522265
120.428138
118.975705
120.472172
120.494294
120.745536
120.628754
120.561607
120.743476
120.704409
120.590937
120.590655
120.664658
120.637798
120.730363
120.657019
120.522406
120.486879
120.525234
120.036692
120.123485
120.374272
120.514517
120.523937
120.585172
120.652367
120.458676
120.606570
120.541671
120.704586
120.667959
120.544172
120.505029
120.562524
120.653645
120.612864
120.643145
120.621252
120.582649
120.714567
120.889350
120.791085
120.866352
120.921028
120.928991
121.040812
119.721761
120.837595
121.000431
120.822880
120.928999
119.379919
120.992997
120.885742
120.970080
119.483412
120.854633
120.847188
120.953930
120.888354
119.403800
120.920732
120.878416
120.803343
119.962823
120.944392
120.888270
120.637055
119.314702
120.801503
120.756361
120.743274
119.393271
120.762320
120.777388
120.766973
119.330894
120.647222
120.659622
120.890464
120.524314
120.756205
120.506567
119.375017
120.819590
120.616160
120.526100
120.574384
120.634533
120.612648
120.560861
120.645563
120.539441
120.546877
120.568353
120.525597
120.682583
120.565440
120.616899
120.728086
120.772765
120.832439
120.348350
120.233204
120.878894
120.901164
120.805725
120.943569
120.856928
121.015311
120.879314
120.902611
120.845742
120.848033
120.818431
120.702585
120.571850
120.562722
120.535180
120.643259
120.474298
120.597484
120.813250
121.058782
120.806670
120.805445
120.750779
120.741942
120.748643
120.866429
120.759046
120.802865
120.810459
120.749404
119.466570
120.855684
120.670205
120.708006
120.867570
120.996231
121.023275
120.921191
120.833992
120.860570
119.496100
120.826833
120.899929
120.966569
120.834208
120.918229
121.104852
120.991127
120.131808
120.375927
120.896158
120.913691
120.723273
120.394609
120.555175
120.524216
120.796106
120.763329
120.723887
120.667441
120.774456
120.739530
119.397565
120.696936
120.856337
120.871797
120.774192
120.746391
120.837469
120.789659
120.721205
119.360354
120.707810
120.822971
120.777324
120.751039
120.695449
119.329470
120.917696
120.784509
120.805380
120.670378
120.034405
120.291391
120.746317
120.887337
120.681591
120.811452
120.786996
120.867615
120.849175
119.756912
120.885904
120.900884
120.912198
119.484440
120.819552
120.694394
120.761445
120.773361
120.793560
120.667564
120.836646
120.007902
120.030664
120.773174
120.763911
120.796153
119.336446
120.747660
120.834651
120.693596
120.849789
119.402292
120.876858
120.745160
120.746627
120.835894
120.450074
119.782936
120.817489
120.859821
119.722122
120.520464
120.788500
120.703801
119.144445
120.386588
120.446195
119.135920
120.234112
120.396259
120.385385
118.990461
120.505058
120.414631
119.299822
120.082048
120.545357
120.521083
118.865226
120.548919
120.551576
120.598872
120.529294
120.398532
120.587900
119.934474
119.518103
120.466049
120.492088
120.311185
119.023665
120.408180
120.419490
120.519512
120.367804
120.536855
119.133302
120.467855
120.519469
120.409734
120.352647
120.457187
119.085385
120.393180
120.416667
120.487569
120.334833
120.296238
119.627593
120.472903
120.418089
120.325688
120.390092
120.521177
120.387044
120.351649
119.224182
120.386993
120.391400
120.485485
120.412551
120.489701
120.478141
120.801834
120.476019
120.545247
120.379451
120.666638
120.489736
120.436003
120.418589
120.569595
120.539249
120.395896
120.421339
122.019902
120.361909
122.313774
120.656226
120.621479
120.661602
120.682418
120.890315
120.675210
120.662118
120.630614
120.719204
120.686914
120.617694
121.966016
120.778897
120.528860
120.575134
120.617401
120.675816
122.776260
120.502935
120.472011
120.643116
120.646781
120.702770
120.590343
120.642451
120.643502
120.652148
120.732925
120.657526
120.631675
120.641093
120.648425
120.749093
120.748237
120.757982
120.802592
120.724582
120.816449
120.757662
120.847135
120.923924
120.737567
120.834576
120.878477
120.843005
120.759471
120.505652
120.563423
120.725934
119.347572
120.715466
120.467319
120.487581
120.741720
120.612530
120.674327
120.620239
120.672078
120.629138
120.533083
120.611674
120.564282
120.658496
120.638040
120.685750
120.923218
120.769331
120.596845
120.590652
120.529508
120.583143
120.614710
120.668704
120.654940
120.576078
120.699273
120.868593
120.800470
120.890296
120.783845
120.837363
120.756953
120.910296
120.701379
120.833247
119.378821
120.573150
120.670941
120.610344
120.738119
120.612064
120.735736
120.630279
120.590934
120.588797
120.503526
120.433208
120.403710
121.872847
121.738971
120.703946
120.775893
120.693015
120.772637
120.663577
120.669085
122.061366
121.137215
120.814295
120.720260
120.684533
120.770196
120.691911
120.779236
120.657549
120.758607
120.787670
120.824386
120.730257
120.783132
120.790436
120.818024
120.764493
120.718628
120.829863
114.522101
117.488902
117.414140
118.656832
118.977993
119.942211
118.219883
119.559228
119.120665
118.408747
119.818452
118.437401
118.937075
119.872298
117.802357
119.543361
118.797343
118.260333
119.971478
117.740547
119.437382
119.311051
118.064946
119.829276
118.581273
118.684598
119.079786
117.642006
119.257674
117.375187
119.581652
117.814978
119.495307
118.792362
118.306948
119.958145
118.205316
118.725754
119.575164
117.801874
119.340449
118.549017
118.485083
119.769073
117.436124
119.605954
118.760960
119.084814
120.588934
117.296736
119.886704
118.258052
118.855897
118.953489
117.973742
119.478977
118.184302
118.521368
119.406254
117.433374
119.635300
118.640059
118.458645
119.101508
117.436065
118.691631
117.730955
117.982936
118.476217
117.376727
118.923243
117.421600
119.496293
118.569835
118.556139
119.475804
118.479175
119.323395
119.330416
118.648106
119.881397
118.753573
118.848981
120.026284
118.677439
119.758521
119.830502
118.304705
120.207934
118.454952
120.104111
119.116552
118.918287
120.034276
118.336797
119.665864
119.281322
118.461355
120.368206
118.007422
119.587869
119.033496
118.721856
120.238854
119.971960
118.339963
120.821097
119.006161
119.356849
119.589849
117.963315
119.513224
117.853219
119.288423
118.099390
119.312866
119.447378
117.955113
119.685450
118.315928
119.208009
119.632341
118.055884
119.900072
118.442451
119.266358
119.842795
117.740342
120.104805
118.368005
119.433697
120.138639
121.018093
118.275056
119.467462
118.750606
117.917707
119.073275
117.522295
119.081512
117.229965
119.108750
117.288428
118.641269
117.533765
118.707144
117.598166
118.456426
118.017976
118.555447
117.925288
118.411118
117.985194
117.628567
119.119316
119.035544
117.858586
119.554129
117.783609
118.986664
118.972836
117.845673
119.909250
118.958722
118.056093
119.935372
118.714053
118.937484
119.421736
117.928120
119.974732
119.548032
118.915799
120.597871
118.476812
119.771924
119.472246
118.217507
119.677798
118.110489
119.245242
118.690176
118.824484
119.280768
117.361575
119.051956
118.459020
118.058963
119.183548
118.847403
118.429247
119.408132
117.492861
119.649197
118.915130
118.005837
119.452515
117.498936
119.381995
117.687615
119.100685
118.002675
118.868952
118.585717
118.429981
120.021204
118.864627
118.178018
118.424340
118.405314
118.256612
119.663325
119.725429
118.722114
118.446931
119.713349
118.383790
119.166039
119.360391
117.648910
119.536840
118.890096
118.064016
119.777107
118.400357
118.666093
119.085859
117.782400
119.899713
118.673587
118.236986
119.555857
117.926925
119.055039
119.124006
117.758559
119.690754
118.666414
118.916616
119.454226
118.126749
120.488782
118.345331
119.150074
119.329276
118.030471
119.619477
118.733106
118.442462
119.760517
117.653961
119.851781
118.564603
119.302605
120.047784
118.787200
119.139613
120.016395
118.215867
120.215679
118.550577
119.374896
118.679430
119.044921
119.864531
117.796672
119.958660
118.919083
118.866124
119.291674
118.087891
120.041958
118.697273
119.717924
118.597665
118.540536
119.300646
118.345152
119.715960
118.130932
118.872130
119.084087
118.218071
120.195482
117.836305
119.929863
117.623208
119.763341
118.175070
119.493301
118.665328
118.951495
120.226902
118.185347
120.936431
118.302255
120.125180
118.085223
119.200554
119.336780
118.759137
119.444176
118.250267
120.918667
118.991194
119.873332
119.308931
118.601378
120.160040
118.973410
119.807123
118.966803
118.651132
119.944013
117.487949
119.732136
117.886310
119.909029
118.028774
119.626109
119.862954
118.638173
120.526812
118.020229
119.310690
117.759114
119.663899
117.744067
119.420120
117.878995
119.876394
117.834381
119.992867
117.939624
119.260329
117.704797
119.563731
117.639682
119.413514
117.574603
120.557825
118.183723
118.408972
117.892000
118.634534
117.855881
118.623922
117.753693
118.596341
117.951426
118.259154
118.426713
118.476433
118.183457
118.307814
118.236152
118.272968
118.327814
118.290488
118.736008
118.892695
118.009724
119.632337
117.965350
119.089237
119.521794
117.721994
119.927220
118.382121
118.643767
119.411302
117.710896
119.474684
118.002134
118.890801
119.241227
117.605569
119.725895
117.892992
118.752802
119.395631
118.009698
119.891649
118.897967
118.693326
120.087107
118.569162
119.241612
119.141764
118.630961
120.461262
117.977761
120.856571
118.746885
119.423743
118.055155
120.025044
118.606528
119.160526
119.472788
117.526975
119.734687
117.525863
119.353927
117.674395
119.162858
117.864635
119.163164
120.073874
118.382518
119.718093
118.544991
119.914224
119.554801
118.304826
119.880038
117.755959
119.604623
118.230517
119.283861
118.972567
118.920419
120.549475
118.674461
120.053610
118.556867
119.346827
120.112485
117.625357
120.847300
118.057979
120.839044
119.762171
118.074403
119.555110
117.636597
120.041758
119.325766
118.430918
119.944913
118.809818
119.848655
119.782834
118.655517
120.468605
119.816037
118.520346
120.097961
118.166963
119.226472
119.495711
118.122593
120.269317
119.139624
118.941044
119.359392
118.525222
119.716301
118.783142
118.373599
119.386116
118.026721
119.910687
118.215901
120.058378
119.262949
118.923020
120.120789
118.343849
120.010243
118.325138
118.663284
118.298109
118.602091
118.129904
118.614239
118.581381
118.495134
118.765128
118.354569
119.628209
119.134782
119.837922
119.366917
119.277092
120.222651
119.397452
119.526907
119.085636
118.312047
120.425765
118.639503
119.547068
119.399744
118.513138
119.758193
118.886952
119.817850
119.731797
118.047076
119.932207
119.518996
119.534662
119.531908
118.106188
119.782314
119.031596
118.071643
119.576309
118.017075
118.872951
119.447194
118.716379
119.939600
118.450665
119.140531
119.285174
117.588887
119.321579
117.893804
119.206324
118.897989
118.307993
119.622176
117.747820
119.406678
118.740756
118.777982
119.241420
118.395012
120.173960
118.881196
120.267605
119.158561
118.880177
119.688242
117.897584
120.299977
119.060998
118.948242
119.785706
118.347004
119.366383
118.736272
118.606709
119.549228
118.034737
119.760839
117.959618
119.487995
118.915233
118.727659
120.244265
117.948816
120.136084
119.682543
117.847507
119.365274
118.779065
118.563213
120.125932
117.629532
120.032820
119.230553
118.850692
120.098455
117.708412
119.609672
119.258074
118.499934
120.161271
118.819751
119.300108
119.500718
118.105615
120.097260
118.047854
119.178908
119.181620
118.499407
119.547993
118.511759
119.968119
118.773846
118.613918
119.621884
117.804066
119.916166
117.957791
119.761929
119.297787
119.294514
120.300786
117.916572
120.154320
119.128583
119.008036
120.239780
119.221025
119.161161
120.343692
118.033010
119.998458
118.387001
119.518335
119.510625
117.634367
119.732045
119.029077
118.861063
118.652305
119.251961
119.657420
118.038840
119.353150
119.071299
118.125409
119.962544
118.088242
119.936855
118.364643
119.012009
119.357297
118.073652
119.821926
118.701532
120.312910
119.165102
118.609943
119.831391
118.471506
120.200211
118.591732
119.065564
119.584562
118.310165
120.459408
119.894471
118.996785
119.139596
118.684829
119.557366
118.534623
120.006577
118.887260
118.375153
120.550857
118.416294
119.390030
118.566455
119.224178
119.749405
117.550249
119.824278
118.465293
119.855610
119.359048
119.026865
119.738019
118.830314
119.170848
119.605716
118.545411
119.558484
118.893191
118.845879
119.957035
117.649024
119.726141
119.591884
118.700060
118.917154
118.892219
120.732077
118.584827
119.536718
120.033517
118.383660
119.978477
118.001199
119.510253
118.116485
119.242296
119.619412
118.172988
119.872046
118.861293
118.544397
119.837296
118.008091
119.214850
119.572303
117.981684
120.412829
119.338819
118.620191
120.183344
118.033310
120.089457
118.249023
119.743061
119.038147
118.727373
119.670279
117.676785
120.055075
118.795315
119.380027
119.620661
118.153973
120.287711
118.137516
119.753078
118.903371
118.799699
119.590674
118.265806
119.855040
118.768613
119.070362
119.275928
118.429248
120.167293
118.484604
120.451136
118.340296
119.356888
119.954439
118.282321
119.665296
118.738913
118.891084
120.087463
118.560915
120.359972
118.932729
119.227106
120.483413
118.334382
119.517957
118.567192
119.182624
120.469985
118.217774
119.857215
119.552203
118.333281
120.358187
118.263767
119.772179
118.371616
119.148146
118.820457
118.259025
120.214474
118.927591
123.563781
117.455238
117.590918
118.554440
119.761808
118.838885
118.456461
120.435322
117.883443
120.232361
119.580693
119.349646
119.913190
118.464921
119.509083
119.182996
118.552721
120.326522
118.148074
119.637254
118.098055
119.261202
118.649407
118.907614
119.001669
118.254780
118.656895
118.592033
119.022579
118.128762
119.029594
118.153614
119.883808
118.359448
119.535214
119.680759
117.979622
119.855087
118.904634
119.287423
119.834092
117.727146
119.733569
118.336838
118.968240
119.161294
118.400244
119.706348
