50
64.770106
64.740253
64.858377
64.839533
66.505984
68.221388
68.282666
68.677797
69.782692
69.525333
68.752874
70.233859
69.360088
68.895691
70.162583
70.163912
68.730251
67.677509
67.239309
67.244122
67.290821
67.314505
65.854878
67.137845
67.267799
68.492550
67.144126
69.312919
70.013312
67.235832
65.791886
67.446508
67.432217
67.427673
65.606569
67.299704
67.422360
66.202814
66.235788
67.315365
66.049675
67.000221
67.527833
66.000946
66.963077
67.386807
65.572976
67.153478
66.860132
65.809549
67.347828
66.745990
68.254494
69.981157
69.100988
68.977041
70.443035
68.608122
68.887383
70.509860
68.764010
70.120085
67.422902
65.944582
67.280045
67.101018
65.675736
67.374843
67.319655
65.760710
67.109982
67.424852
67.199809
66.987435
67.430225
67.417292
67.404077
67.405564
67.340714
67.627179
66.870939
66.112180
67.328099
67.207449
66.345323
66.429438
67.349836
66.910965
65.896773
67.220802
67.246662
65.876475
67.019465
67.332359
67.263166
65.621650
67.219086
67.335036
66.591155
66.249750
67.393010
67.290256
66.097019
67.258558
67.222222
65.589098
67.056326
67.269823
65.682243
66.781608
67.174160
66.788452
65.979959
67.252215
67.277210
65.583295
67.235239
67.152854
65.376211
67.022174
67.199104
65.592751
66.892570
67.278239
65.780106
66.757405
67.213770
66.032448
66.607467
67.219226
68.893337
69.229210
70.276798
69.200975
69.437389
70.277634
68.420185
69.713429
70.074457
68.113180
69.086373
67.268584
66.215874
66.526365
67.198623
66.578578
66.141008
67.237167
67.226864
65.481529
67.276379
67.224456
66.114983
66.384169
67.275881
67.285780
66.785589
66.329151
67.311224
67.258765
67.259816
66.121935
67.153774
67.534608
67.392386
67.314707
65.626634
67.176956
67.321040
66.521612
66.498204
67.350206
66.670580
65.954754
67.368645
66.926162
66.031544
67.441613
66.888513
65.691348
67.374964
67.129511
65.876770
67.362239
67.292041
65.700964
67.395216
67.357685
66.033927
66.652443
67.249778
66.531834
66.434392
67.336949
67.342641
66.023575
66.808535
67.343991
66.989189
65.831493
67.391856
67.380392
67.386174
65.809718
67.239259
67.371836
67.345449
65.825099
68.901390
67.479379
67.486104
67.513854
69.438594
68.905846
69.839866
68.633251
67.765154
66.178220
67.430862
67.454362
69.330412
69.230726
70.553303
69.281773
69.311829
70.454694
69.350651
69.608160
70.354082
67.722743
67.255982
67.356851
67.362233
65.939970
67.026803
67.428182
66.539442
64.401295
64.977337
64.944163
64.944199
64.921445
66.570897
65.622995
66.119395
66.376009
65.805462
64.531370
65.446577
66.120470
64.539717
65.297329
65.882813
64.516793
65.639077
65.591905
64.513565
65.597901
65.549119
64.473254
65.638797
65.737516
64.613772
65.362042
66.149979
64.482270
65.386608
66.185203
64.550489
66.181598
65.446898
65.575201
66.238754
64.491500
65.769883
65.992279
64.979038
66.554570
64.828290
66.396670
66.768759
65.777309
66.368202
64.848142
65.658232
66.009628
64.817395
65.997552
65.697939
64.702718
65.818046
65.566026
64.645431
65.721483
65.732403
64.653488
65.831543
65.768580
64.852379
65.207671
66.769911
65.003614
64.996660
66.345972
65.487058
64.855740
66.422588
66.440292
64.820091
65.069554
66.748860
65.152170
64.970619
66.409522
65.558013
64.975667
67.618470
64.867366
64.829112
64.838518
64.819217
64.864479
64.862524
64.853377
64.751812
65.670615
66.413346
64.521259
64.517618
65.798655
65.533674
64.516782
65.995529
65.170269
64.945125
66.328840
64.753144
65.490804
65.917248
64.516050
65.995497
65.420233
64.501055
65.740722
65.707086
64.490173
64.487062
66.186808
64.637134
64.509710
64.938387
65.994387
64.520376
64.484701
66.018825
64.938945
64.518918
65.525679
65.505848
64.655474
65.772462
65.662577
64.698517
65.949701
66.057250
64.702857
64.680195
65.296433
65.652796
64.658798
64.670853
66.366377
66.533660
64.780902
64.681760
66.459507
64.775947
64.489051
65.602118
65.352106
64.498266
65.078553
65.869485
64.495149
64.501770
66.015238
64.899418
64.524348
65.702928
65.373849
64.508577
65.768444
65.951609
64.656099
66.355522
65.536769
65.346064
66.357187
65.417258
65.479639
66.341713
66.317566
65.802734
64.729224
66.301318
65.391189
65.238940
66.321240
64.588185
64.506276
65.760982
65.125901
64.463148
64.959232
65.926788
64.468985
64.788121
66.230037
64.506667
64.626629
66.333432
64.477222
64.477014
65.885717
65.037398
64.480982
65.895088
65.095264
64.469953
64.480506
65.783006
65.012008
64.491323
64.507626
66.315209
64.489230
64.453315
65.781885
64.941025
64.484635
64.882266
66.109781
64.520821
65.151342
66.331878
64.537168
64.761692
66.360069
64.665229
64.666744
66.319474
65.127166
64.685582
65.921656
65.525064
64.651790
65.404521
65.898025
64.678041
64.879180
66.518914
64.790062
64.658998
66.351061
66.168138
64.649639
65.184755
66.488023
64.667682
66.148184
66.522432
64.860819
65.385085
66.504728
64.825360
64.820342
66.414152
65.473158
64.823241
66.381246
66.060581
64.788358
65.207709
66.480980
64.812046
64.824624
66.431544
65.128374
64.827197
66.190156
65.633199
64.813495
66.134503
66.512318
64.836611
66.143987
65.615116
65.166205
66.399220
65.789289
64.502242
66.111398
64.882604
64.513398
64.956732
65.961902
64.496176
64.504998
65.244634
65.650090
64.518437
64.599988
66.342443
64.500161
64.508025
65.693900
65.318494
64.494594
66.039417
66.324388
64.567390
65.884341
65.751289
65.156590
66.499301
65.183064
66.033418
66.484196
64.816142
65.147307
66.512629
64.843566
64.779400
65.771884
65.775811
64.792908
65.798241
65.866911
64.787348
64.882963
66.635441
64.890390
64.826667
66.284045
65.540608
64.831239
65.461368
66.135992
64.829605
64.807414
66.704138
65.060449
64.820642
66.359387
65.579375
66.178151
66.430337
65.329488
66.347713
66.341236
66.056078
64.498710
65.797356
65.718553
65.341507
66.350063
65.066633
64.495319
66.260675
65.154812
66.152584
66.544956
66.396387
64.633472
65.806883
65.932079
65.355546
66.309830
64.647929
65.189360
66.359038
64.650499
65.438861
66.515732
66.416849
65.076952
66.518209
66.521653
65.098408
66.344812
66.532020
64.900834
65.648814
66.099152
64.791523
66.490695
66.552912
64.823148
66.497994
65.159166
64.659692
66.472599
66.342455
64.684839
66.455517
65.253829
65.331915
66.535254
64.929471
65.327807
66.090591
64.668437
65.393642
66.052110
64.833085
64.704471
66.441457
65.050140
64.656488
65.723911
65.691535
64.632873
65.645702
65.638125
64.645778
64.655452
64.664451
65.463294
65.368076
64.810173
64.989759
66.144307
65.332486
64.672004
65.737527
65.724845
64.721819
65.570458
65.914548
64.673457
66.140798
65.494238
64.659524
65.582555
65.862370
64.624470
65.334176
66.054481
64.660881
64.682905
64.657970
66.122939
64.700914
64.670637
64.703560
65.333172
65.471242
64.688003
64.684343
65.650654
65.642957
64.696959
65.471867
66.102304
64.721179
65.110238
66.470186
64.668110
65.287709
66.496679
64.784075
64.867373
66.518654
64.793703
64.632530
66.459222
65.044137
64.659783
66.039138
65.338512
64.665668
66.172178
65.323455
64.704609
66.559034
65.320627
64.709091
65.642427
65.820297
64.724246
65.313790
66.748567
64.849132
65.339011
66.399943
64.829144
65.399809
66.503847
64.843082
64.824163
66.114730
65.442946
64.844498
65.580071
66.081183
64.845620
64.826216
66.556838
65.032964
64.824913
65.850629
66.677046
66.284519
64.841544
65.025796
66.595828
64.852178
64.832740
66.356781
65.358791
65.250523
66.664351
64.965827
65.667639
66.480528
64.800714
66.594944
65.428847
64.828689
66.231477
65.654126
65.350026
66.658941
65.488351
66.241722
66.652230
65.862793
65.955146
66.685067
65.134312
66.671942
66.667781
65.939126
65.862081
66.563409
64.782857
65.630458
66.512182
65.246173
66.333780
65.979642
65.536126
66.501908
66.205068
64.876430
66.471370
65.925612
65.491787
66.480114
66.461792
65.438981
66.658648
66.442002
64.796783
66.603255
64.982878
66.324260
66.522247
65.465405
65.860603
65.711717
65.006256
66.669203
65.142574
64.808818
66.066089
65.682539
64.833661
65.296153
66.391769
64.883668
64.952203
66.461311
64.669772
64.686178
65.866753
65.433228
64.668566
65.419836
59.686284
59.648718
59.663717
59.925167
62.074231
62.237817
62.802543
64.340932
64.752135
64.866960
65.022801
63.596969
64.658086
64.890699
63.804682
63.840591
64.795253
64.177775
63.507942
64.728671
64.811722
63.119593
64.722040
64.889468
63.193931
64.642608
64.828793
64.828325
63.378423
64.863001
64.460655
64.611205
63.325356
64.397818
64.624405
64.666343
64.377034
63.366871
64.638349
64.618089
64.209158
63.248983
64.636628
64.617988
64.040009
64.170404
64.638486
64.641393
64.502585
63.395410
64.816033
64.776399
64.803095
63.139025
64.683499
64.745325
64.618633
63.715681
63.805700
64.691304
64.722672
63.172494
64.797807
64.781556
64.245865
63.621374
64.654716
64.681489
63.723294
63.815101
64.769259
64.225033
63.614571
64.661004
64.191790
63.219610
64.630145
64.640884
63.633358
63.697069
64.592016
64.318360
63.500798
64.808389
64.774417
64.382062
63.588868
64.784745
64.775776
64.802861
64.687094
63.365195
64.369339
64.639136
64.661750
63.451072
64.307854
64.645488
64.641103
63.956532
63.685013
64.648892
64.650318
64.438018
63.120956
64.698101
64.802445
63.868433
64.404828
65.079476
64.728487
63.351233
64.936870
64.989399
64.537487
63.502598
64.839321
64.766930
63.435494
64.540185
64.886297
64.146223
63.604137
64.726252
64.639866
63.694090
63.881308
64.798490
64.774427
63.117637
64.886738
64.960398
63.409860
64.392331
64.890210
64.024270
63.747853
64.962912
64.505927
63.241767
64.795146
64.826880
63.428848
64.295426
64.857256
63.979525
63.783154
64.804730
64.683816
63.375261
65.128014
64.816583
64.970506
63.634765
64.237436
64.827159
64.781976
63.285751
64.987999
64.982685
64.130223
63.967005
64.811305
64.476496
63.087417
64.838564
64.798172
63.139501
64.607812
64.832435
63.178161
64.771394
64.947649
64.162293
63.659098
64.797364
64.615852
63.204691
64.808169
64.932393
63.410860
64.454957
64.813989
64.318535
63.662022
64.909787
64.164416
63.612936
64.822296
64.076545
63.200397
64.769996
64.554242
62.996708
64.504094
64.772533
63.250708
64.190723
64.787686
63.336807
64.253320
64.720296
64.117667
63.403208
66.682051
63.057836
64.648751
64.650856
64.359693
62.903560
64.621257
64.616956
63.613911
63.830793
64.668572
64.672589
63.673077
63.961877
64.639077
64.655659
63.348189
64.003382
64.624829
64.432609
62.870716
64.587943
64.622350
63.739282
64.682010
64.633149
63.384897
64.296295
64.666951
64.652202
64.648685
64.669522
64.624395
64.353863
65.844438
63.808581
64.676984
64.370531
63.061803
64.668718
64.628657
63.340835
64.116016
64.615178
63.857925
63.682915
64.652090
63.727105
63.737825
64.655472
64.579954
62.888183
64.624881
64.630155
63.651251
63.862268
64.627597
64.112847
63.292975
64.688458
64.653147
62.895903
64.632278
64.619563
63.378858
64.188897
64.629839
63.828630
63.381303
64.639031
64.659679
63.230808
64.231040
64.634309
64.126550
63.827113
64.650032
64.635602
63.306527
64.282170
64.637396
64.205487
63.246456
64.645113
64.633478
63.750292
63.595095
64.630814
64.668712
62.984662
64.285042
64.685494
64.621455
62.948949
64.526946
64.610451
64.642754
62.891267
64.591384
64.621773
63.926483
63.502011
64.641171
64.612836
63.829263
63.582814
64.629047
64.658081
64.238143
63.460173
64.645315
64.658492
64.118561
63.274483
64.653791
64.612071
63.423258
64.118920
64.441901
64.495821
64.485670
63.143934
64.114543
64.453126
64.524476
62.940447
64.611114
64.618236
64.630697
63.400299
64.200848
64.613620
64.657814
64.119363
63.415693
64.610771
64.599410
62.964466
64.563750
64.637501
64.247464
63.265583
64.657286
64.653590
63.585051
63.638347
64.629016
64.399335
63.123509
64.607716
64.634335
63.904877
63.600988
64.657915
64.608678
64.644460
63.043631
64.602365
64.656839
64.580141
62.894285
64.631834
64.603339
64.155336
63.508953
64.641905
64.654256
64.621197
64.641826
64.639069
64.651311
64.683506
63.111135
64.619202
64.650739
63.771606
63.952684
64.625998
64.466561
63.057303
64.616667
64.651745
63.633551
63.867707
64.655733
64.465132
62.928876
64.628613
64.612026
63.231048
64.169820
64.616700
63.495671
63.848325
64.638508
63.974889
63.376750
64.639543
64.651037
64.769026
62.909769
64.451808
64.484387
64.624162
63.654745
63.927102
64.651345
64.666903
63.105374
64.527775
64.643805
64.633652
62.912777
64.583006
64.638986
63.961091
63.364662
64.475755
64.475087
63.698027
63.511953
64.468046
64.468486
63.357644
63.925292
64.612660
64.640181
64.646825
64.621951
65.345487
66.493021
65.677254
64.590579
65.934761
65.401975
64.612813
65.565239
65.791426
64.642078
65.044912
66.194378
64.648334
64.650523
66.483012
64.751051
65.312460
66.079235
64.640747
64.640415
66.344301
64.882656
64.606938
65.901685
66.157890
65.135176
66.493483
65.535480
65.113642
66.479076
64.766753
64.652999
66.458934
64.805578
65.031596
66.382432
64.626202
64.939901
66.430666
64.639526
64.636808
66.315125
64.961198
64.779202
66.754568
66.002643
64.766996
65.617790
66.010576
64.825438
65.856550
66.562327
66.473582
64.814428
65.605087
65.638240
64.625974
65.823167
65.529255
64.801647
65.278172
66.178675
64.801943
64.807578
66.098682
65.344575
64.770827
65.313586
66.236753
64.812383
64.774721
66.321962
65.250121
64.775259
65.480818
66.008091
64.761474
64.846771
66.469349
64.599800
64.753356
66.308820
64.516799
64.841972
66.043078
64.465603
64.431317
65.896489
65.114056
64.743698
66.323050
64.653798
64.651401
66.112589
65.272322
64.653034
66.007373
65.289256
64.813904
65.592801
65.868997
65.048953
66.480935
66.483408
64.913481
66.452015
66.588676
64.826823
66.068788
66.492912
65.714271
65.643249
66.497937
65.811546
65.537910
66.489343
65.504720
65.206598
66.467134
65.146236
65.989494
65.533924
64.640949
65.527918
65.780503
64.676036
65.507958
65.838083
64.990158
66.502559
64.744795
64.657352
65.862515
65.349418
64.661036
65.184777
66.509730
65.315874
64.650664
65.719244
65.655007
64.648670
65.303349
65.898398
64.654782
64.849667
66.512134
64.871929
64.636341
66.342430
65.150096
64.633966
66.306475
65.100887
64.880800
66.488601
64.933106
64.652569
66.184019
65.101927
64.671340
65.477616
65.729225
64.638807
64.697109
66.557906
64.884320
64.776425
66.412255
65.200696
64.805112
65.958447
65.724603
64.766715
65.909331
65.722410
64.673425
65.562351
65.734442
64.632252
65.561893
65.723074
64.624714
65.502453
66.305209
64.601440
64.858517
66.454964
64.678066
64.827977
66.635887
65.209213
64.811122
65.993737
65.678878
64.786806
66.052027
65.656150
64.804710
65.788673
65.811649
64.804374
65.793134
65.912883
64.792034
65.707449
65.894499
64.762087
65.225098
66.272125
64.790292
64.793620
66.649970
65.153499
64.803078
66.973564
66.900218
64.396696
64.828736
64.819562
64.807438
64.819196
65.397893
66.046621
64.826936
64.802686
66.891083
64.990393
64.646487
65.953175
65.488361
64.514924
64.500563
65.111269
65.540034
64.495872
64.473864
65.560620
65.309383
64.497752
64.634853
66.096789
64.467406
64.472803
64.795731
65.910122
64.525739
64.474593
65.288223
65.577108
64.501399
64.538870
66.302234
64.361777
64.348861
65.317059
65.982272
64.511972
66.476721
65.032770
64.630022
65.000838
66.058947
64.629187
64.651015
64.629636
66.085200
64.990490
64.598009
64.653241
66.166035
64.835688
64.648338
65.710318
65.320169
64.488452
65.076627
65.956988
64.465613
66.228494
64.803536
64.646625
65.291687
66.566423
64.625802
64.657260
65.983775
65.234055
64.666438
65.249917
65.920254
64.677460
65.063764
66.015292
64.462484
65.483536
65.742157
64.669952
64.661482
66.231580
64.881851
64.647346
64.830725
66.346923
64.712787
65.338502
66.485568
66.503402
65.502781
64.624314
65.956789
65.289607
64.662539
65.443724
65.947872
64.631449
64.988172
66.239445
64.662078
64.706361
66.481921
64.611312
64.638024
65.342543
65.749245
64.650279
64.649398
66.434689
64.664186
64.592569
64.634397
66.030541
64.949925
64.612002
64.634425
65.372039
65.617861
64.623813
64.650566
64.623902
66.417863
64.641242
64.611951
65.128945
65.927775
64.597591
64.645177
65.438642
65.444763
64.631983
64.627221
64.643640
66.338602
64.554641
64.488985
64.577495
66.106226
64.480841
64.474325
67.930618
64.642835
64.636710
64.666538
64.624046
64.632576
64.619084
64.643594
64.652197
65.907725
74.948239
62.507539
62.531565
62.504516
62.394239
62.701043
64.237967
65.688898
67.498475
69.837356
70.119454
68.781264
69.944677
70.393591
68.207954
66.944978
67.488011
67.800261
67.218355
65.903698
67.312723
67.340811
65.573825
66.969509
64.868093
64.903473
65.569551
66.687139
64.883517
65.502187
66.558409
64.886070
65.848241
66.002538
64.877309
66.497142
65.794133
65.226971
66.710577
65.632262
64.875288
65.639732
66.713710
65.321382
65.001349
66.722987
65.851875
65.169869
66.706126
65.350067
66.254500
65.851131
65.108265
67.014259
66.260129
65.119810
65.139463
66.884964
65.322386
65.102406
65.539649
66.296840
64.543801
65.386044
66.387829
65.132504
66.026938
66.368118
65.420276
65.724114
65.697571
64.518335
65.430169
65.942191
64.706643
65.436959
66.278280
64.700793
64.698638
66.443842
65.008768
64.706152
65.804407
65.752192
65.010011
66.563340
65.463231
66.127813
65.823126
64.534420
64.631363
66.376565
64.554793
64.567156
65.718696
65.249506
64.554975
65.381132
66.049389
64.577354
64.645264
66.456183
64.877639
64.729386
66.115918
65.747332
65.526905
66.504506
64.865330
64.870965
66.584821
65.259879
65.038763
65.035106
66.796775
65.076716
65.024658
65.022633
66.846687
65.082665
65.862474
66.359709
65.050425
65.042883
65.901702
65.897342
64.882683
65.151550
66.446818
65.231169
65.037968
65.043034
66.374520
65.728212
65.121437
65.309017
66.934228
65.176654
65.611844
66.722133
64.905044
66.227513
65.730508
65.050839
65.774728
66.123761
64.886835
66.500973
65.347107
65.640880
66.572131
66.131423
65.453539
66.582858
66.372337
64.809252
65.741562
65.957778
64.872383
66.394655
65.368651
64.761559
66.378515
64.904105
65.051018
66.400175
64.700818
66.397859
66.392820
65.114211
66.101652
66.395265
64.812169
66.279493
66.402541
65.284981
66.446010
66.648742
65.306108
65.425746
66.462308
64.873080
65.259971
66.740888
65.043718
65.812760
66.164969
64.911405
65.430059
66.386966
64.916994
65.195787
66.435544
64.910921
64.876293
66.331169
65.424125
64.905134
65.587379
66.245366
64.876293
65.388676
66.469203
65.038985
65.043035
66.818634
65.147857
64.917066
67.201491
66.002398
66.446769
66.766961
66.725687
65.727298
64.887497
66.504945
65.941538
64.868403
66.559077
66.164905
65.555997
66.721166
66.346765
65.461977
66.622099
64.864005
65.893518
65.915320
64.899309
65.831563
65.866148
64.856163
64.880055
66.593173
64.941923
64.880444
64.956856
66.558987
64.859839
64.875468
65.200516
66.406386
64.864487
64.900675
66.141388
65.481760
64.870453
65.022804
66.561025
64.879035
64.890702
65.225330
66.345795
64.889371
64.893451
65.183202
66.437650
64.855337
64.892410
64.901797
66.646722
64.879136
64.904687
64.895347
66.226549
65.427592
64.865465
65.146528
66.520845
64.899668
64.904063
65.573854
66.089094
64.880290
64.885361
65.898864
65.657571
64.893014
64.916442
65.865975
65.651781
64.901168
64.941598
66.655169
65.087404
64.907022
65.927289
65.760910
64.857375
64.945202
66.589415
64.925767
64.890882
65.424572
66.242073
64.879830
64.979939
66.659502
65.474832
64.995282
65.654516
66.595179
65.839634
64.730396
64.721440
66.109951
65.486901
64.916143
65.110454
66.664451
64.871566
64.930132
66.363213
65.405640
64.988636
65.042579
66.775122
65.073331
65.029171
65.442838
66.307197
64.839226
64.891841
66.147436
65.826594
64.881281
66.671586
65.061711
64.971746
66.736473
65.108667
64.895854
66.682803
65.165598
65.662568
66.723479
64.871942
65.100573
66.739286
65.203776
65.853742
66.876506
65.368470
65.667755
67.262351
65.167897
66.546437
65.830599
65.036668
66.317555
65.546838
64.877963
66.247182
65.468203
64.908664
66.029602
65.914484
65.069986
65.331190
66.063724
65.168684
64.889498
64.916539
64.892308
65.852111
65.360228
64.979119
65.006005
64.984105
65.051843
65.021710
66.467718
65.040307
65.050989
65.041371
65.030113
65.022773
66.348350
65.127171
64.979216
64.871890
64.872681
65.765672
65.599356
65.024755
65.546867
66.553646
64.906210
66.056217
66.273534
64.907294
66.120178
65.753752
65.405070
66.634339
64.887959
65.174732
66.761580
65.164666
66.750269
66.263386
65.546348
66.899640
65.218028
66.102460
65.826160
64.895607
66.360008
65.469823
65.294720
66.677834
64.879028
66.012481
65.864446
65.334631
66.581878
64.754916
65.752002
65.755385
64.727448
65.052080
66.420613
64.724702
64.861699
66.460151
65.317856
64.900024
66.385660
65.597780
64.825452
65.900429
65.548482
64.732027
66.140753
65.297119
65.680785
66.298187
65.535363
66.579622
66.542731
65.347176
64.741022
66.516630
64.888678
66.359332
65.179501
66.038905
66.562461
65.246581
66.172901
66.738205
65.406364
65.067224
66.623768
65.298662
65.049600
65.092705
66.878096
64.964483
65.558010
66.323964
64.885972
66.137438
65.818458
65.621619
66.417562
64.916218
66.505991
65.350361
65.312841
66.459056
65.905128
65.524124
66.555160
65.414664
65.335622
66.551657
65.843378
65.688552
66.276408
64.562094
66.190620
65.508588
64.557685
65.842686
65.521053
64.588516
66.387368
65.007862
65.701079
66.198990
64.719699
66.477711
66.007059
64.945325
66.619231
65.283235
64.698322
66.714517
65.456789
64.877160
65.553275
66.055443
64.885295
64.888054
65.823465
65.916735
65.119713
65.202469
66.530205
65.407483
65.017799
65.742936
66.027002
64.882656
65.121489
66.419948
64.857288
64.843675
65.907456
65.801089
64.930462
65.306190
66.352748
64.866082
64.874705
66.611151
65.098302
65.324120
66.435298
65.257623
65.226518
66.706623
65.041198
65.056880
66.917608
65.185184
64.890247
66.248204
65.451777
64.890209
67.068931
65.455330
64.543812
65.136012
66.305492
64.884204
64.903847
65.720819
65.870369
64.882058
64.883145
66.183494
65.475828
64.909116
65.884224
65.994406
64.898822
65.887515
65.822651
64.889942
65.527695
66.239370
64.873258
64.855054
66.606509
65.068217
64.849707
65.511482
65.834365
64.674594
64.918799
66.514129
64.732726
64.710850
66.201893
65.374364
65.637858
66.571854
66.605857
65.409386
64.766706
65.752214
65.782147
64.791295
66.243493
65.526328
64.913520
66.520248
66.746329
66.216862
65.113691
66.369706
66.366137
64.844628
66.411121
66.647053
65.245044
65.746489
66.670355
66.154017
65.551351
66.726633
66.422809
65.267884
66.542415
64.844370
64.879397
66.525497
65.305304
65.025632
65.530463
66.322768
64.892475
65.183639
66.603711
64.912005
64.816701
65.125002
66.166942
64.694761
64.713705
65.841431
65.660505
64.868797
64.665896
66.371502
64.551333
64.536789
65.889174
65.165975
64.528552
64.766516
66.313399
64.524935
64.530155
65.838040
65.280734
64.535601
65.130672
65.920079
64.662600
65.514081
66.117955
64.920214
65.047836
66.652268
64.876538
64.861471
66.596086
65.152475
65.373439
66.558014
65.466081
66.047044
66.571803
65.893336
65.702778
66.553695
66.192007
65.618407
66.738873
65.417001
66.902599
65.962852
65.054390
66.258496
65.842706
65.044258
65.152868
66.865094
65.055784
65.030605
66.355009
65.786250
65.014894
65.968374
66.063354
65.040791
65.666363
66.389318
65.042712
65.398131
66.719557
65.026062
65.158265
66.876530
65.214196
65.013202
68.213039
64.896172
64.892616
64.898767
65.377361
65.900038
64.894687
64.872844
65.033125
66.736858
64.941220
66.023777
65.729923
64.945545
66.411841
64.875694
65.575329
66.244436
64.932858
65.061361
66.729427
64.904412
65.348647
66.641460
64.894571
64.900691
66.621341
65.263622
65.011259
65.434650
66.408357
64.885830
64.897474
65.965526
66.026420
65.025321
65.316989
66.497718
65.035881
65.050857
65.764148
66.141443
65.053527
65.056478
66.382541
65.518866
65.065006
65.619233
66.343087
65.055725
65.044621
66.532102
65.473219
65.030158
66.446336
65.656287
66.353693
66.051295
65.175193
66.038261
66.152635
65.042753
65.674009
66.388405
64.953083
65.557777
66.750939
66.327743
65.108031
66.765432
65.167938
64.931866
66.749781
65.186884
64.894502
66.443303
65.452549
64.710273
66.122998
65.280471
64.700159
66.225558
65.342328
64.711458
65.978586
65.575367
64.712490
65.346955
66.245938
64.876427
64.872627
66.493472
65.272191
64.881186
65.780091
66.161450
65.058372
65.683174
66.213679
64.868497
65.502305
66.357344
64.873276
65.018116
66.559432
65.518294
59.577596
59.538156
59.593985
59.689122
61.356987
62.777154
62.745158
64.492203
64.519135
64.477826
62.942022
64.478821
64.572496
64.541561
62.875946
64.648328
64.687776
64.700968
62.967504
64.525682
64.601153
62.894675
64.313193
64.484463
63.989705
63.214077
64.464533
64.319465
62.741348
64.219078
64.476796
62.988460
63.967375
64.739004
64.362030
62.855250
64.449637
64.462803
64.027138
63.291206
64.473438
64.494146
63.370702
63.904961
64.780003
64.499860
63.181883
64.009560
64.500240
64.024188
62.912271
64.480318
64.433496
62.810940
64.805521
64.483572
64.005467
63.031609
64.511949
64.232911
62.748930
64.890179
64.504694
64.490457
64.480396
64.548379
63.514873
63.752454
64.487297
64.334149
63.174706
64.496411
64.484048
63.603727
63.287873
64.476123
64.500728
63.152376
64.525150
64.671542
64.205683
63.592158
64.760755
64.888772
63.266336
64.422063
64.665079
64.677369
63.390417
64.130852
66.319414
64.701707
64.660056
64.662475
64.668563
64.661719
65.513354
65.903847
64.672497
66.381654
65.493845
64.669843
66.167860
65.241364
64.663595
66.440498
65.127441
65.906698
66.277725
64.680454
65.272165
66.550772
64.937929
64.697912
66.149945
65.410410
66.007761
66.911436
66.277401
65.415681
66.679910
65.164634
64.809065
66.562100
65.059449
65.091405
66.710030
65.136688
65.936229
66.715429
65.049452
65.869979
66.302636
64.844229
65.665253
66.688972
65.380626
66.183440
65.918658
64.973968
66.681934
65.310787
66.092926
66.062125
65.129662
66.712505
65.222803
68.515243
64.840613
64.817689
64.949733
66.205865
64.817070
64.809849
64.838107
65.122312
66.366697
64.833532
66.425403
65.015642
64.824901
64.970129
66.643271
64.833611
64.874228
64.844535
66.551435
64.891016
64.840135
64.805233
66.599823
64.847205
64.853384
65.026250
66.449717
64.825255
64.848309
64.926124
66.530314
64.839925
64.831932
64.813728
66.201687
65.164147
64.833821
64.817823
65.373590
66.038377
64.844772
64.856573
65.369499
66.048919
64.852063
64.839911
65.912727
65.638862
64.826224
64.732184
66.214888
64.975024
64.651795
64.662841
66.481291
64.909431
64.642544
65.542814
65.971107
64.697935
65.421456
65.961645
64.679225
64.702944
66.436457
64.866586
64.690284
66.568564
65.109749
64.684662
65.635589
65.785979
64.670903
64.742293
66.531409
64.764430
64.665025
66.486226
64.922868
64.681085
66.375815
64.978175
64.660825
66.374485
65.372261
65.843563
65.769095
64.691812
65.432505
66.720733
64.901419
64.693005
65.886111
65.343899
64.664223
64.792190
66.425168
64.663060
64.661100
65.547539
65.686005
64.670320
66.248650
65.853183
65.022167
66.512129
66.134499
64.686111
65.346428
66.077960
64.676133
64.708790
66.451431
64.932343
64.685499
65.739525
65.669222
64.670016
65.153516
66.542341
64.765153
66.132583
66.497013
64.665791
64.954863
66.425034
64.665217
65.905275
65.755463
65.304891
66.228245
64.677334
64.652843
66.349573
64.900137
65.204213
66.522373
65.966651
64.666419
64.670683
66.012285
65.245276
64.675943
65.588870
65.623391
64.715391
65.716927
66.276625
64.661035
64.687468
65.653031
65.618549
65.193150
66.497508
64.670300
65.890152
66.466641
64.696253
66.434140
66.512261
64.805475
65.031876
66.226627
64.661374
64.646326
65.844844
65.375656
64.674467
64.656722
65.865998
65.191155
64.660959
64.672080
66.192913
64.925163
64.672473
65.237616
65.985335
64.659048
64.665137
65.863008
65.382538
64.637131
64.767354
66.484754
64.644530
64.673752
66.188200
65.446533
64.824420
66.512698
64.939988
64.899421
66.498803
65.063753
66.058259
65.760587
64.653875
66.445857
65.016082
64.662809
64.905159
66.254801
64.666782
64.646564
65.674394
65.447936
64.682896
65.030775
66.703222
64.803066
64.672379
66.051648
65.138497
64.700746
65.071783
66.085735
64.677026
64.665460
64.872934
66.144524
64.657825
64.672710
64.677164
66.403477
65.786878
64.675427
64.691298
66.489784
64.839260
64.656554
65.221697
65.965116
64.661099
64.664715
65.898926
65.284380
66.563755
64.643347
64.676643
64.661550
64.687307
64.690402
64.649529
64.638574
64.652050
64.643867
64.664377
64.659617
65.105050
65.839691
64.693071
64.668851
64.710136
64.664382
66.516629
64.765900
64.674735
66.002811
65.113997
64.662117
65.208228
65.997143
64.641839
64.653932
65.972731
65.249286
64.643631
64.831421
66.524418
64.745170
64.662898
65.991922
65.311208
64.669078
65.324162
66.011891
64.628210
64.910747
66.382572
64.676082
64.653892
66.363062
64.999753
65.832573
65.948384
64.655455
65.501188
65.704375
64.667333
64.749473
66.396361
64.648459
64.671141
65.147655
66.051936
64.655565
64.646357
65.936539
65.791876
64.666357
66.044667
65.150932
64.697679
64.663928
66.202325
65.052404
64.649969
64.672034
66.383254
64.771043
64.672861
64.659508
66.383760
64.657434
64.666248
65.935627
66.558549
65.614779
65.726986
66.599991
64.804546
66.403845
66.484872
64.853625
65.837220
66.241210
64.827224
66.492488
66.541948
64.778793
66.546374
66.521480
65.851253
64.664852
65.657984
66.025493
64.666666
66.127920
65.499604
65.172922
66.550515
64.803206
66.512043
66.543277
65.505124
66.100864
66.665158
64.998635
65.751612
66.112685
64.820276
64.949993
66.640563
64.856087
65.401570
66.694562
65.245083
65.877945
66.562379
64.833454
64.826623
66.541229
65.091123
64.871038
65.883367
65.825963
64.838712
65.856767
65.551755
64.663196
65.353980
65.972137
64.638543
65.086965
66.325013
64.677962
65.685523
66.517841
64.782589
64.889414
66.495185
65.029722
65.747272
66.509199
65.312307
66.027712
66.498175
65.813430
65.009479
66.516526
64.965496
64.654833
66.020162
65.351220
64.640354
65.975258
65.540718
64.646197
65.259903
66.062594
64.655752
66.024408
66.532261
65.005603
65.088308
66.445437
64.691339
64.875183
66.740528
65.094285
64.852529
66.454276
65.409705
64.846469
66.429462
65.228424
64.835789
66.230066
65.384981
64.801640
66.206490
65.642518
64.832853
66.619334
65.067270
64.812337
65.851388
65.712103
64.844212
64.838588
66.419750
65.091523
64.818412
66.330772
65.354488
64.750634
65.526110
65.940861
64.636999
64.938398
66.401724
64.689054
64.668597
66.468431
64.834440
64.662171
66.209323
65.097314
64.681101
65.632909
65.636441
64.666225
64.988716
66.608249
64.827327
64.834128
65.877987
65.510665
64.816750
65.293170
66.208568
64.818491
64.813897
66.335397
65.238267
64.828034
65.795481
65.848003
64.822489
64.831439
66.631047
64.837985
64.822755
66.091374
65.438614
64.812778
64.799110
66.344853
65.219832
64.826914
66.118425
65.512348
65.366610
66.262161
64.685384
64.672582
66.326494
64.873996
64.648818
66.163491
65.113118
64.687182
65.759788
66.164039
64.928881
66.532696
65.394562
65.582837
66.265818
64.872311
66.498701
65.223478
65.542300
66.496100
65.225948
65.820316
66.095501
65.022773
66.494885
65.060995
66.317233
66.528783
64.739398
65.476945
65.877811
64.682232
64.678580
66.283461
65.060273
65.954372
66.048312
64.984452
66.470421
65.680057
65.520323
66.402130
64.707107
66.593034
65.680322
64.797707
66.497797
65.894119
65.154623
66.512300
65.106413
65.727519
65.817090
64.740177
66.503755
64.964699
64.669428
64.668062
66.341133
64.671318
64.650986
64.673223
65.536186
65.594689
64.690466
64.685895
64.657048
65.697211
65.180539
64.630108
64.647452
65.533492
65.512555
64.636980
65.237980
65.909864
64.815143
66.322715
64.965774
64.822540
64.814174
66.009837
65.350176
64.847018
64.818581
64.860899
66.240288
65.064860
65.037806
66.592299
65.813610
64.828159
65.653869
66.068289
64.844735
65.187034
66.643194
64.840366
64.845190
66.526472
65.071280
64.841185
66.233398
65.481104
64.886991
66.474794
65.086228
64.856565
66.070969
65.911527
64.805460
65.720084
65.806447
64.819843
64.828023
66.300523
65.245027
64.813655
65.104191
66.378055
64.849700
64.819269
66.364404
65.297239
64.853068
64.838992
64.831407
65.787420
65.502759
64.860577
64.840565
64.874463
65.415850
65.957301
64.810544
64.952641
66.123275
65.299796
64.838263
64.839711
66.164436
65.265694
65.243262
64.850728
66.457891
65.053505
64.827061
64.872955
65.927506
65.508874
64.827860
64.849197
65.876438
65.632875
64.846895
64.847042
65.298745
66.075447
64.885901
64.868591
64.870709
66.382487
65.037437
64.812306
64.854642
