50
35.744665
35.722742
35.744113
35.759150
35.747148
35.704245
35.702557
35.751709
35.767088
35.739430
35.728708
35.778004
35.758476
36.532016
35.775509
35.783071
35.762641
35.747673
35.748111
35.754769
35.811783
35.756952
35.749346
35.745640
35.746233
35.729926
35.730203
35.725390
35.724024
35.759205
35.749650
35.733153
35.753171
35.758362
35.730239
35.728775
35.748856
35.735195
35.763260
35.769486
35.728732
35.731742
35.756574
35.766677
35.777314
35.767261
35.750532
35.769481
35.749559
35.757439
35.788125
35.771614
35.754798
35.770674
35.760330
35.735195
35.792306
35.764903
35.795157
35.762729
35.773753
35.757227
35.745760
35.767276
35.745339
35.748367
35.741311
35.746240
35.744288
35.796167
35.728567
35.754889
35.736532
35.751025
35.788435
35.751639
35.762606
35.756768
35.800043
35.816525
35.768403
35.744325
35.731293
35.756291
35.730289
35.782321
35.769714
35.765478
35.768987
35.745195
35.800227
35.751324
35.756472
35.733746
35.731756
35.761532
35.751607
35.748547
36.297015
35.752179
35.784159
35.739955
35.748023
35.728370
35.753713
35.755884
35.730728
35.760365
35.780350
35.770013
35.809780
35.774643
35.750160
35.741254
35.733112
35.794722
35.731726
35.745638
35.742517
35.761814
35.749279
35.787601
35.728748
35.755604
35.760200
35.760850
35.765825
35.770279
35.753147
35.727414
35.752034
35.740282
35.734005
35.752856
35.768755
35.774462
35.754283
35.725972
35.782952
35.756209
35.764648
35.763359
35.795750
35.791017
35.759708
35.758703
35.763948
35.748605
35.735866
35.731650
35.741941
35.737328
35.754897
35.728144
35.790848
35.759928
35.754739
35.761003
35.786892
35.757851
35.796714
35.734440
35.718879
35.749598
35.770913
35.746471
35.723031
35.725256
35.741133
35.719015
35.743775
35.735913
35.768893
35.791750
35.715146
35.734991
35.762824
35.725460
35.714073
35.726067
35.765585
35.771126
35.764667
35.764538
35.767993
35.763415
35.813112
35.773952
35.769788
35.786745
35.770388
35.735600
35.752554
35.790348
35.763339
35.717045
35.770467
35.759992
35.733038
35.727865
35.747369
35.722452
35.744086
35.735409
35.725839
35.781128
35.752600
35.725681
35.765996
35.730683
35.721675
35.736248
35.786554
35.736883
35.755985
35.777190
35.766656
35.735197
35.737001
35.728507
35.760993
35.755658
35.748821
35.736863
35.727458
35.752267
35.732106
35.729483
35.742107
35.758736
35.739708
35.769938
35.769290
35.723780
35.725842
35.786898
35.762125
35.778310
35.761899
35.726894
35.729642
35.741394
35.716375
35.721617
35.780210
35.771173
35.726622
35.740423
35.754927
35.748675
35.757270
35.763442
35.769403
35.726062
35.791340
35.771034
35.734961
35.773997
35.997979
35.758391
35.761411
35.738430
35.763693
35.797519
35.763829
35.731614
35.746574
35.735330
35.760833
35.769784
35.774418
35.791134
35.758436
35.780464
35.761163
35.751226
35.732508
35.738842
35.760998
35.806244
35.769011
35.754790
35.773929
35.772882
35.776418
35.751400
35.767488
35.744442
35.749096
35.786130
35.783433
35.745832
35.753061
35.739133
35.753992
35.744772
35.738005
35.769008
35.790329
35.758638
35.732612
35.768439
35.800248
35.781856
35.786536
35.796582
35.773091
35.732617
35.746804
35.771152
35.764504
35.766136
35.760669
35.730793
35.747150
35.840257
35.740151
35.751327
35.767051
35.775389
35.748583
35.733744
35.794100
35.770396
35.743876
35.736434
35.785259
35.784143
35.743054
35.744326
35.735190
35.737664
35.770959
35.776142
35.763389
35.753891
35.750809
35.750901
35.787150
35.746799
35.766372
35.735851
35.752688
35.765031
35.766638
35.739015
35.737333
35.782614
35.774903
35.798473
35.765221
35.761387
35.776389
35.745740
35.754932
35.752176
35.764768
35.767691
35.745965
35.739843
35.765604
35.741202
35.754039
35.745823
35.765046
35.808314
35.745898
35.748389
35.761425
35.745947
35.742398
35.728901
35.746594
35.762020
35.785028
35.787470
35.778101
35.753923
35.739104
35.740778
35.768829
35.781553
35.769334
35.771102
35.749489
35.760205
35.757202
35.737697
35.744381
35.743920
35.815394
35.769867
35.753561
35.759542
35.743172
35.769047
35.765590
35.745089
35.732512
35.764744
35.760392
35.759433
35.785635
35.744836
35.749469
35.756260
35.738177
35.740040
35.783293
35.774841
35.761714
35.769321
35.733323
35.773080
35.768844
35.810877
35.770262
35.773580
35.723175
35.763622
35.737407
35.771395
35.773627
35.740913
35.801276
35.784923
35.924558
35.984237
35.934556
35.898821
35.877247
36.052179
35.832541
35.780789
35.741566
35.758273
35.787103
35.806119
35.755157
35.783226
35.770032
35.766572
35.777220
35.728211
35.768846
35.792121
35.745316
35.764253
35.811116
35.750052
35.760008
35.796962
35.737873
35.724814
35.752326
35.724921
35.739606
35.769111
35.749179
35.760774
35.774830
35.737199
35.744945
35.761959
35.724273
35.725800
35.765410
35.728924
35.752551
35.767936
35.759833
35.782517
35.748828
35.733296
35.777066
35.750239
35.719246
35.771550
35.761823
35.743104
35.765345
35.771738
35.740067
35.737362
35.762285
35.756458
35.770920
35.726178
35.746054
35.744189
35.738885
35.736467
35.742504
35.758052
35.761674
35.773598
35.752477
35.737711
35.753536
35.765593
35.729456
35.768290
35.731933
35.727910
35.778007
35.742772
35.729882
35.750879
35.736741
35.762416
35.745655
35.743123
35.752947
35.766902
35.754685
35.779357
35.817844
35.746119
35.747879
35.753249
35.748175
35.757882
35.750506
35.784476
35.783569
35.811988
35.782645
35.790601
35.762866
35.764992
35.754183
35.805816
35.757823
35.761664
35.759055
35.760645
36.693310
35.761076
35.787843
35.800482
35.764911
35.788639
35.777367
35.790978
35.762966
35.758677
35.745468
35.744316
35.733966
35.745943
35.760810
35.756818
35.749812
35.807573
35.779168
35.743546
35.756860
35.772425
35.782341
35.745596
35.743982
35.771744
35.758296
35.667600
35.664411
35.669864
35.681006
35.660658
35.750110
35.742410
35.744763
35.779514
35.794521
35.773139
35.770352
35.785506
35.771745
35.779919
35.758313
35.763142
35.789046
35.738903
35.735336
35.770453
35.757294
35.746915
35.781575
35.742338
35.746513
35.764709
35.773058
35.754813
35.749382
35.727689
35.787748
35.785469
35.795534
35.774961
35.795692
35.797058
35.820024
35.781747
35.772739
35.790878
35.777702
35.778687
35.801872
35.777626
35.785848
35.811632
35.797247
35.798488
35.790040
35.804224
35.776148
35.774209
35.790378
35.803054
35.779255
35.810065
35.741531
35.750991
35.781306
35.796157
35.748680
35.748489
35.796033
35.750040
35.770172
35.759490
35.759518
35.784510
35.767952
35.744448
35.797518
35.751865
35.742747
35.785998
35.788477
35.771340
35.792058
35.782054
35.755740
35.803517
35.770720
35.775399
35.805863
35.786710
35.773516
35.778945
35.791111
35.799083
35.789371
35.789179
35.799715
35.773657
35.793529
35.749331
35.759378
35.771888
35.780485
35.759762
35.750842
35.792753
35.794872
35.807761
35.774937
35.793338
35.779213
35.792186
35.830833
35.788705
35.763273
35.786129
35.740366
35.752326
35.774387
35.749375
35.780545
35.770778
35.798108
35.770405
35.782882
35.812084
35.795568
35.801147
35.798879
35.774480
35.785147
35.797488
35.788023
35.798525
35.755942
35.789176
35.798364
35.762053
35.801220
35.808225
35.791713
35.792198
35.743816
35.749537
35.770404
35.787377
35.776920
35.794554
35.791359
35.792978
35.791440
35.756313
35.731173
35.799175
35.765170
35.750767
35.776413
35.765386
35.779484
35.815076
35.788449
35.788628
35.794537
35.774481
35.748731
35.751923
35.744130
35.752505
35.791019
35.802443
35.796840
35.771387
35.742163
35.755711
35.761973
36.199949
36.046058
35.805546
35.776708
35.758978
35.784145
35.778387
35.777154
35.776288
35.776870
35.765195
35.777707
35.783300
35.776116
35.783135
35.760402
35.787524
35.762309
35.787286
35.763069
35.795714
35.801843
35.800019
35.784476
35.776818
35.760178
35.798016
35.780985
35.802330
35.832350
35.768739
35.758834
35.781295
35.782830
35.787868
35.794750
35.798725
35.804086
35.790664
35.782705
35.799111
35.772516
35.800537
35.809740
35.760649
35.785000
35.796676
35.761123
35.787941
35.766197
35.774856
35.788646
35.802671
35.768264
35.798969
35.712180
35.671950
35.695144
35.703520
35.804516
35.789213
35.811515
35.897358
35.840876
35.776708
40.499916
40.261954
39.675776
39.213111
35.802110
35.772497
35.748925
35.777158
35.789994
35.825381
35.847488
35.812578
35.802025
35.761066
35.782457
35.799779
35.856046
35.823913
35.826508
35.787867
35.798595
35.817050
35.868012
35.817067
35.813342
35.821043
35.795559
35.819554
35.821611
36.105447
35.851492
35.849294
35.837546
35.808219
35.840443
35.819577
35.855030
35.858654
35.825798
35.824337
35.824125
35.821477
35.811939
35.819600
35.815657
35.842199
35.826658
35.806605
35.853829
35.813150
35.799840
35.828089
35.812497
35.798133
35.818333
35.827234
35.855386
35.819257
35.785833
35.802853
35.805209
35.810953
35.808247
35.820708
35.807872
35.824168
35.850472
35.835179
35.790745
35.771110
35.799565
35.818852
35.824539
35.781106
35.801992
35.802977
35.793373
35.991022
35.780128
35.791548
35.886557
35.802109
35.785519
35.774630
35.787388
35.793282
35.782620
35.780770
35.796713
35.777789
35.789848
35.777086
35.777704
35.829608
35.778791
35.806089
35.789073
35.823010
35.799644
35.794934
35.786324
35.815158
35.772778
35.783675
35.768557
35.778721
35.774160
35.791093
35.781309
35.784814
35.793460
35.810370
35.802876
35.801232
35.796211
35.812941
35.804218
35.795730
35.803553
35.838634
35.817437
35.794423
35.782119
35.791371
35.780430
35.793441
35.799296
35.789598
35.771760
35.817956
35.804240
35.809327
35.815149
35.845225
35.807023
35.802160
35.827898
35.817230
35.792743
35.800668
35.793252
35.838707
35.783900
35.784327
35.811030
35.764539
35.818282
35.854855
35.796611
35.786623
36.250019
35.795359
35.835104
35.781622
35.865441
35.853608
35.769901
35.764425
35.786377
35.820465
35.777385
35.785267
35.785892
35.812572
35.770588
35.772034
35.765617
35.783965
35.831213
35.791314
35.817790
35.798972
35.772651
35.825502
35.764701
35.843638
35.833829
36.052341
35.822490
35.803640
35.805665
35.811233
35.838793
35.805646
35.828940
35.801182
35.807689
35.814014
35.839261
35.805761
35.779463
35.768109
35.806174
35.809180
35.819922
35.872977
35.830681
35.817539
35.844823
35.832112
35.808036
35.824415
35.805699
35.865522
35.855672
35.814284
35.777608
35.806298
35.928339
36.006570
35.793074
35.783729
35.817283
35.805425
35.771561
36.039635
35.778918
35.788221
35.813829
35.798523
35.821802
35.830971
35.811380
35.813112
35.804247
35.831855
35.794805
36.206374
36.306786
35.970961
35.825937
35.849092
35.780239
35.807498
35.798471
35.827792
35.800371
35.780252
35.849376
35.777315
35.808731
35.777026
35.767172
35.801907
35.837831
35.780797
35.797173
35.777491
35.814722
35.821666
35.785711
35.775625
35.797094
35.811798
35.819075
35.787155
35.788027
35.798713
35.809235
35.800975
35.833976
35.807650
35.800993
35.814958
35.768085
35.770173
35.775232
35.774378
35.795565
35.776087
35.771943
35.792184
35.829732
35.806509
35.814990
35.796872
35.818331
35.823898
35.833570
35.800193
35.819276
35.776100
35.834491
35.828158
35.801533
35.807525
35.816622
35.825966
35.812924
35.829812
35.840208
35.783337
35.837356
35.823889
35.783158
35.781229
35.841176
35.828826
35.812833
35.786184
35.800057
35.781949
35.789690
35.800987
35.821830
35.781259
35.812821
35.827864
35.794676
35.804838
35.804410
35.856481
35.787888
35.799247
35.810376
35.812952
35.781824
35.788588
35.792680
35.840255
35.772243
35.767720
35.923109
35.829275
35.818461
35.819351
35.804697
35.802329
35.818062
35.810140
35.804142
35.805884
35.831191
35.805044
35.802681
35.787501
35.795530
35.780900
35.774705
35.798251
35.812356
35.792413
35.795156
35.804080
35.795026
35.805569
35.835073
35.802291
35.863700
35.781172
35.771400
35.772169
35.780620
35.801196
35.770712
35.808216
35.792328
35.782676
35.795509
35.786945
35.794713
35.811616
35.789912
35.790802
35.810736
35.794682
35.786830
35.849595
35.834225
35.831955
35.816455
35.806054
35.812016
35.816117
35.777198
35.842565
35.820991
35.809254
35.790834
35.821514
35.802884
35.815178
35.811297
35.809790
35.798398
35.793505
35.799716
35.805171
35.818142
35.815740
35.816315
35.840351
35.812674
35.818877
35.798038
35.829944
35.813996
35.834966
35.862822
35.791840
35.809680
35.778948
35.790736
35.800372
35.769069
35.819177
35.815198
35.810618
35.828155
35.816132
35.804173
35.778698
35.782361
35.784244
35.788481
35.793318
35.792895
35.806330
35.809153
35.816023
35.821689
35.795051
35.771851
35.796579
35.804002
35.774045
35.778227
35.813270
35.860419
35.780464
35.839053
35.770005
35.775510
35.769801
35.800697
35.798721
35.794081
35.781702
35.761587
35.799284
35.835121
35.809132
35.810431
35.804653
35.796238
35.795610
35.818011
35.825888
35.794426
35.775314
35.780417
35.794953
35.809698
35.805304
35.799507
35.778290
35.768606
35.792395
35.786057
35.785942
35.794780
35.807503
35.800558
35.794699
35.827615
35.809333
35.791495
35.808163
35.789501
35.813274
35.798005
35.822771
35.789385
35.781296
35.772996
35.810386
35.818027
35.838688
35.838844
35.818985
35.823812
35.819995
35.812544
35.808403
35.790670
35.814167
35.774550
35.766724
35.807623
35.813166
35.816567
35.765902
35.773661
35.765022
35.824639
35.800230
35.794196
35.801204
35.809902
35.756692
35.763862
35.765399
35.789538
35.806732
35.819975
36.142736
35.964297
35.979421
35.980188
35.953005
35.952489
35.956590
35.971762
35.963529
35.951058
35.944198
35.957661
35.960724
35.974872
35.954649
35.956860
35.953818
35.965012
35.953828
35.965912
35.939975
36.068531
35.975582
35.990826
36.072823
36.011622
35.999205
35.961958
35.989745
35.950579
35.961015
35.965153
35.968457
35.994739
35.955101
35.956726
35.949786
35.962423
36.263887
35.990887
35.974687
35.953994
35.955298
35.989906
35.928403
36.282248
35.962966
35.971039
36.012198
35.979914
35.980474
35.965071
35.989271
35.934157
35.934929
35.999505
35.978936
35.961037
35.954946
36.006932
35.954558
35.950585
35.821128
35.806917
35.811179
35.813955
35.799323
35.809702
35.818262
35.811334
35.816762
35.818509
35.810907
35.812156
35.808776
35.814074
35.818206
35.810463
35.796696
35.827308
35.797633
35.816580
35.808417
35.809732
35.812150
35.795247
35.810597
35.806829
35.811528
35.814370
35.823061
35.814053
35.826955
35.824452
35.791518
35.811942
35.821578
35.806034
35.799889
35.793042
35.822954
35.807180
35.805595
35.805587
35.812338
35.803950
35.803768
35.817530
35.801379
35.804821
35.797940
35.832506
35.840213
35.815774
35.824390
35.807321
35.802362
35.852674
35.800553
35.806134
35.809796
35.830558
35.809208
35.784053
35.798528
35.800181
35.822969
35.846242
35.819159
35.778613
35.771743
35.782296
35.789503
35.777907
35.794834
35.814674
35.830505
35.790629
35.891725
35.815756
35.790693
35.831069
35.811520
35.823986
35.806862
35.847504
35.820630
35.818000
35.818956
35.854321
35.772485
35.798738
35.763589
35.794483
35.825503
35.825191
35.789985
35.824306
35.823727
35.817252
35.827812
35.795093
35.780056
35.809488
35.782068
35.830522
35.812949
35.818890
35.792180
35.807659
35.816945
35.812739
35.819959
35.796584
35.793541
35.808901
35.838853
35.795902
35.781709
35.805655
35.823437
35.821197
35.817392
35.796367
35.825195
35.791718
35.803416
35.809873
35.786524
35.785489
35.813570
35.785970
35.828564
35.803021
35.783494
35.783364
35.793115
35.833350
35.792591
35.818092
35.788478
35.805710
35.756527
35.775075
35.778766
35.776672
35.763105
35.760520
35.813531
35.822227
35.778407
35.808063
35.823855
35.786821
35.825539
35.780480
35.798909
35.792895
35.800451
35.790079
35.778983
35.823265
35.991504
35.971620
35.974844
36.004514
35.956805
35.970537
35.972613
35.978100
35.963268
35.963170
36.003297
35.988236
35.987474
35.961532
35.976327
35.975656
35.952434
35.953332
35.959660
35.973721
35.956443
35.980282
35.966243
35.970976
35.973234
35.969320
35.954557
35.965681
35.963078
35.961842
35.948579
35.949533
35.975517
35.985898
35.974811
35.965404
35.975703
35.981360
35.942636
35.981396
35.957794
35.972181
35.986382
35.973265
35.958157
35.983474
36.217772
35.965843
35.968493
35.972796
35.969886
35.961196
36.221844
35.986871
35.961661
35.953033
35.949365
35.961461
35.956199
35.953334
35.938559
35.972795
35.965615
35.948680
35.969365
35.955611
35.953845
35.931396
35.948123
35.965415
37.009621
37.050825
37.000091
37.030484
37.033298
37.041109
36.646532
37.012702
37.053401
37.029032
37.060916
37.081326
37.066757
37.024697
37.063959
37.018601
37.087525
37.049773
37.089552
37.045754
37.072064
37.043184
37.056337
37.033484
37.057687
37.413410
37.068337
37.089400
37.083797
37.116621
37.118900
37.153471
38.573284
40.735978
40.785128
40.823971
39.266691
37.164071
37.109913
37.142759
37.082433
37.141139
37.142841
37.152486
37.144738
37.127618
37.107476
37.130956
37.100604
36.890184
36.847689
36.924427
37.153838
37.104454
37.155316
37.120123
37.156679
37.112203
37.149781
37.148371
37.139440
37.127331
37.097329
37.136249
37.124730
36.935046
36.631131
36.921029
36.963799
37.101670
36.920035
37.132522
37.475128
37.268433
37.148312
37.125414
37.148814
37.168043
37.148914
37.137419
37.137298
37.109487
37.094109
37.065061
37.095252
37.087827
37.091185
37.112119
37.058931
37.060965
37.084105
37.099381
37.093001
37.065576
37.083834
37.084194
37.102497
37.086125
37.124894
37.085672
37.078668
37.101541
37.126542
37.092816
37.083868
37.084629
37.097790
37.059290
37.069446
37.120231
37.077467
37.086229
37.070650
37.079059
37.093676
37.091022
37.086372
37.098855
37.087615
39.548044
40.774303
40.685946
40.764088
40.802443
40.776771
40.931673
40.866204
40.700876
40.815626
40.718862
40.672932
40.843824
40.787322
40.868147
40.758552
40.800922
40.814388
40.717627
40.631157
40.795134
40.805744
40.761669
40.881694
40.883204
40.682737
40.639971
40.805801
40.632633
40.305813
37.127526
37.097204
37.064488
37.096156
37.110539
37.074381
37.046785
37.125244
37.050047
37.096067
37.044733
37.047288
37.062599
37.075093
37.004623
36.419631
36.352536
36.450709
36.323569
36.428767
36.716730
40.652708
40.700642
40.705681
40.698724
40.782572
40.683532
40.552632
40.727868
40.834820
40.737770
40.758843
40.720166
40.874746
40.710528
40.740648
40.860234
40.768206
38.261362
37.080026
37.088088
40.705782
40.772886
40.743749
40.624038
40.706400
40.713260
40.687935
40.787246
40.712208
40.652719
40.740284
40.726548
40.676815
40.567317
40.691742
40.711351
40.751201
40.849360
40.706745
40.771531
40.720261
40.765393
40.641355
40.742168
40.785553
40.671717
40.845079
37.335714
37.225346
37.078824
39.636864
37.084320
37.076129
37.036320
37.054199
37.089926
37.052556
37.081099
37.050888
37.078496
37.060908
37.072597
37.066140
37.078314
37.074733
37.074612
37.056779
37.078537
37.060137
37.094517
37.062621
38.778660
40.638301
40.727142
39.609205
37.069606
39.245835
40.804109
40.792119
40.742253
40.701237
40.756725
40.615892
40.744610
40.762438
40.169122
37.801178
40.835690
40.827055
40.178269
37.100219
37.075325
37.095543
37.064702
37.066964
37.093321
37.078053
37.081751
37.084866
37.100257
37.056575
37.413792
40.821605
40.673176
40.753491
40.798719
40.731511
40.676967
40.780064
40.842056
40.709562
40.761620
40.801196
41.446876
40.598832
39.628043
36.872239
36.984956
37.412685
39.751058
39.723884
40.018313
39.802799
39.878676
40.279726
40.374180
37.984021
40.737227
38.929072
36.878768
36.389793
36.434426
37.134885
37.078643
37.071667
37.067794
37.057328
36.996418
37.093587
37.064598
36.806205
36.415846
36.777333
36.804651
37.053580
36.944858
36.284312
36.677316
36.650159
36.659496
36.566024
36.856991
37.066628
37.080663
39.096880
40.486771
40.822102
40.778765
40.827875
40.830423
40.740182
40.694518
40.756699
40.854679
41.287813
40.679011
40.453646
37.068808
37.093129
37.073324
37.105158
37.139119
40.080171
40.755608
40.608961
40.868425
40.725908
40.803294
40.656006
40.691159
40.840118
40.886018
40.836200
39.241831
37.096304
37.110158
37.082638
37.108969
37.102743
37.084989
37.088234
37.084552
37.145401
37.102674
37.086079
37.103170
37.074262
37.123541
37.097010
37.118825
37.044833
37.110664
37.112751
37.075943
37.086593
39.117293
38.071307
37.087275
37.065046
37.096291
37.095887
37.060041
37.044047
37.101052
37.093447
37.060461
37.085439
37.089053
37.066094
37.080884
37.100595
37.080108
37.116558
37.104055
37.115000
39.609533
40.471536
40.804618
40.759469
40.574835
39.867570
37.053269
37.111192
37.113930
37.103122
37.078042
37.086814
37.072501
37.104190
37.076169
37.115112
37.101038
37.067550
37.086589
37.072551
37.062289
37.110994
37.053891
37.058052
36.827404
36.394607
36.270434
36.324442
36.241085
36.335671
36.346959
36.371809
36.304533
36.757187
39.400500
40.824699
40.919670
40.771572
40.830121
40.823382
40.758608
40.709240
40.745006
40.744030
40.765869
40.819895
40.699963
40.769386
40.779259
40.623437
40.578275
40.495372
39.810445
39.911683
39.744346
39.865605
40.288031
39.891917
40.004223
39.997317
39.930554
39.893830
39.990057
37.199801
36.827343
37.109043
37.108931
37.080947
37.087717
37.083480
37.113269
36.917303
37.067062
37.130790
37.062949
37.115400
36.613897
36.525966
36.903210
36.858171
37.091879
36.881539
36.952708
37.107679
37.099037
39.264618
40.444269
40.850373
40.806679
40.788984
40.612827
40.806360
40.752245
37.954977
37.084299
37.083191
37.035562
37.095231
37.077730
37.094446
37.094458
37.136413
37.083394
37.103334
37.108532
37.069773
37.072948
37.085044
37.097324
37.046453
37.096880
38.945894
36.792706
36.370895
36.391161
36.352895
36.355786
36.587707
36.344426
36.408154
37.074710
37.058306
37.092812
37.075475
37.082737
37.101232
37.092236
37.083641
37.074389
37.076531
37.107690
37.094685
37.077668
37.100393
37.078833
37.080704
37.077413
37.091509
37.047664
40.604910
40.647256
40.547149
40.674719
40.649082
40.558494
40.655038
40.623296
40.672190
40.787354
40.736125
40.677716
40.766355
40.730948
40.760570
40.741963
40.639682
40.696755
40.747805
40.725228
40.754130
40.815644
41.582824
40.876820
40.832983
40.718349
40.743099
39.971247
39.994580
38.938779
36.174797
36.420434
36.351456
36.314877
36.286070
36.326900
36.210681
36.357223
36.303150
36.279616
36.563015
36.298308
36.333865
36.737520
36.605350
36.732954
37.399437
37.077912
37.113850
39.950684
40.792414
40.811716
40.682915
40.817737
40.716243
40.556934
39.833789
39.896284
39.848131
39.902431
39.841589
39.751512
39.936632
39.958390
39.889164
39.951763
40.107928
39.784571
39.988249
37.461397
37.040554
37.066427
37.109138
37.022906
37.088091
37.082852
37.063040
37.055637
37.078908
37.076444
37.065212
37.037851
37.052858
37.060752
37.048108
37.119089
37.029191
36.958997
37.125923
37.063061
37.028187
37.074224
37.054959
37.050013
37.053679
37.080436
37.054845
37.082957
37.069219
37.061283
37.053286
37.071010
37.074781
38.246248
40.698344
38.086941
37.062797
37.042713
37.069537
37.064845
37.066434
37.031807
37.052517
37.062932
37.059155
37.069294
37.041762
37.050431
37.067671
37.070193
37.063113
37.024611
37.052882
37.064722
37.097667
37.051402
37.082084
37.089906
37.060584
37.058383
39.659485
40.750889
40.735564
40.817022
40.823833
40.789789
40.053475
37.073742
37.047627
37.081941
37.081798
37.102723
37.268226
37.143461
37.174585
37.101286
37.190909
37.212397
37.299662
37.261419
37.266249
37.218007
37.143792
37.095966
37.076933
37.101285
36.792356
36.504434
36.408344
36.578121
36.507358
36.478122
36.617172
36.807020
36.581771
36.754850
37.077365
37.083849
37.089245
37.099601
37.059052
37.078105
37.049404
37.094688
37.066089
37.090566
37.076623
37.070424
37.045202
37.084543
37.088662
37.062164
36.915287
39.059137
40.020285
39.815016
39.884036
39.902182
40.108194
40.062697
40.050213
39.992282
40.012035
39.926800
39.909273
40.123354
40.062709
40.704895
40.688143
40.663452
40.744765
40.625412
40.697613
40.759331
40.727666
40.794296
40.816826
40.703709
40.794194
40.723049
37.949526
37.089936
37.088823
37.088551
37.079570
36.818408
36.621945
36.651514
36.754835
36.623114
36.594063
36.464273
36.604748
36.521780
36.639255
36.594881
36.586784
36.680366
36.572119
36.728727
36.640720
39.588705
39.869752
40.334414
40.190955
39.879688
40.128231
37.020814
37.038711
37.014503
36.984232
36.968060
37.016655
36.957639
37.013059
36.999474
36.993569
37.025564
37.034813
37.035886
37.000940
37.018125
37.180830
37.017781
39.981482
40.514221
40.623524
40.627177
40.455553
40.514916
40.508887
40.493552
40.577864
40.586968
40.499745
40.585700
40.575541
40.752656
40.513653
40.612425
40.551374
40.475447
40.623820
40.528749
40.691663
40.540747
40.515314
37.237636
37.094222
38.545129
40.780584
40.706762
40.667797
40.611869
40.391190
39.872248
39.859525
39.969954
40.531010
40.662369
40.697135
38.125548
37.062490
37.069090
37.080450
37.063245
37.067718
37.064629
37.098733
37.093326
37.100352
37.083918
37.061517
37.071486
37.088762
37.090647
37.051022
37.085450
37.073671
37.054496
38.514413
37.154593
37.097922
37.061861
37.070011
37.078719
37.068932
37.002651
37.025397
37.069877
37.028857
37.015201
37.060622
37.023752
36.992959
37.005842
37.036528
37.306988
37.042172
37.049201
37.396742
37.048083
37.080630
37.064647
37.010543
37.023243
37.010218
37.043863
37.046323
37.030593
37.047211
37.038026
37.025430
37.003840
37.043092
37.057453
37.013030
37.067389
37.015651
37.041539
37.026681
37.022823
37.028750
37.000661
37.025263
37.015912
37.046874
37.022393
37.062620
37.033077
37.038080
37.017065
37.016833
37.028057
37.024114
37.023252
37.028527
36.683493
37.130439
36.772056
36.908468
37.031140
36.971332
36.353596
36.303292
36.619095
36.969540
36.849922
36.965577
37.019991
37.012986
37.061204
37.010497
37.031264
37.028134
37.151577
37.096793
37.031861
37.020292
37.013487
37.059212
37.015315
36.998990
37.140913
37.014547
37.227551
37.029176
37.036690
37.044747
37.051558
36.989585
37.041567
37.072504
37.013035
37.037911
37.068990
37.034302
37.050515
37.035421
37.019850
37.040394
37.038149
37.029556
37.027282
36.998039
37.047121
37.018495
37.038700
37.028830
37.032085
37.051109
37.004288
37.009982
37.028130
36.966758
36.984220
37.012389
37.027080
36.984563
37.013865
37.023612
37.017099
37.040514
37.012354
36.989190
37.025563
36.988848
37.028103
36.996810
36.997844
37.093625
37.020431
37.015927
37.028977
37.027959
37.012359
36.843519
36.688921
36.342591
36.326851
36.362808
36.784658
36.724724
36.682804
36.802737
37.016059
37.052659
37.045553
37.009399
37.008329
37.021014
37.024012
37.031549
37.011042
37.031351
37.019883
39.859104
37.046000
37.041053
37.000122
37.011217
37.025687
37.017948
37.012205
37.562705
37.250471
37.151020
37.037845
37.030117
37.048196
37.021985
37.023476
37.006447
37.039341
37.003201
37.042236
37.050719
37.029969
37.048664
37.014654
37.042713
37.054177
37.016728
37.034022
37.278196
37.024815
37.045476
37.033742
37.006009
37.046987
37.020519
37.010621
37.018579
37.030177
37.048294
37.045284
37.029903
37.030652
37.007476
36.990975
37.040434
37.022981
36.993715
37.057660
37.047377
37.037314
37.007425
37.024902
37.013501
37.017789
37.028501
37.057902
37.044318
37.032187
37.040949
37.017926
37.037549
37.026497
37.025109
37.034861
37.051029
37.042278
37.041812
37.030128
37.004111
37.039987
37.038446
37.060713
37.010461
37.014588
37.078985
37.021518
37.071201
37.043037
37.231668
37.079321
37.002499
37.045406
36.509956
36.732086
36.380074
36.722637
36.456959
36.422032
36.506977
36.406036
36.518171
36.573641
36.758325
36.410784
36.644661
36.747851
36.719518
36.796060
36.921715
36.752827
36.718344
36.910865
36.798550
36.756260
36.973676
36.496487
36.759411
36.975741
36.761038
36.876045
36.913804
36.638694
36.868468
37.024254
37.017582
37.229629
37.036398
37.015800
37.028978
38.606019
40.766866
40.640083
40.669928
39.229704
37.046361
37.058091
36.988760
36.977485
37.022553
37.045339
37.016908
37.041657
37.039683
37.027244
36.883029
36.261929
36.783317
36.586323
36.556540
36.466002
37.000090
39.875832
39.650258
40.163141
40.624400
40.551694
40.599243
40.648393
40.737520
39.148550
37.052028
37.046791
37.101320
37.128995
37.055084
37.042671
37.074384
37.038232
37.066403
37.022861
37.019675
37.023380
38.688151
40.656790
40.551028
40.566333
40.618832
39.648318
37.041762
37.012926
37.046395
37.042081
37.049682
37.036319
37.079785
37.017984
37.039902
37.016878
37.008396
37.029006
37.001929
37.046504
37.028216
37.039816
37.046274
37.002163
37.029590
37.083902
37.776322
40.649804
40.660129
40.579936
40.499810
40.519415
40.591312
40.620999
40.584996
40.561547
40.615038
40.681400
40.714645
40.469576
40.357839
40.647779
40.555152
40.583763
40.565953
40.640466
40.632465
40.641926
40.581093
40.830417
40.616447
40.609558
40.516006
40.590520
40.556894
40.644250
40.588794
40.626288
40.664998
40.499341
40.657687
40.639307
40.568892
40.657459
40.621480
40.702943
40.558531
40.660679
40.553073
40.661372
40.522089
40.635317
40.552326
38.916343
37.010875
37.039640
38.013508
40.740920
40.620765
40.038557
37.235310
37.095530
37.167314
37.043489
37.033354
37.047423
37.044251
37.035021
38.378531
40.627963
40.716932
40.715581
40.642274
40.629322
40.709445
40.716128
40.714830
40.720872
40.719105
40.511025
38.301136
37.028298
37.057250
37.032679
37.046488
37.027262
37.077511
37.073391
37.014130
37.601190
40.575705
40.404915
40.685977
40.588729
40.668042
40.640005
40.524172
40.572002
40.568657
39.946099
37.018899
37.026274
37.036284
37.016855
37.027209
37.025820
36.998443
37.266123
37.926991
40.667946
40.620521
40.545834
40.607267
40.659340
40.608596
37.525134
38.176692
37.017553
37.036761
37.035211
37.014072
37.032238
37.015936
37.044792
37.023686
37.038393
37.010455
37.019601
37.034449
37.005998
37.002997
37.037670
36.983421
37.045649
37.041921
37.022423
37.017735
37.014283
37.010149
37.037533
37.034441
37.004721
37.010298
37.032456
37.034367
39.756589
40.651171
40.678412
40.670072
40.671342
40.582401
40.616710
40.637281
40.582742
40.542051
40.560789
40.510094
40.514948
40.710364
40.604097
40.673508
40.627754
40.543155
40.648867
40.701518
39.034128
37.015072
37.003562
37.036694
37.067990
37.006221
37.297532
40.693054
40.650104
40.659842
40.630579
40.498461
40.615023
40.540445
40.616013
40.595572
40.634385
40.516815
40.555380
40.608511
40.654874
40.568614
40.626413
40.306495
39.764909
38.338240
37.033873
37.044664
37.010302
36.305840
36.442232
39.752845
39.971993
40.072636
39.806642
39.619917
39.689651
39.766370
39.909009
39.780748
39.942869
39.708254
39.832622
39.860456
39.798804
40.490868
40.589032
40.622231
40.594001
40.662309
40.613633
40.666750
40.624224
40.629118
40.574453
40.806623
40.499550
40.642866
40.567131
40.603205
39.905412
40.165997
40.728137
40.535534
40.729849
40.602120
40.672474
40.611861
40.653888
40.508538
40.602206
40.703172
40.198008
39.715219
39.645252
39.754265
40.217982
40.610062
40.747359
40.587217
40.563628
40.613069
40.587749
40.562667
40.693025
40.435909
40.584359
40.642056
40.589556
40.619530
40.570727
40.568530
40.565733
40.664398
40.584236
40.568089
40.564714
40.580903
40.649163
40.692657
40.572464
40.669868
40.556434
40.600358
40.505448
40.650202
40.598820
40.644971
40.587686
40.628202
40.592310
40.547313
40.630201
40.515037
40.692249
40.535362
40.578328
40.492074
40.642195
40.643332
40.634093
40.603064
40.539472
41.163281
40.273316
37.042982
37.040868
37.021609
37.029832
37.035499
36.999710
37.073493
37.079877
36.948151
37.064414
37.031395
37.072856
37.009730
37.046563
36.985399
37.018128
37.017683
37.029955
37.041435
37.282328
37.076254
37.049667
36.985816
37.040579
37.005622
37.038870
37.010520
37.020247
36.991465
37.015413
37.209093
36.692301
36.207397
36.225364
37.050075
39.632391
39.676624
39.783189
36.203906
35.927592
35.930191
35.911959
35.913756
35.907630
35.893670
35.910617
35.929868
35.917746
35.917301
35.904889
35.930766
35.896946
35.913423
35.904604
35.909226
35.887196
35.937975
35.883612
35.889500
35.878417
35.886837
35.897860
35.877070
35.886131
35.893088
35.876992
35.890774
35.932059
35.894500
35.914742
35.812098
35.799976
35.797101
35.826340
35.840613
35.844354
35.843135
35.829736
35.814285
35.840873
35.842564
35.843566
35.840380
35.819517
35.865204
35.825141
35.828321
35.818067
35.833635
35.831012
35.836785
35.716626
35.708592
35.703789
35.753697
35.718475
35.719090
35.724087
35.717026
35.732084
35.719534
35.728336
35.717268
35.796045
35.836700
35.831152
35.832929
35.821276
35.835772
35.829823
35.837829
35.830282
35.831257
35.837516
35.832896
35.819861
35.825952
35.825066
35.834003
35.819752
35.829632
35.813975
35.829303
35.821837
35.838036
35.834510
35.852443
35.821193
35.827521
35.845444
35.829179
35.853282
35.852725
35.972368
35.979791
35.975855
35.963251
35.956509
35.999526
36.001896
35.982237
35.961050
35.974204
35.941893
35.993183
36.033973
36.202604
36.165044
35.996770
36.015488
36.029946
36.451708
36.244079
35.966628
35.958620
35.950260
35.953257
35.987581
35.982959
35.988264
35.963058
35.969709
35.963212
35.961077
35.981676
35.974312
35.971126
35.954936
35.967918
35.957569
35.978029
35.987063
35.938450
35.976383
35.936942
35.968219
35.963702
35.939082
35.981918
36.072943
35.995203
36.014940
35.963116
35.926037
35.968482
35.961537
35.956346
35.978769
35.988608
35.969343
35.965710
35.995214
35.981104
35.963660
35.952264
35.945758
35.965801
35.967108
36.009475
35.963230
35.959509
35.973299
35.995338
35.964540
35.942995
35.983454
35.987428
35.998089
35.956604
35.989551
35.972944
35.981185
35.978371
35.967348
35.980536
35.948777
35.974148
35.995752
35.950461
35.967330
35.961791
36.012071
35.937440
35.963261
35.963398
35.968598
35.991886
35.965398
36.001788
35.990860
35.988605
35.986355
35.977567
35.929178
35.964057
36.395014
35.994653
35.965262
35.947803
35.975997
35.967159
35.973710
35.973640
36.260976
36.396701
36.287117
36.017798
35.913788
36.142401
35.972031
35.970848
35.955476
35.968318
35.953240
35.979343
35.954108
36.001715
35.915740
36.153823
36.347687
36.052423
36.078119
35.980608
36.137381
36.110603
35.850246
35.757421
35.714933
35.651376
35.789586
35.455612
35.973891
35.487660
35.849038
35.554347
35.874105
35.948017
35.488911
35.363008
35.969654
36.189729
35.678301
35.808882
35.479729
35.728646
35.578068
35.684145
35.781448
35.485034
35.364994
35.454290
35.670580
35.617375
35.271888
35.348371
35.386838
35.461166
35.528099
35.794139
35.782777
35.418162
35.229113
35.375931
35.296297
35.183402
35.305440
35.328975
35.313656
35.341535
35.351133
35.281692
35.395737
35.474268
35.249978
35.465984
35.717125
35.404129
35.310480
35.275197
35.293650
35.439743
35.917883
35.444655
35.407807
35.386010
35.360461
36.221765
35.975790
35.988064
35.982765
36.002261
35.986900
35.969436
35.950606
35.983621
35.962661
35.943379
36.276498
35.814408
35.794244
35.823576
35.822626
35.809569
35.820213
35.799641
35.805742
35.833049
35.812849
35.798508
35.928052
35.990363
35.811745
35.837814
35.832557
35.659257
35.339934
35.389762
35.508042
35.880238
35.523763
35.312170
36.100103
35.803208
35.850936
35.848946
35.949964
35.893176
35.847334
35.842669
35.849950
35.869993
35.630228
35.385784
35.298469
35.976313
35.818857
35.821433
35.812752
35.814189
35.822544
35.829951
35.821864
35.833097
35.807368
35.807018
35.811798
35.823586
35.842919
35.824618
35.828898
35.815554
35.850491
35.962364
35.990066
35.995200
35.967893
35.952160
35.962831
35.968217
35.962826
35.977489
35.990079
35.978712
35.962894
35.945915
35.971890
35.974715
35.938843
35.961000
35.981581
35.982484
35.963481
35.959955
35.955227
35.966971
35.956572
35.960178
35.981705
35.970527
35.968636
35.973489
35.974961
35.975989
35.936427
35.931163
35.957638
35.989107
35.963882
35.954042
35.967261
35.964010
35.980021
35.952816
35.956683
35.939339
35.948169
35.977352
35.950011
35.976082
35.990142
35.974993
35.987640
35.961090
35.960584
35.957608
35.998316
35.976514
35.961395
35.957624
35.966206
35.967707
35.946339
35.973028
35.963083
35.957984
35.979534
35.969878
35.976693
35.966340
35.995338
35.970364
35.993043
35.956325
35.998466
35.969601
36.012432
35.984857
35.965641
35.981862
35.976145
35.966951
35.961087
36.001312
35.977642
35.954796
35.971923
35.983844
35.984845
35.975726
35.975810
35.996408
35.981600
35.966722
35.954216
35.944371
35.975619
35.992692
36.005284
35.986133
35.989904
35.991432
35.987973
35.993184
35.986057
36.278150
36.088404
35.952678
35.976582
35.999448
35.962023
35.943681
35.965183
35.942930
35.987024
35.936969
35.984217
35.970664
35.966911
35.967427
35.979265
35.973450
35.980882
36.280663
35.989008
35.984130
35.974195
35.932369
35.997122
35.961713
35.994332
35.976780
35.952999
35.998533
35.956966
35.980641
35.979699
35.982336
35.955940
35.974023
35.982809
35.983120
35.961865
35.961139
35.981266
35.983874
35.989549
35.953033
35.954735
35.946528
35.965343
35.971904
35.948512
35.947919
35.976025
35.979849
35.977959
35.973015
35.997342
35.985046
35.982558
36.214259
35.997928
35.971733
35.917591
36.027244
35.962508
35.984591
35.971550
35.971216
35.965441
35.963964
35.997079
35.966960
35.968110
35.946988
35.976032
35.989244
35.974842
35.996264
35.961647
35.980095
35.958862
35.972223
35.958636
35.991896
35.966412
35.980411
35.970504
35.981395
35.983827
35.961525
35.940384
35.990706
35.988471
35.989851
35.995298
35.967444
35.971159
35.999198
36.198892
36.015351
36.118249
35.975178
35.982978
35.974819
35.987570
35.973432
36.202036
36.085403
35.954322
35.950638
36.340417
36.598722
36.018155
35.775187
35.672027
35.699242
36.585693
36.052266
35.923936
36.014304
35.898485
35.935515
36.062721
36.036468
36.093066
36.034309
35.928411
35.959955
36.066716
36.085319
35.930858
35.920138
35.977120
36.065630
35.831239
35.379967
35.755066
35.215564
35.395240
35.338054
35.560982
35.810373
35.463987
35.324568
35.396285
35.389930
35.420944
35.364182
35.338323
35.348299
35.243023
35.379533
35.702445
35.715299
35.421768
35.540179
35.254110
35.285423
35.348993
35.426050
35.861363
35.568038
35.342047
35.330757
35.488017
35.346782
35.228064
35.410051
35.211152
36.341735
36.005595
35.986325
35.984716
35.969001
35.996015
35.969013
35.989128
35.948976
35.971858
35.972812
35.940588
35.953968
35.954134
35.956774
35.936350
36.018740
36.049357
36.068893
35.958010
36.056975
35.987653
36.082221
36.079955
36.039277
35.982138
35.994366
36.363686
35.943481
36.037844
35.866294
35.971292
35.935407
35.822749
35.852834
36.138761
35.959151
35.895299
35.856558
35.981338
35.855914
35.822322
35.834502
35.843241
35.812707
35.883922
35.898747
35.854098
35.836574
36.033385
35.823689
35.845645
35.941736
35.939370
35.873334
35.970003
35.935025
35.899044
36.000289
35.824165
35.885007
35.863814
35.823438
35.909756
35.902283
35.900454
35.942125
35.921676
35.865603
35.906185
35.920643
35.853462
35.946978
35.958319
35.834982
35.809807
35.805439
35.819296
35.819803
35.806476
35.827048
35.817316
35.806738
35.833012
35.846057
35.832955
35.819315
35.808328
35.827664
35.828869
35.811645
35.832075
35.806514
35.807377
35.853582
35.808522
35.825314
35.816557
35.808633
35.804975
35.816361
35.813789
35.799257
35.820299
35.830270
35.817374
35.821780
35.826571
35.795447
35.825699
35.797845
35.852973
35.795400
35.834347
35.845655
35.833793
35.799004
35.847795
35.819801
35.820700
35.827075
35.824842
35.832862
35.813277
35.823710
35.810633
35.824374
35.811617
35.834202
35.854276
35.840321
35.843350
35.829865
35.827754
35.824761
35.828272
35.848820
35.810630
35.836967
35.838366
35.817133
35.810095
35.807080
35.818854
35.843505
35.810314
35.837318
35.831022
35.820058
35.841744
35.812812
35.814230
35.830068
35.847199
35.829007
35.831336
35.844736
35.847214
35.815388
35.801476
35.839842
35.819943
35.820672
35.818989
35.820090
35.829245
35.815554
35.822109
35.831815
35.834592
35.807183
35.827581
35.801202
35.800953
35.822955
35.811667
35.829229
35.821125
35.824665
35.805383
35.823002
35.832531
35.817064
35.804568
35.777668
35.689629
35.708492
35.711549
35.719319
35.728747
35.827034
35.805901
35.809861
35.837947
35.817048
35.825574
35.833860
35.805125
35.827093
35.852317
35.796727
35.815357
35.811026
35.818956
36.057455
35.918255
35.818516
35.823734
35.815740
35.799812
