50
35.532195
35.527344
35.490403
35.485265
35.461552
35.494547
35.480065
35.457821
35.474234
35.470554
35.494319
35.524898
35.509528
35.567625
35.474547
35.491351
35.628027
35.467174
35.472167
35.605549
35.499534
35.559263
35.525202
35.508129
35.476761
35.453337
35.479064
35.708779
35.479068
35.546054
35.534593
35.565531
35.559500
35.566417
35.684905
35.537991
35.627011
35.573280
35.559267
35.578220
35.554409
35.664804
35.550471
35.584286
35.543626
35.545861
35.633828
35.552807
35.619573
35.629188
35.550341
36.300667
35.787194
35.567385
35.604107
35.607711
35.553675
35.655057
35.547300
35.587732
36.172275
35.827055
35.557780
35.612890
35.584921
35.534688
35.537902
35.547357
35.543437
35.541763
35.539984
35.542674
35.662922
35.577897
35.644262
35.652926
35.608944
35.567949
35.622219
35.605160
35.564377
35.613044
35.552250
35.495507
35.493715
35.601687
35.511587
35.507696
35.493373
35.488016
35.552363
35.474343
35.529166
35.467132
35.460728
35.478718
35.552699
35.485534
35.471971
35.581713
35.465745
35.500030
35.467818
35.466529
35.468425
35.559832
35.583696
35.539098
35.490614
35.520678
35.493334
35.500450
35.513830
35.478193
35.521619
35.484246
35.526812
35.466926
35.454473
35.507614
35.463221
35.466449
35.514754
35.475964
35.480323
35.483407
35.490399
35.482948
35.529228
35.475139
35.458207
35.512375
35.484541
35.482228
35.525223
35.459000
35.470798
35.495802
35.472848
35.486908
35.636958
35.500780
35.461848
35.496624
35.482568
36.089429
35.665711
35.478031
35.471248
35.483218
35.477859
35.542224
35.459880
35.465057
35.477902
35.485490
35.481615
35.481417
35.474946
35.473921
35.479065
35.518930
35.635533
35.489670
35.480608
35.484907
35.539987
35.505274
35.530219
35.605245
35.485944
35.484062
35.523524
35.473586
35.484070
35.476520
35.477756
35.455555
35.526399
35.481040
35.491892
35.568987
35.486917
35.485097
35.512425
35.498619
35.468776
35.529620
35.526571
35.528826
35.490252
35.472278
35.521988
35.475212
35.470990
35.523142
35.478890
35.465835
35.573136
35.531537
35.483202
35.481171
35.482539
35.483845
35.487894
35.494184
35.493525
35.510448
35.473549
35.471775
35.590462
35.487183
35.478391
35.499540
35.479499
35.474461
36.314937
35.638555
35.471947
35.569633
35.453158
35.466213
35.504148
35.485704
35.514872
35.546337
35.472085
35.476634
35.462522
35.470914
35.464021
35.556949
35.463905
35.464851
35.504568
35.473564
35.485121
35.525991
35.468043
35.469525
35.480601
35.498551
35.540038
35.530629
35.473265
35.583445
35.539565
35.486755
35.460713
35.516418
35.480619
35.470899
35.481451
35.525422
35.486371
35.494873
35.473033
35.576752
35.498307
35.495680
35.508410
35.461131
35.475834
35.515871
35.453139
35.471072
35.492412
35.495182
35.499378
35.469669
35.475007
35.468580
35.508439
35.464480
35.709832
35.628231
35.488532
35.487068
35.480746
35.461402
35.472473
35.522258
35.477516
35.478757
35.466889
35.473603
35.482341
35.452864
35.457712
35.458957
35.464696
35.464626
35.473489
35.468259
35.489427
35.474211
35.476990
35.462045
35.516035
35.481432
35.463441
35.609398
35.481923
35.466404
35.469345
35.476763
35.469164
35.529585
35.513934
35.489735
35.568508
35.583981
35.444070
35.468394
35.503450
35.483202
35.509797
35.478077
35.463968
35.469138
35.469789
35.472319
35.501633
35.486344
35.477188
35.512950
35.462683
35.469393
35.484085
35.469039
35.453364
35.539110
35.475881
35.467802
35.508658
35.456302
35.473281
35.554195
35.493560
35.469105
35.518965
35.471748
35.472870
35.464077
35.466601
35.457716
35.511801
35.472536
35.482380
35.471566
35.443741
35.453744
35.478747
35.450896
36.235104
35.892681
35.466354
35.465364
35.470364
35.486539
35.463646
35.465103
35.490812
35.483646
35.490810
35.553402
35.463898
35.479868
35.471118
35.473131
35.475081
35.474120
35.471554
35.462609
35.468032
35.542751
35.447963
35.455675
35.465764
35.486547
35.485504
35.468184
35.473317
35.463205
35.564735
35.456250
35.478466
35.543108
35.453709
35.477944
35.527019
35.488278
35.494264
35.494885
35.497464
35.483801
35.479499
35.465099
35.459980
35.480110
35.482340
35.474731
35.464263
35.464089
35.467274
35.457622
35.480540
35.545428
35.471969
35.477724
35.523244
35.527294
35.495341
35.540485
35.512560
35.492022
36.228052
35.558735
35.488364
35.511875
35.471164
35.470433
35.513127
35.481466
35.485934
35.506328
35.491284
35.488331
35.505018
35.487995
35.477261
35.497946
35.479707
35.483358
35.473008
35.467023
35.479708
35.525195
35.626239
35.659353
35.539603
35.534400
35.495660
35.642052
35.560455
35.476963
35.497809
35.482111
35.474857
35.467015
35.490119
35.548243
35.474374
35.475673
35.504956
35.465834
35.451878
35.533582
35.471836
35.468051
35.448345
35.473725
35.460986
35.476654
35.524336
35.477495
35.478822
35.498511
35.468315
35.474102
35.478353
35.472377
35.533415
35.462515
35.490071
35.463357
35.460469
35.662101
35.686745
35.471184
35.465790
35.541269
35.515767
35.476621
35.584882
35.460503
35.485570
35.524629
35.470687
35.481375
35.521782
35.470237
35.472789
35.489502
35.481048
35.481929
35.475173
35.477600
35.532074
35.531261
35.536048
35.493201
35.492077
35.543968
35.471046
35.518475
35.471174
35.542856
35.470238
35.483757
35.501930
35.468780
35.475512
35.524066
35.460127
35.465727
35.487472
35.467201
35.479525
35.551516
35.447332
35.496447
35.467982
35.473386
35.558918
35.479559
35.556981
35.468592
36.534779
35.508231
35.464492
35.486384
35.543826
35.457231
35.470113
35.464306
35.475043
35.463525
35.477463
35.477494
35.537023
35.464265
35.465395
35.472934
35.478849
35.461625
35.465167
35.478678
35.479606
35.475696
35.475898
35.465305
35.458642
35.466724
35.864916
36.267962
35.495606
35.643284
35.484509
35.472454
35.557598
35.478268
35.482099
35.472164
35.499869
35.478495
35.524849
35.477883
35.468382
35.475457
35.476474
35.473684
35.471943
35.466418
35.451053
35.507921
35.478947
35.463219
35.471024
35.455015
35.464646
35.459396
35.474351
35.478430
35.488568
35.468236
35.451807
35.441086
35.459818
35.466782
35.615202
35.463309
35.472510
35.511626
35.446579
35.511290
35.477566
35.464942
36.220056
35.651504
35.481056
35.462066
35.465813
35.483536
35.608946
35.485298
35.483855
35.474580
35.475041
35.474174
36.128752
35.643244
35.664470
35.467964
35.530581
35.463884
35.528016
35.485861
35.471945
35.450361
37.251179
37.422884
37.407700
37.374595
37.348464
37.530855
37.457297
37.486782
37.414074
37.384290
37.383213
37.323593
37.376975
37.419758
37.375792
37.379916
37.364510
37.405511
37.442714
37.393051
37.382405
37.354383
37.369949
37.392310
37.343846
37.401657
37.340334
37.340954
37.424496
37.368012
37.327038
37.375049
37.365591
37.421450
37.343573
37.460363
37.381850
37.359460
37.372597
37.353558
37.333188
37.441087
37.458713
37.511508
37.440017
37.528969
37.505638
37.447700
37.499917
37.339742
37.351823
37.363847
37.594368
37.371255
35.485547
35.484588
35.483362
35.464977
35.482034
35.477402
35.469079
35.462664
35.459542
35.465861
35.496221
35.475636
35.484007
35.474671
35.453530
35.459887
35.479390
35.488433
35.481819
35.463307
35.537875
35.488558
35.492790
35.487395
35.452281
35.475925
35.570512
35.475960
35.474356
35.493061
35.542515
35.517398
35.474319
35.517301
35.478458
35.462513
35.466393
35.477747
35.474489
35.463690
35.495272
35.463873
35.491601
35.470299
35.614014
35.465112
35.472777
35.456501
35.631186
35.581015
35.469850
35.478668
35.476581
35.479577
35.485146
35.525142
35.510453
35.515731
35.483892
35.467092
35.479092
35.463928
35.476858
35.445101
35.466720
35.508326
35.465315
35.463298
35.472206
35.521953
35.462221
35.500758
35.473811
35.456803
35.459086
35.486999
35.488071
35.471634
35.500007
35.473410
35.468617
35.459885
35.465786
35.470481
35.462045
35.521443
35.477450
35.460751
35.465616
35.478870
35.459201
35.498744
35.472383
35.464240
35.459029
35.467947
35.467454
35.465643
35.479715
35.457095
35.483548
35.473667
35.477071
35.477697
35.603620
35.567820
35.469080
35.470247
35.465501
35.464891
35.493565
35.474136
35.496205
35.471090
35.468093
35.486258
35.460322
35.491200
35.454018
35.505716
35.519630
35.472767
35.469467
35.478692
34.848217
34.885820
34.896599
34.847125
34.929084
34.823458
34.848607
34.865306
34.857534
34.829323
34.869155
34.848180
34.852034
34.867895
34.872403
34.818616
34.876056
34.810188
34.841966
34.874145
34.860977
34.869363
34.865547
34.956396
34.902856
34.766925
34.751358
34.756410
34.797805
34.751770
34.754743
34.845788
34.807357
34.800775
34.745987
34.804020
34.804246
34.808319
34.815587
34.758136
34.836809
34.749468
34.805964
34.895100
34.839425
34.918645
34.898143
34.823832
34.840537
34.938538
34.803460
34.758525
34.790347
34.759022
34.785038
34.848243
34.809603
34.803307
34.804158
34.753589
34.761705
34.842250
34.799474
34.836944
34.770406
34.802819
34.774769
34.806120
34.753440
34.817652
34.756761
34.762022
34.792676
34.908561
34.813458
34.756504
34.800494
34.758470
34.751115
34.800370
34.752171
34.808100
34.871765
34.755385
34.835617
34.757095
34.798507
34.793376
34.805469
34.745652
34.760341
34.757439
34.831428
34.871727
34.833381
34.810455
34.770857
34.851377
34.759029
34.770177
34.837430
34.790364
34.809210
34.844730
34.815144
34.850734
34.771184
34.772892
34.803917
34.837902
34.803948
34.841393
34.806173
34.761057
34.811104
34.807497
34.812107
34.775826
34.821344
34.766602
34.796869
34.796379
34.884241
34.842096
34.837068
34.803220
34.811291
34.796336
34.760365
34.879942
34.761792
34.790716
34.748285
34.804449
34.762624
34.805654
34.762836
34.798547
34.975057
34.928136
34.794552
34.832366
34.806833
34.803371
34.839548
34.787236
34.801897
34.799502
34.751912
34.746128
34.793539
34.745335
34.763663
35.205597
35.359961
35.062416
34.755369
34.756317
34.762629
34.740196
34.771683
34.770882
34.765271
34.805034
34.770740
34.758288
34.802052
34.762554
34.809892
34.800825
34.761243
34.848428
34.803793
34.766960
34.766831
34.804604
34.768441
34.768585
34.798115
34.774135
34.801074
34.793499
34.748377
34.807386
34.774871
34.750621
34.770503
34.831437
34.780813
34.906226
34.797764
34.765692
34.741770
34.842463
34.761139
34.803384
34.803933
34.762697
34.788246
34.794926
34.752370
34.752840
34.883589
34.770375
34.754451
34.740563
34.767223
34.796423
34.832650
34.761291
34.797672
34.862529
34.769783
34.774937
34.760169
34.745510
34.757453
34.811465
34.756883
34.901922
34.792134
34.746801
34.757775
34.792024
34.787238
34.743170
34.878779
34.759386
34.752786
34.827395
34.752811
34.767310
35.155076
34.767108
34.763251
34.834703
34.756283
34.768641
34.754099
34.771889
34.835474
34.765547
34.768051
34.774563
34.804929
34.755322
34.761848
34.798873
34.800437
34.786227
34.799272
34.754536
34.766950
34.935285
34.821337
34.749502
34.887786
34.766161
34.767096
34.756019
34.762624
34.746742
34.791226
34.768893
34.753845
34.804092
34.759835
34.766942
34.804129
34.763090
34.755813
34.791163
34.757343
34.767036
34.756061
34.760180
34.759618
34.767880
34.763655
34.762151
34.801941
34.742406
34.758846
34.775646
34.762188
34.768543
34.817398
34.742585
34.758403
34.763188
34.766519
34.763562
34.830762
34.753304
34.750669
34.813858
34.756382
34.752889
34.853558
34.782289
34.740160
34.759776
34.769699
34.806492
35.158580
34.781726
34.769403
34.882689
34.769702
34.770001
34.797808
34.776227
34.762338
34.811266
34.795335
34.805685
35.142038
34.748709
34.763855
34.823378
34.807148
34.755747
34.817402
34.881470
34.758636
34.894006
34.764175
34.761951
34.851411
34.764790
34.794411
34.791703
34.755047
34.755815
34.886295
34.764933
34.743274
34.833522
34.836487
34.797147
34.860831
34.795019
34.839291
34.844931
34.828780
34.760955
34.780316
34.757233
34.748265
34.769295
34.763823
34.843203
34.808415
34.794775
34.820770
34.926642
34.835873
34.800808
34.931498
34.854187
34.804570
34.849909
34.834521
34.762381
34.877063
34.867445
34.746041
34.831240
34.876109
34.856451
34.836697
34.756077
34.761737
34.877085
34.789138
34.747717
34.858257
34.799755
34.743787
34.953736
34.750530
34.749154
34.844461
34.794653
34.806053
34.852255
34.752559
34.798204
34.845086
34.799945
34.804387
34.804305
34.814896
34.762794
35.237456
34.748801
34.805228
34.763927
34.754423
34.737703
34.795120
34.750718
34.761576
34.795633
34.758651
34.747236
34.789108
34.752291
34.764703
34.792512
34.767119
34.749537
34.767189
34.849383
34.801011
34.762010
34.742404
34.749924
34.891240
34.765219
34.754305
34.805635
34.757709
34.759993
34.806453
34.760448
34.793455
34.795475
34.764301
34.761916
34.758102
34.791051
34.753001
34.746567
34.748746
34.754085
34.798373
34.745879
34.765963
34.812571
34.767969
34.760686
34.788727
34.771796
34.740974
34.771301
34.748966
34.790952
34.848807
34.764988
34.748795
34.797620
34.752145
34.754411
34.782972
34.762997
34.753642
34.866903
34.762332
34.771599
34.807284
34.767080
34.801844
34.768518
34.763299
34.751262
34.805997
34.745608
34.810836
34.806801
34.755481
34.762017
34.807070
34.754846
34.759579
34.776273
34.773855
34.803854
34.754364
34.753552
34.756604
34.800174
34.763985
34.882828
34.771172
34.758406
34.745491
34.801707
34.757176
34.760040
34.764226
34.637940
34.790737
34.750921
34.756265
34.758493
34.780041
34.751970
34.785211
34.761532
34.773449
34.756138
34.796579
34.758812
34.904587
35.760528
35.085271
34.760439
34.806710
34.759606
34.750517
34.767433
34.765678
34.775529
34.774469
34.765586
34.760346
35.796179
34.959548
34.774742
34.784368
34.745449
34.783663
34.771035
34.753179
34.757957
34.784520
34.771814
34.762288
34.768545
34.772092
34.762970
34.769204
34.779162
34.773588
34.777758
34.774836
34.772242
34.776946
34.783779
34.749645
34.784425
34.765422
34.771647
34.765839
34.769661
34.759306
34.751623
34.768789
34.759815
34.759689
34.771357
34.770939
34.754680
34.761262
34.772774
34.762680
34.763255
34.768627
34.778693
34.754506
34.765157
34.771834
34.756357
34.850762
34.760845
34.772886
34.766997
34.768669
34.755509
34.761764
34.767450
34.773442
34.749949
34.769270
34.756660
34.765668
34.811815
34.770426
34.775848
34.817617
34.770404
34.782466
34.761126
34.769041
34.774341
34.757683
34.773672
34.769103
34.754499
34.763984
34.769670
34.764858
34.773505
34.759431
34.826617
34.746371
34.767883
34.791153
34.864798
34.761760
35.195243
34.772459
34.756700
34.774494
34.770999
35.028643
34.762729
34.777183
34.757592
34.768003
34.757966
34.754932
34.750699
34.759156
34.769486
34.803170
34.754802
34.758455
34.768820
34.745920
34.784699
34.748732
34.758577
34.767075
34.762619
34.762790
34.756067
34.774677
34.765986
34.753292
34.830610
34.754478
35.011669
34.822885
34.742956
34.758116
34.763369
34.774240
34.752764
34.754792
34.764674
34.766102
34.762315
34.751736
34.766826
34.755145
34.765562
34.807171
34.781202
34.767443
34.759513
35.173422
34.754216
34.761381
34.755924
34.757882
34.759503
34.772719
34.793801
34.768983
34.771676
34.768618
34.796904
34.771831
34.765126
34.765668
34.800955
34.741840
34.758751
34.774844
34.801782
34.768430
34.779718
34.777100
34.761266
34.765632
34.777439
34.752337
35.053671
34.895461
34.770017
34.760385
34.777499
34.779362
34.779088
34.761219
34.768333
34.801812
34.761297
34.772552
34.847393
34.766772
34.758479
34.775414
34.762239
34.778630
34.778166
34.772291
34.771788
34.760919
34.754485
34.770387
34.776604
34.767742
34.764792
34.782020
34.772826
34.761243
34.758893
34.772534
34.758611
34.770909
34.769347
34.764774
34.769934
34.765139
34.749215
34.765052
34.769472
34.756307
34.755757
34.774219
34.759102
34.746833
34.760516
34.763610
34.763716
34.771580
34.768419
34.769433
34.770388
34.752468
34.769390
34.758466
34.763741
34.859241
34.768386
34.772091
34.764679
34.764824
34.767377
34.774608
34.759518
34.762721
34.760268
34.773278
34.767134
34.762508
34.759525
34.744487
34.767060
34.766470
34.762068
34.770358
34.758962
34.751209
34.772972
34.776857
34.764945
34.781671
34.771273
34.774566
34.868923
34.824173
34.777223
34.755415
34.800418
34.786248
34.812706
34.767048
34.804445
34.815475
34.767047
34.763406
34.808382
34.761109
34.772806
34.777780
34.765001
34.770420
34.772968
34.767927
34.772055
34.764189
34.770300
34.768808
34.780137
34.771833
34.767289
34.769946
34.773737
34.760102
34.765690
34.780853
34.765259
34.768984
34.758874
35.600053
35.118733
34.920706
34.883613
34.886233
34.917731
34.919173
34.892311
34.973567
34.883172
34.902283
35.008254
34.845702
34.955326
34.978203
34.875637
34.930756
34.854146
34.950528
34.930409
34.883080
34.931537
34.848260
34.972018
34.894951
34.946889
34.974772
34.936989
34.951173
34.987942
35.310844
35.021903
35.003993
34.854502
34.922402
34.976750
34.882504
34.986948
34.914974
34.884315
34.961601
35.031888
34.892238
34.958623
34.876995
34.888712
35.016103
34.875331
34.890613
34.938288
34.888478
34.841242
34.931332
34.994388
34.977114
34.986752
35.016180
35.039151
34.881903
34.941932
35.047025
35.393121
34.796670
34.784011
34.798629
34.803951
34.836941
34.828437
34.840400
34.841051
34.950015
34.840812
34.804301
34.802061
34.874928
34.868294
34.798807
34.796044
34.794206
34.835515
34.872695
34.829254
34.838507
34.912236
34.853991
34.791710
34.799320
34.872189
34.835496
34.785732
34.844195
34.842925
34.786385
34.888173
34.899825
34.813342
34.845745
35.311322
34.896498
34.898151
34.882460
34.803553
34.846017
34.798399
34.842508
34.810406
34.785909
34.854413
34.864126
34.880376
34.796451
34.851316
34.883049
34.867999
34.794532
34.833980
34.837984
34.800753
34.793168
34.804747
34.850845
34.799214
34.856778
34.810330
34.891216
34.830120
34.802457
34.794820
34.782609
34.792737
34.794375
34.838267
34.888206
34.800059
34.789639
34.791894
34.797305
34.902690
34.794704
34.796234
34.783037
34.835555
34.830970
34.840990
34.827050
34.872243
34.938408
34.823705
34.836901
34.789999
34.802639
34.848925
34.836324
34.804630
34.903673
34.783239
34.777834
34.836879
34.790546
34.785826
34.840877
34.846630
34.827784
34.836250
34.804013
34.796718
34.830047
34.793880
34.804228
34.879140
34.873940
34.890854
34.829636
34.786994
34.794248
34.881512
35.651130
34.785232
34.827111
34.920927
34.822774
34.896170
34.790262
34.785677
34.872549
34.812300
34.793731
34.830343
34.836420
34.845124
34.819610
34.828169
34.787071
34.843741
34.798524
34.791150
34.888505
34.793421
35.071339
34.843827
34.800525
34.797319
34.826972
34.780474
34.824490
34.790909
34.795997
34.764469
34.793428
34.788643
34.783676
34.906820
34.789988
34.782763
34.891928
34.785471
34.868879
34.813432
34.787203
34.827707
34.829206
34.867873
34.807336
34.796418
34.827827
34.865271
34.917334
34.787466
34.784660
34.795060
34.780352
34.793715
34.875293
34.839025
34.758630
34.709723
34.685082
34.681486
34.692817
34.882044
34.915548
34.849731
34.805707
34.886192
34.880818
34.838135
34.844343
34.890637
34.791640
34.790122
34.890729
34.859043
34.789600
34.873066
34.871735
34.786949
34.850666
34.866348
34.842738
34.774800
34.866296
34.860348
34.823559
34.785594
34.813892
35.509329
34.861411
34.842007
34.832820
34.877717
34.855971
34.823080
34.896330
34.863120
34.808475
34.878845
34.812313
34.854759
34.841293
34.789155
34.836625
34.831096
34.800258
34.874008
34.843171
34.832806
34.866388
34.832363
34.804979
34.893151
34.912754
34.845978
34.866851
34.866967
34.798234
35.408157
34.799348
34.864860
34.785161
34.783155
34.799713
34.824668
34.826420
34.829764
34.882812
34.838939
34.839237
34.880456
34.900708
34.792816
34.874876
34.747353
34.675696
34.749465
34.787254
34.860556
34.927912
34.785722
34.821802
34.934115
34.879384
34.790937
34.794949
34.782637
34.795396
34.841045
34.826634
34.793177
34.854725
34.801632
34.782604
34.865071
34.801878
34.840999
34.800818
34.808946
34.808754
34.803473
34.790733
34.794082
34.862875
34.797278
34.786823
34.875001
34.793100
34.778247
34.877237
34.909469
34.881608
34.831590
34.783291
34.918189
34.862417
34.823009
34.898869
34.860278
34.800988
34.799269
34.833381
34.771054
34.785410
34.924922
34.848304
34.828903
34.879064
34.815509
34.781212
34.786080
34.872640
34.848504
34.945241
34.792049
34.818530
34.951905
34.912791
34.790634
34.865167
34.794960
34.802785
34.834760
34.784796
34.866857
34.922114
34.748104
34.787576
34.873452
34.910395
34.883451
34.878705
34.795262
34.783234
34.833517
34.787315
34.791186
34.882828
34.922890
34.789792
34.827283
34.801566
34.787577
34.876412
34.874087
34.839508
34.781563
34.795859
34.932303
34.888579
34.822895
34.797806
34.923995
34.872138
34.808772
34.808194
34.800299
34.785777
34.794879
34.839298
34.780083
34.898883
34.836050
34.851200
34.914246
34.877207
34.774816
34.972184
34.832960
34.829126
34.960124
34.880858
34.791560
34.890174
34.797897
34.834330
34.803446
34.791388
34.794062
34.925759
34.798496
34.778491
34.906569
34.795014
34.797561
34.922262
34.798332
34.839035
34.925715
34.840129
34.919369
34.941892
34.924213
34.844819
34.910584
34.834189
34.844190
35.427448
34.867295
34.869120
34.921941
34.826271
34.818978
34.956536
34.799338
34.793189
34.867417
34.782972
34.887052
34.857373
34.791591
34.793908
34.975716
34.785127
34.874528
34.927002
34.870576
34.898801
34.876763
34.836279
34.745457
34.807208
34.834379
34.776624
34.873474
34.907090
35.076399
35.763760
34.955128
34.806560
34.876807
34.736259
34.773180
34.948050
34.904200
34.777536
34.910062
34.836116
34.789346
34.938752
34.888693
34.802602
34.946032
34.867291
34.798170
34.878501
34.841823
34.787715
35.006213
34.839637
34.871966
35.009964
34.919919
34.828244
34.880797
34.828206
34.828654
34.942183
34.910124
34.838507
34.995751
34.787804
34.720624
34.977281
34.795049
34.797184
34.873812
34.782414
34.789641
35.029968
34.879083
34.832187
34.872727
34.782240
34.906086
34.913450
34.799513
34.849882
34.962681
34.903633
34.822605
34.904410
34.826991
34.781964
34.902349
34.915147
34.765781
34.795654
34.780570
34.912293
34.865059
34.773297
34.912666
34.818830
34.777808
34.802783
34.893945
34.788219
34.791161
34.843692
34.774647
34.774485
34.939139
34.914884
34.843302
34.833955
34.793514
34.792636
34.832123
34.824642
34.786015
34.875237
34.822780
34.874002
34.877762
34.766974
34.832528
34.906383
34.773566
34.778345
34.917480
34.833666
34.842770
34.830874
34.856880
34.783918
34.942419
34.797663
34.879373
34.923982
34.829694
34.838261
34.968396
34.836170
34.866808
34.881625
34.794108
34.904795
34.932976
34.786004
34.821591
34.834693
34.869257
34.781728
34.879151
34.864199
34.913647
34.879272
34.822425
34.827599
34.860421
34.914654
34.909215
34.915047
34.807681
34.903731
34.948907
34.798227
34.794415
34.827866
34.787996
34.843320
34.883275
34.791657
34.936609
34.937233
34.800257
34.786760
34.879541
34.793786
34.882598
34.819599
34.847603
34.827533
34.818086
34.884994
34.835442
35.068051
35.003517
34.782190
34.925779
34.881027
34.827830
34.934886
34.840332
34.826275
34.824601
34.868894
34.782990
34.913360
34.860677
34.847192
34.886264
34.860737
34.887675
34.884397
34.798748
34.832475
34.870376
34.824516
34.826051
34.961742
34.792150
34.821452
34.894868
34.820871
34.829138
34.936562
34.912902
34.786297
34.836181
34.798821
34.780962
34.909728
34.876610
34.910787
34.882215
34.819092
34.788660
34.977253
34.789774
34.789247
34.926616
34.786848
34.808194
34.855452
34.788599
34.830482
34.924324
34.832833
34.786981
34.872417
34.828764
34.783878
34.909466
34.784532
34.832123
34.858560
34.783980
34.792704
34.929810
34.866434
34.784014
34.867985
34.823307
34.796701
34.885008
34.777166
34.828065
34.908620
34.833659
34.789926
34.884737
34.843227
34.781314
35.371684
34.792172
34.789975
34.916228
34.790623
34.885019
34.970303
34.777029
34.800211
34.918611
34.781797
34.804115
34.905886
34.841625
34.827004
34.880359
34.795450
34.828005
34.916161
34.910540
34.880521
34.826848
34.794907
34.819831
34.867519
34.787431
34.833235
34.911201
34.777492
34.821667
34.971878
34.780253
34.787376
34.966372
34.670837
34.694225
34.852840
35.024492
34.911202
34.836783
34.800906
34.785512
34.931873
34.808549
34.899767
34.924232
34.847586
34.833090
34.827825
34.797240
34.849783
34.795682
34.842296
34.802001
34.965552
34.786578
34.879612
34.997407
34.835619
34.835234
35.025808
34.803331
34.782959
35.013330
34.802263
34.815311
34.827017
34.799722
34.830124
34.871645
34.849584
34.832180
34.922234
34.790240
34.795132
34.873146
34.823143
34.921167
35.056408
34.792364
34.805680
34.892028
34.846394
34.824334
34.912499
34.875023
34.972185
35.146423
34.771820
34.993423
34.821640
34.891474
34.971109
34.771770
34.817102
34.949855
34.778959
34.848651
34.900033
34.846956
34.845831
35.020708
34.801985
34.762307
34.904956
34.807169
34.802722
34.837163
34.812093
34.978201
35.016643
34.805970
34.850554
34.912901
34.873139
34.801182
34.897633
34.844249
34.767113
34.876611
34.853654
34.834805
34.922810
34.851415
34.852006
34.891046
34.778470
34.824170
34.891087
34.936577
34.952868
34.896167
34.824258
34.892137
34.861109
34.885330
34.782880
34.872880
34.816600
34.973247
34.940986
34.855793
34.804021
34.853688
34.844101
34.800838
34.885591
34.805389
34.776221
34.797581
34.848764
34.848871
34.837745
34.814781
34.859810
34.806171
34.892123
34.840490
34.749823
34.800529
34.754792
34.811754
34.885503
34.907946
34.902429
34.802428
34.983758
34.971775
34.901022
34.791682
34.888476
34.945159
34.840206
34.993782
34.805002
34.833557
34.866742
34.806628
34.854360
34.805477
34.860859
34.756469
34.807510
34.804030
34.853834
34.847119
34.895176
34.856784
34.813011
34.902562
34.768361
34.971893
34.810163
34.760139
34.869185
34.885493
34.772868
35.591089
34.952830
34.804844
34.906992
34.951337
34.949019
34.818744
34.779314
34.782946
34.906979
34.856405
34.779736
34.774116
34.785345
34.780061
34.848185
34.834697
34.783824
34.951070
34.947039
34.793889
34.912349
34.766130
34.764796
34.834125
34.780176
34.769234
34.909823
34.773679
34.801400
34.775399
34.819067
34.813881
34.879678
34.961528
34.807174
34.803094
34.828505
34.773242
34.896682
34.808881
34.821996
34.858016
34.781350
34.909020
35.472650
34.878785
34.858120
34.823429
34.784154
34.806366
34.914919
34.778795
34.861952
34.892913
34.925160
34.862829
34.856943
34.777917
34.765949
34.963717
34.818330
34.861275
34.931580
34.773811
34.855255
34.832374
34.889306
34.764176
34.853080
34.834554
34.811956
34.885641
34.856840
34.875740
34.906539
34.866261
34.766927
34.859611
34.808426
34.761624
34.864612
34.892579
34.810855
34.936286
34.777486
34.885210
34.854707
34.751872
34.811052
34.885899
34.811828
34.760654
34.838314
34.766536
34.764722
34.860715
34.769656
34.822926
34.851162
34.787495
34.795286
34.861414
34.896228
34.803734
34.868131
34.807871
34.773350
34.943478
34.659897
34.763298
34.855046
34.780422
34.832243
34.902269
34.763654
34.774955
34.804077
34.820287
34.950148
34.909145
34.766507
34.758163
34.880451
34.804038
34.939211
34.846802
34.801953
34.767633
34.840782
34.851412
34.890149
34.925724
34.769516
34.778818
34.852171
34.768410
34.815957
34.869465
34.805957
35.081700
36.025996
35.268856
34.933374
34.891169
34.766141
34.766244
34.855506
34.769001
34.802967
34.821895
34.750498
34.776109
34.813056
34.768266
34.751563
34.821132
34.777506
34.757916
34.854448
34.765631
34.750651
34.899161
34.770974
34.765706
34.774354
34.756982
34.767034
34.890819
34.800343
34.808042
34.914947
34.767337
34.760741
34.885000
34.775487
34.769018
34.942777
34.771384
34.781326
34.850061
34.753534
34.775495
34.785246
34.787067
34.778678
34.815227
34.781291
34.778961
34.821890
34.782727
34.833332
34.778552
34.766213
34.775857
34.769522
34.775483
34.778187
34.833941
34.870624
34.831179
34.899295
34.895974
34.812973
34.849860
34.857611
34.903169
34.912540
34.805444
34.832051
34.901898
34.830969
34.837432
34.906789
34.778619
34.762966
34.892606
34.805437
34.811718
34.859598
34.827404
34.775004
34.808174
34.858575
34.893620
34.894516
34.819370
34.781249
35.246194
34.818148
34.931707
34.970493
34.770730
34.772306
35.078665
34.867555
34.807082
34.975968
34.767895
34.773745
34.902175
34.883411
34.787986
34.824718
34.821911
34.837577
34.844297
34.755297
34.773575
34.826239
34.753544
34.767469
34.844399
34.799623
34.775593
34.840261
34.811164
34.893690
34.811923
34.761085
34.829163
34.893551
34.845592
34.801649
34.851318
34.813104
34.850908
34.876148
34.780541
34.822561
34.844892
34.785401
34.819788
34.839417
34.775380
34.771418
34.890392
34.848786
34.851398
34.862574
34.771271
34.790302
34.851854
34.765111
34.973652
34.857899
34.778890
34.865642
34.894502
34.857912
34.773952
34.978720
34.900369
34.818239
35.028330
34.891594
34.844794
34.860119
34.840602
34.852481
34.899041
34.850658
34.752348
34.864913
34.824254
34.848498
34.932628
34.938383
34.817968
34.880817
34.803355
34.760958
34.793943
34.816642
34.947906
34.777087
34.773331
34.778253
34.946752
34.816666
34.924604
34.999341
34.853596
34.812741
34.892347
34.817468
34.858486
34.855408
34.906285
34.823470
34.898789
34.895990
34.812697
34.847607
34.769481
34.850700
34.904263
34.814695
34.891655
34.854288
34.805603
34.880902
34.914810
34.849519
34.761843
34.896347
34.816139
34.765611
34.945385
34.987098
34.798021
34.914342
34.834405
34.780276
34.978839
34.763174
34.786718
34.841193
34.783912
34.777108
34.940293
34.802889
34.834288
34.860041
34.882971
34.812073
35.212510
34.856554
34.752931
34.841928
34.919849
34.812038
35.115345
34.847583
34.766370
34.873652
34.820738
34.874643
34.855649
34.763322
34.817165
34.889618
34.844439
34.769509
34.890056
34.849605
34.849481
34.851258
34.857508
34.775960
34.869642
34.855649
34.806079
34.805771
34.717216
34.659496
34.818545
34.843036
34.804537
34.921067
34.821445
34.855533
34.850812
34.828001
34.812778
34.971147
34.801120
34.833142
34.849740
34.863973
34.809959
34.976967
34.882235
34.814635
34.871788
34.818520
34.842562
34.935938
34.766087
34.810409
34.894836
34.790730
34.816744
34.980815
34.778655
34.790094
34.855417
34.758139
34.807137
35.170706
34.779093
34.791200
34.939798
34.823039
34.762719
34.905500
34.780433
34.787453
34.896100
34.852589
34.827497
34.886565
34.933477
34.787883
34.847300
34.771208
34.774755
34.864715
34.759236
34.815832
34.957993
34.886014
34.758274
34.928127
34.887708
34.766961
34.907989
34.723614
34.661660
34.899379
34.903512
34.806072
34.924847
34.782166
34.916926
34.845316
34.807518
34.877260
34.858515
34.814250
34.770114
34.887974
34.766063
34.846980
34.902857
34.761673
34.822736
35.077907
34.774955
34.769527
34.864322
34.929903
34.774837
34.858367
34.811146
36.001278
35.476621
34.867233
34.783446
34.902895
34.862812
34.852900
34.903734
34.874142
34.761472
34.932192
34.817158
34.847362
34.917675
34.820912
34.841072
34.892470
34.815570
34.827603
34.879408
34.807429
34.901217
34.952304
34.775423
34.812199
34.891764
34.760466
34.891210
34.947241
35.000969
34.856038
34.876345
34.771804
34.870493
34.874385
34.828386
34.867715
34.823188
34.832654
34.823733
34.893175
34.857064
34.877945
34.952572
34.849461
34.853444
35.001605
34.827350
34.810336
34.898103
34.945334
34.825556
34.906048
34.774756
34.815068
34.936375
34.854850
34.818622
34.992125
34.958205
34.855415
34.863833
34.762842
34.869424
34.871436
34.776277
34.896962
34.820880
35.093384
34.930636
34.909245
34.775567
34.807741
34.970288
34.770755
34.866926
34.964693
34.898111
34.848764
34.909496
34.775779
34.813884
34.891918
34.763406
34.811522
34.997014
34.837356
34.796427
34.901840
34.766531
34.886408
34.861382
34.765040
35.057791
35.031609
34.857374
34.813994
34.842720
34.814722
34.814600
34.762955
34.792185
34.809448
35.092419
34.908576
34.943338
34.865767
34.703428
34.754313
34.862417
34.822628
34.802460
34.963184
34.811328
34.859474
34.820114
34.908867
34.832288
34.783821
34.855506
34.892334
34.908072
34.903892
34.864373
34.949903
34.778401
34.816263
34.865989
34.774050
34.769510
34.879617
34.767500
34.890803
34.897888
34.771694
34.828743
34.822605
34.785118
34.824469
34.827007
34.804909
34.822973
34.901514
34.913486
34.920683
34.781204
34.882903
34.864531
34.781060
34.847531
35.141605
35.192850
34.825761
34.926550
34.866638
34.778681
34.949268
34.811728
34.768602
34.885890
34.896602
34.784488
34.897539
35.004649
34.873711
34.850092
34.805216
34.831176
34.886726
34.934012
34.850501
34.850092
34.830628
34.816672
34.776230
34.937215
34.859819
34.809518
34.758576
34.773535
34.922431
34.807640
34.894959
34.855166
34.856600
34.821198
34.855363
34.799502
34.774337
34.772497
34.783910
34.806029
34.861316
34.819573
34.774627
34.814360
34.894113
34.784503
34.850687
34.818881
34.843325
34.864705
35.501732
35.511852
35.476942
35.467406
35.495278
35.505457
35.489737
35.458311
35.485201
35.475063
35.473900
35.464627
35.530983
35.500843
35.479431
36.336775
37.343804
37.224779
37.183492
37.193145
37.169412
37.198139
37.239379
37.301681
37.279616
37.334845
37.322385
37.288486
37.234147
37.307823
37.344992
37.339553
37.340769
37.354375
37.322101
37.293540
37.482504
37.460459
37.494980
37.483475
37.481466
37.471533
37.442121
37.443091
37.463442
37.454765
37.453700
37.529897
37.496204
37.491926
37.450510
37.483312
37.986986
37.473009
37.499326
37.497964
37.494366
37.494321
37.494157
37.505388
37.476032
37.478679
37.483586
37.493296
37.453421
37.476872
37.504023
37.460531
37.495617
37.485632
37.479929
37.454000
37.416001
37.479371
37.462290
37.477846
37.462901
37.442076
37.463384
37.454879
37.433246
37.418890
37.449428
37.325760
37.360956
37.335380
37.357530
37.408197
37.303887
37.357658
37.347715
37.306241
37.297275
37.321663
37.324289
37.337435
37.358806
37.288047
37.270430
37.348185
37.333535
37.304560
37.378603
37.319807
37.320654
37.320989
37.337381
37.357150
37.356569
37.291290
37.301668
37.364285
37.337756
37.300584
37.306752
37.348413
37.310550
37.294897
37.320149
37.447812
37.314083
37.364096
37.335481
37.339327
37.332541
37.316434
37.337930
37.352511
37.319509
37.298837
37.306607
37.371395
37.339244
37.323702
37.316503
37.333672
37.333157
37.375567
37.340631
37.350007
37.305842
37.338855
37.287852
37.328665
37.290136
37.300475
37.311805
37.379605
37.334537
37.343804
37.372249
37.284356
37.308187
37.303300
37.440601
37.380865
37.382791
37.320092
37.289972
37.293203
37.308367
37.391582
37.339595
37.308460
37.290099
37.287958
37.264198
37.319415
37.287399
37.283270
37.304002
37.269062
37.401417
37.277495
37.244523
37.393359
37.305473
37.329900
37.289251
37.305147
37.277121
37.296920
37.310135
37.328132
37.278910
37.303247
37.263134
37.301664
37.277905
37.385512
37.258730
37.270874
37.300182
37.281491
37.249447
37.241632
37.274322
37.258828
37.277069
37.338269
37.382188
37.341036
37.325606
37.317618
37.333392
37.342485
37.367515
37.345722
37.367160
37.326654
37.326409
37.331456
37.343075
37.279621
37.976192
37.352295
37.326552
37.368094
37.350147
37.317339
37.367767
37.383747
37.372608
37.360395
37.596176
37.365493
37.438900
37.899422
38.446138
37.511983
37.366920
37.379785
37.375588
37.340821
37.316177
37.421645
37.397990
37.369403
37.328135
37.386846
37.345270
37.351702
37.344304
37.322441
37.344821
37.374128
37.318549
37.407521
37.500880
37.310219
37.347449
37.336205
37.317970
37.404590
37.349969
37.374426
37.417500
37.315635
37.324469
37.452695
37.310248
37.363146
35.775084
35.474343
35.510139
35.514998
35.449756
35.475746
35.482980
35.486225
35.545546
35.481966
35.478772
35.485863
35.474664
35.499385
35.451452
35.464204
35.489523
35.539147
35.482119
35.496874
35.490685
35.497355
35.743828
35.500412
35.480013
35.488143
35.514479
35.481437
35.463323
35.534412
35.475684
35.485984
35.514936
35.468027
35.482144
35.514682
35.472882
35.486543
35.507006
35.479358
35.469118
35.555741
35.484026
35.584026
35.473968
35.490100
35.466491
35.482162
35.476842
35.504544
35.503951
35.485617
35.521058
35.483871
35.456607
35.521673
35.478275
35.473848
35.480030
35.474835
35.460495
35.532972
35.475071
35.495997
35.489109
35.479093
35.474460
35.484063
35.516580
35.483503
35.548394
35.498527
35.497033
35.551898
35.477790
35.497375
35.471451
35.475991
35.536012
35.483418
35.475215
35.482560
35.478393
35.473031
35.485687
35.504726
35.484188
35.464911
35.481444
35.466169
35.482062
35.463928
35.482979
35.478313
35.522213
35.464724
35.482201
35.487152
35.491331
35.553159
35.485380
35.483797
35.488262
35.490423
35.481620
35.515479
35.494375
35.478040
35.480690
35.466408
35.472696
35.545218
35.557602
35.479897
35.491234
35.477242
35.480494
35.521779
35.487697
35.487043
35.530541
35.478515
35.476709
35.502740
35.463252
35.471326
35.550618
35.469185
35.488725
35.525663
35.463600
35.480379
35.492717
35.465182
35.550947
35.536456
35.466558
35.479669
35.482189
35.467675
35.471253
35.459154
35.475884
35.475220
35.454698
35.478221
35.468086
35.476571
35.469895
35.510293
35.521394
35.478355
35.469478
35.480500
35.483183
35.483273
35.465115
35.489094
35.469478
35.490373
35.462536
35.627407
35.495808
35.484681
35.462795
35.481523
35.468157
35.463016
35.481507
35.476059
35.485660
35.456511
35.486519
35.476017
35.490957
35.479304
35.478014
35.463629
35.474714
35.471227
35.477209
35.473943
35.507417
35.460300
35.471505
35.484254
35.461563
35.486652
35.470760
35.476309
35.488140
35.539412
35.477421
35.475029
35.457285
35.461172
35.467618
35.484870
35.486459
35.465897
35.466962
35.475654
35.458685
35.465394
35.486643
35.484153
35.494797
35.461495
35.464769
35.459062
35.468360
35.485699
35.474149
35.469629
35.469081
35.494845
35.469798
35.476256
35.483500
35.483420
35.736009
35.484767
35.466406
35.479878
35.568175
35.470964
35.481115
35.468233
35.475854
35.486077
35.470874
35.459486
35.475762
35.464873
35.472686
35.477436
35.467812
35.472985
35.479876
35.475170
35.459920
35.485951
35.469484
35.486551
35.488332
35.482770
35.472221
35.560440
35.475337
35.471865
35.484640
35.479087
35.470605
35.483732
35.475582
35.471225
35.449811
35.467142
35.469576
35.474096
35.477193
35.479055
35.469642
35.464676
35.496721
35.458201
35.480717
35.454644
35.463531
35.478501
35.471102
35.448414
35.478998
35.512371
35.509726
35.476065
35.479369
35.482010
35.467044
35.457475
35.477734
35.481170
36.272410
35.563736
35.469782
35.484269
35.472183
35.484511
35.468299
35.478570
35.465537
35.489556
35.477228
35.479378
35.471166
35.489503
35.465316
35.475413
35.477799
35.473431
35.527233
35.524867
35.468300
35.643981
35.558863
35.479659
35.473656
35.476106
35.469519
35.460006
35.466655
35.483563
35.501645
35.497521
35.465236
35.457990
35.461152
35.457408
35.466735
35.459310
35.478498
35.465980
35.453660
35.478370
35.474696
35.461233
35.511651
35.461922
35.464316
35.477759
35.490513
35.494215
35.515644
35.463517
35.474975
35.460638
35.466341
35.476420
35.478465
35.450376
35.477102
35.477504
35.463361
35.469708
35.502186
35.479807
35.463364
35.471809
35.459112
35.465909
35.473019
35.494626
35.485259
35.465616
35.480364
35.475112
35.483941
35.495025
36.549804
35.471713
35.756440
35.518535
35.527855
35.501457
35.514053
35.481994
35.471599
35.469753
35.476339
35.480476
35.478692
35.462940
35.481891
35.526720
35.464791
35.457623
35.481328
35.478159
35.483113
35.493570
35.563640
35.482616
35.489225
35.481196
35.478639
35.495031
35.527284
35.529225
35.484071
35.474486
35.488601
35.464919
35.466429
35.468953
35.487637
35.566086
35.479743
35.471375
35.485001
35.460398
35.487879
35.472270
35.481681
35.478728
35.478305
35.469468
35.478823
35.470818
35.498653
35.474276
35.478822
35.482275
35.484827
35.473718
35.473711
35.472441
35.469979
35.549524
35.467521
35.484135
35.476559
35.470810
35.464060
35.471665
35.482800
35.484289
35.476385
35.468932
35.483129
35.491453
35.473469
35.463527
35.483995
35.460454
35.476432
35.475039
35.519416
35.454221
36.196200
35.463696
35.475610
35.457776
35.458818
35.482912
35.473686
35.501679
35.460239
35.452433
35.480030
35.453839
35.500849
35.507589
35.466377
35.476186
35.463406
35.450586
35.468906
35.457348
35.472657
35.469142
35.465725
35.460188
35.483863
35.480558
35.496704
35.482409
35.469118
35.466829
35.471412
35.436954
35.512955
35.448696
35.527606
35.465146
35.486064
35.464291
35.476722
35.447828
35.461121
35.461829
35.461308
35.470778
35.459766
35.445364
35.459666
35.463078
35.448114
35.475537
35.478733
35.466785
35.468296
35.459938
35.487313
35.476631
35.527197
35.465029
35.471626
35.464159
35.463678
35.533927
35.540100
35.463816
35.458634
35.474970
35.457190
35.462024
35.480325
35.479198
35.472867
35.483837
35.470805
35.514745
35.467249
35.468785
35.470074
35.471199
35.476206
35.468217
35.466970
35.463665
35.481806
35.475057
35.452091
35.473909
35.468864
35.482500
35.533349
35.461274
35.492242
35.630559
35.449597
35.452493
35.459483
35.466332
35.465632
35.491645
