50
131.553972
133.707376
133.485724
134.680600
134.587664
135.438272
134.404983
135.633094
133.668953
135.894555
137.995278
137.795136
132.823366
135.577120
133.276787
135.019104
134.467242
135.163060
136.480340
133.224130
135.626085
134.432641
135.134920
136.319486
133.652691
135.651180
133.925530
134.731641
134.544727
133.137753
135.119269
132.827105
136.109475
135.878583
135.654832
134.285281
133.313155
135.127243
132.542971
135.135700
134.038447
133.785973
135.298386
132.744767
135.366775
133.919561
134.355856
135.059633
133.723787
136.155280
133.646702
135.567661
134.847209
134.164719
138.946894
155.566105
132.668393
135.483048
133.104087
135.637814
133.822345
134.822549
134.702240
133.940897
135.636963
133.165194
135.804799
134.645735
134.696848
135.811466
133.457699
137.427885
133.490085
135.714595
133.800455
135.048169
135.133128
134.047893
136.035124
133.668326
135.588397
135.342069
134.462811
136.186429
133.665927
136.144187
135.111781
134.513384
135.777218
133.454686
135.930936
133.989024
136.696754
134.304700
135.103885
135.507067
133.837693
136.168348
133.998725
135.642639
135.410650
134.135792
136.021622
134.171319
135.017898
135.652950
133.815928
136.099502
134.777026
134.433274
136.918476
134.699808
133.243877
135.718886
133.889957
134.804519
134.709756
133.737516
135.308807
132.992717
135.575889
133.626741
134.981890
134.948981
133.978548
135.481625
132.839028
135.530074
134.003948
134.653192
136.496288
133.125861
135.661646
134.080432
134.540886
135.111601
133.408789
135.663643
133.493294
135.275999
134.398149
134.715374
136.320853
134.230797
134.988051
132.665740
135.394801
134.185965
134.205055
135.526994
132.831392
135.632333
134.323151
134.313571
135.686017
133.020972
135.603034
134.384051
134.629844
135.882370
133.239621
135.845258
134.243221
134.797633
136.177823
133.303440
135.939135
134.480883
134.457450
135.675700
133.044199
135.687690
135.154847
134.317386
135.973312
133.687350
135.141600
133.077342
134.633253
134.350113
133.446795
135.156776
132.819859
135.677473
133.638508
134.891230
135.045871
133.693351
135.726059
134.936959
136.436827
133.791816
134.913448
134.891899
133.830880
135.537130
132.985156
135.674204
134.324546
134.284690
135.680556
133.240761
135.577844
134.510952
134.212490
135.608167
132.319852
135.234998
134.401471
134.074121
135.668439
133.201851
135.295354
132.676376
135.030695
133.582532
134.494898
135.077116
133.195666
136.159782
134.603091
135.861399
135.641522
134.445955
136.576825
134.630717
134.601156
135.604580
133.091597
135.464232
133.435955
134.352937
134.956139
133.394461
135.454264
132.779175
135.073634
135.262620
136.911495
136.284879
133.972437
135.839870
134.565870
135.108267
136.460580
136.767009
139.647654
133.753451
134.610759
132.912296
135.108495
132.633695
135.171845
132.707203
135.150336
133.210721
134.511424
134.176571
133.719679
135.287493
132.678515
135.929739
133.080151
135.037115
134.585909
135.394286
135.703933
133.431010
135.858285
134.326090
134.767230
135.884786
134.142600
134.257808
135.486981
132.883507
135.403711
134.328344
133.947404
135.467345
136.201658
133.934620
132.886940
132.761677
135.037892
132.607411
135.379778
133.737603
134.403349
135.287881
132.913244
135.444929
133.969820
134.152787
136.394845
134.263417
136.466521
134.551601
135.956393
136.244910
134.694554
136.466751
134.712241
135.529049
136.074598
134.223378
136.065624
134.124350
134.908102
135.504480
133.380173
135.591905
134.081694
134.304813
135.566154
132.896555
135.392060
133.744340
134.503290
135.037265
134.248844
137.698439
133.111884
134.979299
134.656149
133.828347
135.096405
133.095126
135.585192
133.637521
137.556147
135.801400
136.275963
133.550937
138.091871
132.956530
135.449625
132.985630
135.468694
133.611551
134.805734
134.637377
134.303712
135.978092
133.295508
135.686033
133.784621
134.097799
134.811263
133.049678
135.192756
133.049391
134.684531
134.181318
133.623441
135.199405
132.660880
135.169525
134.091959
133.766873
135.359184
132.662888
135.244019
133.973457
133.831001
135.312840
133.199946
135.573951
134.344869
135.284647
136.524108
133.037156
135.724979
134.136883
139.934893
132.676078
135.222284
133.628109
134.255958
135.082875
132.782631
135.284854
133.397264
137.357883
133.895956
133.809358
135.053497
132.857578
135.297302
133.720865
134.363162
134.795581
133.000609
135.192825
132.989374
137.239605
133.485164
134.745518
134.613791
133.647097
135.352544
133.144249
135.066634
134.265792
133.900010
135.341288
132.785529
135.327028
133.551987
134.436903
134.795289
133.862353
135.130443
132.773815
136.158500
132.519160
135.045471
134.012672
133.757895
135.573578
132.668117
135.314839
133.904561
134.276920
136.023941
133.169292
136.081148
134.348109
134.564215
135.371158
133.153960
135.195080
133.036206
135.025197
133.846107
134.398022
135.193569
132.826758
135.487344
134.166079
134.393040
135.347191
132.347353
135.593255
133.666227
134.460074
134.910531
133.213360
135.410368
133.296482
134.670364
134.363991
133.505236
135.237809
132.686680
135.220867
133.619981
134.368052
134.882103
133.018631
135.278210
132.729927
135.122834
134.350895
133.634576
135.987607
135.005108
134.397024
133.523944
135.309237
132.778190
135.045151
134.467055
133.905645
135.523999
132.800100
135.423080
134.020412
134.063746
135.358553
132.683509
136.158302
133.944541
134.510510
135.450758
132.833112
138.876006
132.530872
132.893886
135.202929
134.046887
134.115491
135.212206
132.875133
135.324440
133.502381
134.497261
134.680042
133.273645
135.406912
133.165747
134.581106
134.592026
133.383879
135.265651
133.190867
134.863972
134.287319
133.599751
134.035659
132.883997
132.639852
135.251100
133.204340
134.743978
134.749774
133.275773
135.237036
133.259936
134.723709
134.669188
133.164364
135.243801
133.243139
136.906935
139.142937
132.697355
134.081515
133.809481
135.296008
132.776244
135.203624
134.106331
133.766159
135.281543
132.960087
135.105987
134.482089
133.534678
135.290510
133.026639
134.938727
134.461238
133.555910
135.407851
133.211554
136.421898
136.445666
136.633544
133.155227
134.718897
133.289302
135.200232
132.699392
135.161979
134.047489
133.742536
135.180305
132.612024
135.112485
133.430880
135.207600
134.491872
134.098210
135.595361
133.037055
135.614218
133.927788
135.067374
136.970988
133.301181
134.148480
134.421986
135.277301
133.156756
135.874798
133.811523
134.526631
135.031987
133.223711
135.339985
137.018971
132.867174
135.249232
133.563221
134.671768
134.654420
135.065549
135.458382
134.336953
135.896584
130.863002
134.027350
134.058923
136.187086
133.802374
136.153190
133.899171
135.239818
134.920448
133.917505
135.583738
133.066588
135.757153
134.289305
134.634652
135.129400
133.695477
135.706959
133.296616
135.563426
134.164274
134.439522
135.973688
133.860845
135.549353
133.056748
135.582573
133.455984
135.932272
133.894331
134.661882
134.834838
133.643101
136.229339
133.530609
135.223845
132.638727
135.117428
133.811518
134.024308
135.266359
132.637900
135.254847
133.725631
134.278843
134.856664
133.012231
135.170689
133.104061
134.885051
134.501103
134.715467
136.207483
133.349044
135.975570
134.809613
134.318139
135.769015
133.239527
136.720780
134.595578
134.079158
134.248117
133.359154
135.019143
134.228635
135.184924
132.713541
135.278249
133.957353
134.197363
135.101380
133.049714
135.855204
133.286440
135.112535
132.614739
135.168836
133.436270
134.349947
134.437559
133.318259
135.098427
132.637642
135.084731
133.455355
134.308719
134.519665
133.230177
135.192585
132.811774
135.263406
133.136088
135.005349
134.201410
133.906429
135.187392
132.936884
135.252493
133.189514
135.009742
134.549952
134.380788
135.332906
132.989975
134.870498
134.159650
133.576283
134.927398
133.189109
135.291183
133.193317
134.865574
133.172716
134.526697
133.953668
133.689039
134.845283
133.052921
135.372889
133.364090
134.702025
134.508759
133.472049
135.271069
132.655421
135.252836
133.564906
134.344719
134.514091
133.470165
135.463359
133.014028
135.510740
133.844345
134.613329
135.028618
134.269188
135.491532
133.464264
135.465707
136.527458
134.248385
135.536156
132.935837
135.540592
133.659088
134.765857
134.788881
133.434495
135.211927
132.657434
135.208814
133.908030
133.925606
135.225975
132.788316
135.184271
133.144565
134.797886
134.693921
133.227950
135.447259
133.285574
135.231360
134.391943
134.124418
135.017272
133.080847
135.141891
132.813575
135.231300
132.963736
135.182982
133.829461
134.243630
135.607086
132.853812
135.166256
133.710871
134.297130
135.062829
132.877672
135.252147
133.573445
134.422086
135.751234
133.853697
136.121082
134.474514
135.245462
136.073190
133.962894
137.240051
134.686825
135.170422
137.300654
133.698760
133.489569
134.618244
134.928662
136.230438
133.734171
135.883175
134.948024
134.667419
136.178048
133.413370
135.353810
136.896283
133.589346
135.119932
134.664560
134.396146
132.356110
132.869695
133.278016
135.110369
134.504094
134.326655
135.146381
132.658834
135.138692
133.141303
134.647347
134.512073
134.438617
135.944551
133.469512
135.840736
138.453659
133.139782
132.711696
135.555054
132.976153
134.810400
133.808370
134.259485
133.870963
134.132776
134.830994
133.591510
135.646525
132.979348
135.619040
134.328399
134.264077
135.795039
133.342082
137.886874
133.323032
135.734063
133.879447
135.115790
134.936235
133.874680
135.480086
133.108505
135.574133
134.279915
134.488633
135.076087
133.752312
135.461629
133.327871
135.403104
134.263685
134.944950
134.968264
134.378385
136.780791
133.157157
134.992677
133.222933
134.858424
134.029824
134.520422
134.849079
133.979614
135.621590
133.487695
135.937421
133.589272
136.030788
134.490741
134.581520
135.151797
133.672603
135.709140
133.347719
135.538425
133.215258
135.679658
135.973467
133.540178
135.876546
133.842220
135.464200
134.216447
135.356702
134.120775
135.348514
135.263974
133.430453
135.823782
133.618208
135.513048
134.741320
135.989814
134.671415
135.400115
135.482548
133.816269
135.896887
134.502000
131.606298
131.451178
132.887450
132.796888
135.495206
133.011907
135.346583
133.426669
134.714496
134.643965
134.178852
134.762175
133.918675
135.510999
134.088636
135.853045
133.262922
135.665540
133.252778
135.553636
134.231573
134.734584
135.427540
134.002999
136.084620
133.590047
136.015996
133.774841
135.070320
133.732809
136.211931
134.059425
133.076199
133.159052
133.408877
133.682239
135.821684
133.928330
136.107876
133.560246
136.014116
134.133015
135.151041
134.961060
133.887660
135.457689
132.767364
134.927867
133.064649
134.705104
134.385867
133.728698
135.269701
132.792373
135.402582
134.023914
134.433437
135.431971
133.105177
136.014436
134.690513
134.472829
135.839060
136.289941
133.200926
135.584177
134.781163
134.091681
135.618812
133.159086
135.036399
133.227639
134.262074
134.072556
133.458834
134.684323
133.043427
134.750516
133.841715
135.852697
133.603098
135.761273
133.765113
135.052265
134.658232
134.160049
135.765589
133.435237
135.792403
133.494558
135.888812
137.551556
133.010561
132.911861
132.783155
134.155596
133.966954
135.143519
132.930475
135.321755
133.034285
135.069588
133.682056
139.642487
133.913399
134.375494
134.150908
134.237422
134.839853
133.454182
135.315107
132.845434
135.241237
133.236742
139.722385
133.000588
132.994033
135.404912
133.137732
135.570516
133.060601
135.478251
133.319902
135.212918
134.337903
137.467231
133.788673
134.112724
134.322350
135.161718
133.254226
135.369070
132.957112
135.293844
133.404458
134.923007
133.672640
134.268584
139.967586
134.453869
132.773656
133.991169
133.924272
134.254049
133.672573
135.875535
133.527860
135.292626
132.768435
135.173765
133.286567
134.180745
134.232150
133.682939
135.193525
132.586552
135.372367
133.979922
134.337623
135.224759
132.984089
135.496010
133.572218
134.702126
134.757072
140.648057
132.749090
132.773938
135.120747
132.779314
135.159747
132.776980
139.652659
134.389013
132.799218
133.633528
134.549498
134.701804
133.526485
135.352947
132.912231
135.335339
133.356979
134.885032
134.259518
134.374993
134.565824
133.837720
133.821403
134.617538
133.199322
135.246721
132.744291
135.084595
133.513677
134.110069
134.722187
132.960895
135.109947
132.570062
135.184359
133.602342
134.096451
134.587643
133.083646
135.187043
132.803910
135.277562
134.583736
133.856667
135.353059
132.737202
135.404356
134.056937
134.030550
136.035237
132.919056
135.521338
133.531081
135.070876
135.069616
134.768896
135.193807
134.617622
134.179768
135.463714
136.798323
134.567234
132.792046
135.246485
132.985589
135.050701
133.643202
134.335490
134.342833
133.668520
135.168106
132.902418
139.835068
132.853296
132.788536
135.207660
132.826360
135.235956
132.797956
135.217616
133.283702
134.784575
133.873121
134.204235
136.169483
133.058575
135.467920
133.014078
136.321590
133.019159
135.609203
133.941575
134.949237
135.021760
135.090565
134.742348
133.561215
135.411378
133.066647
135.617843
133.669453
135.065276
135.881481
134.917512
136.743732
134.340385
136.484854
135.855376
134.464912
136.189781
133.915266
135.564537
135.585377
134.420859
136.165265
134.457061
140.653209
133.225797
135.074152
133.952008
135.953628
133.399401
135.769821
134.292807
134.482549
135.368153
133.250890
135.423980
133.386972
135.104739
134.259107
134.558962
134.954641
135.494728
136.167201
132.846299
135.006708
133.358608
142.730116
132.627824
135.145961
133.556925
134.198182
134.746834
133.017857
135.151991
133.636160
140.363502
132.677283
132.666482
133.840696
133.828640
134.167246
133.688316
136.849995
132.857493
134.938236
133.080638
135.068261
132.671261
135.098501
132.657109
134.936292
132.989184
135.285337
133.084426
138.422483
133.237707
133.217579
135.392586
133.546809
135.577621
133.971256
134.974186
134.571012
133.473189
135.048395
132.808358
135.218114
133.306765
135.449573
138.043541
133.228193
133.992048
135.415025
135.498554
134.196793
136.070106
133.679464
136.983852
135.103920
137.938779
134.541814
135.466737
135.805513
133.610641
136.328759
134.733173
136.651049
135.259665
135.590250
135.731358
134.802565
135.963721
135.000560
129.270217
127.138491
131.893256
133.103601
133.111167
135.570936
133.115928
135.510406
134.141051
134.502683
134.875409
133.638296
135.453195
133.055653
135.465122
133.716432
134.958251
134.815064
133.702277
135.486200
133.067725
135.410212
133.255042
135.324565
133.392526
135.484467
133.213423
135.397968
133.434604
134.682480
134.016189
134.055143
134.898296
134.548610
135.681413
133.052322
135.602174
135.975626
133.983364
136.165900
135.285320
134.920190
133.884008
135.737374
133.182094
135.688849
134.203323
134.179110
135.466713
132.813942
135.389910
133.626357
134.696762
134.871929
133.396047
135.406971
132.823783
135.321921
133.726122
134.577490
134.801568
133.779190
135.507973
133.012388
135.419602
133.061398
135.375299
132.746987
134.871651
133.386476
134.222474
134.185549
133.428263
134.841756
132.880240
135.109870
133.044856
135.353872
134.191590
133.968491
135.255764
132.893083
135.403258
133.116026
135.104578
134.202231
134.209908
135.285692
133.212944
135.479918
133.042172
135.532530
133.515496
135.253557
133.984768
134.837216
134.537767
134.561579
134.826381
134.347466
135.489140
133.162363
135.557418
133.113423
135.293594
133.911127
134.860618
134.738146
133.956976
135.669801
133.025904
135.502947
134.446249
134.110792
135.515361
133.092707
135.480305
133.038402
135.534396
133.788808
135.001449
136.190321
134.727324
134.502261
133.768130
135.139282
133.099473
135.479691
132.962684
135.344754
133.137738
135.214121
133.863862
134.354918
134.131476
133.600109
134.031277
133.568631
134.204254
133.459115
134.577308
133.434076
134.504714
133.405607
133.910862
133.919817
134.909923
133.188980
135.184242
132.814249
135.452907
132.723521
134.946471
132.595668
135.147995
135.433684
133.807598
135.984853
134.369723
135.394560
135.470607
134.464513
135.981899
133.263023
135.453180
133.205891
134.930685
134.078629
134.417553
134.630029
133.809972
135.406284
133.167210
135.300023
132.856776
135.211088
132.843691
135.257992
133.174873
135.049621
133.715586
134.888308
133.633944
134.581735
133.178002
135.199898
133.826451
134.540475
133.697881
135.267727
135.984266
133.032634
135.480134
135.327825
133.389096
135.592591
133.036284
135.516896
133.407206
135.252332
134.245726
134.964391
134.618155
133.515268
135.306017
132.873955
135.246514
133.447611
134.851032
134.490713
133.994520
135.535042
132.907909
135.436584
133.193756
135.154766
134.521412
133.946935
135.373511
132.829566
135.388765
133.234987
134.881249
134.325114
133.853202
135.333665
132.825549
135.281536
133.160290
135.070360
134.303028
134.727509
135.449523
132.900609
135.651678
134.146886
134.111418
135.380253
132.915296
135.602911
133.729505
134.900274
134.878686
133.709514
135.605070
133.100146
135.604651
134.201026
134.219400
134.872759
133.282943
135.374954
132.852370
135.402985
134.082343
134.765824
135.643115
133.500031
135.806863
133.815633
135.249399
135.182927
135.510518
134.212047
134.588976
135.630378
133.560275
135.954452
133.354900
135.598115
133.875182
133.901402
134.987889
133.029191
135.049106
132.592622
134.954495
132.565078
134.945906
132.968325
134.573923
133.560460
134.037864
134.246318
133.585996
135.284879
135.917827
135.579443
133.442678
134.535488
134.938879
133.277363
135.143186
132.789877
135.265386
132.921705
135.146855
133.746774
134.380038
134.579252
133.803665
135.516645
133.024819
135.433958
132.978858
135.238945
136.923451
133.044777
135.056395
133.223985
134.883918
133.131835
135.216909
133.914996
136.467247
132.982468
135.476098
133.705718
134.815510
134.253491
134.442320
139.208321
133.009943
136.070560
133.217290
133.189401
133.226596
134.384579
134.596579
135.806009
133.219489
135.493131
129.963991
132.965580
132.946446
132.954604
135.385924
133.048928
135.672998
134.095590
134.943199
135.016910
134.342258
135.563061
133.490194
135.838053
133.171722
135.801684
133.380592
135.388181
134.501065
136.566154
133.895125
133.702577
135.080349
136.290661
133.800625
135.212972
134.808502
134.002971
135.545005
134.446012
134.866708
135.096782
133.838078
135.639642
133.256102
135.708007
133.390802
135.786579
133.347218
135.606596
137.565566
133.335733
135.014996
134.052568
135.820474
133.793137
135.611127
133.211034
135.597776
133.275560
135.753144
133.465544
135.517742
138.910478
133.286699
135.775730
133.394561
135.961994
133.430543
136.664263
133.737695
135.854755
133.294732
135.623027
133.958756
135.103216
135.683283
133.876021
135.072229
134.612005
134.647852
134.344196
134.531201
135.558694
133.900531
135.780323
133.324366
135.686133
133.312121
135.646505
133.413031
136.185768
133.943700
135.029458
134.855386
134.150318
135.806390
133.469714
135.923918
133.905665
135.205928
134.366999
134.406944
134.792625
133.852772
135.695971
133.335175
135.700128
133.020582
135.598376
137.949558
133.351958
135.783441
133.338120
135.614860
134.361619
134.824024
135.557480
133.603330
142.715244
132.684910
135.499532
134.703735
134.613914
135.546976
133.467546
135.578425
132.681373
135.709687
134.067183
134.952316
134.762712
133.778303
135.537972
133.220638
137.246367
194.314868
156.680799
132.914078
132.994491
133.181103
136.002053
133.542500
136.392865
134.105029
135.666251
134.568462
134.713718
134.710926
133.993417
135.256889
133.230275
135.460028
138.316958
133.200822
133.129841
135.374770
132.849800
135.526901
133.291562
134.946862
134.191647
134.080694
135.781771
134.012656
136.473642
134.027960
136.139650
139.384572
133.244432
134.511023
134.253863
134.870253
134.083077
135.717523
133.385808
135.595801
133.646559
135.406243
132.981765
135.316068
135.184387
138.146936
132.985601
133.021691
135.263375
132.639238
135.072510
133.834171
133.924466
135.432395
132.588947
135.222853
133.663235
134.095496
135.024546
180.235171
131.409314
133.109328
133.061964
135.431703
132.947155
135.725195
133.366451
135.415057
134.017300
134.397603
135.097071
133.682093
135.612982
133.437651
135.552492
133.087434
135.496418
133.070733
135.298658
133.310820
135.060012
133.969475
134.414929
134.493032
133.811955
134.895087
133.395560
134.013152
134.327442
134.415526
133.756238
134.382399
133.600609
134.665322
135.077045
135.227672
133.314516
135.100079
134.063092
134.329831
134.437081
133.186864
135.031732
132.592763
135.037686
132.582391
135.124850
133.572364
133.994463
134.501924
133.314825
135.130162
132.798155
135.085787
132.797857
135.101188
132.817248
135.103992
132.808232
135.164956
132.799931
135.071522
132.700224
134.060235
132.675971
133.468398
134.171032
134.226255
133.408418
135.041615
132.647139
135.657231
132.864743
135.041942
133.827981
133.855211
134.579390
132.967933
134.958359
132.573979
135.092696
132.715281
135.117104
132.796757
135.025599
133.947409
135.853295
132.620288
135.134128
133.176438
134.528991
133.923897
133.713560
134.943036
132.760105
135.057455
132.902451
134.717840
133.599673
133.961350
134.596423
133.138498
135.101578
139.156167
133.132626
132.720089
134.982603
132.591006
134.963690
132.669868
135.049043
134.884409
134.415991
134.283855
133.309956
134.986964
132.542721
134.971071
133.126035
134.400315
134.067241
133.480273
135.038652
136.018475
134.509280
133.296153
134.281101
134.218027
133.363209
134.994397
132.592581
134.988725
132.517748
134.938586
133.305278
134.213685
134.399271
133.537391
135.193648
132.825176
135.263796
132.945179
135.076080
133.934194
134.219407
135.178153
140.881252
133.168559
133.119712
135.560517
133.958195
134.812505
134.716264
134.016395
136.077413
133.595684
135.066468
134.560370
134.173548
139.101273
132.659168
134.580426
133.112748
135.058789
132.636789
147.509735
151.035544
133.844864
133.420066
132.580922
132.578468
134.852885
133.247962
134.205209
134.266921
133.354171
135.026648
137.013019
132.584000
134.520806
133.067361
135.062228
133.637237
136.330814
133.342986
135.367019
134.281933
134.286961
135.241583
133.366872
135.569628
133.425035
135.143705
138.108437
133.265874
133.822603
135.079409
134.937905
134.202252
135.890372
133.230809
135.564615
133.118463
135.432773
137.664415
133.161836
136.227625
132.796034
135.357388
133.684393
134.536725
134.492138
133.831533
135.305355
132.936288
135.378772
132.888236
135.250434
133.078448
135.936884
133.635305
134.723032
134.436437
133.822405
135.357051
133.251517
135.548339
133.079826
135.305453
134.698999
132.719041
132.744240
134.443189
133.547907
134.979839
132.895730
135.164320
132.765832
135.221574
132.781113
135.211695
133.567302
134.347839
134.294006
141.198791
132.790798
132.777860
135.108199
132.775702
135.207211
132.820375
135.297422
133.428299
134.560252
134.369978
139.043989
132.775592
132.737676
135.161250
132.742957
135.894617
135.729516
134.455152
135.049172
133.361006
135.511620
132.977499
135.476767
133.587532
134.649512
134.757453
133.759487
134.807053
133.496195
134.302130
133.633240
134.628305
133.691232
134.636130
133.584629
134.946807
134.904874
134.062581
136.113033
132.279020
135.045438
133.255376
134.569650
134.325087
133.267746
135.108933
132.809012
135.257659
133.502272
134.520312
134.522100
134.303549
135.450945
133.259773
135.384891
132.956824
135.335083
133.136632
135.216545
133.944249
134.475385
134.365487
133.923895
134.642268
133.563767
135.292892
132.956286
135.440521
132.915103
135.344653
133.717335
134.627876
134.481805
134.120439
135.629521
133.397943
135.971470
134.060623
136.273777
133.646858
135.156610
134.461852
134.010988
135.413985
132.916064
135.452858
132.871924
135.219870
133.950380
134.144133
134.975088
133.163794
135.276069
134.205974
135.199855
134.499475
134.071369
135.468287
133.172781
135.859073
134.131909
135.021656
135.149525
133.631860
135.465162
133.188774
136.116996
133.959626
136.318890
132.980396
135.240093
133.045650
135.427641
132.986488
135.315971
133.028825
135.309494
377.644342
203.317121
111.854509
117.768969
111.666547
115.916264
127.584024
132.547745
132.569203
134.657999
133.116321
135.100326
133.495528
136.081494
134.594515
135.887654
135.565061
134.378199
136.001344
133.884133
135.379611
135.176250
133.988581
137.413102
134.884974
136.474239
137.165058
134.092662
136.316232
135.108060
134.980132
136.304219
133.654669
136.270984
134.463540
135.369502
135.485393
133.796468
135.912075
133.630511
135.249151
135.062007
134.034573
135.542204
133.054364
134.710377
134.797682
133.140743
135.349641
133.609373
134.228870
135.816775
132.598292
135.286940
134.267133
134.326843
135.295314
132.756023
135.356722
134.061124
133.879311
146.645198
132.622765
132.655443
133.589495
134.239549
134.827881
132.997207
135.288471
133.010294
134.849238
134.200014
133.941793
135.151325
132.674922
135.162224
133.664695
134.775606
134.531889
133.590034
135.421154
132.877552
135.306786
133.959472
134.225085
134.869400
133.346885
135.145519
133.526994
136.337225
135.161558
134.670632
134.096195
135.738152
134.425294
135.099179
139.033642
133.223992
135.747445
134.309951
134.858071
134.959534
133.487319
135.101078
132.650043
135.015309
133.980397
137.643470
132.842490
134.547089
133.340227
135.402202
132.777647
135.313861
133.898138
134.357695
136.190764
133.223047
132.779872
132.778589
134.634036
133.498041
135.280184
132.805401
135.296380
133.621058
134.511239
134.499251
133.611780
137.508916
132.806135
135.321856
134.136330
134.789379
134.530236
133.522865
135.545080
133.019694
136.942423
133.045959
135.630452
134.055456
134.560230
135.304054
133.413831
135.669648
133.912275
142.824736
133.555503
133.351697
135.808292
133.827564
135.057940
139.029485
133.026990
135.509340
133.910130
138.547281
133.094326
133.463600
135.252855
134.509042
134.325918
135.478101
133.206581
135.689544
133.722643
135.313770
134.800666
134.093781
135.621834
133.139047
135.595972
133.241038
135.665448
134.508636
136.250829
134.609545
134.852255
135.215921
133.840314
135.592198
134.065711
135.095740
135.885602
135.658893
133.183497
135.181542
133.927589
134.221286
134.925577
134.625508
134.443437
135.168793
133.070450
135.421528
133.198186
134.906881
134.319913
133.483090
135.193051
132.822805
135.302976
133.692819
134.201219
134.488886
133.598957
135.293181
132.820816
135.220257
132.974393
135.039886
133.944424
134.036035
134.670249
133.554224
135.233982
132.812184
135.299957
133.344989
134.726962
134.057396
133.966327
133.502742
134.288132
133.750449
134.166943
134.161662
134.639362
137.051012
135.091960
132.555975
135.041698
133.083417
134.649709
133.808304
133.803794
134.724767
132.998161
135.426217
132.589421
135.038124
132.956585
134.685378
133.627969
134.019304
134.664975
133.002953
135.124699
132.619655
139.150567
132.343950
132.902840
134.845319
142.367712
135.872258
138.515478
138.326632
140.851111
138.668712
141.289837
139.263407
140.385607
140.848140
138.819901
140.902021
139.083275
139.944670
140.157056
139.227586
140.928266
138.772772
141.177196
138.771238
141.168562
140.343993
139.481999
143.395732
140.258822
138.713262
141.196121
138.529930
141.129155
139.017531
140.673708
140.236557
141.617098
143.892030
143.464863
144.664812
143.495179
144.473250
143.957922
142.502019
141.429633
139.866211
139.302296
140.779596
138.333539
141.068834
139.447807
140.297234
140.347541
139.460874
141.005443
138.763727
141.075914
140.185499
145.297156
142.078774
140.486271
138.373115
140.175039
139.607073
139.193156
140.552804
138.285570
140.678664
138.514975
143.003114
140.843691
140.546845
138.725885
142.550645
139.618216
143.180343
139.021638
139.427997
139.935117
140.041614
140.394310
138.033950
140.584429
138.218655
140.840323
139.356068
139.092047
141.783078
140.107560
139.936434
138.022736
140.510061
138.961934
139.840482
140.293175
138.584150
140.638893
138.762869
140.422322
140.142070
139.145270
140.671162
138.303392
140.825327
139.183277
139.842406
140.828917
139.903691
139.843804
141.155099
137.862890
141.512498
139.482650
139.089919
141.101573
138.357207
140.967844
139.412658
140.019611
140.933817
138.999166
141.445515
139.655963
140.375963
141.097824
138.546390
141.024750
139.532424
140.040101
140.964453
138.420732
140.941327
142.369965
144.499009
145.527369
143.203969
142.301361
141.526799
140.796876
139.834949
139.999746
141.654861
139.853806
141.065387
138.950699
141.137371
138.864136
141.130407
139.146440
140.498467
140.119744
141.388882
144.525400
143.974414
144.980482
140.828300
140.377436
138.231771
140.317580
138.069082
140.389414
138.874935
141.555303
139.369516
138.731275
140.522398
138.555243
140.759432
138.633395
140.768549
139.209939
140.196338
139.636216
139.798338
140.667182
139.025459
141.058647
139.125143
141.836646
138.534295
140.777449
139.879914
139.360706
140.868502
138.419463
140.798874
138.722922
140.689021
139.396620
139.835880
140.707690
138.603531
140.826207
138.739437
143.964264
144.167102
144.487284
144.105662
140.918685
140.051886
137.980843
140.288570
138.096652
140.919847
138.438888
143.948126
143.153634
144.830897
143.603522
144.658501
141.544728
139.955324
139.753075
139.473246
140.822806
139.533584
140.872395
138.632584
141.112984
138.654018
140.751506
139.314766
142.594522
144.453636
143.554002
145.314436
141.986253
140.098300
138.931747
140.260680
138.913162
139.299018
140.438810
138.405224
141.073029
138.606919
141.463895
140.515600
139.381039
139.671521
138.533040
140.169006
137.891768
140.390203
139.018611
139.624712
140.114962
139.101245
140.719186
138.709365
140.907591
140.058666
139.694693
140.941830
138.652529
140.843774
138.850886
140.734999
139.825106
140.738749
139.371303
140.035257
140.081915
139.161453
140.841980
139.390974
140.210587
138.210464
139.871533
139.567335
138.498695
140.881640
139.079135
143.337133
137.776802
144.908595
143.703953
145.164538
140.639807
140.267629
140.090632
137.944123
140.341972
138.738595
139.788226
140.041383
138.564629
140.241733
138.020218
140.402485
143.662651
138.856653
140.636477
138.309761
141.059739
139.606614
139.078919
140.555893
138.384677
140.681230
143.078611
143.182233
140.262831
137.782341
140.400123
138.895252
139.463994
140.464156
140.500930
141.157183
139.394954
140.035071
139.979897
139.207093
141.113135
138.311044
140.944231
138.813252
140.152012
140.213540
138.932060
140.981528
138.684811
140.928216
138.743870
140.644805
139.803124
139.862921
140.958666
139.334922
141.064996
138.768995
141.019313
138.679993
141.072725
140.444476
140.290176
140.243863
139.750499
140.680572
139.205727
141.096140
138.668643
140.964905
139.041622
140.448041
140.000080
139.651107
141.134069
138.708486
141.162517
138.673420
140.724861
139.347623
139.743767
140.829818
138.928370
141.102982
138.925654
141.069997
139.692108
139.957628
141.016912
138.591653
140.991697
139.576255
140.175086
140.700992
139.420772
141.421870
138.915379
142.014440
139.817888
140.544406
139.708599
139.621821
140.096131
139.368116
140.821017
138.578413
140.978175
139.102036
140.819134
139.575088
139.927727
140.815924
138.797582
140.953121
138.581438
140.996863
139.416779
140.131957
140.789004
138.937664
143.086972
142.595424
143.048418
139.290972
139.289436
140.636596
138.089188
140.574691
138.326346
140.621289
139.437750
139.547639
140.615578
138.523316
140.547964
141.397960
139.257215
140.662567
138.159701
140.666394
140.260056
139.794536
140.650192
138.485234
140.797115
139.080559
140.189922
140.458166
138.878844
144.666029
143.332136
144.744800
143.407641
143.029335
140.508408
137.991116
140.881474
139.772184
139.454614
140.823609
138.526084
141.093756
139.741573
140.233110
141.093542
138.754364
141.285506
140.000758
140.156077
141.160226
138.714307
142.214070
138.489588
144.459429
143.699394
144.387961
144.689836
144.309656
145.290352
142.391462
140.418401
138.065367
140.628953
138.819007
140.012460
140.908244
143.163600
143.708935
143.068305
139.099178
142.785588
145.349513
142.500801
145.186217
139.901777
140.356783
138.913876
139.992205
139.923869
139.260670
140.871283
138.530119
141.671495
138.375462
143.118763
139.473031
140.574724
140.590624
145.743243
138.846772
138.886043
142.254089
139.624899
140.779431
140.810342
139.194243
141.039570
138.617908
141.236352
139.557115
143.796800
139.410545
139.048472
141.958354
140.683410
140.650175
141.455339
143.818463
139.045859
138.732986
141.290184
139.027668
141.510064
139.785314
141.229291
140.382454
140.198331
140.825758
139.406557
177.298354
138.875197
138.657561
140.044385
140.246786
141.283911
139.551329
141.971391
142.019028
139.449571
141.788142
140.286855
140.665972
142.587865
140.712733
139.366805
141.402555
140.068100
140.119029
140.647789
139.350135
141.419576
139.773884
141.205195
139.929258
140.341962
140.913849
140.819794
142.669417
139.158946
141.029231
141.545635
144.228662
141.544510
140.148580
138.341937
141.103713
140.202594
141.298317
139.559784
139.254184
142.770700
139.252647
144.539155
142.312728
144.487784
138.065093
140.869065
139.340821
140.235836
140.609650
140.761008
142.075082
141.036178
142.020403
138.114766
141.015800
139.554039
144.174123
140.721834
140.226955
141.484892
139.102846
141.370684
138.958062
141.106936
139.872185
140.154714
140.924080
138.954090
141.212148
139.132652
144.456304
142.169486
144.166286
139.441998
140.302651
140.630549
139.790325
141.120797
139.440137
141.595090
139.399516
141.814548
139.515922
141.803618
139.615818
140.878542
139.202492
140.944733
139.956738
140.183612
141.755614
140.838806
141.315956
141.544279
139.658998
141.848634
139.276153
141.613443
140.021151
140.403866
141.236947
139.361729
141.683820
139.348322
141.831867
140.152741
140.885540
141.969175
139.528950
142.365511
142.556464
139.075551
140.136520
140.592067
141.460680
139.494990
141.374352
139.051045
141.630215
139.700130
141.908043
139.762914
141.487402
140.228952
141.164396
140.568029
140.833078
141.039809
141.535307
140.923853
140.458249
141.936500
142.364469
141.178758
138.628815
141.608627
139.642121
140.344974
141.086035
139.216194
141.601026
138.733419
141.289616
140.440086
139.893510
141.645265
139.253236
141.686022
140.608099
140.402422
141.966410
139.209422
141.744811
140.527461
141.045357
141.706543
139.247264
141.597636
139.173117
141.633324
139.832650
141.262815
140.468580
140.853805
141.512603
140.185158
141.862217
139.394981
141.700105
139.743108
143.626236
139.575855
141.803831
139.448506
141.730321
140.442748
140.667647
142.735700
139.458383
141.691316
139.897611
141.353309
141.249682
140.203910
141.703766
139.292077
141.659544
140.357658
140.849601
141.264528
139.766105
141.758516
142.237316
144.054705
140.205260
144.104867
141.530128
141.907940
139.377551
141.272788
139.136300
141.558303
138.989621
141.328336
139.097381
141.522589
140.043170
139.986757
142.745448
142.241012
139.826569
140.419956
140.767857
141.552576
144.487801
144.986818
143.780864
145.382611
140.098005
141.096912
139.128265
141.446399
139.893870
140.579333
141.143786
139.269602
141.296010
138.949990
141.394424
139.057711
141.517477
140.417950
140.574199
141.342356
139.599933
141.789532
139.426884
141.341882
140.828147
140.486944
141.419933
139.126310
141.698879
140.183581
140.585873
141.780912
139.566550
142.355475
140.327938
141.632225
141.930648
141.440029
139.986170
142.072738
140.347050
141.026714
141.859673
139.432938
