50
129.399276
133.124551
133.801950
133.795872
135.556485
134.151426
135.074467
134.327387
134.790101
135.747327
136.983207
138.314689
135.109274
136.446748
133.947794
136.113918
133.861609
135.855956
136.189958
133.758455
136.106838
133.997171
136.344919
135.516573
134.350418
135.497043
133.376283
135.941594
134.015447
134.380815
135.445595
133.619271
136.249360
134.236761
137.616210
134.305536
135.198281
135.886447
134.073834
136.504028
134.599869
135.338655
136.245114
134.075380
136.331257
134.239203
135.529987
135.224587
134.396100
136.106909
133.411234
135.615457
133.829697
134.320912
135.943149
158.257513
132.969452
135.233584
133.312228
135.586476
133.280782
135.226295
134.249852
134.523331
135.585605
133.340437
135.746366
134.081511
134.895683
135.215952
133.875846
136.754966
133.764791
135.698304
133.275375
135.342404
134.442763
134.200922
135.639124
132.974198
135.620499
134.176638
134.315790
135.295266
133.258653
135.487482
133.854144
134.663859
134.708747
133.460921
135.319576
132.906535
137.235874
133.134096
135.549230
133.931741
133.962177
135.384803
133.134206
135.686947
134.070183
134.494397
135.912051
133.370936
136.169214
134.719684
134.854941
136.395693
134.482203
135.707462
135.666186
138.178593
132.748539
135.243842
132.798420
135.339900
133.622134
134.223380
134.396369
133.277843
135.516171
132.836368
135.288519
133.735187
134.747654
135.112218
133.314722
135.294324
132.961814
135.224506
135.494371
133.658330
135.465349
133.100203
135.353464
133.989375
134.248939
135.491911
133.121304
135.620899
134.117746
136.081709
135.298892
135.029742
136.475880
134.096639
135.678818
133.932643
135.475991
135.347656
133.949996
135.923111
133.862693
135.506899
135.534772
133.958266
135.943717
133.859630
135.330843
135.135014
134.045816
136.023285
133.672951
135.410143
135.598610
133.848024
135.756726
133.659972
135.204376
135.172612
133.639779
135.779533
134.073335
134.905119
135.021218
133.722804
135.258879
132.700668
135.159720
133.828440
134.629353
135.125965
133.630039
135.894402
134.116816
137.055000
135.566163
135.739664
136.765822
135.478165
137.468880
133.897159
136.726665
135.738891
135.155353
136.646447
133.771029
136.816683
135.174516
135.549570
136.816204
133.915716
136.958905
135.235252
135.135585
136.615399
134.224742
135.436893
134.601020
134.243943
137.286656
134.194244
136.741041
134.438468
136.178366
135.017948
135.031535
136.105276
134.056046
136.242005
134.277775
134.567692
135.684247
133.361702
135.808836
134.341021
134.302795
136.113306
133.387971
135.999539
134.981064
135.080599
136.236647
132.983875
135.410946
134.307074
136.077487
135.895000
138.451967
134.761707
133.877928
135.102681
135.224873
133.722114
136.348169
135.586519
138.178323
134.794813
136.875819
133.817016
136.259565
134.091311
136.529429
134.185060
136.156995
134.842343
134.626371
135.861791
133.641457
135.951152
133.913759
136.318212
135.847334
135.157722
136.454530
134.497321
136.363611
134.506957
135.615936
135.804952
134.972600
134.878212
135.488445
133.242161
135.885251
134.517390
134.787620
136.664598
134.457370
136.242398
137.627282
133.751926
133.567209
133.539750
136.731542
135.211884
135.363603
136.110030
133.686292
136.141681
134.855469
134.550657
136.084004
133.524174
136.456765
135.254504
135.705178
136.019381
133.730923
136.068498
134.259744
135.032933
135.926562
133.479604
135.871877
134.110749
136.076765
136.675690
134.077200
136.965385
135.273413
134.669647
136.786003
134.493115
136.747571
135.745806
135.333826
136.763845
134.413345
136.795703
137.486625
135.005855
135.366958
133.012419
136.726366
134.494613
136.215259
135.731494
134.725175
138.522709
133.657218
138.648808
134.119810
139.139890
133.544225
134.023988
135.520882
135.335148
134.245020
136.010062
133.421408
136.172694
135.658298
134.970552
136.324183
133.572286
135.988745
134.118607
135.770978
135.580665
134.286161
135.981982
133.509372
136.013243
134.950895
134.401742
136.076599
133.563068
135.757125
134.801178
134.612442
136.025126
133.711548
135.837470
134.353969
134.085529
135.105798
133.379441
135.471184
135.657443
134.561492
136.242199
133.520299
140.390186
135.668602
136.127902
133.676110
136.159078
135.026487
134.393661
135.896711
133.458438
137.982280
133.243099
134.852911
134.191085
133.790308
135.374008
133.089210
135.361399
134.098764
134.018814
135.352805
132.743314
139.416858
132.707225
135.202942
133.785776
134.745132
135.754563
133.294292
135.906914
134.153551
135.319534
135.481376
134.130018
136.025735
133.754904
135.582375
134.711026
134.570081
136.463676
133.544793
137.185975
133.265377
135.889400
134.709485
135.353372
136.791585
133.747339
135.826045
133.886007
134.683020
135.701045
132.994656
135.168006
133.495810
134.279689
136.007581
134.426601
136.413822
133.957177
136.532890
135.109841
135.095158
136.543909
134.201866
136.453325
135.181375
134.841576
135.661816
132.806886
135.930810
134.386567
134.995835
135.868921
133.896928
136.371462
134.582247
135.262537
135.644298
134.328390
136.273170
133.725920
136.209043
134.855991
134.537496
136.017489
133.648199
136.099612
134.105281
135.133457
135.666314
133.787565
137.715362
135.464187
136.367673
133.843630
136.327564
134.605467
134.388673
135.394404
132.859374
135.429974
133.682812
134.569916
135.005480
133.250329
135.521719
134.107152
134.810972
135.109578
133.559044
135.580298
133.518533
138.308526
132.959253
133.901829
133.925148
134.933807
133.109163
135.329478
133.455281
135.305530
134.876990
134.146368
136.170527
133.536956
135.253681
134.382337
133.877621
135.366020
132.974117
135.593619
134.769832
134.337265
135.670838
157.498657
137.375618
132.751960
133.966386
134.204772
135.654916
133.048882
135.726028
134.336206
134.627707
135.874979
133.078892
135.634479
134.493140
134.213008
135.691137
138.479015
134.774320
133.123264
135.754650
133.895425
134.939534
135.552540
133.290961
135.650747
133.900364
134.635666
135.541772
133.043879
135.551482
133.938373
133.984097
135.346322
132.662854
135.314652
133.996464
133.948891
135.473922
139.423027
136.976094
132.809108
132.779169
135.397602
134.175965
134.105352
135.399053
132.982700
135.486073
133.658370
134.681585
134.720595
133.448473
135.395804
132.872244
135.490113
133.830639
134.835929
135.136748
133.646137
135.861884
133.973010
137.715800
132.955203
135.596367
133.458543
135.269872
135.008867
134.460977
136.209195
134.137747
135.479673
135.101577
134.765814
137.155993
134.821505
133.217658
135.328994
132.914325
136.423586
135.522646
132.712517
152.666969
154.008585
134.559984
133.991949
135.351808
133.912749
135.771458
133.106428
135.460122
134.231822
134.193798
135.339294
133.111909
135.560762
133.472409
135.067576
134.724739
134.276543
135.784385
133.125115
135.675878
133.685890
135.008418
135.492366
134.395492
135.506769
133.460641
135.380906
132.919550
136.166132
133.827173
136.024078
134.037139
133.748762
135.318194
134.157054
135.300959
132.727979
135.211626
133.361872
134.580759
134.928569
133.226336
135.377178
133.296487
134.864749
134.484585
133.542613
135.286546
132.730403
135.278513
134.148408
134.164868
135.250512
133.353800
135.646199
133.989928
134.701068
134.997195
133.037952
135.121661
133.097775
134.871016
134.609874
135.319470
135.289621
133.992329
135.901404
133.341139
135.623949
133.712204
134.970970
134.724228
133.617886
135.558303
133.987017
135.426376
132.907794
135.418517
133.216397
135.043402
134.229166
134.007266
135.331949
132.877358
135.371446
133.344432
134.936913
134.390168
133.850229
135.257044
132.860210
135.041948
132.571729
135.107181
133.635268
134.278030
134.789746
133.353850
135.424618
132.968364
135.535927
134.363636
134.386283
136.118556
132.989881
135.612776
134.315598
135.314382
136.459515
134.409123
136.149197
133.668140
136.280695
134.674216
134.942072
133.858026
133.658877
134.690953
133.139409
135.390752
133.190389
134.694041
134.540463
133.771296
135.343561
132.796048
135.332445
133.603429
134.454574
134.617048
133.442433
135.372838
132.911932
135.512311
133.810899
134.620419
134.958510
134.748964
135.371898
133.415942
135.314955
136.433631
134.259554
135.487539
133.027826
135.649217
133.816466
135.052484
135.356034
134.118192
135.984655
133.458843
136.127409
134.839857
134.607862
136.167519
133.505900
136.026578
134.491785
135.559912
136.090267
133.869771
135.979677
134.038068
134.976301
135.212793
134.847857
136.371659
134.199221
136.363074
132.611862
135.083380
133.398193
134.383302
134.207609
133.593716
135.430112
132.902334
135.563340
134.588761
133.796348
135.374706
132.842627
135.260490
134.245173
133.868409
135.280283
132.722914
135.106845
134.035883
133.776949
135.274328
132.689480
135.686608
133.975694
133.919401
163.054540
132.573733
132.553182
134.892534
133.022181
135.216176
133.565308
134.181907
134.979400
132.805191
135.197548
133.624378
135.219760
137.245072
134.456402
134.264176
135.350625
133.798002
132.261059
133.270818
133.225999
135.796483
134.276464
134.753845
135.523446
133.466667
135.845564
133.519031
135.821306
135.540181
133.976348
134.856153
133.249465
135.455407
138.627440
133.048381
133.160016
135.744161
133.066947
135.385670
133.450555
134.472650
133.637521
134.683282
135.184942
134.168240
135.816618
133.041921
135.815412
134.290053
134.668774
135.393261
133.306158
137.221349
133.397939
135.595488
133.470286
135.295163
134.523934
134.057153
135.625445
133.299398
136.073903
134.095388
134.978390
135.098128
134.090335
135.669568
133.197820
135.860318
133.868277
134.942754
134.206016
133.988375
136.459052
133.525815
135.834918
133.746830
135.325609
134.121711
134.824634
134.539100
134.457613
135.907661
133.849611
135.890596
133.271511
135.749163
133.875553
134.470144
134.742262
133.716612
135.490717
133.019789
135.469733
133.259496
135.575385
135.701646
133.329874
135.638694
133.549107
134.993523
132.996861
134.898226
134.031058
135.829722
135.437207
134.331166
136.183522
133.695947
136.422423
134.835517
136.582665
134.558107
135.340169
135.166682
133.964087
135.852493
134.797948
131.910250
131.163776
132.941052
133.192288
135.562890
133.138248
135.674520
133.690281
135.474356
134.783032
134.657775
135.003639
134.413768
136.079811
135.182786
135.875986
133.039145
135.098726
132.640258
135.101027
133.678387
134.292279
134.827780
133.357923
135.239933
132.748342
135.192445
132.843681
135.091583
133.112274
134.850604
135.026304
132.904821
133.189162
133.231970
133.407772
135.014818
133.808837
135.407392
132.928222
135.334271
132.895480
134.998657
133.825660
134.168856
135.060005
133.271749
135.640629
133.084789
135.618957
134.200133
134.472017
135.490604
133.196415
135.625695
133.723677
135.006825
135.228412
133.763734
136.389493
134.215124
134.567151
135.510071
137.693948
133.170236
136.022801
134.716579
134.420127
135.653419
132.995301
135.431904
133.282251
135.106770
134.311354
134.238447
134.914558
133.757034
134.887979
133.395424
135.121938
132.730274
135.584379
133.495943
135.213755
134.135750
134.299820
135.136047
133.265053
135.201547
132.903767
135.373332
136.838133
134.692255
133.449455
133.455567
134.328170
134.848547
135.593318
133.795137
135.909599
133.467451
135.863505
134.115882
140.774299
134.349080
134.772743
133.680462
133.906289
134.461766
133.528299
135.186492
132.726455
135.181833
132.915217
141.146484
132.771102
132.745246
135.010983
132.891628
134.953752
132.620332
134.974098
132.676861
135.138636
133.690633
135.402959
134.735290
133.721706
134.516456
134.812217
133.679316
135.621824
133.176348
135.257799
133.059307
135.352492
133.520940
134.524946
135.301665
138.002725
132.730623
133.653258
134.345297
134.251994
134.100279
135.597766
133.982364
135.432955
132.968605
135.531508
133.488626
134.900552
134.088748
133.776320
135.022581
132.565528
135.024051
133.368275
134.291681
134.630139
132.980036
135.210861
132.909783
134.748179
134.013936
139.330839
132.819149
132.310369
134.467344
133.185446
135.120759
132.681665
138.056370
135.644756
132.366523
132.684326
134.850988
134.084429
133.881388
135.016390
132.914106
135.143654
132.738975
135.205925
133.584922
134.692113
135.451652
133.664656
134.685661
134.538674
133.842654
135.451001
132.940177
135.514678
133.490856
134.683563
134.440683
133.483800
135.242957
132.724563
135.259347
133.354410
134.572867
134.313735
133.581645
135.146295
132.729666
135.208030
134.194445
134.270879
135.161390
132.821516
135.179173
133.475940
134.250221
135.178249
132.851353
134.984763
132.483023
135.044383
133.770782
134.006454
135.152627
133.488059
134.104511
134.439897
133.010598
137.412906
132.831386
135.173337
132.830940
135.237712
132.871984
134.872307
133.620981
134.253731
134.735938
133.120776
140.122490
132.311032
132.341305
134.323225
133.127478
134.951253
132.551030
135.098009
132.547089
134.965049
133.017536
134.815189
133.796689
135.283355
134.693089
133.005192
136.148517
132.572835
134.978296
132.759728
135.187883
133.630733
135.516084
133.524029
134.310974
134.394440
133.227082
135.088236
132.535427
135.157735
133.360037
134.139601
134.200310
133.233040
135.094768
133.581055
134.630967
134.734288
133.173595
135.078057
133.056303
134.728380
134.368210
133.727388
140.729415
132.713786
133.035022
134.973695
134.095381
133.823655
135.126743
132.582431
135.102560
133.074682
134.507043
134.313185
133.462076
135.248208
132.787505
135.267378
135.519289
133.123435
142.273319
132.953011
133.444786
134.896313
134.531259
134.663432
135.426765
133.500865
135.773535
133.514268
135.316823
134.851127
134.001626
136.676908
139.730559
132.475576
132.513723
134.892583
132.747179
134.834865
132.615156
136.702228
132.772032
134.765041
133.503522
134.350077
134.044329
133.724839
134.705949
133.877092
135.269651
133.186751
135.764769
135.153631
132.363936
134.783641
132.661692
134.961275
132.686020
135.032581
132.501610
134.876155
133.251281
134.497784
134.113420
133.491248
135.116972
132.567163
137.949856
133.133093
135.277688
132.755386
135.092091
133.481546
134.229263
134.874215
132.955117
137.831422
133.832468
135.250845
133.231564
135.280323
134.271188
133.792862
134.780012
133.097855
135.168160
132.716209
135.183836
132.720184
157.447601
239.665749
136.088129
132.524985
132.535015
133.680939
133.864426
134.341643
133.055955
134.979905
132.572394
135.005951
132.753663
134.713101
133.723982
133.937391
135.028899
132.862517
135.057281
132.734474
134.801589
133.597512
133.846580
134.422497
133.265381
134.236772
133.451948
134.026469
133.693512
134.740077
133.100642
134.957518
132.770823
135.009446
132.996830
135.090581
134.093766
133.882223
135.288461
132.980113
136.986754
133.714059
135.428015
132.873827
135.175736
134.045904
134.027947
135.285725
132.797638
135.298579
133.517429
134.500027
134.647392
133.388014
135.305945
132.703527
135.404728
133.967575
134.367459
135.013782
133.535539
135.579787
133.158671
135.427266
133.240086
135.211059
133.819590
134.669800
134.487468
133.918961
134.907338
133.250673
135.312348
132.844446
135.512177
133.559945
134.996288
135.211007
133.955230
135.495431
132.859498
135.511378
133.689963
135.128600
134.747633
134.010062
135.735556
133.037079
135.301183
133.069786
134.971220
133.884541
133.983795
134.057813
133.318135
134.641475
132.770737
135.018316
132.749021
135.192303
133.173607
135.218870
133.239248
134.734567
133.518253
134.176160
134.469409
133.236582
135.087959
132.605656
135.042448
133.095839
134.596240
134.931987
132.622638
135.021057
132.611816
134.984815
133.487810
134.273579
134.267678
133.553652
136.577915
133.423549
134.982431
132.540893
134.991205
132.693275
134.956111
132.711682
134.764779
133.492707
134.064080
134.212194
133.254019
134.636932
132.792528
134.604870
132.940921
135.040194
132.797031
135.115419
132.781553
134.940215
132.764384
134.517355
133.074571
135.179620
132.742654
134.879432
132.762060
135.149799
132.633477
134.950695
132.651386
135.153415
135.151853
132.526631
135.056889
133.613002
133.985283
134.729271
132.857155
134.987417
132.594270
135.061575
133.458789
134.678260
134.299841
133.881843
134.818944
133.326769
135.392492
132.750353
135.240139
132.761916
135.120552
132.849576
135.211434
133.348406
134.382768
133.593605
134.071326
133.723445
134.273978
133.565054
135.009680
134.269003
134.365146
134.165996
134.848369
135.891733
132.976551
135.253483
135.349238
132.805820
135.278618
132.789061
135.208758
133.264711
134.583868
134.009840
134.192431
134.578277
133.070868
135.025090
132.547103
134.981704
133.255525
134.380741
134.162547
133.412667
135.057144
132.501501
134.992030
132.817468
134.679915
134.234247
133.812390
135.276322
132.738083
135.212407
133.119702
134.803544
134.253782
133.749286
135.160283
132.727773
135.177345
133.000576
135.030309
134.162747
134.687445
135.327683
132.715857
135.256350
133.967563
134.088871
135.437417
132.995654
135.472021
133.428443
134.546496
134.417315
133.451232
135.370870
132.761599
135.236736
133.729179
134.193916
134.530881
133.302874
135.474677
132.868153
135.336800
134.051731
134.858744
135.424387
133.495700
135.835181
133.673672
135.488962
135.059847
136.005372
134.374361
134.934607
135.444543
133.520654
135.831129
133.278615
135.751222
134.142614
134.441424
135.264316
133.516336
135.367943
132.945042
135.326081
132.959799
135.513762
133.501304
135.148620
134.111397
134.429334
134.797297
133.824850
135.734188
136.116301
135.437140
133.427582
134.387566
135.296275
133.141856
134.955409
132.544859
135.076839
132.899053
135.062939
133.746856
134.283131
134.612335
133.365176
135.209685
132.757160
135.189688
132.633955
134.898207
136.107477
132.585445
134.523177
132.835135
134.378173
133.020080
135.041796
133.617602
136.452129
132.680938
135.180490
133.160742
134.654600
133.617535
133.919916
137.609759
132.642332
174.784156
132.583590
132.541088
132.681066
134.768100
133.008174
135.190452
132.574440
135.055930
132.039257
132.850544
132.921388
135.305590
133.383003
135.564226
133.098799
135.353647
132.626100
135.001786
133.253563
134.754099
133.942962
134.092776
134.857612
133.541324
135.439534
132.907179
137.668091
132.913344
132.955654
133.053761
137.133263
133.860442
135.648930
133.962851
135.885914
133.927043
135.505870
136.334658
133.271303
135.688861
134.260587
134.339739
133.720517
134.180863
134.506205
134.522909
134.793171
136.582540
135.120700
133.200961
135.635629
133.543716
135.191702
133.896607
134.398677
134.378094
134.302505
134.991155
133.491751
135.289617
136.034278
133.956059
133.119403
135.321087
133.702219
135.026624
135.008685
133.769732
134.196032
133.544577
134.637608
133.137787
135.171703
134.653857
133.666516
135.419831
133.104500
135.509137
133.034320
135.743657
132.910177
135.504979
133.135119
135.364859
133.883284
134.800890
134.368913
134.208715
134.993283
133.871315
135.190998
132.736805
135.361992
132.940633
135.463461
135.149027
134.119022
135.175536
133.188952
135.423419
133.071155
135.397904
133.055265
135.537293
133.492848
135.200422
134.458619
134.761134
138.220634
134.129676
134.831001
135.081849
133.989541
135.901839
133.362442
136.005514
133.977114
136.192305
134.867827
134.625492
136.154094
133.246028
135.763191
133.661888
135.340028
134.900051
134.756724
135.919403
133.566819
135.869805
133.531752
135.655441
134.876183
140.493755
215.644949
129.994122
132.721051
132.727119
133.176960
134.739845
134.397739
134.160483
135.001851
133.651021
135.740718
133.279972
135.627223
133.249059
135.696707
133.436164
135.290917
141.606408
133.150361
133.693506
134.961690
134.158515
134.768766
135.770183
134.124134
135.888983
133.406040
136.293587
133.910048
136.611101
135.305520
135.186287
139.114354
133.132745
135.483004
133.186939
136.348233
133.721682
135.896464
134.045053
135.203886
134.710699
134.240864
134.860455
134.032293
138.172219
136.759203
133.824097
134.660493
134.990131
135.253858
133.298165
135.279692
133.753704
134.893719
134.875117
133.614470
135.514215
133.173079
136.930086
178.081575
132.767685
132.731551
133.407190
134.334731
134.019772
133.841618
134.900146
133.350613
135.321165
132.900762
134.958604
132.572920
135.151166
133.314329
134.533084
134.037400
133.971210
134.132372
133.671942
135.051552
133.157480
135.499031
133.169691
135.437475
133.004862
135.607726
133.747650
136.175634
133.688465
135.662622
133.124919
135.612824
133.158101
136.954939
134.941935
133.948608
135.546608
133.120063
135.527763
133.168830
135.745131
133.951262
135.304737
134.478377
134.250322
135.823971
133.673730
135.610923
133.137353
135.693194
133.632477
134.705314
133.449474
134.333631
133.615880
134.229396
133.904092
134.306712
134.129041
134.130931
134.448128
133.740487
134.750395
133.337562
133.269425
135.824849
133.512782
135.833421
134.150795
135.164029
135.268361
135.069353
135.983242
133.430805
135.839550
133.834394
135.349150
134.757100
134.671081
135.437238
134.058252
135.539147
133.404895
135.340745
133.092656
137.239635
133.337302
135.228881
132.619947
135.062042
132.637959
135.308174
134.017437
134.673134
134.905437
133.075993
135.085353
132.770986
135.392618
133.805969
135.069700
135.236701
141.615137
132.953503
132.925205
134.660307
133.942998
135.139911
133.418040
135.209471
133.822130
135.772264
133.520687
134.679328
134.690988
133.505296
135.317485
132.891628
135.355690
133.402251
134.818768
134.673497
135.075434
138.564191
132.772443
135.213201
133.720710
134.629222
134.842249
133.691133
135.375357
132.938718
135.322780
132.981029
135.355048
133.967163
134.664157
134.870697
133.675658
135.245661
132.747356
135.181393
133.107160
134.950720
134.543288
138.110994
134.087890
132.919865
135.451035
133.187366
135.645436
133.776439
134.825650
136.180276
133.061280
135.455602
133.616476
134.966155
140.070094
132.594353
133.702216
133.871500
134.499483
133.115107
136.067829
135.534627
133.543156
133.377962
133.288779
133.130500
135.486413
133.092586
135.560110
133.221000
135.563104
134.324256
138.586193
133.248210
133.715932
135.224840
134.594325
134.111166
134.475172
133.366169
135.180652
132.727680
135.283775
133.393528
134.429815
134.333697
133.412240
135.184717
132.579239
137.993270
133.001453
135.430363
132.844827
135.217543
133.464944
134.278664
133.920261
133.974219
134.682004
133.203415
139.400150
135.976101
133.955969
135.288896
132.952046
135.288146
133.096596
135.592097
134.058262
134.570329
134.565303
133.769499
134.989280
133.129005
135.672160
132.694196
135.165275
132.810860
135.191354
133.336263
134.673548
134.010420
133.864972
134.997885
133.956825
159.821952
139.057467
140.280499
139.974221
140.888992
139.142451
141.453034
138.956618
141.441482
139.601907
140.349546
140.904563
138.959734
141.110423
142.977213
139.161165
139.514290
141.188239
140.670733
140.419662
141.848517
139.326627
141.757979
140.125404
145.761187
139.224913
138.972967
141.512490
139.077778
141.952013
142.202241
139.455479
141.483652
138.997610
141.374549
140.087391
139.912617
141.285715
138.764307
141.901581
140.464153
140.510403
142.540579
144.051085
142.846104
143.534506
141.613243
139.308368
141.270619
140.949069
140.072656
142.252610
139.347681
140.862803
141.205883
139.706066
142.129499
140.251983
140.900172
141.539790
139.503120
144.026054
139.947337
140.467508
140.360220
139.688557
141.427323
139.070212
141.447507
139.733725
141.007776
141.051076
139.583064
141.489757
139.080931
141.840301
138.250200
140.766318
139.493156
140.274981
141.080102
139.172412
141.399649
139.416448
141.936391
141.455008
139.969089
141.529302
139.514596
142.427588
139.477893
140.799113
141.116195
139.484165
141.448436
139.651245
141.392935
140.978993
140.166256
141.602372
139.478495
142.286668
141.319238
140.891387
141.746299
139.363555
141.222216
141.084584
139.662231
141.390437
139.873829
141.211448
141.987013
138.913116
144.515778
138.708522
142.230011
138.820315
144.282689
142.229435
143.569337
139.259127
140.758961
143.260315
139.117484
140.979446
139.038448
458.062792
118.339508
117.130924
117.353537
121.413419
134.126441
139.350167
139.469516
141.659938
139.633470
142.139811
141.770041
143.874251
142.401932
139.107016
141.578976
140.587948
141.064849
142.513008
140.956282
141.540322
145.991165
144.776608
147.439445
147.704516
140.268204
141.272288
141.327931
139.222470
141.493892
140.039722
141.029592
141.438077
138.906616
141.661762
140.442688
139.929195
141.457359
139.402250
141.546630
141.961896
140.725425
144.611032
140.765630
140.092574
141.886740
140.412606
140.458865
142.268243
139.908434
141.117142
141.581288
139.414401
141.829120
140.871711
140.385453
141.811880
151.406430
139.492391
139.421265
139.972620
142.225126
141.111401
140.602763
142.043379
139.878795
141.463766
141.295627
139.929702
142.087865
140.081698
141.495736
142.003769
139.602609
141.798998
140.208203
140.653792
141.579336
139.095038
141.795500
140.325805
143.672688
145.418824
144.734028
143.698330
140.248362
140.452889
139.252185
141.268998
140.791268
142.438885
140.624177
139.881390
141.380940
141.310596
139.271986
141.716439
140.926047
140.653546
141.850457
139.037606
144.207309
139.708901
140.830032
140.255233
141.836660
139.101289
141.502858
140.616355
140.371633
143.068511
139.388145
139.766622
139.590771
141.885460
140.019119
141.400004
141.777393
139.654878
141.903025
139.894192
141.537321
142.900013
139.720511
142.403580
141.052065
142.095987
142.049286
140.141954
142.021723
140.067915
142.191942
140.123566
140.526427
141.626815
139.169935
141.640608
140.791651
139.687223
140.996498
147.202357
138.902100
141.530037
139.258193
141.732501
143.118696
139.195398
141.810354
140.153348
143.959918
141.726572
142.496468
139.411563
141.148852
139.069988
141.510125
140.138693
140.731133
142.187626
139.093595
141.618978
140.110809
140.924810
141.604039
139.367950
141.484614
139.535212
142.103020
139.668649
140.964663
141.165571
139.644985
141.692059
140.393758
140.417477
142.663118
139.348997
141.010240
140.308608
142.048752
139.565032
141.982104
142.136751
140.035892
141.213928
141.826494
139.529952
142.098319
140.604413
141.061370
142.251008
139.110237
142.023642
141.118746
140.508826
141.722742
139.394001
141.600971
140.020923
140.762743
141.515273
139.588839
142.027326
139.635540
141.617636
141.739241
140.179107
142.011358
139.167732
141.980209
140.322466
142.165784
143.927058
144.011009
144.928446
141.298310
140.664282
142.649379
139.873337
141.225424
141.292102
139.840901
141.733501
139.505325
141.849000
140.443285
140.626901
142.451367
139.580288
141.963072
140.370614
141.350884
141.206837
140.159681
141.860312
139.351376
141.497191
140.675641
142.686233
139.469100
141.918477
139.707725
138.318966
131.382521
133.256965
133.300636
135.589764
133.223745
135.642974
133.384982
135.417955
134.504906
134.424213
135.670872
133.526695
135.734918
133.230201
135.695355
133.725996
135.024952
133.919615
134.339851
134.728189
133.543332
135.735801
133.183700
140.202817
133.062352
132.941216
135.281222
132.950802
135.089194
132.828297
135.020281
133.760926
134.741845
134.153247
135.082126
133.318622
135.245540
133.056401
135.298912
133.149716
136.447159
135.116977
135.680108
133.135284
135.467438
133.376432
135.183635
133.796835
134.283819
134.131428
133.609946
134.448034
133.320153
134.849388
133.885797
135.625441
133.430044
135.193699
133.134094
135.156992
132.875283
135.645372
132.939825
135.240947
133.362092
134.868751
133.740862
135.773638
133.371312
135.613001
133.498398
135.142437
133.612162
135.064869
133.405730
135.005293
133.765630
134.627765
134.186349
134.367477
134.700385
133.661836
135.678207
133.703570
135.981430
133.501169
135.676955
133.570411
135.785757
133.988261
134.871441
134.792849
133.752684
135.708870
133.171268
135.678368
133.643158
134.917995
134.544493
133.611264
135.048983
132.948030
135.357671
132.934439
135.415757
135.605891
132.937429
136.199150
134.045279
135.085455
135.396037
134.095726
136.194716
133.835198
135.708950
133.707401
134.143983
134.762752
133.373983
135.404136
132.944359
135.521306
133.964705
134.613411
135.302089
133.362058
135.445270
132.924211
135.091502
134.340846
134.119607
135.262412
133.110585
136.073698
134.168275
135.860304
134.209530
135.023418
134.867387
133.942636
135.095436
133.515484
136.583396
133.605093
135.225139
132.966172
135.290960
132.927767
135.385143
133.037910
135.365305
133.327867
135.363901
133.862346
135.854547
133.815864
135.827258
133.432156
135.850689
133.702610
135.594067
134.117369
134.617374
134.508989
134.114235
135.330837
133.573021
135.573848
133.085371
135.443799
133.101430
135.295283
133.202307
135.509358
133.411808
135.520146
133.757148
134.857362
134.174453
134.387871
135.681003
134.230790
135.060916
133.520843
135.421436
132.985515
135.473254
133.581204
134.986658
134.069553
134.508804
134.423800
134.079533
135.125403
133.022470
135.616016
133.246894
135.598959
132.936931
135.115523
133.052042
135.377624
133.209263
135.350939
133.967017
134.730162
135.047997
134.585795
135.303494
133.504310
134.333941
134.213277
133.943259
134.889029
133.379829
135.045360
133.622412
134.659530
134.140242
135.159260
134.061468
134.163931
134.680942
133.304418
135.098698
132.828647
135.515400
133.442831
135.258628
132.930457
135.159580
133.193427
135.669908
133.748409
135.086735
133.783487
134.499826
134.644630
133.602737
135.538996
133.132518
135.598222
133.719836
135.914522
133.456537
135.519587
133.656245
134.943673
135.712404
133.443535
135.617898
133.215962
135.530506
132.956259
135.409527
134.269529
135.268324
135.640054
133.843092
135.729337
133.364086
135.725928
133.481388
135.480683
133.871057
136.090338
132.758669
135.086964
133.152590
134.928290
133.852004
134.277136
135.104715
134.281934
135.834862
133.298237
135.718315
133.299623
136.805626
133.033631
135.811432
134.196632
134.642420
133.406966
134.353106
133.984545
134.586631
134.967604
133.932647
135.953173
133.704953
136.090139
134.375718
135.305908
134.985521
134.477117
135.513555
133.787548
137.168683
134.821444
135.375862
135.519765
134.624912
136.013026
133.442931
135.870037
134.507410
135.140977
135.199941
134.206885
135.795532
132.715111
135.221869
133.515977
134.439316
134.437918
134.625357
136.252170
133.560005
135.978438
133.883911
135.586262
134.707776
134.420672
135.179501
133.540573
135.380527
132.926552
135.288214
132.898038
135.245560
133.191153
135.031889
134.118236
134.253082
134.598350
133.612814
134.859996
133.539312
135.066995
133.188115
135.438776
133.092157
135.459589
133.491017
135.868521
133.159861
135.367146
133.108465
135.622787
133.697003
134.736378
134.275576
134.217877
134.700758
133.303571
135.304434
132.937074
135.539891
133.013283
135.381884
133.207658
135.135978
134.173052
134.305798
134.695522
133.425259
134.908073
132.893068
135.455729
132.865215
135.457818
133.591956
134.868505
142.130611
132.766295
135.259104
133.046678
135.534932
132.952765
135.355279
133.567904
135.213093
134.382954
134.804427
134.299470
133.514235
134.504119
133.718917
135.494144
133.260802
135.645700
133.303794
135.487802
132.948441
135.256563
133.359947
135.057042
134.075270
134.103480
134.786411
133.312522
135.059811
132.686222
135.354569
133.060003
136.174815
134.285136
135.436589
135.307496
134.089082
135.432921
132.944265
135.456217
133.207672
135.498500
133.509177
135.167565
134.460290
135.201694
135.525766
135.266621
136.477309
134.737310
135.112193
135.578610
133.926113
136.106208
133.637370
135.825138
134.245037
134.890060
135.186827
133.905602
135.701214
133.147088
135.924405
133.475649
155.035710
133.344125
133.360290
135.575829
133.288583
135.338053
133.026766
134.865150
134.252971
133.626289
135.266873
132.662529
135.217593
133.571511
134.570319
134.381650
133.499483
135.304335
132.921665
135.374265
133.822580
135.825551
133.528952
135.146285
134.152246
134.919091
134.272331
135.245947
134.221498
134.871078
134.342535
134.252388
135.181162
133.531533
135.582102
133.028190
135.868248
133.423830
137.104393
138.735564
133.401323
133.468467
135.718169
133.542294
135.804397
133.273144
135.602806
133.314825
135.658837
133.627068
135.099992
133.958592
134.540584
134.127778
134.715123
134.982144
136.364044
133.768789
135.973105
136.038095
139.810337
133.126192
133.598215
134.934083
134.029126
133.966072
135.047717
132.933876
135.153630
132.915026
135.440276
133.430241
140.205159
132.943760
133.032765
135.838689
133.225358
142.725979
133.495425
141.930294
133.112058
133.114071
134.309244
133.944546
134.703768
133.814771
134.721572
133.232858
134.557385
133.133329
134.913249
132.773770
173.136937
132.882256
132.857626
133.429552
134.595083
133.713260
133.897369
134.867450
134.436489
134.187857
135.128578
133.229377
135.402060
132.956078
137.845802
133.115152
134.491822
134.324338
135.374888
133.882486
135.848991
133.517787
135.856389
134.455537
136.587343
134.679191
135.133242
134.516002
134.557688
134.777261
135.921577
134.544010
135.441696
133.957038
136.097750
134.439910
135.672586
134.756430
134.895818
136.171296
134.090715
136.041352
134.749306
137.091428
133.169770
136.500434
133.868197
136.077902
133.609430
135.678311
133.531133
135.227773
133.856045
135.471390
134.573817
134.688386
135.792809
135.503379
136.068667
133.878535
139.914786
133.008835
135.345038
132.929299
135.319709
133.402906
135.491517
134.043561
134.732721
134.583119
134.096172
135.834020
133.379331
135.526411
133.308009
136.537476
134.231028
136.554823
133.537650
135.623380
133.278334
135.448855
133.254983
135.421491
133.237735
135.222419
133.032534
135.116417
133.345818
135.682556
134.578726
135.983906
134.374345
135.102037
134.888257
133.985877
134.891136
133.765242
135.002518
133.891407
134.078909
134.802162
133.248911
135.200879
132.925699
135.274689
132.850829
135.199150
133.221653
135.156664
133.911000
134.140041
134.733896
133.154603
134.955851
132.846426
136.810874
137.200157
133.707649
134.150542
135.566266
134.584704
134.408510
135.372894
134.035296
135.317068
133.516335
135.466130
133.357536
135.664182
133.386007
135.626184
133.273754
135.914824
133.400788
135.759858
134.321880
134.986721
133.484894
135.632062
134.595338
136.876586
133.776426
135.910183
133.636927
136.023478
134.480966
134.849811
135.075301
134.322554
135.890259
133.315903
135.720314
133.355376
135.228110
134.426622
134.123783
135.591826
133.661780
135.704690
133.715122
134.837660
134.307827
134.054652
135.312970
133.245362
135.494652
133.365482
135.940080
133.314926
135.731543
133.391246
135.434876
132.870020
135.295488
133.874517
134.588845
134.391156
134.496163
135.151858
136.888361
133.230492
135.470616
133.792066
134.920593
134.465201
133.924450
135.776496
132.692322
135.018937
132.679037
135.051381
133.155210
134.674343
134.055195
133.996363
134.793436
133.230916
135.274690
132.548765
135.045659
132.902278
136.381933
133.954664
135.956975
133.866152
136.019846
134.353736
135.509450
134.946319
134.903953
134.021337
135.059626
133.391333
135.039411
133.201122
135.582124
133.553916
136.537072
133.983697
136.491753
134.167093
135.772234
133.663461
135.603569
136.474624
134.847981
136.156981
134.430936
136.402593
134.013170
135.895806
132.644814
135.211447
133.090622
135.567867
133.660393
135.223595
133.957937
134.826588
134.401158
134.572631
135.024306
133.970864
135.648861
133.482901
135.813930
133.373013
135.703988
134.219756
135.315443
135.077709
133.989749
135.873748
133.368635
135.804326
133.761478
135.688014
134.522896
134.179933
135.873205
133.475648
135.898131
136.108662
133.600607
135.898239
134.306587
135.004560
135.885140
133.953057
136.146563
134.166905
