50
41.182074
24.189490
22.751408
22.718076
22.753924
22.741873
22.756014
22.747939
22.735005
22.759769
22.739608
22.746622
22.749263
22.762628
22.746395
22.748495
22.739016
22.750534
22.738941
22.761055
22.735623
22.731514
22.737440
22.743091
22.745501
22.669367
22.570635
22.562777
22.574172
22.581094
22.562886
22.578257
22.581700
22.576201
22.576059
22.582057
22.592222
22.592243
22.568524
22.579662
22.569405
22.585458
22.572379
22.576357
22.576290
22.564258
22.568880
22.578506
22.575543
22.579150
22.583926
22.577067
22.574186
22.577460
22.581681
22.585514
22.581284
22.571532
22.568342
22.571701
22.582163
22.565352
22.572154
22.578003
22.573478
22.574638
22.583238
22.570743
22.583740
22.574360
22.577971
22.575405
22.571673
22.567734
22.574424
22.584531
22.573888
22.562440
22.566908
22.579127
22.576091
22.572898
22.595621
22.577802
22.578230
22.569455
22.569032
22.587510
22.570238
22.577538
22.590585
22.573174
22.584075
22.570576
22.578805
22.578791
22.571290
22.573917
22.567544
22.556575
22.565729
22.605400
22.576028
22.579573
22.582678
22.577631
22.581759
22.584349
22.566375
22.574173
22.590944
22.566592
22.592440
22.589024
22.583584
22.584654
22.570049
22.579061
22.578026
22.564975
22.563988
22.579806
22.563264
22.575690
22.669258
22.566501
22.576345
22.575221
22.573121
22.564858
22.569065
22.571289
22.574293
22.574275
22.575052
22.594279
22.575258
22.585547
22.880150
22.574707
22.585259
22.582427
22.558793
22.523153
22.529837
22.520667
22.526217
22.532900
22.532314
22.531499
22.531365
22.525536
22.550949
22.585446
22.573973
22.574840
22.570200
22.559531
22.565581
22.577070
22.573187
22.584593
22.566628
22.571791
22.562125
22.581663
22.568578
22.575039
22.581720
22.576197
22.580431
22.573223
22.567310
22.565447
22.580340
22.577402
22.569722
22.575822
22.574276
22.572820
22.581713
22.572509
22.569647
22.575542
22.572944
22.573811
22.576228
22.579979
22.588787
22.578473
22.573388
22.570604
22.573562
22.567150
22.562072
22.559883
22.583152
22.570881
22.562393
22.575835
22.565586
22.561726
22.580571
22.575497
22.576728
22.575314
22.557451
22.569713
22.563961
22.572136
22.566012
22.571914
22.579841
22.582598
22.572681
22.561642
22.575281
22.580608
22.570616
22.576415
22.579261
22.570252
22.579543
22.578326
22.564708
22.562212
22.575158
22.572874
22.585781
22.574761
22.722158
22.751203
22.568391
22.597416
22.765003
22.576596
22.575577
22.572291
22.571450
22.582637
22.573990
22.572436
22.582885
22.565231
22.575015
22.574305
22.585204
22.572669
22.575790
22.575227
22.571545
22.585576
22.574042
22.576095
22.569237
22.573131
22.570345
22.579121
22.567792
22.573110
22.579792
22.566001
22.565053
22.563532
22.576442
22.587555
22.577889
22.571954
22.578068
22.596262
22.580342
22.570832
22.581436
22.576287
22.573217
22.569942
22.570581
22.568145
22.578229
22.571813
22.572806
22.923519
22.584538
22.573576
22.577398
22.579212
22.575653
22.579780
22.568931
22.578657
22.579423
22.588516
22.583974
22.573922
22.574928
22.571178
22.578755
22.572669
22.581163
22.578398
22.566099
22.574702
22.566501
22.570233
22.560823
22.571351
22.564486
22.564043
22.570510
22.564345
22.559552
22.558558
22.563170
22.585341
22.574880
22.567085
22.574114
22.586527
22.575236
22.565557
22.572790
22.572331
22.573296
22.567593
22.581254
22.579231
22.578294
22.569460
22.570415
22.580434
22.563875
22.573650
22.568175
22.568735
22.575741
22.568888
22.572605
22.567384
22.575019
22.571425
22.573744
22.570477
22.578654
22.575801
22.577214
22.573658
22.555302
22.568432
22.573737
22.571959
22.555641
22.577226
22.564993
22.568271
22.561831
22.567557
22.571450
22.590696
22.560551
22.560468
22.594931
22.583171
22.565169
22.578611
22.565982
22.581825
22.583983
22.578729
22.575604
22.791817
22.575996
22.590669
22.593820
22.586662
22.588688
22.576174
22.571466
22.577713
22.576116
22.587400
22.578930
22.574987
22.569168
22.579406
22.563794
22.594102
22.584272
22.579963
22.574508
22.577593
22.574564
22.572550
22.571751
22.581972
22.570484
22.575917
22.578116
22.575690
22.582259
22.570776
22.588335
22.577384
22.597006
22.585198
22.569197
22.591733
22.574660
22.584903
22.581077
22.567155
22.572232
22.945022
22.557609
22.573768
22.569165
22.576164
22.570623
22.569713
22.572799
22.572340
22.572827
22.574538
22.585271
22.569901
22.566953
22.593942
22.569307
22.568322
22.567794
22.559590
22.581203
22.568047
22.567056
22.575830
22.602924
22.579102
22.572598
22.578519
22.578116
22.576861
22.565284
22.573474
22.580234
22.577646
22.562588
22.583113
22.576983
22.579913
22.594199
22.569917
22.588270
22.585013
22.583099
22.576021
22.566221
22.567424
22.564697
22.582245
22.568261
22.566551
22.573636
22.576410
22.581857
22.586219
22.567431
22.575100
22.567672
22.579964
22.562702
22.590606
22.568131
22.576603
22.576304
22.570669
22.567313
22.571435
22.575473
22.583892
22.573421
22.572788
22.569127
22.567462
22.561600
22.571832
22.568227
22.579510
22.565109
22.570888
22.563624
22.580901
22.581830
22.563176
22.566660
22.578780
22.571238
22.578143
22.570136
22.565469
22.737444
22.799454
22.587966
22.575953
22.572214
22.876519
23.742456
23.687682
23.208079
22.566800
22.570295
22.577974
22.569666
22.575868
22.568505
22.577401
22.578643
22.576228
22.583187
22.570244
22.584462
22.565086
22.569814
22.569544
22.599109
22.582479
22.568585
22.566092
22.575803
22.562798
22.562065
22.561997
22.561884
22.555878
22.559574
22.568659
22.568157
22.582114
22.572343
22.561958
22.564486
22.558094
22.569948
22.573658
22.572577
22.577635
22.569201
22.573321
22.564170
22.560710
22.565317
22.587966
22.570083
22.582650
22.558583
22.559982
22.576430
22.562664
22.567135
22.563870
22.570224
22.571285
22.580589
22.564580
22.576358
22.586983
22.577493
22.578474
22.575238
22.582524
22.571589
22.565989
22.583162
22.568864
22.565495
22.577003
22.568892
22.558187
22.572447
22.568638
22.580112
22.572137
22.570029
22.578501
22.578448
22.570741
22.586574
22.578727
22.564625
22.569788
22.564372
22.575896
22.567317
22.559828
22.571048
22.580908
22.566074
22.568785
22.566512
22.569062
22.568907
22.567135
22.565172
22.567607
22.565479
22.566526
22.560195
22.574675
22.564935
22.559243
22.566599
22.569913
22.570335
22.570996
22.581413
22.576619
22.570962
22.578688
22.584394
22.575433
22.580007
22.570785
22.573374
22.579695
22.571545
22.573882
22.572394
22.571987
22.574242
22.569145
22.554715
22.566638
22.572607
22.566374
22.571535
22.569731
22.568990
22.574187
22.555562
22.572123
22.607652
22.576413
22.567239
22.570470
22.564278
22.576009
22.584319
22.575066
22.589950
22.598295
22.573169
22.574854
22.580368
22.613291
22.577208
22.584112
22.571537
22.577450
22.567550
22.583891
22.578535
22.563437
22.594702
22.582714
22.566130
22.580239
22.581008
22.593395
22.587248
22.597011
22.582817
22.585855
22.572143
22.582506
22.579138
22.577513
22.573684
22.568255
22.578477
22.575199
22.573695
22.570413
22.571846
22.558509
22.567852
22.569762
22.566533
22.562515
22.572587
22.561222
22.577265
22.588729
22.572051
22.589609
22.573013
22.575520
22.579225
22.563897
22.577691
22.588883
22.575521
22.572392
22.570791
22.578840
23.007833
22.579120
22.566894
22.568960
22.573349
22.598898
22.566475
22.568670
22.570724
22.564977
22.579135
22.586421
22.573620
22.573027
22.558698
22.571583
22.568754
22.582734
22.570381
22.573997
22.577772
22.573550
22.581179
22.571467
22.575954
22.565820
22.557058
22.567522
22.569619
22.572503
22.572402
22.581141
22.572348
22.569899
22.573508
22.567968
22.570269
22.574090
22.577961
22.574653
22.573312
22.576686
22.572716
22.583867
22.568410
22.579837
22.574184
22.577911
22.590486
22.575152
22.581086
22.600035
22.568375
22.567232
22.565626
22.591538
22.575439
22.581732
22.572587
22.578767
22.581780
22.581694
22.581130
22.575501
22.579698
22.577534
22.579436
22.588501
22.572236
22.587898
22.583328
22.571660
22.573338
22.559842
22.570133
22.570356
22.572010
22.572947
22.569033
22.575973
22.581385
22.572049
22.568436
22.576221
22.567942
22.589556
22.562831
22.566506
22.582303
22.573543
22.577107
22.574458
22.566829
22.835475
22.577115
42.806187
26.121292
24.243637
24.042194
24.233119
24.291055
24.156194
24.568404
24.593670
23.866619
23.855809
23.860885
23.833761
23.857226
23.837184
23.848337
23.822519
23.894951
23.846151
23.838010
23.840704
23.850148
23.832762
23.621502
22.584811
22.590540
22.867209
22.526108
22.532832
22.956568
22.579964
22.562400
22.586801
22.557731
22.660253
22.584684
22.573469
22.582527
22.575776
22.597616
22.573356
22.583269
22.569146
22.579874
22.659352
22.939064
22.529997
22.533195
22.533081
22.534362
22.521808
22.527680
22.529730
22.518924
22.532384
22.522991
22.517568
22.532677
22.520620
22.527101
22.589549
22.570313
22.570949
22.564590
22.577634
22.580818
22.587971
22.590398
22.586251
22.576074
22.591471
22.580793
22.577850
22.569939
23.115725
22.752430
22.635603
22.738326
22.698646
22.581146
22.575556
22.575271
22.583207
22.566861
22.575975
22.595788
22.575667
22.584310
22.575944
22.575204
22.573528
22.573246
22.575411
22.577991
22.582760
22.574119
22.584951
22.582814
22.574097
22.583939
22.577485
22.574096
22.569732
22.578344
22.569030
22.565295
22.580656
22.569272
22.625219
22.577498
22.569387
22.584835
22.561957
22.564838
22.580487
22.560680
22.570413
22.568202
22.603788
22.621637
22.566115
22.566240
22.581091
22.571914
22.577219
22.573954
22.568995
22.581838
22.576928
22.839410
22.604798
22.567026
22.570575
22.571321
22.581987
22.572363
22.572687
22.572416
22.582748
22.566322
22.587210
22.569143
22.580747
22.581386
22.571875
22.586354
22.617926
22.574238
22.576081
22.581547
22.584464
22.591104
22.577844
22.593529
22.583573
22.572739
22.572511
22.566755
22.562747
22.566535
22.579960
22.578265
22.580609
22.565784
22.568883
22.565283
22.578264
22.580987
22.576527
22.566001
22.567046
22.607526
22.573269
22.561067
22.561125
22.578388
22.602156
22.576765
22.574998
22.567484
22.573453
22.575969
22.570713
22.563667
22.576604
22.577803
22.573246
22.570178
22.578369
22.572632
22.578590
22.575172
22.602535
22.584877
22.574208
22.577919
22.575361
22.577903
22.591367
22.586284
22.576165
22.584112
22.572401
22.570732
22.561423
22.574420
22.574062
22.569468
22.562574
22.582319
22.566660
22.577616
22.575720
22.570209
22.586557
22.583233
22.571301
22.587048
22.576411
22.569691
22.575905
22.581252
22.569418
22.577238
22.563227
22.565738
22.557943
22.567173
22.577566
22.576041
22.576963
22.580649
22.577748
22.577209
22.578725
22.580566
22.603103
22.593208
22.576436
22.560364
22.596211
22.596065
22.574647
22.579165
22.569964
22.582780
22.569902
22.568638
22.566448
22.582632
22.563019
22.567152
22.571067
22.568469
22.572565
22.572700
22.565248
22.564014
22.564488
22.567418
22.572997
22.571021
22.581707
22.575239
22.573246
22.575371
22.568876
22.577765
22.575756
22.573467
22.568313
22.579412
22.593017
22.585646
22.566740
22.567063
22.567133
22.572496
22.569543
22.561238
22.572351
22.579014
22.579904
22.579229
22.564370
22.552562
22.580147
22.569834
22.576385
22.572787
22.580340
22.579213
22.578076
22.564933
22.566433
22.566899
22.565173
22.584900
22.559875
22.562160
22.565998
22.565544
22.565642
22.561356
22.586983
22.585345
22.570859
22.574927
22.906190
22.572850
23.076334
22.593112
22.587623
22.578332
22.574765
22.577780
22.579411
22.563389
22.576953
22.579037
22.580448
22.580708
22.583751
22.573665
22.573531
22.586858
22.589285
22.567208
22.580522
22.607704
22.589999
22.578335
22.574420
22.612720
22.575443
22.577672
22.578232
22.577919
22.571269
22.584290
22.574588
22.562727
22.578357
22.568120
22.581525
22.564893
22.569070
22.576718
22.584013
22.593006
22.575994
22.573901
22.566773
22.574629
22.582742
22.573803
23.035770
22.604738
22.590969
22.575374
22.565976
22.581948
22.591001
22.780819
22.571287
22.584966
22.585188
22.590028
22.581320
22.568192
22.573674
22.582141
22.570499
22.594430
22.579605
22.574667
22.578116
22.571985
22.589828
22.648529
22.648620
22.584684
22.588515
22.588488
22.598082
22.580630
22.580467
22.575429
22.577146
22.573918
22.583389
22.572737
22.570206
22.583279
22.580560
22.569244
22.582861
22.578234
22.573953
22.605059
22.597284
22.595834
22.577631
22.586804
22.572948
22.587619
22.573545
22.567490
22.580689
22.564366
22.569200
22.558376
22.834151
22.512443
22.565656
22.571251
22.571667
22.568209
22.564596
22.576283
22.571000
22.581769
22.583120
22.560102
22.581354
22.577847
22.575158
22.576718
22.566880
22.572267
22.568425
22.579003
22.579626
22.563020
22.575408
22.586169
22.574717
22.587078
22.574435
22.570799
22.565670
22.573475
22.564737
22.574238
22.572456
22.563630
22.563302
22.581715
22.570766
22.575946
22.570591
22.565587
22.570587
22.569148
22.574152
22.560170
22.576621
22.568113
22.593538
22.573608
22.572901
22.575669
22.580703
22.569521
22.572048
22.566009
22.570925
22.581530
22.568995
22.854033
22.578685
22.562604
22.583181
22.564705
22.577931
22.580633
22.572802
22.586566
22.580518
22.574391
22.573273
22.580855
22.582572
22.574998
22.579449
22.575068
22.584174
22.580511
22.579258
22.619187
22.603640
22.590686
22.575048
22.580903
22.577062
22.668233
22.613671
22.570336
22.569593
22.561476
22.698992
22.842740
22.606202
22.578754
22.576638
22.578283
22.583049
22.589541
22.577892
22.589670
22.573347
22.574287
22.570831
22.573951
22.581976
22.575169
22.567689
22.561729
22.565297
22.564634
22.565557
22.578738
22.591474
22.585345
22.569550
22.573626
22.584462
22.579191
22.576245
22.580650
22.579654
22.572995
22.576111
22.575667
22.575628
22.577483
22.576366
22.575326
22.569359
22.578540
22.567663
22.567092
22.657836
22.892195
23.070240
22.592922
22.564039
22.561022
22.566210
22.562084
22.561370
22.558860
22.572216
22.561342
22.568217
23.035287
22.562891
22.586705
22.575375
22.562758
22.756996
22.575216
22.567205
22.566512
22.567328
22.576223
22.565806
22.573167
22.555865
22.568290
22.589484
22.564314
22.568693
22.562920
22.555963
22.565592
22.566916
22.589181
23.052865
22.583038
22.578317
22.576165
22.566391
22.576190
22.573544
22.563208
22.575044
22.561057
22.566373
22.567791
22.566916
22.551942
22.561230
22.568838
22.556333
22.571584
22.562893
22.558322
22.573584
22.566153
22.565997
22.580457
22.574007
22.570178
22.560837
22.561649
22.562741
22.561356
22.569290
22.574586
22.562548
22.560321
22.566688
22.558830
22.566329
22.559446
22.558839
22.563383
22.555459
22.567188
22.562634
22.550449
22.555006
22.565310
22.563498
22.569734
22.569126
22.561142
22.569827
22.568569
22.556911
22.572057
22.562273
22.566536
22.572464
22.566281
22.573442
22.750565
22.655672
22.649539
22.665413
22.661577
22.647846
22.657761
22.661485
22.662638
22.662581
22.639355
22.572414
22.571899
22.561032
22.561321
22.563387
22.566158
22.565844
22.558117
22.559233
22.571266
22.566821
22.557735
22.564767
22.560840
22.569523
22.561507
22.567244
22.571191
22.568300
22.583891
22.569500
22.580431
22.559970
22.566001
22.570143
22.565133
22.586767
22.572635
22.577979
22.578922
22.581727
22.570866
22.583785
22.572606
22.567112
22.581058
22.573436
22.574826
22.576078
22.565059
22.574471
22.581448
22.576970
22.582680
22.563265
22.566512
22.581850
22.577561
22.566929
22.570694
22.567802
22.570385
22.567960
22.578789
22.594033
22.587758
22.588064
22.577468
22.576908
22.580269
22.586014
22.578924
22.559463
22.557697
22.580614
22.568173
22.567667
22.566813
22.573611
22.561352
22.568104
22.574706
22.574871
22.567018
22.578821
22.583784
22.570939
22.582996
22.586017
22.578299
22.584467
22.568710
22.972042
22.574976
22.578847
22.555909
22.569488
22.575985
22.579460
22.566866
22.576424
22.572017
22.582421
22.579693
22.577827
22.564434
22.572395
22.574867
22.566633
22.572717
22.579646
22.915884
22.569449
22.574768
22.585663
22.581516
22.580431
22.577287
22.584524
22.582227
22.575253
22.575092
22.584133
22.594014
22.573581
22.583110
22.578249
22.561782
22.581467
22.573624
22.573103
22.573860
22.565990
22.568564
22.576832
22.580514
22.569594
22.573341
22.578327
22.581183
22.568479
22.579368
22.585297
22.599167
22.589852
22.593181
22.587196
22.579445
22.584846
22.584363
22.586435
22.571572
22.576028
22.574320
22.571022
22.581461
22.574109
22.572961
24.410175
41.011052
23.693559
22.751615
22.744157
22.749138
22.745377
22.746730
22.724154
22.749887
22.734003
22.730375
22.739237
22.740697
22.724991
22.743625
22.727146
22.732714
22.740677
22.724325
22.723660
22.715622
22.721912
22.726515
22.729528
22.762637
22.808745
22.737183
22.751884
22.833183
22.720180
22.716523
22.735547
22.717562
22.721665
22.732194
22.727276
22.754255
22.725627
22.707404
22.739812
22.718871
22.713964
22.724719
22.711970
22.727642
22.739926
22.727390
22.720872
22.734116
22.749032
22.721060
22.729343
22.714589
22.744314
22.725373
22.726449
22.738223
22.729568
22.726007
22.740599
22.745018
22.742938
22.733568
22.729026
22.738701
22.723247
22.940100
22.731940
22.728411
22.735075
22.709304
22.733686
22.730544
22.711202
22.732232
22.738136
22.740456
22.715932
22.732200
22.724598
22.730269
22.675322
22.580939
22.575806
22.583960
22.574562
22.578770
22.575139
22.566879
22.578360
22.583506
22.571302
22.577543
22.585436
22.576904
22.586568
22.582646
22.569645
22.575618
22.579283
22.580661
22.578962
22.574472
22.594265
22.587620
22.572974
22.587672
22.574219
22.576827
22.574637
22.581052
22.573859
22.765967
22.570657
22.559248
22.591276
22.576077
22.575027
22.569353
22.579531
22.603700
22.584475
22.675667
22.724146
22.738122
22.719190
22.749940
22.735902
22.775138
22.734531
22.755092
22.751916
22.749920
22.743827
22.740140
22.743737
22.748993
22.737437
22.741267
22.740275
22.751861
22.740080
22.759976
22.753198
22.747559
22.727611
22.748861
22.734779
22.746276
22.720725
22.733463
22.620341
22.579421
22.568021
22.555251
22.567803
22.569521
22.606361
22.573209
22.556707
22.575191
22.567031
22.567372
22.565465
22.553193
22.558530
22.569090
22.551693
22.567735
22.576771
22.562458
22.576657
22.566104
22.568923
22.567081
22.569302
22.574750
22.581946
22.568296
22.575745
22.563639
22.561395
22.573595
22.574569
22.561488
22.572881
22.574915
22.565215
22.574800
22.571129
22.565358
22.580503
22.600684
22.566498
22.568275
22.566731
22.574769
22.580813
22.582414
22.569074
22.572960
22.578323
22.572819
22.582958
22.568962
22.570566
22.827239
22.568186
22.569226
22.556141
22.567412
22.563129
22.554990
22.560711
22.564142
22.565664
22.573301
22.573303
22.565078
22.567952
22.571546
22.561482
22.580477
22.560042
22.569666
22.575321
22.565873
22.557293
22.572088
22.557546
22.575677
22.564606
22.564550
22.560665
22.563628
22.566054
22.564434
22.568705
22.564972
22.560937
22.560240
22.567768
22.562986
22.569140
22.554667
22.561968
22.581661
22.580932
22.563479
22.577051
22.567319
22.566047
22.574363
22.563867
22.555617
22.576516
22.563232
22.567969
22.558981
22.564976
22.579515
22.560423
22.582590
22.566116
22.566572
22.573777
22.567293
22.564112
22.560160
22.559160
22.555544
22.551693
22.558076
22.566848
22.567957
22.572154
22.554792
22.559073
22.568652
22.557404
22.560336
22.577190
22.551893
22.561204
22.553255
22.561022
22.552824
22.567385
22.572628
22.561305
22.565959
22.553428
22.564279
22.576683
22.563871
22.557793
22.566809
22.560122
22.567947
22.551637
22.562978
22.566742
22.579910
22.563388
22.575118
22.562496
22.572187
22.573581
22.569251
22.579052
22.566619
22.557122
22.575050
22.567577
22.563964
22.555714
22.557128
22.564730
22.566647
22.557809
22.559402
22.573320
22.578490
22.570076
22.600607
22.579973
22.563373
22.563261
22.566974
22.584111
22.575357
22.571501
22.568849
22.572241
22.589360
22.573248
22.565689
22.566538
22.567316
22.557062
22.566827
22.560186
22.563767
22.560913
22.566792
22.856544
22.885715
22.734245
22.639932
22.536695
22.516592
22.523984
22.514517
22.519738
22.518014
22.510629
22.520435
22.512805
22.530931
22.560835
22.574024
22.568703
22.573032
22.567334
22.565945
22.573737
22.562683
22.571962
22.572670
22.564367
22.574533
22.569901
22.557051
22.559964
22.564469
22.560826
22.566661
22.556958
22.565131
22.573763
22.571135
22.563981
22.582986
22.573097
22.571316
22.580826
22.564490
22.572383
22.565857
22.569979
22.587660
22.569099
22.570686
22.560412
22.563246
22.569915
22.564768
22.574459
22.563542
22.570977
22.561461
22.559273
22.573837
22.566486
22.572800
22.576499
22.570457
22.567386
22.583253
22.568122
22.573276
22.559376
22.564459
22.571026
22.573267
22.563927
22.563586
22.565791
22.568608
22.556530
22.560423
22.575697
22.556051
22.640518
22.582021
22.567817
22.589571
22.579439
22.577271
22.571199
22.565177
22.555848
22.572442
22.570080
22.589808
22.599020
22.566070
22.567942
22.561317
22.565352
22.577982
22.584354
22.575653
22.557817
22.666274
22.519114
22.509003
22.514219
22.540538
22.562869
22.571046
22.560662
22.556161
22.562950
22.558128
22.560030
22.544227
22.552976
22.553420
22.558320
22.555505
22.556290
22.560257
22.558195
22.547933
22.555060
22.560274
22.553927
22.548486
22.562010
22.561146
22.561313
22.563059
22.567178
22.565395
22.560526
22.567761
22.560944
22.551956
22.558322
22.560858
22.557003
22.571259
22.568171
22.565541
22.559245
22.549770
22.566374
22.557638
22.560384
22.567477
22.561256
22.559205
22.552760
22.557194
22.563991
22.573595
22.549361
22.574443
22.573891
22.553515
22.564608
22.557137
22.561202
22.559678
22.553585
22.563772
22.566150
22.559246
22.558376
22.549424
22.570268
22.563218
22.573097
22.552853
22.564319
22.562594
22.557538
22.554495
22.563907
22.562852
22.552092
22.552711
22.556130
22.565046
22.553467
22.568735
22.566786
22.638380
22.571504
22.574685
22.583826
22.572044
22.568977
22.570258
22.576487
22.563604
22.563297
22.561709
22.569587
22.562621
22.565243
22.562358
22.566580
22.577973
22.558870
22.558008
22.558715
22.569299
22.558121
22.558787
22.566463
22.558922
22.549301
22.553898
22.558269
22.564367
22.558795
22.546888
22.569152
22.557643
22.549726
22.565008
22.550694
22.560736
22.562308
22.563796
22.554569
22.576510
22.564743
22.565730
22.550025
22.561411
22.560130
22.569537
22.561740
22.563384
22.573678
22.559471
22.577441
22.563212
22.562642
22.569900
22.560448
22.569720
22.556511
22.562900
22.558090
22.554325
22.548622
22.559395
22.555356
22.557469
22.558517
22.564204
22.564442
22.561970
22.567200
22.567015
22.562466
22.562344
22.565214
22.558260
22.571193
22.560624
22.556012
22.563032
22.575199
22.574988
22.571546
22.563604
22.564147
22.565521
22.572697
22.570249
22.567670
22.575966
22.565442
22.570821
22.578433
22.557146
22.566158
22.569246
22.573322
22.573572
22.571558
22.567144
22.556896
22.571515
22.562985
22.578562
22.572561
22.575591
22.558945
22.572632
22.569906
22.569715
22.578534
22.568841
22.569608
22.570383
22.570221
22.564437
22.565298
22.562175
22.564884
22.582772
22.670198
22.562210
22.566249
22.569463
22.569262
22.576476
22.592689
22.581035
22.584086
22.573651
22.580359
22.580441
22.580479
22.581482
22.580370
22.559135
22.565039
22.565759
22.558736
22.562819
22.582273
22.577634
22.570472
22.562116
22.564756
22.569777
22.565370
22.567700
22.578843
22.569746
22.574045
22.568396
22.572667
22.561829
22.573392
22.562000
22.575905
22.562468
22.562378
22.564580
22.569640
22.565308
22.570252
22.557455
22.577163
22.571666
22.564346
22.559582
22.556316
22.575702
22.554757
22.552626
22.555404
22.565343
22.576189
22.584093
22.559316
22.576281
22.571752
22.556129
22.564589
22.548721
22.562415
22.559004
22.554016
22.553261
22.560104
22.563587
22.558040
22.562340
22.558749
22.571363
22.565865
22.551172
22.546675
22.565170
22.553088
22.563111
22.550565
22.556746
22.560415
22.556354
22.546751
22.561323
22.547056
22.550700
22.554976
22.549967
22.568964
22.577596
22.558814
22.563591
22.560857
22.568649
22.566369
22.558331
22.569918
22.564898
22.572645
22.568343
22.573305
22.558106
22.573553
22.565584
22.554805
22.562679
22.561993
22.559466
22.556024
22.556880
22.565696
22.545587
22.561026
22.558460
22.553634
22.565305
22.568980
22.551227
22.557970
22.561912
22.559227
22.554047
22.574363
22.560508
22.549919
22.562045
22.564792
22.564693
22.562545
22.555022
22.567300
22.554589
22.563866
22.556555
22.556237
22.556134
22.566845
22.563377
22.556507
22.566373
22.546717
22.564170
22.573069
22.531657
22.506059
22.508491
22.500637
22.509960
22.517206
22.508994
48.701138
26.426268
26.688447
26.534153
26.780347
26.007261
26.734593
26.177317
26.041509
25.964666
25.230862
22.811790
22.734001
23.683303
25.773503
24.095618
23.026542
22.826346
23.056805
22.746728
22.717225
22.746372
22.738252
22.726833
22.728094
22.718850
22.731098
22.744444
22.732949
22.721549
22.726216
22.734495
22.715881
22.723262
22.720791
22.717039
22.719584
22.718940
22.726072
22.736306
22.708769
22.729107
22.711200
22.724033
22.715682
22.722149
22.713565
22.718542
22.732638
22.712378
22.722859
22.719829
22.711934
22.731686
22.708087
22.725583
22.723964
22.686953
22.722051
22.719551
22.733348
22.581648
22.569330
22.567826
22.571406
22.566030
22.566565
22.568920
22.556496
22.578653
22.563653
22.554949
22.560881
22.558488
22.548985
22.562523
22.565672
22.554647
22.566628
22.567206
22.554490
22.558311
22.553568
22.562367
22.566603
22.560659
22.569139
22.570339
22.571863
22.565628
22.566881
22.570750
22.560663
22.569536
22.561229
22.572188
22.571115
22.564027
22.558492
22.564432
22.556849
22.552706
22.569024
22.557645
22.514231
22.506978
22.507991
22.500639
22.510327
22.588838
22.571510
22.563560
22.563951
22.560866
22.574989
22.566761
22.565157
22.569846
22.564555
22.564222
22.579608
22.566145
22.561465
22.562016
22.571106
22.560094
22.582200
22.588251
22.569287
22.557612
22.566167
22.567639
22.571070
22.571017
22.565673
22.570710
22.583385
22.577826
22.575686
22.574067
22.570850
22.568875
22.587488
22.566121
22.567144
22.565637
22.608444
22.579963
22.579282
22.577957
22.563798
22.585918
22.577984
22.574780
22.574355
22.566410
22.573295
22.569662
22.561930
22.576332
22.574094
22.591272
22.568425
22.588643
22.574324
22.578524
22.576185
22.571010
22.578052
22.568067
22.583870
22.573696
22.572420
22.574498
22.815646
22.579996
22.574963
22.587188
22.594718
22.572151
22.574656
22.565055
22.577477
22.579382
22.577724
22.569620
22.573738
22.574653
22.574138
22.571651
22.572433
22.584736
22.569690
22.565779
22.566869
22.578653
22.573783
22.580085
22.571263
22.571972
22.567109
22.571494
22.567972
22.563481
22.565522
22.585847
22.568652
22.569160
22.564329
22.565713
22.557840
22.567734
22.566863
22.566652
22.561417
22.572138
22.574795
22.568213
22.562028
22.579116
22.568936
22.566655
22.555075
22.555133
22.567624
22.573371
22.565538
22.578433
22.559594
22.576890
22.565403
22.559444
22.567234
22.570614
22.570432
22.574986
22.563004
22.562367
22.577116
22.571218
22.566410
22.571058
22.562201
22.570036
22.570556
22.561795
22.569872
22.578300
22.566697
22.565771
22.576618
22.577625
22.570573
22.580777
22.562336
22.579600
22.574834
22.578573
22.567581
22.570169
22.561239
22.566688
22.573309
22.587776
22.576613
22.555161
22.578434
22.569934
22.565785
22.573829
22.556038
22.567597
22.578059
22.578866
22.562335
22.568333
22.564971
22.567897
22.563175
22.567443
22.576554
22.581676
22.574083
22.577193
22.570091
22.574589
22.596162
22.571245
22.567167
22.577206
22.571781
22.569607
22.573723
22.571401
22.583100
22.562264
22.574196
22.577887
22.578159
22.564498
22.575053
22.582882
22.576474
22.568733
22.595127
22.581634
22.582515
22.562468
22.574088
22.577009
22.568435
22.583640
22.575333
22.573367
22.581051
22.567377
22.589308
22.584533
22.569384
22.572801
22.579074
22.577853
22.578528
22.579687
22.577248
22.580154
22.580280
22.582273
22.570575
22.564503
22.573486
22.576159
22.570300
22.578686
22.561588
22.562449
22.562817
22.565109
22.558053
22.563892
22.567642
22.575601
22.554960
22.563492
22.572692
22.577973
22.567887
22.580637
22.633617
22.643802
22.575458
22.611401
22.572773
22.576294
22.573498
22.562032
22.572511
22.559662
22.574378
22.576012
22.559023
22.562341
22.579950
22.561401
22.561049
22.570608
22.558150
22.571335
22.578467
22.566992
22.567897
22.567335
22.562014
22.574206
22.569262
22.569690
22.553113
22.575591
22.569503
22.571622
22.571456
22.574177
22.566258
22.565846
22.563627
22.571681
22.576830
22.581294
22.571237
22.582700
22.571066
22.571345
22.562549
22.569229
22.607759
22.565775
22.583561
22.564277
22.567267
22.570373
22.579011
22.566697
22.552879
22.576406
22.569871
22.574755
22.573265
22.569450
22.575391
22.586140
22.583092
22.581201
22.576384
22.572346
22.587466
22.575699
22.568178
22.579851
22.565286
22.567313
22.583417
22.579136
22.576097
22.581488
22.585253
22.574777
22.592529
22.574888
22.571844
22.573634
22.567568
22.577635
22.562066
22.578226
22.574246
22.568543
22.566789
22.952659
22.574875
22.558537
22.570810
22.569224
22.561105
22.700033
22.734312
22.728560
22.751112
22.740334
22.726362
22.747135
22.728335
22.731022
22.734699
22.753171
22.719003
22.739987
22.729498
22.743720
22.722711
22.745768
22.737603
22.746933
22.731343
22.743881
22.740467
22.752175
22.727074
22.740160
22.734892
22.730265
22.735663
22.733807
22.739111
22.732453
22.734244
22.737303
22.731328
22.730672
22.734874
22.716233
22.717794
22.738097
22.731317
22.712166
22.733443
22.729886
22.733677
22.720949
22.737323
22.725038
22.721367
22.709619
22.725852
22.730620
22.727056
22.707231
22.721511
22.722949
22.729445
22.724390
22.735191
22.722484
22.730136
22.724520
22.746103
22.729375
22.735454
22.720894
22.766487
22.724429
22.735016
22.719158
22.736541
22.720158
22.758132
22.741578
22.751599
22.719930
22.747788
22.738673
22.730899
22.737829
22.735647
22.747068
22.738344
22.732260
22.754417
22.760551
22.753928
22.737160
22.736048
22.745937
22.737993
22.760394
22.829418
22.734527
22.724763
22.745783
22.737489
22.743357
22.726739
22.752165
22.732429
22.735280
22.724475
22.746795
22.725247
22.741234
22.733323
22.730635
22.717928
22.722922
22.713700
22.752922
22.734557
22.736274
22.738370
22.740073
22.734375
22.756640
22.716382
22.709229
22.721557
22.735990
22.716607
22.723484
22.742495
22.746961
22.734823
22.735999
22.748176
22.740937
22.734657
22.740765
22.738474
22.742434
22.728685
22.741498
22.736841
22.738845
22.741370
22.734585
22.732824
22.748161
22.729953
22.739563
22.736272
22.724180
22.723547
22.745167
22.724932
22.735816
22.732392
22.734881
22.733520
22.733155
22.744240
22.716077
22.721697
22.730056
22.732237
22.732789
22.729074
22.727290
22.734985
22.741666
22.731358
22.731213
22.743310
22.710537
22.725940
22.741333
22.722167
22.740913
22.717673
22.695073
22.729629
22.720707
22.714766
22.710304
22.712303
22.719652
22.719769
22.725344
22.726897
22.738582
22.728588
22.734103
22.712544
22.731111
22.726461
22.730375
22.726987
22.723761
22.733563
22.686129
22.719534
22.695483
22.719870
22.710260
22.726891
22.698728
22.730125
22.688852
22.723441
22.697474
22.722194
22.712947
22.715428
22.720277
22.721863
22.726385
22.715598
22.714427
22.724187
22.710916
22.716229
22.721353
22.721444
22.715403
22.732282
22.735515
22.719817
22.740642
22.711186
22.737034
22.722459
22.732530
22.730738
22.729806
22.739107
22.729940
22.731455
22.748181
22.713091
22.729595
22.732014
22.730543
22.734929
22.721786
22.739512
22.728338
22.721857
22.726945
22.711803
22.732255
22.745536
22.706324
22.741405
22.726027
22.724137
22.738951
22.726357
22.740629
22.713358
22.717390
22.730983
22.723018
22.732347
22.717524
22.718596
22.726351
22.743891
22.727347
22.743920
22.716403
22.727942
22.728969
22.728866
22.720446
22.742407
23.120684
22.742983
22.722248
22.732708
22.734451
22.724195
22.745475
22.839152
22.736695
22.742194
22.707252
22.711907
22.718508
22.722559
22.717503
22.734125
22.729666
22.720368
22.732550
22.711142
22.715129
22.724484
22.726322
22.784959
22.787043
22.741424
22.714624
22.713657
22.711115
22.721750
22.694985
22.720521
22.735581
22.713661
22.717612
22.719670
22.726730
22.720755
22.684440
22.718819
22.711677
22.705563
22.724764
22.702419
22.726016
22.729855
22.684112
22.751537
22.704762
22.713719
22.705007
22.729897
22.731563
22.708556
22.714973
22.722800
22.720319
22.726026
22.706852
22.718911
22.708114
22.724335
22.695359
22.704909
22.836410
22.726413
22.696536
22.722658
22.726802
22.715539
22.727305
22.707343
22.716819
22.715571
22.712682
22.712795
22.712025
22.724245
22.695194
22.728339
22.712933
22.713094
22.728655
22.697475
22.728308
24.916389
45.714945
27.722459
24.259572
25.670192
26.444600
24.902463
25.887743
24.143571
26.241253
26.818726
26.448422
25.536245
23.499913
25.133065
24.680349
25.353045
22.822450
22.708546
22.730798
22.713501
22.743801
22.722972
22.718638
22.736480
22.724199
22.723928
22.722211
22.732583
22.738825
22.710641
22.710614
22.717908
22.853108
22.720655
22.703696
22.708607
22.717203
22.715747
22.722234
22.611791
22.553280
22.846524
22.520142
22.535639
22.557607
22.546179
22.590193
22.637221
22.511071
22.708826
22.552022
22.527089
23.494979
23.113930
22.928448
22.677342
22.648265
22.637604
22.648271
22.642253
22.676024
22.596679
22.547153
22.554260
22.571439
22.558249
22.553077
22.559583
22.612783
23.202083
23.731459
23.802775
23.838664
22.675152
22.639441
22.633325
23.255760
23.345737
22.545365
22.530458
22.519709
22.508815
22.539965
22.516027
22.587204
22.578853
22.541498
22.620010
22.557248
22.548701
22.565142
22.558822
22.576624
22.559016
22.558226
22.635093
22.543461
23.632397
23.968161
24.119157
22.633031
23.356756
22.567763
22.579506
22.582430
22.591200
22.568280
22.558242
22.569983
22.564421
22.582803
22.569787
22.563985
22.560602
22.564231
22.583926
22.562490
22.555215
22.573235
22.627608
22.554249
22.707617
22.575807
22.563361
22.582265
22.571328
22.634304
22.567015
22.549937
22.564777
22.576193
22.558330
22.557196
22.585929
22.559199
22.568286
22.558113
22.558689
22.569520
22.557198
22.550856
22.549045
22.558031
22.575139
22.555332
22.560669
22.561913
22.573546
22.559320
22.562140
22.557961
22.551087
22.579683
22.558373
22.548063
22.546214
22.564938
22.553290
22.546701
22.542949
22.552359
22.562311
22.548893
22.555779
22.559167
22.558326
22.574202
22.552895
22.560805
22.548828
22.569099
22.555439
22.554525
22.549524
22.554508
22.558392
22.559916
22.555056
22.562885
22.561110
22.566916
22.553520
22.552084
22.572118
22.612107
22.571578
22.548639
22.552028
22.550266
22.586551
22.555400
22.550657
22.552706
22.559582
22.575710
22.557412
22.550881
22.547758
22.571953
22.556782
22.559780
22.545665
22.549493
22.570906
22.551598
22.559710
22.545313
22.557632
22.557383
22.559483
22.549470
22.549203
22.575169
22.561849
22.550567
22.544118
22.553782
22.582918
22.541708
22.546766
22.554767
22.573565
22.563569
22.544311
22.555769
22.555571
22.564769
22.552854
22.548661
22.533663
22.553183
22.554924
22.541456
22.569045
22.537456
22.572692
22.552037
22.548686
22.551789
22.545095
22.573881
22.548633
22.547672
22.546140
22.824931
22.554666
22.534125
22.536210
22.534001
22.569949
22.535918
22.537424
22.550307
22.559959
22.557980
22.725790
22.638612
22.635350
22.638867
22.569772
22.555024
22.541898
22.549362
22.579736
22.562166
22.543960
22.543967
22.554134
22.553827
22.554486
22.564692
22.562520
22.722855
22.580359
22.548439
22.546503
22.537124
22.583447
22.571334
22.540435
22.543200
22.693182
22.768396
22.557019
22.552663
22.531501
22.661650
22.552654
22.540213
22.557719
22.544012
22.575423
22.567069
22.553677
22.543110
22.567841
22.555919
23.035032
22.562096
22.542768
22.581205
22.544507
22.548290
22.554462
22.567642
22.569688
22.537619
22.722762
22.555380
22.852064
22.591881
22.551842
22.556462
22.548502
22.583100
22.557166
22.561491
22.553349
22.573558
22.567769
22.549682
22.545526
22.545879
22.577517
22.551564
22.537756
22.546467
22.534515
22.578260
22.544471
22.539598
22.550528
22.568318
22.541235
22.545658
22.543181
22.563105
22.576123
22.551142
22.640556
22.563353
22.569139
22.578790
22.560589
22.562164
22.559858
22.581357
22.572208
22.577126
22.536720
22.554887
22.580620
22.555155
22.561365
22.544892
22.556072
22.757845
22.690360
22.540988
22.566215
22.573729
22.552944
22.560292
22.556008
22.558675
22.569870
22.572134
22.556992
22.543993
22.556336
22.574785
22.559507
22.540272
22.532737
22.587492
22.561382
22.552677
22.541943
22.560809
22.565379
22.550683
22.536770
22.545741
22.549136
22.551259
22.550656
22.548751
22.544500
22.572041
22.553938
22.545285
22.545653
22.568616
22.586223
22.548052
22.551588
22.564495
22.585790
22.578098
22.551232
22.550504
22.556508
22.573177
22.550051
22.556254
22.566819
22.654907
22.594215
22.521971
23.508120
22.645597
22.604434
22.545211
22.543679
22.672579
22.538541
22.591386
22.546972
22.550490
22.551132
22.582974
22.592511
22.550290
22.543869
22.549179
22.580777
22.545495
22.545542
22.528354
22.549801
22.557587
22.551323
22.546493
22.565064
22.564994
22.560126
22.541523
22.542575
22.538056
22.571845
22.574617
22.699805
22.564064
22.569487
22.565751
22.551968
22.538217
22.544335
22.579189
22.571157
22.540013
22.540323
22.566113
22.561724
22.543797
22.552178
22.540163
22.565964
22.551596
22.546769
22.534087
22.536125
22.570909
22.552306
22.530405
22.552473
22.568214
22.613873
22.561545
22.561366
22.554053
22.645928
22.594942
22.552840
22.559010
22.552100
22.587959
22.559648
22.543796
22.547544
22.556122
22.560616
22.558193
22.545498
23.424183
22.559579
22.573410
22.548454
23.251673
22.657535
23.317974
23.200455
22.508719
22.526796
22.562623
22.723721
22.504159
22.508177
22.508489
22.594689
22.674867
22.620350
22.663998
22.549694
22.571220
22.547789
22.555531
22.550210
22.580272
22.572203
22.540250
22.522591
22.535669
22.565089
22.546759
22.542792
22.534545
22.551465
22.549563
22.551427
22.605005
22.640251
22.829753
22.578564
22.544806
22.630047
22.565937
22.558609
22.545826
22.555747
22.551889
22.575503
22.564470
22.543795
22.538843
22.543286
22.584579
22.544541
22.555842
22.546349
22.571410
22.549638
22.894947
22.568673
22.538828
22.572083
22.557499
22.553139
22.554279
22.541994
22.560220
22.562892
22.604607
22.539195
22.568118
22.556233
22.547311
22.555511
22.558831
22.558735
22.557466
22.554611
22.548610
22.549035
22.563044
22.553174
22.551326
22.560164
22.570892
22.563300
22.556852
22.550429
22.547182
22.571796
22.560943
22.549954
22.537131
22.565305
22.562278
22.547220
22.553043
22.558633
22.626717
22.576454
22.548976
22.555450
22.549066
22.544663
22.544353
22.559078
22.559157
22.677809
22.557213
22.549059
22.609620
22.675477
22.898575
22.554371
22.567118
22.891454
22.621975
22.574363
22.570012
22.565283
22.565056
22.589855
22.562098
22.559355
22.581340
22.555784
22.584679
22.555013
22.500707
22.568629
22.573491
22.558860
22.625999
22.547702
22.544129
22.569601
22.550515
22.547638
22.537999
22.563225
22.562176
22.561918
22.553087
22.551151
22.575251
22.561344
22.547527
22.545501
22.547164
22.555154
22.550390
22.554215
22.546593
22.570552
22.558220
22.562311
22.537363
22.541418
22.562821
22.575243
22.557188
22.547669
22.566212
22.585827
22.544948
22.558939
22.549397
22.559248
22.559574
22.561668
22.554001
22.542711
22.578235
22.560478
22.557414
22.558162
22.563416
22.593269
22.545284
22.555496
22.544732
22.565308
22.570759
22.551515
22.564105
22.546445
22.579850
22.555114
22.561426
22.550541
22.560478
22.567590
22.543690
22.558628
22.545822
22.559839
22.547404
22.543170
22.547360
22.533825
22.557527
22.552402
22.542151
23.905374
23.131066
22.557009
22.560999
22.544041
22.548121
22.608152
22.717103
22.728858
22.720163
22.743478
22.823614
22.715810
23.108137
22.824820
22.735105
22.701108
22.698563
22.701121
22.720243
22.742006
22.713873
22.722901
22.698422
22.750627
22.917858
23.286693
22.708045
22.727127
22.735212
23.161396
22.979616
22.723375
22.689683
22.588139
22.551431
22.542128
22.553460
22.734055
22.561620
22.557808
22.572702
22.543364
22.584440
22.558974
22.546138
22.553558
22.563134
22.564196
22.553483
22.557128
22.554445
22.577384
22.556801
22.542527
22.547000
22.557190
22.555275
22.557880
22.547279
22.549088
22.583724
22.561984
22.551880
22.565863
22.565217
22.579432
22.928545
22.591095
22.502339
22.704695
22.516249
22.520467
22.528747
22.559420
22.557716
22.567540
22.544719
22.537382
22.541848
22.562374
22.552246
22.556179
22.552912
22.562367
22.559172
22.556823
22.539219
22.552052
22.576256
22.558391
22.565419
22.551885
22.554765
22.576864
22.549090
22.546703
22.548715
22.571814
22.554737
22.553782
22.551145
22.536742
22.554948
22.539775
22.540781
22.548948
22.557035
22.554995
22.561693
23.565540
